GRUMMAN K-2 AIRFOIL                             
 Alfa =  -1.27290 Re =        0.000 Xflap,Yflap =     0.000000    0.000000
#    x        y        Cp  
   1.00000  0.01371  0.25420
   0.99740  0.01444  0.09920
   0.99329  0.01549  0.06145
   0.98889  0.01657  0.04610
   0.98423  0.01772  0.00574
   0.97929  0.01890 -0.02922
   0.97409  0.02011 -0.05520
   0.96867  0.02135 -0.08559
   0.96305  0.02259 -0.11213
   0.95727  0.02381 -0.13378
   0.95131  0.02502 -0.15471
   0.94520  0.02620 -0.16980
   0.93893  0.02735 -0.18287
   0.93253  0.02848 -0.19410
   0.92600  0.02957 -0.20128
   0.91932  0.03065 -0.20735
   0.91254  0.03170 -0.21431
   0.90568  0.03272 -0.22294
   0.89876  0.03372 -0.23038
   0.89181  0.03467 -0.23848
   0.88484  0.03559 -0.24445
   0.87782  0.03647 -0.24710
   0.87073  0.03731 -0.24823
   0.86355  0.03812 -0.24936
   0.85628  0.03891 -0.24813
   0.84891  0.03968 -0.24726
   0.84146  0.04044 -0.24722
   0.83396  0.04117 -0.24716
   0.82645  0.04190 -0.25289
   0.81896  0.04260 -0.25780
   0.81149  0.04327 -0.26138
   0.80402  0.04391 -0.26392
   0.79655  0.04452 -0.26635
   0.78909  0.04510 -0.26855
   0.78162  0.04565 -0.26928
   0.77414  0.04617 -0.26882
   0.76665  0.04666 -0.26921
   0.75914  0.04713 -0.26799
   0.75161  0.04756 -0.26618
   0.74405  0.04798 -0.26447
   0.73646  0.04837 -0.26154
   0.72884  0.04874 -0.25912
   0.72118  0.04909 -0.25625
   0.71350  0.04943 -0.25294
   0.70580  0.04974 -0.25114
   0.69806  0.05004 -0.24815
   0.69030  0.05033 -0.24608
   0.68252  0.05060 -0.24401
   0.67473  0.05086 -0.24222
   0.66693  0.05111 -0.24004
   0.65911  0.05135 -0.23880
   0.65129  0.05157 -0.23731
   0.64347  0.05178 -0.23527
   0.63563  0.05197 -0.23417
   0.62779  0.05216 -0.23266
   0.61994  0.05233 -0.23060
   0.61208  0.05249 -0.23010
   0.60421  0.05264 -0.22758
   0.59633  0.05278 -0.22675
   0.58846  0.05291 -0.22554
   0.58058  0.05303 -0.22492
   0.57270  0.05314 -0.22369
   0.56482  0.05324 -0.22280
   0.55693  0.05333 -0.22171
   0.54904  0.05340 -0.22106
   0.54115  0.05347 -0.21964
   0.53326  0.05353 -0.21930
   0.52537  0.05358 -0.21795
   0.51748  0.05361 -0.21704
   0.50958  0.05364 -0.21675
   0.50169  0.05366 -0.21514
   0.49380  0.05367 -0.21550
   0.48590  0.05367 -0.21383
   0.47801  0.05366 -0.21419
   0.47012  0.05363 -0.21317
   0.46224  0.05360 -0.21242
   0.45437  0.05356 -0.21180
   0.44650  0.05351 -0.21127
   0.43864  0.05345 -0.21016
   0.43079  0.05338 -0.20992
   0.42295  0.05330 -0.20961
   0.41514  0.05321 -0.20924
   0.40737  0.05312 -0.20986
   0.39966  0.05301 -0.20923
   0.39202  0.05289 -0.21044
   0.38445  0.05276 -0.20749
   0.37694  0.05262 -0.20485
   0.36954  0.05249 -0.20385
   0.36229  0.05236 -0.21096
   0.35524  0.05223 -0.22178
   0.34842  0.05207 -0.23096
   0.34179  0.05185 -0.22218
   0.33530  0.05159 -0.19524
   0.32892  0.05132 -0.16855
   0.32258  0.05111 -0.15483
   0.31625  0.05098 -0.17113
   0.30988  0.05089 -0.20041
   0.30343  0.05078 -0.22765
   0.29682  0.05061 -0.22992
   0.29002  0.05037 -0.21747
   0.28299  0.05009 -0.20562
   0.27579  0.04982 -0.20430
   0.26847  0.04954 -0.20831
   0.26108  0.04924 -0.21020
   0.25361  0.04892 -0.20903
   0.24607  0.04858 -0.20903
   0.23850  0.04823 -0.20997
   0.23092  0.04786 -0.21034
   0.22333  0.04747 -0.21108
   0.21574  0.04707 -0.21154
   0.20817  0.04664 -0.21327
   0.20063  0.04620 -0.21369
   0.19311  0.04574 -0.21440
   0.18563  0.04526 -0.21746
   0.17820  0.04475 -0.21709
   0.17081  0.04423 -0.21827
   0.16349  0.04368 -0.22055
   0.15624  0.04311 -0.22050
   0.14907  0.04251 -0.22280
   0.14200  0.04189 -0.22333
   0.13503  0.04125 -0.22420
   0.12818  0.04059 -0.22483
   0.12147  0.03990 -0.22496
   0.11493  0.03919 -0.22484
   0.10856  0.03847 -0.22475
   0.10240  0.03773 -0.22416
   0.09647  0.03699 -0.22497
   0.09078  0.03624 -0.22650
   0.08537  0.03550 -0.22498
   0.08024  0.03476 -0.23002
   0.07540  0.03403 -0.23157
   0.07085  0.03331 -0.23511
   0.06658  0.03261 -0.24747
   0.06257  0.03190 -0.24798
   0.05879  0.03120 -0.25879
   0.05523  0.03050 -0.26268
   0.05189  0.02978 -0.26053
   0.04873  0.02906 -0.25414
   0.04574  0.02833 -0.24300
   0.04291  0.02760 -0.23347
   0.04024  0.02687 -0.21838
   0.03771  0.02615 -0.20609
   0.03531  0.02543 -0.19788
   0.03305  0.02471 -0.17301
   0.03089  0.02399 -0.14289
   0.02884  0.02329 -0.11912
   0.02688  0.02260 -0.10333
   0.02502  0.02195 -0.10110
   0.02326  0.02131 -0.09894
   0.02159  0.02067 -0.09727
   0.02000  0.02005 -0.09091
   0.01849  0.01942 -0.07985
   0.01706  0.01880 -0.06151
   0.01569  0.01817 -0.03487
   0.01439  0.01754 -0.01238
   0.01314  0.01692  0.01111
   0.01194  0.01630  0.03174
   0.01080  0.01568  0.05117
   0.00971  0.01507  0.06960
   0.00867  0.01445  0.09469
   0.00767  0.01383  0.11213
   0.00672  0.01321  0.13632
   0.00581  0.01258  0.15643
   0.00495  0.01194  0.18689
   0.00414  0.01128  0.21014
   0.00338  0.01061  0.23780
   0.00268  0.00990  0.27105
   0.00207  0.00914  0.37885
   0.00154  0.00835  0.46682
   0.00111  0.00752  0.58237
   0.00078  0.00665  0.70971
   0.00053  0.00577  0.81130
   0.00035  0.00489  0.88400
   0.00022  0.00400  0.93245
   0.00012  0.00312  0.96705
   0.00005  0.00224  0.98692
   0.00001  0.00137  0.99753
  -0.00000  0.00051  0.99978
   0.00001 -0.00034  0.99465
   0.00004 -0.00120  0.98215
   0.00010 -0.00206  0.96187
   0.00020 -0.00292  0.94558
   0.00027 -0.00380  0.90003
   0.00039 -0.00468  0.86641
   0.00054 -0.00556  0.81715
   0.00072 -0.00645  0.75736
   0.00092 -0.00735  0.69126
   0.00115 -0.00824  0.61371
   0.00142 -0.00914  0.51518
   0.00173 -0.01004  0.40602
   0.00207 -0.01094  0.28185
   0.00247 -0.01182  0.10665
   0.00292 -0.01269  0.02572
   0.00342 -0.01356 -0.32059
   0.00402 -0.01437 -0.38278
   0.00470 -0.01514 -0.49141
   0.00546 -0.01587 -0.52657
   0.00629 -0.01657 -0.55587
   0.00717 -0.01724 -0.56699
   0.00811 -0.01789 -0.58231
   0.00910 -0.01851 -0.58038
   0.01015 -0.01912 -0.57609
   0.01125 -0.01971 -0.57575
   0.01240 -0.02029 -0.56787
   0.01361 -0.02086 -0.56152
   0.01488 -0.02142 -0.55363
   0.01621 -0.02198 -0.53856
   0.01761 -0.02253 -0.53028
   0.01908 -0.02307 -0.51416
   0.02063 -0.02362 -0.50878
   0.02226 -0.02417 -0.49556
   0.02397 -0.02472 -0.48010
   0.02579 -0.02528 -0.47245
   0.02770 -0.02584 -0.46172
   0.02973 -0.02641 -0.45362
   0.03189 -0.02700 -0.44559
   0.03419 -0.02759 -0.43891
   0.03663 -0.02820 -0.42790
   0.03924 -0.02882 -0.42109
   0.04203 -0.02945 -0.41005
   0.04502 -0.03011 -0.40315
   0.04822 -0.03078 -0.39711
   0.05165 -0.03148 -0.39355
   0.05533 -0.03220 -0.38889
   0.05925 -0.03293 -0.38561
   0.06344 -0.03368 -0.38065
   0.06789 -0.03445 -0.37840
   0.07262 -0.03522 -0.37341
   0.07761 -0.03600 -0.37178
   0.08288 -0.03679 -0.36825
   0.08842 -0.03758 -0.36483
   0.09419 -0.03836 -0.36164
   0.10019 -0.03914 -0.35947
   0.10638 -0.03991 -0.35847
   0.11276 -0.04065 -0.35739
   0.11929 -0.04138 -0.35649
   0.12594 -0.04208 -0.35503
   0.13272 -0.04276 -0.35386
   0.13959 -0.04340 -0.35231
   0.14656 -0.04401 -0.34911
   0.15362 -0.04460 -0.34728
   0.16075 -0.04515 -0.34326
   0.16794 -0.04567 -0.34090
   0.17519 -0.04616 -0.33743
   0.18248 -0.04663 -0.33532
   0.18981 -0.04706 -0.33303
   0.19717 -0.04747 -0.33154
   0.20456 -0.04785 -0.32725
   0.21197 -0.04820 -0.32628
   0.21942 -0.04852 -0.32206
   0.22690 -0.04882 -0.31938
   0.23441 -0.04909 -0.31455
   0.24195 -0.04934 -0.31234
   0.24951 -0.04956 -0.31020
   0.25708 -0.04977 -0.30685
   0.26468 -0.04995 -0.30546
   0.27229 -0.05011 -0.30112
   0.27991 -0.05024 -0.29960
   0.28756 -0.05036 -0.29610
   0.29522 -0.05046 -0.29408
   0.30289 -0.05054 -0.29215
   0.31057 -0.05060 -0.28997
   0.31825 -0.05064 -0.28770
   0.32595 -0.05066 -0.28604
   0.33364 -0.05066 -0.28447
   0.34135 -0.05065 -0.28259
   0.34906 -0.05061 -0.28083
   0.35677 -0.05056 -0.27896
   0.36448 -0.05048 -0.27727
   0.37219 -0.05039 -0.27568
   0.37990 -0.05028 -0.27361
   0.38761 -0.05015 -0.27225
   0.39532 -0.05001 -0.27088
   0.40302 -0.04984 -0.26948
   0.41072 -0.04966 -0.26738
   0.41842 -0.04945 -0.26674
   0.42610 -0.04923 -0.26535
   0.43378 -0.04899 -0.26459
   0.44144 -0.04873 -0.26245
   0.44910 -0.04845 -0.26187
   0.45674 -0.04815 -0.26031
   0.46437 -0.04783 -0.25958
   0.47199 -0.04749 -0.25786
   0.47960 -0.04713 -0.25598
   0.48720 -0.04674 -0.25466
   0.49478 -0.04634 -0.25293
   0.50235 -0.04590 -0.25052
   0.50991 -0.04545 -0.24928
   0.51745 -0.04497 -0.24664
   0.52498 -0.04447 -0.24421
   0.53250 -0.04395 -0.24208
   0.54000 -0.04340 -0.23949
   0.54749 -0.04282 -0.23664
   0.55497 -0.04222 -0.23349
   0.56243 -0.04159 -0.22984
   0.56987 -0.04093 -0.22649
   0.57730 -0.04025 -0.22280
   0.58471 -0.03954 -0.21865
   0.59210 -0.03881 -0.21445
   0.59948 -0.03804 -0.21001
   0.60683 -0.03724 -0.20541
   0.61417 -0.03642 -0.19916
   0.62149 -0.03556 -0.19443
   0.62879 -0.03468 -0.18716
   0.63608 -0.03376 -0.18147
   0.64335 -0.03281 -0.17332
   0.65061 -0.03183 -0.16622
   0.65786 -0.03081 -0.15765
   0.66510 -0.02976 -0.14874
   0.67232 -0.02867 -0.13896
   0.67954 -0.02755 -0.12885
   0.68676 -0.02640 -0.11829
   0.69397 -0.02520 -0.10708
   0.70117 -0.02398 -0.09431
   0.70838 -0.02271 -0.08159
   0.71559 -0.02141 -0.06808
   0.72281 -0.02007 -0.05371
   0.73004 -0.01870 -0.03896
   0.73728 -0.01729 -0.02285
   0.74453 -0.01584 -0.00528
   0.75180 -0.01436  0.01105
   0.75910 -0.01284  0.03105
   0.76642 -0.01128  0.04914
   0.77378 -0.00969  0.07094
   0.78118 -0.00807  0.08978
   0.78863 -0.00642  0.11326
   0.79611 -0.00475  0.13412
   0.80361 -0.00306  0.15853
   0.81108 -0.00138  0.18145
   0.81847  0.00029  0.20445
   0.82574  0.00191  0.22822
   0.83289  0.00348  0.25023
   0.83991  0.00499  0.27076
   0.84680  0.00644  0.29045
   0.85358  0.00782  0.30987
   0.86023  0.00913  0.32617
   0.86676  0.01036  0.34476
   0.87316  0.01151  0.35889
   0.87944  0.01258  0.37534
   0.88561  0.01356  0.38717
   0.89167  0.01445  0.39939
   0.89763  0.01526  0.41019
   0.90349  0.01599  0.41974
   0.90927  0.01663  0.42755
   0.91493  0.01718  0.43720
   0.92047  0.01765  0.44307
   0.92588  0.01803  0.45133
   0.93120  0.01832  0.45493
   0.93644  0.01853  0.45577
   0.94160  0.01868  0.45869
   0.94662  0.01876  0.46563
   0.95140  0.01879  0.48102
   0.95595  0.01872  0.49069
   0.96030  0.01853  0.49578
   0.96456  0.01820  0.48086
   0.96881  0.01775  0.45329
   0.97308  0.01723  0.42620
   0.97733  0.01672  0.41401
   0.98147  0.01621  0.42719
   0.98549  0.01562  0.43413
   0.98945  0.01488  0.38889
   0.99342  0.01406  0.32420
   0.99738  0.01325  0.29890
   1.00000  0.01271  0.25420
