GRUMMAN K-2 AIRFOIL                             
 Alfa =  -1.22100 Re =        0.000 Xflap,Yflap =     0.000000    0.000000
#    x        y        Cp  
   1.00000  0.01371  0.25418
   0.99740  0.01444  0.09914
   0.99329  0.01549  0.06136
   0.98889  0.01657  0.04595
   0.98423  0.01772  0.00553
   0.97929  0.01890 -0.02946
   0.97409  0.02011 -0.05547
   0.96867  0.02135 -0.08591
   0.96305  0.02259 -0.11248
   0.95727  0.02381 -0.13417
   0.95131  0.02502 -0.15515
   0.94520  0.02620 -0.17027
   0.93893  0.02735 -0.18339
   0.93253  0.02848 -0.19465
   0.92600  0.02957 -0.20186
   0.91932  0.03065 -0.20797
   0.91254  0.03170 -0.21495
   0.90568  0.03272 -0.22363
   0.89876  0.03372 -0.23109
   0.89181  0.03467 -0.23923
   0.88484  0.03559 -0.24524
   0.87782  0.03647 -0.24791
   0.87073  0.03731 -0.24907
   0.86355  0.03812 -0.25023
   0.85628  0.03891 -0.24901
   0.84891  0.03968 -0.24819
   0.84146  0.04044 -0.24817
   0.83396  0.04117 -0.24814
   0.82645  0.04190 -0.25389
   0.81896  0.04260 -0.25885
   0.81149  0.04327 -0.26246
   0.80402  0.04391 -0.26501
   0.79655  0.04452 -0.26749
   0.78909  0.04510 -0.26970
   0.78162  0.04565 -0.27048
   0.77414  0.04617 -0.27004
   0.76665  0.04666 -0.27046
   0.75914  0.04713 -0.26926
   0.75161  0.04756 -0.26748
   0.74405  0.04798 -0.26578
   0.73646  0.04837 -0.26289
   0.72884  0.04874 -0.26049
   0.72118  0.04909 -0.25764
   0.71350  0.04943 -0.25436
   0.70580  0.04974 -0.25259
   0.69806  0.05004 -0.24960
   0.69030  0.05033 -0.24758
   0.68252  0.05060 -0.24552
   0.67473  0.05086 -0.24377
   0.66693  0.05111 -0.24160
   0.65911  0.05135 -0.24038
   0.65129  0.05157 -0.23893
   0.64347  0.05178 -0.23692
   0.63563  0.05197 -0.23584
   0.62779  0.05216 -0.23436
   0.61994  0.05233 -0.23233
   0.61208  0.05249 -0.23184
   0.60421  0.05264 -0.22936
   0.59633  0.05278 -0.22856
   0.58846  0.05291 -0.22738
   0.58058  0.05303 -0.22678
   0.57270  0.05314 -0.22558
   0.56482  0.05324 -0.22471
   0.55693  0.05333 -0.22366
   0.54904  0.05340 -0.22304
   0.54115  0.05347 -0.22165
   0.53326  0.05353 -0.22134
   0.52537  0.05358 -0.22002
   0.51748  0.05361 -0.21915
   0.50958  0.05364 -0.21889
   0.50169  0.05366 -0.21731
   0.49380  0.05367 -0.21770
   0.48590  0.05367 -0.21607
   0.47801  0.05366 -0.21646
   0.47012  0.05363 -0.21547
   0.46224  0.05360 -0.21476
   0.45437  0.05356 -0.21418
   0.44650  0.05351 -0.21368
   0.43864  0.05345 -0.21261
   0.43079  0.05338 -0.21241
   0.42295  0.05330 -0.21214
   0.41514  0.05321 -0.21180
   0.40737  0.05312 -0.21247
   0.39966  0.05301 -0.21189
   0.39202  0.05289 -0.21313
   0.38445  0.05276 -0.21023
   0.37694  0.05262 -0.20762
   0.36954  0.05249 -0.20666
   0.36229  0.05236 -0.21383
   0.35524  0.05223 -0.22473
   0.34842  0.05207 -0.23397
   0.34179  0.05185 -0.22521
   0.33530  0.05159 -0.19825
   0.32892  0.05132 -0.17153
   0.32258  0.05111 -0.15782
   0.31625  0.05098 -0.17420
   0.30988  0.05089 -0.20361
   0.30343  0.05078 -0.23097
   0.29682  0.05061 -0.23330
   0.29002  0.05037 -0.22087
   0.28299  0.05009 -0.20905
   0.27579  0.04982 -0.20778
   0.26847  0.04954 -0.21187
   0.26108  0.04924 -0.21383
   0.25361  0.04892 -0.21274
   0.24607  0.04858 -0.21280
   0.23850  0.04823 -0.21382
   0.23092  0.04786 -0.21428
   0.22333  0.04747 -0.21511
   0.21574  0.04707 -0.21565
   0.20817  0.04664 -0.21748
   0.20063  0.04620 -0.21800
   0.19311  0.04574 -0.21882
   0.18563  0.04526 -0.22199
   0.17820  0.04475 -0.22174
   0.17081  0.04423 -0.22304
   0.16349  0.04368 -0.22546
   0.15624  0.04311 -0.22554
   0.14907  0.04251 -0.22799
   0.14200  0.04189 -0.22867
   0.13503  0.04125 -0.22970
   0.12818  0.04059 -0.23050
   0.12147  0.03990 -0.23080
   0.11493  0.03919 -0.23087
   0.10856  0.03847 -0.23097
   0.10240  0.03773 -0.23058
   0.09647  0.03699 -0.23160
   0.09078  0.03624 -0.23336
   0.08537  0.03550 -0.23207
   0.08024  0.03476 -0.23737
   0.07540  0.03403 -0.23918
   0.07085  0.03331 -0.24299
   0.06658  0.03261 -0.25570
   0.06257  0.03190 -0.25648
   0.05879  0.03120 -0.26766
   0.05523  0.03050 -0.27187
   0.05189  0.02978 -0.27002
   0.04873  0.02906 -0.26389
   0.04574  0.02833 -0.25300
   0.04291  0.02760 -0.24372
   0.04024  0.02687 -0.22885
   0.03771  0.02615 -0.21681
   0.03531  0.02543 -0.20889
   0.03305  0.02471 -0.18416
   0.03089  0.02399 -0.15414
   0.02884  0.02329 -0.13052
   0.02688  0.02260 -0.11497
   0.02502  0.02195 -0.11312
   0.02326  0.02131 -0.11138
   0.02159  0.02067 -0.11014
   0.02000  0.02005 -0.10419
   0.01849  0.01942 -0.09352
   0.01706  0.01880 -0.07547
   0.01569  0.01817 -0.04904
   0.01439  0.01754 -0.02681
   0.01314  0.01692 -0.00361
   0.01194  0.01630  0.01668
   0.01080  0.01568  0.03571
   0.00971  0.01507  0.05371
   0.00867  0.01445  0.07841
   0.00767  0.01383  0.09532
   0.00672  0.01321  0.11897
   0.00581  0.01258  0.13842
   0.00495  0.01194  0.16829
   0.00414  0.01128  0.19074
   0.00338  0.01061  0.21742
   0.00268  0.00990  0.24969
   0.00207  0.00914  0.35854
   0.00154  0.00835  0.44718
   0.00111  0.00752  0.56464
   0.00078  0.00665  0.69525
   0.00053  0.00577  0.80001
   0.00035  0.00489  0.87542
   0.00022  0.00400  0.92605
   0.00012  0.00312  0.96264
   0.00005  0.00224  0.98414
   0.00001  0.00137  0.99627
  -0.00000  0.00051  0.99999
   0.00001 -0.00034  0.99615
   0.00004 -0.00120  0.98499
   0.00010 -0.00206  0.96615
   0.00020 -0.00292  0.95030
   0.00027 -0.00380  0.90707
   0.00039 -0.00468  0.87428
   0.00054 -0.00556  0.82642
   0.00072 -0.00645  0.76811
   0.00092 -0.00735  0.70343
   0.00115 -0.00824  0.62741
   0.00142 -0.00914  0.53069
   0.00173 -0.01004  0.42340
   0.00207 -0.01094  0.30109
   0.00247 -0.01182  0.12867
   0.00292 -0.01269  0.04804
   0.00342 -0.01356 -0.29249
   0.00402 -0.01437 -0.35546
   0.00470 -0.01514 -0.46371
   0.00546 -0.01587 -0.49993
   0.00629 -0.01657 -0.53016
   0.00717 -0.01724 -0.54242
   0.00811 -0.01789 -0.55867
   0.00910 -0.01851 -0.55781
   0.01015 -0.01912 -0.55453
   0.01125 -0.01971 -0.55507
   0.01240 -0.02029 -0.54807
   0.01361 -0.02086 -0.54253
   0.01488 -0.02142 -0.53542
   0.01621 -0.02198 -0.52114
   0.01761 -0.02253 -0.51355
   0.01908 -0.02307 -0.49812
   0.02063 -0.02362 -0.49333
   0.02226 -0.02417 -0.48073
   0.02397 -0.02472 -0.46587
   0.02579 -0.02528 -0.45874
   0.02770 -0.02584 -0.44852
   0.02973 -0.02641 -0.44089
   0.03189 -0.02700 -0.43331
   0.03419 -0.02759 -0.42706
   0.03663 -0.02820 -0.41649
   0.03924 -0.02882 -0.41008
   0.04203 -0.02945 -0.39945
   0.04502 -0.03011 -0.39294
   0.04822 -0.03078 -0.38726
   0.05165 -0.03148 -0.38403
   0.05533 -0.03220 -0.37971
   0.05925 -0.03293 -0.37674
   0.06344 -0.03368 -0.37209
   0.06789 -0.03445 -0.37014
   0.07262 -0.03522 -0.36544
   0.07761 -0.03600 -0.36407
   0.08288 -0.03679 -0.36082
   0.08842 -0.03758 -0.35765
   0.09419 -0.03836 -0.35471
   0.10019 -0.03914 -0.35276
   0.10638 -0.03991 -0.35198
   0.11276 -0.04065 -0.35109
   0.11929 -0.04138 -0.35039
   0.12594 -0.04208 -0.34911
   0.13272 -0.04276 -0.34811
   0.13959 -0.04340 -0.34673
   0.14656 -0.04401 -0.34368
   0.15362 -0.04460 -0.34201
   0.16075 -0.04515 -0.33814
   0.16794 -0.04567 -0.33591
   0.17519 -0.04616 -0.33257
   0.18248 -0.04663 -0.33059
   0.18981 -0.04706 -0.32842
   0.19717 -0.04747 -0.32704
   0.20456 -0.04785 -0.32286
   0.21197 -0.04820 -0.32199
   0.21942 -0.04852 -0.31788
   0.22690 -0.04882 -0.31529
   0.23441 -0.04909 -0.31056
   0.24195 -0.04934 -0.30844
   0.24951 -0.04956 -0.30638
   0.25708 -0.04977 -0.30312
   0.26468 -0.04995 -0.30181
   0.27229 -0.05011 -0.29754
   0.27991 -0.05024 -0.29610
   0.28756 -0.05036 -0.29267
   0.29522 -0.05046 -0.29072
   0.30289 -0.05054 -0.28885
   0.31057 -0.05060 -0.28674
   0.31825 -0.05064 -0.28453
   0.32595 -0.05066 -0.28293
   0.33364 -0.05066 -0.28142
   0.34135 -0.05065 -0.27960
   0.34906 -0.05061 -0.27789
   0.35677 -0.05056 -0.27607
   0.36448 -0.05048 -0.27444
   0.37219 -0.05039 -0.27289
   0.37990 -0.05028 -0.27088
   0.38761 -0.05015 -0.26956
   0.39532 -0.05001 -0.26824
   0.40302 -0.04984 -0.26689
   0.41072 -0.04966 -0.26483
   0.41842 -0.04945 -0.26424
   0.42610 -0.04923 -0.26289
   0.43378 -0.04899 -0.26217
   0.44144 -0.04873 -0.26006
   0.44910 -0.04845 -0.25953
   0.45674 -0.04815 -0.25801
   0.46437 -0.04783 -0.25731
   0.47199 -0.04749 -0.25564
   0.47960 -0.04713 -0.25380
   0.48720 -0.04674 -0.25251
   0.49478 -0.04634 -0.25081
   0.50235 -0.04590 -0.24845
   0.50991 -0.04545 -0.24725
   0.51745 -0.04497 -0.24463
   0.52498 -0.04447 -0.24224
   0.53250 -0.04395 -0.24014
   0.54000 -0.04340 -0.23759
   0.54749 -0.04282 -0.23478
   0.55497 -0.04222 -0.23166
   0.56243 -0.04159 -0.22805
   0.56987 -0.04093 -0.22473
   0.57730 -0.04025 -0.22106
   0.58471 -0.03954 -0.21696
   0.59210 -0.03881 -0.21279
   0.59948 -0.03804 -0.20839
   0.60683 -0.03724 -0.20381
   0.61417 -0.03642 -0.19760
   0.62149 -0.03556 -0.19291
   0.62879 -0.03468 -0.18567
   0.63608 -0.03376 -0.18001
   0.64335 -0.03281 -0.17189
   0.65061 -0.03183 -0.16483
   0.65786 -0.03081 -0.15629
   0.66510 -0.02976 -0.14741
   0.67232 -0.02867 -0.13768
   0.67954 -0.02755 -0.12760
   0.68676 -0.02640 -0.11706
   0.69397 -0.02520 -0.10589
   0.70117 -0.02398 -0.09316
   0.70838 -0.02271 -0.08047
   0.71559 -0.02141 -0.06700
   0.72281 -0.02007 -0.05266
   0.73004 -0.01870 -0.03794
   0.73728 -0.01729 -0.02187
   0.74453 -0.01584 -0.00435
   0.75180 -0.01436  0.01196
   0.75910 -0.01284  0.03192
   0.76642 -0.01128  0.04996
   0.77378 -0.00969  0.07173
   0.78118 -0.00807  0.09054
   0.78863 -0.00642  0.11399
   0.79611 -0.00475  0.13481
   0.80361 -0.00306  0.15919
   0.81108 -0.00138  0.18207
   0.81847  0.00029  0.20504
   0.82574  0.00191  0.22877
   0.83289  0.00348  0.25075
   0.83991  0.00499  0.27125
   0.84680  0.00644  0.29092
   0.85358  0.00782  0.31032
   0.86023  0.00913  0.32659
   0.86676  0.01036  0.34515
   0.87316  0.01151  0.35928
   0.87944  0.01258  0.37569
   0.88561  0.01356  0.38751
   0.89167  0.01445  0.39972
   0.89763  0.01526  0.41049
   0.90349  0.01599  0.42004
   0.90927  0.01663  0.42784
   0.91493  0.01718  0.43746
   0.92047  0.01765  0.44334
   0.92588  0.01803  0.45157
   0.93120  0.01832  0.45517
   0.93644  0.01853  0.45599
   0.94160  0.01868  0.45890
   0.94662  0.01876  0.46585
   0.95140  0.01879  0.48121
   0.95595  0.01872  0.49088
   0.96030  0.01853  0.49595
   0.96456  0.01820  0.48103
   0.96881  0.01775  0.45346
   0.97308  0.01723  0.42636
   0.97733  0.01672  0.41417
   0.98147  0.01621  0.42733
   0.98549  0.01562  0.43425
   0.98945  0.01488  0.38902
   0.99342  0.01406  0.32432
   0.99738  0.01325  0.29900
   1.00000  0.01271  0.25418
