GRUMMAN K-2 AIRFOIL                             
 Alfa =  -1.31950 Re =        0.000 Xflap,Yflap =     0.000000    0.000000
#    x        y        Cp  
   1.00000  0.01371  0.25219
   0.99739  0.01444  0.09675
   0.99327  0.01550  0.06275
   0.98886  0.01658  0.04439
   0.98418  0.01773  0.00272
   0.97923  0.01891 -0.02681
   0.97401  0.02013 -0.05683
   0.96856  0.02137 -0.08465
   0.96293  0.02261 -0.11247
   0.95713  0.02384 -0.13550
   0.95115  0.02505 -0.15420
   0.94501  0.02623 -0.16940
   0.93873  0.02739 -0.18298
   0.93231  0.02852 -0.19394
   0.92575  0.02962 -0.20129
   0.91905  0.03069 -0.20697
   0.91224  0.03174 -0.21418
   0.90536  0.03277 -0.22280
   0.89842  0.03376 -0.23025
   0.89145  0.03472 -0.23807
   0.88446  0.03564 -0.24340
   0.87741  0.03652 -0.24744
   0.87030  0.03736 -0.24793
   0.86310  0.03817 -0.24786
   0.85580  0.03897 -0.24744
   0.84840  0.03974 -0.24661
   0.84093  0.04049 -0.24670
   0.83341  0.04123 -0.24713
   0.82588  0.04195 -0.25169
   0.81837  0.04265 -0.25763
   0.81087  0.04332 -0.26019
   0.80338  0.04396 -0.26344
   0.79590  0.04457 -0.26593
   0.78841  0.04515 -0.26694
   0.78092  0.04570 -0.26847
   0.77342  0.04622 -0.26815
   0.76591  0.04671 -0.26816
   0.75838  0.04717 -0.26695
   0.75082  0.04761 -0.26566
   0.74324  0.04802 -0.26176
   0.73562  0.04841 -0.26044
   0.72798  0.04878 -0.25708
   0.72030  0.04913 -0.25488
   0.71260  0.04946 -0.25204
   0.70486  0.04978 -0.24943
   0.69710  0.05008 -0.24668
   0.68932  0.05037 -0.24445
   0.68152  0.05064 -0.24210
   0.67370  0.05090 -0.24113
   0.66588  0.05114 -0.23832
   0.65804  0.05138 -0.23719
   0.65020  0.05160 -0.23538
   0.64235  0.05180 -0.23372
   0.63449  0.05200 -0.23283
   0.62662  0.05218 -0.23054
   0.61875  0.05235 -0.22937
   0.61086  0.05251 -0.22774
   0.60297  0.05266 -0.22590
   0.59508  0.05280 -0.22522
   0.58718  0.05293 -0.22429
   0.57928  0.05305 -0.22288
   0.57138  0.05316 -0.22173
   0.56347  0.05325 -0.22082
   0.55556  0.05334 -0.22024
   0.54765  0.05342 -0.21887
   0.53974  0.05348 -0.21775
   0.53183  0.05354 -0.21686
   0.52391  0.05358 -0.21653
   0.51600  0.05362 -0.21497
   0.50808  0.05365 -0.21473
   0.50017  0.05366 -0.21367
   0.49225  0.05367 -0.21254
   0.48434  0.05366 -0.21246
   0.47642  0.05365 -0.21153
   0.46852  0.05363 -0.21102
   0.46062  0.05360 -0.20991
   0.45272  0.05355 -0.21040
   0.44483  0.05350 -0.20865
   0.43695  0.05344 -0.20820
   0.42908  0.05336 -0.20730
   0.42122  0.05328 -0.20740
   0.41340  0.05319 -0.20661
   0.40562  0.05309 -0.20764
   0.39791  0.05299 -0.20731
   0.39026  0.05286 -0.20756
   0.38268  0.05273 -0.20507
   0.37518  0.05259 -0.20152
   0.36779  0.05245 -0.20247
   0.36056  0.05233 -0.21033
   0.35355  0.05219 -0.22195
   0.34675  0.05202 -0.22868
   0.34015  0.05179 -0.21377
   0.33367  0.05152 -0.18551
   0.32729  0.05126 -0.16018
   0.32094  0.05107 -0.15311
   0.31459  0.05095 -0.17606
   0.30818  0.05086 -0.20629
   0.30168  0.05074 -0.22782
   0.29501  0.05055 -0.22391
   0.28812  0.05029 -0.21046
   0.28102  0.05002 -0.20105
   0.27376  0.04974 -0.20290
   0.26640  0.04946 -0.20567
   0.25896  0.04915 -0.20652
   0.25145  0.04883 -0.20624
   0.24388  0.04848 -0.20586
   0.23629  0.04812 -0.20647
   0.22868  0.04775 -0.20704
   0.22107  0.04735 -0.20801
   0.21346  0.04694 -0.20832
   0.20588  0.04651 -0.20939
   0.19832  0.04606 -0.21008
   0.19079  0.04559 -0.21141
   0.18331  0.04510 -0.21334
   0.17587  0.04459 -0.21285
   0.16848  0.04405 -0.21558
   0.16116  0.04350 -0.21579
   0.15392  0.04292 -0.21658
   0.14676  0.04231 -0.21911
   0.13969  0.04168 -0.21798
   0.13274  0.04103 -0.21994
   0.12592  0.04036 -0.21946
   0.11925  0.03966 -0.21995
   0.11274  0.03895 -0.21932
   0.10643  0.03821 -0.21894
   0.10032  0.03747 -0.21935
   0.09446  0.03673 -0.21858
   0.08886  0.03598 -0.22035
   0.08353  0.03523 -0.22063
   0.07849  0.03450 -0.22324
   0.07373  0.03377 -0.22800
   0.06927  0.03305 -0.22925
   0.06509  0.03235 -0.24096
   0.06115  0.03165 -0.24521
   0.05745  0.03095 -0.25190
   0.05396  0.03023 -0.25542
   0.05068  0.02952 -0.25033
   0.04758  0.02879 -0.24173
   0.04465  0.02805 -0.23066
   0.04187  0.02732 -0.21849
   0.03925  0.02659 -0.20366
   0.03676  0.02587 -0.19425
   0.03441  0.02515 -0.17917
   0.03218  0.02442 -0.15157
   0.03006  0.02371 -0.12345
   0.02804  0.02301 -0.10020
   0.02612  0.02234 -0.09187
   0.02429  0.02168 -0.08992
   0.02256  0.02105 -0.08600
   0.02092  0.02042 -0.08391
   0.01936  0.01979 -0.07599
   0.01788  0.01916 -0.06046
   0.01648  0.01853 -0.03867
   0.01513  0.01790 -0.01262
   0.01385  0.01728  0.01062
   0.01262  0.01665  0.03543
   0.01145  0.01603  0.05098
   0.01032  0.01542  0.07170
   0.00925  0.01480  0.09720
   0.00822  0.01418  0.11361
   0.00724  0.01356  0.14140
   0.00631  0.01293  0.16033
   0.00542  0.01229  0.18365
   0.00458  0.01164  0.21567
   0.00379  0.01098  0.23825
   0.00305  0.01029  0.27224
   0.00239  0.00956  0.31774
   0.00182  0.00878  0.45658
   0.00133  0.00797  0.52301
   0.00094  0.00712  0.66080
   0.00065  0.00624  0.77125
   0.00044  0.00536  0.85825
   0.00028  0.00447  0.91500
   0.00016  0.00358  0.95608
   0.00008  0.00270  0.98025
   0.00003  0.00182  0.99475
   0.00000  0.00095  0.99996
  -0.00000  0.00009  0.99706
   0.00003 -0.00076  0.98781
   0.00006 -0.00163  0.96842
   0.00015 -0.00249  0.95170
   0.00023 -0.00336  0.91803
   0.00032 -0.00424  0.87714
   0.00047 -0.00512  0.83487
   0.00063 -0.00601  0.77929
   0.00082 -0.00691  0.71515
   0.00104 -0.00781  0.64181
   0.00129 -0.00871  0.54937
   0.00157 -0.00961  0.44605
   0.00190 -0.01051  0.32811
   0.00227 -0.01140  0.17400
   0.00270 -0.01228  0.04436
   0.00318 -0.01315 -0.16662
   0.00373 -0.01400 -0.39917
   0.00438 -0.01479 -0.47171
   0.00511 -0.01554 -0.53962
   0.00590 -0.01626 -0.56576
   0.00676 -0.01694 -0.58479
   0.00768 -0.01760 -0.59603
   0.00865 -0.01823 -0.59986
   0.00967 -0.01885 -0.60506
   0.01075 -0.01945 -0.58931
   0.01188 -0.02004 -0.59364
   0.01307 -0.02061 -0.58005
   0.01432 -0.02118 -0.57333
   0.01563 -0.02174 -0.56401
   0.01700 -0.02229 -0.54596
   0.01845 -0.02284 -0.53613
   0.01996 -0.02339 -0.52560
   0.02156 -0.02394 -0.51336
   0.02324 -0.02449 -0.49974
   0.02502 -0.02504 -0.48848
   0.02690 -0.02561 -0.47924
   0.02888 -0.02618 -0.46798
   0.03099 -0.02676 -0.45909
   0.03324 -0.02735 -0.45218
   0.03563 -0.02795 -0.44227
   0.03818 -0.02857 -0.43367
   0.04090 -0.02920 -0.42420
   0.04382 -0.02985 -0.41521
   0.04694 -0.03052 -0.40753
   0.05029 -0.03121 -0.40466
   0.05388 -0.03192 -0.39802
   0.05772 -0.03265 -0.39510
   0.06181 -0.03340 -0.39032
   0.06618 -0.03416 -0.38616
   0.07081 -0.03493 -0.38271
   0.07572 -0.03571 -0.37903
   0.08090 -0.03650 -0.37574
   0.08636 -0.03729 -0.37290
   0.09206 -0.03808 -0.36923
   0.09799 -0.03886 -0.36574
   0.10414 -0.03963 -0.36522
   0.11047 -0.04039 -0.36288
   0.11696 -0.04113 -0.36230
   0.12360 -0.04184 -0.36113
   0.13035 -0.04253 -0.35969
   0.13721 -0.04318 -0.35767
   0.14417 -0.04381 -0.35520
   0.15121 -0.04440 -0.35206
   0.15834 -0.04497 -0.34927
   0.16553 -0.04550 -0.34632
   0.17278 -0.04600 -0.34318
   0.18008 -0.04648 -0.33998
   0.18742 -0.04692 -0.33838
   0.19479 -0.04734 -0.33549
   0.20219 -0.04773 -0.33333
   0.20962 -0.04809 -0.32947
   0.21707 -0.04842 -0.32755
   0.22456 -0.04873 -0.32353
   0.23208 -0.04901 -0.31993
   0.23964 -0.04926 -0.31620
   0.24721 -0.04950 -0.31418
   0.25481 -0.04971 -0.31145
   0.26241 -0.04990 -0.30872
   0.27004 -0.05006 -0.30570
   0.27768 -0.05021 -0.30330
   0.28534 -0.05033 -0.30004
   0.29302 -0.05043 -0.29771
   0.30071 -0.05052 -0.29538
   0.30841 -0.05058 -0.29338
   0.31611 -0.05063 -0.29167
   0.32382 -0.05066 -0.28945
   0.33154 -0.05066 -0.28702
   0.33927 -0.05065 -0.28601
   0.34699 -0.05062 -0.28338
   0.35472 -0.05057 -0.28203
   0.36246 -0.05051 -0.28034
   0.37019 -0.05042 -0.27878
   0.37793 -0.05031 -0.27631
   0.38566 -0.05019 -0.27543
   0.39339 -0.05004 -0.27345
   0.40111 -0.04988 -0.27188
   0.40883 -0.04970 -0.27016
   0.41655 -0.04951 -0.26924
   0.42426 -0.04929 -0.26778
   0.43196 -0.04905 -0.26675
   0.43965 -0.04880 -0.26521
   0.44733 -0.04852 -0.26412
   0.45499 -0.04823 -0.26292
   0.46265 -0.04791 -0.26117
   0.47029 -0.04757 -0.26024
   0.47793 -0.04721 -0.25835
   0.48555 -0.04683 -0.25671
   0.49315 -0.04642 -0.25503
   0.50075 -0.04600 -0.25344
   0.50833 -0.04555 -0.25083
   0.51589 -0.04507 -0.24919
   0.52345 -0.04458 -0.24635
   0.53099 -0.04405 -0.24440
   0.53851 -0.04351 -0.24127
   0.54603 -0.04293 -0.23879
   0.55353 -0.04234 -0.23609
   0.56101 -0.04171 -0.23191
   0.56848 -0.04106 -0.22895
   0.57593 -0.04038 -0.22489
   0.58337 -0.03967 -0.22095
   0.59078 -0.03894 -0.21692
   0.59818 -0.03818 -0.21198
   0.60556 -0.03738 -0.20735
   0.61292 -0.03656 -0.20212
   0.62026 -0.03571 -0.19615
   0.62759 -0.03483 -0.19021
   0.63490 -0.03391 -0.18260
   0.64220 -0.03296 -0.17658
   0.64948 -0.03198 -0.16841
   0.65674 -0.03097 -0.16037
   0.66400 -0.02992 -0.15106
   0.67125 -0.02883 -0.14153
   0.67849 -0.02772 -0.13182
   0.68572 -0.02656 -0.12056
   0.69295 -0.02537 -0.10978
   0.70018 -0.02415 -0.09674
   0.70741 -0.02288 -0.08442
   0.71464 -0.02159 -0.07104
   0.72188 -0.02025 -0.05606
   0.72912 -0.01888 -0.04200
   0.73638 -0.01747 -0.02505
   0.74365 -0.01602 -0.00936
   0.75094 -0.01453  0.00930
   0.75826 -0.01301  0.02727
   0.76560 -0.01146  0.04694
   0.77297 -0.00987  0.06658
   0.78039 -0.00825  0.08816
   0.78785 -0.00659  0.10929
   0.79535 -0.00492  0.13247
   0.80287 -0.00323  0.15533
   0.81037 -0.00154  0.17766
   0.81778  0.00013  0.20286
   0.82509  0.00176  0.22602
   0.83227  0.00334  0.24755
   0.83932  0.00486  0.26829
   0.84624  0.00632  0.28872
   0.85304  0.00771  0.30714
   0.85972  0.00903  0.32607
   0.86628  0.01027  0.34227
   0.87271  0.01143  0.35834
   0.87902  0.01251  0.37336
   0.88521  0.01350  0.38609
   0.89129  0.01440  0.39889
   0.89727  0.01522  0.40869
   0.90316  0.01595  0.41919
   0.90895  0.01659  0.42805
   0.91464  0.01715  0.43542
   0.92020  0.01763  0.44382
   0.92564  0.01802  0.44962
   0.93097  0.01831  0.45423
   0.93623  0.01853  0.45735
   0.94141  0.01867  0.45685
   0.94645  0.01876  0.46711
   0.95125  0.01879  0.47878
   0.95581  0.01873  0.49141
   0.96019  0.01854  0.49552
   0.96446  0.01821  0.48047
   0.96872  0.01776  0.45427
   0.97300  0.01724  0.42573
   0.97726  0.01672  0.41543
   0.98142  0.01621  0.42803
   0.98545  0.01563  0.43239
   0.98942  0.01489  0.38719
   0.99340  0.01406  0.32674
   0.99738  0.01325  0.29807
   1.00000  0.01271  0.25219
