GRUMMAN K-2 AIRFOIL                             
 Alfa =  -1.30610 Re =        0.000 Xflap,Yflap =     0.000000    0.000000
#    x        y        Cp  
   1.00000  0.01371  0.25422
   0.99740  0.01444  0.09925
   0.99329  0.01549  0.06151
   0.98889  0.01657  0.04620
   0.98423  0.01772  0.00587
   0.97929  0.01890 -0.02907
   0.97409  0.02011 -0.05503
   0.96867  0.02135 -0.08538
   0.96305  0.02259 -0.11190
   0.95727  0.02381 -0.13353
   0.95131  0.02502 -0.15443
   0.94520  0.02620 -0.16949
   0.93893  0.02735 -0.18254
   0.93253  0.02848 -0.19375
   0.92600  0.02957 -0.20092
   0.91932  0.03065 -0.20695
   0.91254  0.03170 -0.21390
   0.90568  0.03272 -0.22249
   0.89876  0.03372 -0.22993
   0.89181  0.03467 -0.23800
   0.88484  0.03559 -0.24395
   0.87782  0.03647 -0.24659
   0.87073  0.03731 -0.24770
   0.86355  0.03812 -0.24880
   0.85628  0.03891 -0.24756
   0.84891  0.03968 -0.24666
   0.84146  0.04044 -0.24662
   0.83396  0.04117 -0.24653
   0.82645  0.04190 -0.25224
   0.81896  0.04260 -0.25713
   0.81149  0.04327 -0.26069
   0.80402  0.04391 -0.26321
   0.79655  0.04452 -0.26562
   0.78909  0.04510 -0.26782
   0.78162  0.04565 -0.26851
   0.77414  0.04617 -0.26805
   0.76665  0.04666 -0.26840
   0.75914  0.04713 -0.26718
   0.75161  0.04756 -0.26535
   0.74405  0.04798 -0.26363
   0.73646  0.04837 -0.26068
   0.72884  0.04874 -0.25825
   0.72118  0.04909 -0.25536
   0.71350  0.04943 -0.25203
   0.70580  0.04974 -0.25022
   0.69806  0.05004 -0.24722
   0.69030  0.05033 -0.24512
   0.68252  0.05060 -0.24305
   0.67473  0.05086 -0.24123
   0.66693  0.05111 -0.23904
   0.65911  0.05135 -0.23779
   0.65129  0.05157 -0.23627
   0.64347  0.05178 -0.23422
   0.63563  0.05197 -0.23310
   0.62779  0.05216 -0.23158
   0.61994  0.05233 -0.22949
   0.61208  0.05249 -0.22898
   0.60421  0.05264 -0.22644
   0.59633  0.05278 -0.22560
   0.58846  0.05291 -0.22437
   0.58058  0.05303 -0.22372
   0.57270  0.05314 -0.22248
   0.56482  0.05324 -0.22157
   0.55693  0.05333 -0.22047
   0.54904  0.05340 -0.21980
   0.54115  0.05347 -0.21835
   0.53326  0.05353 -0.21799
   0.52537  0.05358 -0.21662
   0.51748  0.05361 -0.21569
   0.50958  0.05364 -0.21538
   0.50169  0.05366 -0.21375
   0.49380  0.05367 -0.21409
   0.48590  0.05367 -0.21240
   0.47801  0.05366 -0.21274
   0.47012  0.05363 -0.21170
   0.46224  0.05360 -0.21092
   0.45437  0.05356 -0.21028
   0.44650  0.05351 -0.20972
   0.43864  0.05345 -0.20860
   0.43079  0.05338 -0.20833
   0.42295  0.05330 -0.20799
   0.41514  0.05321 -0.20759
   0.40737  0.05312 -0.20819
   0.39966  0.05301 -0.20753
   0.39202  0.05289 -0.20872
   0.38445  0.05276 -0.20574
   0.37694  0.05262 -0.20308
   0.36954  0.05249 -0.20205
   0.36229  0.05236 -0.20912
   0.35524  0.05223 -0.21989
   0.34842  0.05207 -0.22904
   0.34179  0.05185 -0.22023
   0.33530  0.05159 -0.19332
   0.32892  0.05132 -0.16664
   0.32258  0.05111 -0.15291
   0.31625  0.05098 -0.16916
   0.30988  0.05089 -0.19836
   0.30343  0.05078 -0.22552
   0.29682  0.05061 -0.22776
   0.29002  0.05037 -0.21529
   0.28299  0.05009 -0.20343
   0.27579  0.04982 -0.20207
   0.26847  0.04954 -0.20604
   0.26108  0.04924 -0.20788
   0.25361  0.04892 -0.20667
   0.24607  0.04858 -0.20662
   0.23850  0.04823 -0.20751
   0.23092  0.04786 -0.20783
   0.22333  0.04747 -0.20851
   0.21574  0.04707 -0.20891
   0.20817  0.04664 -0.21058
   0.20063  0.04620 -0.21093
   0.19311  0.04574 -0.21158
   0.18563  0.04526 -0.21456
   0.17820  0.04475 -0.21412
   0.17081  0.04423 -0.21522
   0.16349  0.04368 -0.21741
   0.15624  0.04311 -0.21728
   0.14907  0.04251 -0.21949
   0.14200  0.04189 -0.21992
   0.13503  0.04125 -0.22069
   0.12818  0.04059 -0.22121
   0.12147  0.03990 -0.22123
   0.11493  0.03919 -0.22100
   0.10856  0.03847 -0.22078
   0.10240  0.03773 -0.22007
   0.09647  0.03699 -0.22073
   0.09078  0.03624 -0.22212
   0.08537  0.03550 -0.22046
   0.08024  0.03476 -0.22533
   0.07540  0.03403 -0.22671
   0.07085  0.03331 -0.23008
   0.06658  0.03261 -0.24222
   0.06257  0.03190 -0.24255
   0.05879  0.03120 -0.25313
   0.05523  0.03050 -0.25682
   0.05189  0.02978 -0.25448
   0.04873  0.02906 -0.24792
   0.04574  0.02833 -0.23663
   0.04291  0.02760 -0.22693
   0.04024  0.02687 -0.21171
   0.03771  0.02615 -0.19926
   0.03531  0.02543 -0.19086
   0.03305  0.02471 -0.16590
   0.03089  0.02399 -0.13572
   0.02884  0.02329 -0.11187
   0.02688  0.02260 -0.09592
   0.02502  0.02195 -0.09344
   0.02326  0.02131 -0.09102
   0.02159  0.02067 -0.08908
   0.02000  0.02005 -0.08245
   0.01849  0.01942 -0.07116
   0.01706  0.01880 -0.05263
   0.01569  0.01817 -0.02585
   0.01439  0.01754 -0.00320
   0.01314  0.01692  0.02047
   0.01194  0.01630  0.04132
   0.01080  0.01568  0.06100
   0.00971  0.01507  0.07969
   0.00867  0.01445  0.10504
   0.00767  0.01383  0.12281
   0.00672  0.01321  0.14733
   0.00581  0.01258  0.16784
   0.00495  0.01194  0.19867
   0.00414  0.01128  0.22243
   0.00338  0.01061  0.25070
   0.00268  0.00990  0.28455
   0.00207  0.00914  0.39166
   0.00154  0.00835  0.47920
   0.00111  0.00752  0.59352
   0.00078  0.00665  0.71877
   0.00053  0.00577  0.81835
   0.00035  0.00489  0.88933
   0.00022  0.00400  0.93640
   0.00012  0.00312  0.96973
   0.00005  0.00224  0.98856
   0.00001  0.00137  0.99820
  -0.00000  0.00051  0.99952
   0.00001 -0.00034  0.99356
   0.00004 -0.00120  0.98020
   0.00010 -0.00206  0.95900
   0.00020 -0.00292  0.94244
   0.00027 -0.00380  0.89539
   0.00039 -0.00468  0.86126
   0.00054 -0.00556  0.81110
   0.00072 -0.00645  0.75036
   0.00092 -0.00735  0.68334
   0.00115 -0.00824  0.60481
   0.00142 -0.00914  0.50513
   0.00173 -0.01004  0.39477
   0.00207 -0.01094  0.26940
   0.00247 -0.01182  0.09242
   0.00292 -0.01269  0.01130
   0.00342 -0.01356 -0.33871
   0.00402 -0.01437 -0.40040
   0.00470 -0.01514 -0.50926
   0.00546 -0.01587 -0.54374
   0.00629 -0.01657 -0.57242
   0.00717 -0.01724 -0.58280
   0.00811 -0.01789 -0.59751
   0.00910 -0.01851 -0.59491
   0.01015 -0.01912 -0.58996
   0.01125 -0.01971 -0.58904
   0.01240 -0.02029 -0.58060
   0.01361 -0.02086 -0.57373
   0.01488 -0.02142 -0.56533
   0.01621 -0.02198 -0.54975
   0.01761 -0.02253 -0.54102
   0.01908 -0.02307 -0.52446
   0.02063 -0.02362 -0.51869
   0.02226 -0.02417 -0.50509
   0.02397 -0.02472 -0.48925
   0.02579 -0.02528 -0.48126
   0.02770 -0.02584 -0.47020
   0.02973 -0.02641 -0.46180
   0.03189 -0.02700 -0.45348
   0.03419 -0.02759 -0.44652
   0.03663 -0.02820 -0.43523
   0.03924 -0.02882 -0.42815
   0.04203 -0.02945 -0.41684
   0.04502 -0.03011 -0.40970
   0.04822 -0.03078 -0.40343
   0.05165 -0.03148 -0.39966
   0.05533 -0.03220 -0.39478
   0.05925 -0.03293 -0.39130
   0.06344 -0.03368 -0.38614
   0.06789 -0.03445 -0.38370
   0.07262 -0.03522 -0.37853
   0.07761 -0.03600 -0.37671
   0.08288 -0.03679 -0.37302
   0.08842 -0.03758 -0.36943
   0.09419 -0.03836 -0.36609
   0.10019 -0.03914 -0.36377
   0.10638 -0.03991 -0.36263
   0.11276 -0.04065 -0.36142
   0.11929 -0.04138 -0.36041
   0.12594 -0.04208 -0.35883
   0.13272 -0.04276 -0.35754
   0.13959 -0.04340 -0.35589
   0.14656 -0.04401 -0.35258
   0.15362 -0.04460 -0.35066
   0.16075 -0.04515 -0.34655
   0.16794 -0.04567 -0.34409
   0.17519 -0.04616 -0.34053
   0.18248 -0.04663 -0.33835
   0.18981 -0.04706 -0.33598
   0.19717 -0.04747 -0.33442
   0.20456 -0.04785 -0.33006
   0.21197 -0.04820 -0.32903
   0.21942 -0.04852 -0.32474
   0.22690 -0.04882 -0.32199
   0.23441 -0.04909 -0.31711
   0.24195 -0.04934 -0.31484
   0.24951 -0.04956 -0.31265
   0.25708 -0.04977 -0.30924
   0.26468 -0.04995 -0.30781
   0.27229 -0.05011 -0.30341
   0.27991 -0.05024 -0.30185
   0.28756 -0.05036 -0.29830
   0.29522 -0.05046 -0.29624
   0.30289 -0.05054 -0.29426
   0.31057 -0.05060 -0.29204
   0.31825 -0.05064 -0.28974
   0.32595 -0.05066 -0.28803
   0.33364 -0.05066 -0.28643
   0.34135 -0.05065 -0.28451
   0.34906 -0.05061 -0.28272
   0.35677 -0.05056 -0.28081
   0.36448 -0.05048 -0.27908
   0.37219 -0.05039 -0.27747
   0.37990 -0.05028 -0.27536
   0.38761 -0.05015 -0.27397
   0.39532 -0.05001 -0.27257
   0.40302 -0.04984 -0.27114
   0.41072 -0.04966 -0.26902
   0.41842 -0.04945 -0.26835
   0.42610 -0.04923 -0.26692
   0.43378 -0.04899 -0.26615
   0.44144 -0.04873 -0.26397
   0.44910 -0.04845 -0.26336
   0.45674 -0.04815 -0.26179
   0.46437 -0.04783 -0.26102
   0.47199 -0.04749 -0.25929
   0.47960 -0.04713 -0.25738
   0.48720 -0.04674 -0.25604
   0.49478 -0.04634 -0.25428
   0.50235 -0.04590 -0.25185
   0.50991 -0.04545 -0.25059
   0.51745 -0.04497 -0.24793
   0.52498 -0.04447 -0.24546
   0.53250 -0.04395 -0.24332
   0.54000 -0.04340 -0.24071
   0.54749 -0.04282 -0.23784
   0.55497 -0.04222 -0.23467
   0.56243 -0.04159 -0.23099
   0.56987 -0.04093 -0.22762
   0.57730 -0.04025 -0.22390
   0.58471 -0.03954 -0.21973
   0.59210 -0.03881 -0.21551
   0.59948 -0.03804 -0.21106
   0.60683 -0.03724 -0.20643
   0.61417 -0.03642 -0.20016
   0.62149 -0.03556 -0.19541
   0.62879 -0.03468 -0.18812
   0.63608 -0.03376 -0.18240
   0.64335 -0.03281 -0.17424
   0.65061 -0.03183 -0.16711
   0.65786 -0.03081 -0.15852
   0.66510 -0.02976 -0.14959
   0.67232 -0.02867 -0.13979
   0.67954 -0.02755 -0.12965
   0.68676 -0.02640 -0.11908
   0.69397 -0.02520 -0.10783
   0.70117 -0.02398 -0.09505
   0.70838 -0.02271 -0.08230
   0.71559 -0.02141 -0.06877
   0.72281 -0.02007 -0.05438
   0.73004 -0.01870 -0.03961
   0.73728 -0.01729 -0.02347
   0.74453 -0.01584 -0.00587
   0.75180 -0.01436  0.01047
   0.75910 -0.01284  0.03050
   0.76642 -0.01128  0.04861
   0.77378 -0.00969  0.07043
   0.78118 -0.00807  0.08930
   0.78863 -0.00642  0.11280
   0.79611 -0.00475  0.13368
   0.80361 -0.00306  0.15812
   0.81108 -0.00138  0.18106
   0.81847  0.00029  0.20407
   0.82574  0.00191  0.22786
   0.83289  0.00348  0.24989
   0.83991  0.00499  0.27044
   0.84680  0.00644  0.29015
   0.85358  0.00782  0.30958
   0.86023  0.00913  0.32590
   0.86676  0.01036  0.34451
   0.87316  0.01151  0.35864
   0.87944  0.01258  0.37511
   0.88561  0.01356  0.38695
   0.89167  0.01445  0.39918
   0.89763  0.01526  0.40999
   0.90349  0.01599  0.41955
   0.90927  0.01663  0.42737
   0.91493  0.01718  0.43703
   0.92047  0.01765  0.44290
   0.92588  0.01803  0.45118
   0.93120  0.01832  0.45478
   0.93644  0.01853  0.45563
   0.94160  0.01868  0.45855
   0.94662  0.01876  0.46550
   0.95140  0.01879  0.48090
   0.95595  0.01872  0.49057
   0.96030  0.01853  0.49567
   0.96456  0.01820  0.48076
   0.96881  0.01775  0.45318
   0.97308  0.01723  0.42609
   0.97733  0.01672  0.41390
   0.98147  0.01621  0.42710
   0.98549  0.01562  0.43405
   0.98945  0.01488  0.38881
   0.99342  0.01406  0.32412
   0.99738  0.01325  0.29884
   1.00000  0.01271  0.25422
