GRUMMAN K-2 AIRFOIL                             
 Alfa =  -1.28550 Re =        0.000 Xflap,Yflap =     0.000000    0.000000
#    x        y        Cp  
   1.00000  0.01371  0.25221
   0.99739  0.01444  0.09670
   0.99327  0.01550  0.06268
   0.98886  0.01658  0.04428
   0.98418  0.01773  0.00258
   0.97923  0.01891 -0.02696
   0.97401  0.02013 -0.05701
   0.96856  0.02137 -0.08487
   0.96293  0.02261 -0.11270
   0.95713  0.02384 -0.13577
   0.95115  0.02505 -0.15449
   0.94501  0.02623 -0.16971
   0.93873  0.02739 -0.18332
   0.93231  0.02852 -0.19431
   0.92575  0.02962 -0.20166
   0.91905  0.03069 -0.20737
   0.91224  0.03174 -0.21461
   0.90536  0.03277 -0.22326
   0.89842  0.03376 -0.23073
   0.89145  0.03472 -0.23855
   0.88446  0.03564 -0.24391
   0.87741  0.03652 -0.24798
   0.87030  0.03736 -0.24848
   0.86310  0.03817 -0.24844
   0.85580  0.03897 -0.24803
   0.84840  0.03974 -0.24722
   0.84093  0.04049 -0.24733
   0.83341  0.04123 -0.24777
   0.82588  0.04195 -0.25236
   0.81837  0.04265 -0.25832
   0.81087  0.04332 -0.26090
   0.80338  0.04396 -0.26417
   0.79590  0.04457 -0.26668
   0.78841  0.04515 -0.26769
   0.78092  0.04570 -0.26926
   0.77342  0.04622 -0.26895
   0.76591  0.04671 -0.26898
   0.75838  0.04717 -0.26778
   0.75082  0.04761 -0.26651
   0.74324  0.04802 -0.26263
   0.73562  0.04841 -0.26132
   0.72798  0.04878 -0.25798
   0.72030  0.04913 -0.25579
   0.71260  0.04946 -0.25297
   0.70486  0.04978 -0.25037
   0.69710  0.05008 -0.24764
   0.68932  0.05037 -0.24542
   0.68152  0.05064 -0.24310
   0.67370  0.05090 -0.24214
   0.66588  0.05114 -0.23935
   0.65804  0.05138 -0.23823
   0.65020  0.05160 -0.23644
   0.64235  0.05180 -0.23480
   0.63449  0.05200 -0.23392
   0.62662  0.05218 -0.23166
   0.61875  0.05235 -0.23051
   0.61086  0.05251 -0.22889
   0.60297  0.05266 -0.22707
   0.59508  0.05280 -0.22640
   0.58718  0.05293 -0.22549
   0.57928  0.05305 -0.22410
   0.57138  0.05316 -0.22298
   0.56347  0.05325 -0.22208
   0.55556  0.05334 -0.22151
   0.54765  0.05342 -0.22017
   0.53974  0.05348 -0.21907
   0.53183  0.05354 -0.21820
   0.52391  0.05358 -0.21789
   0.51600  0.05362 -0.21635
   0.50808  0.05365 -0.21614
   0.50017  0.05366 -0.21510
   0.49225  0.05367 -0.21399
   0.48434  0.05366 -0.21392
   0.47642  0.05365 -0.21302
   0.46852  0.05363 -0.21253
   0.46062  0.05360 -0.21144
   0.45272  0.05355 -0.21196
   0.44483  0.05350 -0.21024
   0.43695  0.05344 -0.20981
   0.42908  0.05336 -0.20894
   0.42122  0.05328 -0.20906
   0.41340  0.05319 -0.20829
   0.40562  0.05309 -0.20936
   0.39791  0.05299 -0.20906
   0.39026  0.05286 -0.20933
   0.38268  0.05273 -0.20687
   0.37518  0.05259 -0.20334
   0.36779  0.05245 -0.20432
   0.36056  0.05233 -0.21222
   0.35355  0.05219 -0.22389
   0.34675  0.05202 -0.23066
   0.34015  0.05179 -0.21576
   0.33367  0.05152 -0.18747
   0.32729  0.05126 -0.16213
   0.32094  0.05107 -0.15508
   0.31459  0.05095 -0.17809
   0.30818  0.05086 -0.20841
   0.30168  0.05074 -0.23001
   0.29501  0.05055 -0.22612
   0.28812  0.05029 -0.21269
   0.28102  0.05002 -0.20330
   0.27376  0.04974 -0.20519
   0.26640  0.04946 -0.20801
   0.25896  0.04915 -0.20891
   0.25145  0.04883 -0.20867
   0.24388  0.04848 -0.20835
   0.23629  0.04812 -0.20900
   0.22868  0.04775 -0.20963
   0.22107  0.04735 -0.21066
   0.21346  0.04694 -0.21103
   0.20588  0.04651 -0.21217
   0.19832  0.04606 -0.21292
   0.19079  0.04559 -0.21432
   0.18331  0.04510 -0.21633
   0.17587  0.04459 -0.21591
   0.16848  0.04405 -0.21873
   0.16116  0.04350 -0.21902
   0.15392  0.04292 -0.21991
   0.14676  0.04231 -0.22254
   0.13969  0.04168 -0.22150
   0.13274  0.04103 -0.22357
   0.12592  0.04036 -0.22320
   0.11925  0.03966 -0.22381
   0.11274  0.03895 -0.22330
   0.10643  0.03821 -0.22304
   0.10032  0.03747 -0.22359
   0.09446  0.03673 -0.22296
   0.08886  0.03598 -0.22489
   0.08353  0.03523 -0.22531
   0.07849  0.03450 -0.22810
   0.07373  0.03377 -0.23304
   0.06927  0.03305 -0.23446
   0.06509  0.03235 -0.24640
   0.06115  0.03165 -0.25085
   0.05745  0.03095 -0.25777
   0.05396  0.03023 -0.26150
   0.05068  0.02952 -0.25659
   0.04758  0.02879 -0.24815
   0.04465  0.02805 -0.23725
   0.04187  0.02732 -0.22523
   0.03925  0.02659 -0.21055
   0.03676  0.02587 -0.20132
   0.03441  0.02515 -0.18639
   0.03218  0.02442 -0.15887
   0.03006  0.02371 -0.13081
   0.02804  0.02301 -0.10767
   0.02612  0.02234 -0.09954
   0.02429  0.02168 -0.09786
   0.02256  0.02105 -0.09421
   0.02092  0.02042 -0.09241
   0.01936  0.01979 -0.08475
   0.01788  0.01916 -0.06944
   0.01648  0.01853 -0.04781
   0.01513  0.01790 -0.02190
   0.01385  0.01728  0.00117
   0.01262  0.01665  0.02578
   0.01145  0.01603  0.04107
   0.01032  0.01542  0.06154
   0.00925  0.01480  0.08680
   0.00822  0.01418  0.10287
   0.00724  0.01356  0.13038
   0.00631  0.01293  0.14890
   0.00542  0.01229  0.17180
   0.00458  0.01164  0.20344
   0.00379  0.01098  0.22541
   0.00305  0.01029  0.25884
   0.00239  0.00956  0.30387
   0.00182  0.00878  0.44414
   0.00133  0.00797  0.51057
   0.00094  0.00712  0.65050
   0.00065  0.00624  0.76299
   0.00044  0.00536  0.85198
   0.00028  0.00447  0.91027
   0.00016  0.00358  0.95275
   0.00008  0.00270  0.97804
   0.00003  0.00182  0.99360
   0.00000  0.00095  0.99980
  -0.00000  0.00009  0.99781
   0.00003 -0.00076  0.98934
   0.00006 -0.00163  0.97104
   0.00015 -0.00249  0.95468
   0.00023 -0.00336  0.92209
   0.00032 -0.00424  0.88221
   0.00047 -0.00512  0.84063
   0.00063 -0.00601  0.78602
   0.00082 -0.00691  0.72282
   0.00104 -0.00781  0.65045
   0.00129 -0.00871  0.55914
   0.00157 -0.00961  0.45701
   0.00190 -0.01051  0.34028
   0.00227 -0.01140  0.18776
   0.00270 -0.01228  0.05906
   0.00318 -0.01315 -0.14993
   0.00373 -0.01400 -0.38056
   0.00438 -0.01479 -0.45344
   0.00511 -0.01554 -0.52165
   0.00590 -0.01626 -0.54849
   0.00676 -0.01694 -0.56822
   0.00768 -0.01760 -0.58016
   0.00865 -0.01823 -0.58465
   0.00967 -0.01885 -0.59052
   0.01075 -0.01945 -0.57544
   0.01188 -0.02004 -0.58032
   0.01307 -0.02061 -0.56731
   0.01432 -0.02118 -0.56111
   0.01563 -0.02174 -0.55230
   0.01700 -0.02229 -0.53476
   0.01845 -0.02284 -0.52538
   0.01996 -0.02339 -0.51526
   0.02156 -0.02394 -0.50343
   0.02324 -0.02449 -0.49020
   0.02502 -0.02504 -0.47931
   0.02690 -0.02561 -0.47041
   0.02888 -0.02618 -0.45948
   0.03099 -0.02676 -0.45089
   0.03324 -0.02735 -0.44428
   0.03563 -0.02795 -0.43465
   0.03818 -0.02857 -0.42633
   0.04090 -0.02920 -0.41713
   0.04382 -0.02985 -0.40840
   0.04694 -0.03052 -0.40096
   0.05029 -0.03121 -0.39832
   0.05388 -0.03192 -0.39190
   0.05772 -0.03265 -0.38919
   0.06181 -0.03340 -0.38462
   0.06618 -0.03416 -0.38066
   0.07081 -0.03493 -0.37740
   0.07572 -0.03571 -0.37390
   0.08090 -0.03650 -0.37079
   0.08636 -0.03729 -0.36813
   0.09206 -0.03808 -0.36462
   0.09799 -0.03886 -0.36128
   0.10414 -0.03963 -0.36091
   0.11047 -0.04039 -0.35870
   0.11696 -0.04113 -0.35825
   0.12360 -0.04184 -0.35720
   0.13035 -0.04253 -0.35587
   0.13721 -0.04318 -0.35397
   0.14417 -0.04381 -0.35161
   0.15121 -0.04440 -0.34857
   0.15834 -0.04497 -0.34588
   0.16553 -0.04550 -0.34302
   0.17278 -0.04600 -0.33997
   0.18008 -0.04648 -0.33685
   0.18742 -0.04692 -0.33533
   0.19479 -0.04734 -0.33252
   0.20219 -0.04773 -0.33043
   0.20962 -0.04809 -0.32664
   0.21707 -0.04842 -0.32478
   0.22456 -0.04873 -0.32083
   0.23208 -0.04901 -0.31730
   0.23964 -0.04926 -0.31363
   0.24721 -0.04950 -0.31166
   0.25481 -0.04971 -0.30898
   0.26241 -0.04990 -0.30631
   0.27004 -0.05006 -0.30334
   0.27768 -0.05021 -0.30099
   0.28534 -0.05033 -0.29777
   0.29302 -0.05043 -0.29549
   0.30071 -0.05052 -0.29321
   0.30841 -0.05058 -0.29125
   0.31611 -0.05063 -0.28958
   0.32382 -0.05066 -0.28740
   0.33154 -0.05066 -0.28501
   0.33927 -0.05065 -0.28403
   0.34699 -0.05062 -0.28144
   0.35472 -0.05057 -0.28013
   0.36246 -0.05051 -0.27847
   0.37019 -0.05042 -0.27694
   0.37793 -0.05031 -0.27451
   0.38566 -0.05019 -0.27366
   0.39339 -0.05004 -0.27171
   0.40111 -0.04988 -0.27017
   0.40883 -0.04970 -0.26848
   0.41655 -0.04951 -0.26760
   0.42426 -0.04929 -0.26616
   0.43196 -0.04905 -0.26516
   0.43965 -0.04880 -0.26364
   0.44733 -0.04852 -0.26258
   0.45499 -0.04823 -0.26140
   0.46265 -0.04791 -0.25968
   0.47029 -0.04757 -0.25878
   0.47793 -0.04721 -0.25692
   0.48555 -0.04683 -0.25529
   0.49315 -0.04642 -0.25364
   0.50075 -0.04600 -0.25207
   0.50833 -0.04555 -0.24948
   0.51589 -0.04507 -0.24788
   0.52345 -0.04458 -0.24505
   0.53099 -0.04405 -0.24312
   0.53851 -0.04351 -0.24002
   0.54603 -0.04293 -0.23756
   0.55353 -0.04234 -0.23489
   0.56101 -0.04171 -0.23073
   0.56848 -0.04106 -0.22779
   0.57593 -0.04038 -0.22376
   0.58337 -0.03967 -0.21984
   0.59078 -0.03894 -0.21582
   0.59818 -0.03818 -0.21091
   0.60556 -0.03738 -0.20631
   0.61292 -0.03656 -0.20110
   0.62026 -0.03571 -0.19515
   0.62759 -0.03483 -0.18923
   0.63490 -0.03391 -0.18165
   0.64220 -0.03296 -0.17564
   0.64948 -0.03198 -0.16749
   0.65674 -0.03097 -0.15947
   0.66400 -0.02992 -0.15020
   0.67125 -0.02883 -0.14068
   0.67849 -0.02772 -0.13099
   0.68572 -0.02656 -0.11976
   0.69295 -0.02537 -0.10900
   0.70018 -0.02415 -0.09598
   0.70741 -0.02288 -0.08369
   0.71464 -0.02159 -0.07033
   0.72188 -0.02025 -0.05537
   0.72912 -0.01888 -0.04134
   0.73638 -0.01747 -0.02441
   0.74365 -0.01602 -0.00874
   0.75094 -0.01453  0.00989
   0.75826 -0.01301  0.02784
   0.76560 -0.01146  0.04749
   0.77297 -0.00987  0.06711
   0.78039 -0.00825  0.08865
   0.78785 -0.00659  0.10977
   0.79535 -0.00492  0.13292
   0.80287 -0.00323  0.15576
   0.81037 -0.00154  0.17806
   0.81778  0.00013  0.20325
   0.82509  0.00176  0.22638
   0.83227  0.00334  0.24789
   0.83932  0.00486  0.26862
   0.84624  0.00632  0.28903
   0.85304  0.00771  0.30743
   0.85972  0.00903  0.32634
   0.86628  0.01027  0.34253
   0.87271  0.01143  0.35858
   0.87902  0.01251  0.37360
   0.88521  0.01350  0.38632
   0.89129  0.01440  0.39911
   0.89727  0.01522  0.40889
   0.90316  0.01595  0.41938
   0.90895  0.01659  0.42823
   0.91464  0.01715  0.43560
   0.92020  0.01763  0.44398
   0.92564  0.01802  0.44979
   0.93097  0.01831  0.45438
   0.93623  0.01853  0.45749
   0.94141  0.01867  0.45700
   0.94645  0.01876  0.46724
   0.95125  0.01879  0.47890
   0.95581  0.01873  0.49153
   0.96019  0.01854  0.49563
   0.96446  0.01821  0.48058
   0.96872  0.01776  0.45438
   0.97300  0.01724  0.42584
   0.97726  0.01672  0.41553
   0.98142  0.01621  0.42813
   0.98545  0.01563  0.43246
   0.98942  0.01489  0.38727
   0.99340  0.01406  0.32681
   0.99738  0.01325  0.29813
   1.00000  0.01271  0.25221
