GRUMMAN K-2 AIRFOIL                             
 Alfa =  -1.28230 Re =        0.000 Xflap,Yflap =     0.000000    0.000000
#    x        y        Cp  
   1.00000  0.01371  0.25421
   0.99740  0.01444  0.09922
   0.99329  0.01549  0.06147
   0.98889  0.01657  0.04613
   0.98423  0.01772  0.00578
   0.97929  0.01890 -0.02918
   0.97409  0.02011 -0.05515
   0.96867  0.02135 -0.08553
   0.96305  0.02259 -0.11206
   0.95727  0.02381 -0.13371
   0.95131  0.02502 -0.15463
   0.94520  0.02620 -0.16971
   0.93893  0.02735 -0.18278
   0.93253  0.02848 -0.19400
   0.92600  0.02957 -0.20118
   0.91932  0.03065 -0.20723
   0.91254  0.03170 -0.21419
   0.90568  0.03272 -0.22281
   0.89876  0.03372 -0.23025
   0.89181  0.03467 -0.23834
   0.88484  0.03559 -0.24431
   0.87782  0.03647 -0.24696
   0.87073  0.03731 -0.24808
   0.86355  0.03812 -0.24920
   0.85628  0.03891 -0.24796
   0.84891  0.03968 -0.24709
   0.84146  0.04044 -0.24705
   0.83396  0.04117 -0.24698
   0.82645  0.04190 -0.25270
   0.81896  0.04260 -0.25761
   0.81149  0.04327 -0.26119
   0.80402  0.04391 -0.26372
   0.79655  0.04452 -0.26615
   0.78909  0.04510 -0.26835
   0.78162  0.04565 -0.26906
   0.77414  0.04617 -0.26860
   0.76665  0.04666 -0.26898
   0.75914  0.04713 -0.26776
   0.75161  0.04756 -0.26595
   0.74405  0.04798 -0.26423
   0.73646  0.04837 -0.26130
   0.72884  0.04874 -0.25888
   0.72118  0.04909 -0.25600
   0.71350  0.04943 -0.25268
   0.70580  0.04974 -0.25088
   0.69806  0.05004 -0.24788
   0.69030  0.05033 -0.24581
   0.68252  0.05060 -0.24374
   0.67473  0.05086 -0.24194
   0.66693  0.05111 -0.23975
   0.65911  0.05135 -0.23851
   0.65129  0.05157 -0.23701
   0.64347  0.05178 -0.23498
   0.63563  0.05197 -0.23387
   0.62779  0.05216 -0.23235
   0.61994  0.05233 -0.23029
   0.61208  0.05249 -0.22978
   0.60421  0.05264 -0.22726
   0.59633  0.05278 -0.22643
   0.58846  0.05291 -0.22521
   0.58058  0.05303 -0.22458
   0.57270  0.05314 -0.22335
   0.56482  0.05324 -0.22245
   0.55693  0.05333 -0.22136
   0.54904  0.05340 -0.22070
   0.54115  0.05347 -0.21927
   0.53326  0.05353 -0.21893
   0.52537  0.05358 -0.21757
   0.51748  0.05361 -0.21666
   0.50958  0.05364 -0.21636
   0.50169  0.05366 -0.21475
   0.49380  0.05367 -0.21510
   0.48590  0.05367 -0.21343
   0.47801  0.05366 -0.21378
   0.47012  0.05363 -0.21275
   0.46224  0.05360 -0.21200
   0.45437  0.05356 -0.21137
   0.44650  0.05351 -0.21083
   0.43864  0.05345 -0.20972
   0.43079  0.05338 -0.20947
   0.42295  0.05330 -0.20915
   0.41514  0.05321 -0.20877
   0.40737  0.05312 -0.20939
   0.39966  0.05301 -0.20875
   0.39202  0.05289 -0.20995
   0.38445  0.05276 -0.20700
   0.37694  0.05262 -0.20435
   0.36954  0.05249 -0.20334
   0.36229  0.05236 -0.21044
   0.35524  0.05223 -0.22124
   0.34842  0.05207 -0.23042
   0.34179  0.05185 -0.22163
   0.33530  0.05159 -0.19470
   0.32892  0.05132 -0.16801
   0.32258  0.05111 -0.15428
   0.31625  0.05098 -0.17057
   0.30988  0.05089 -0.19983
   0.30343  0.05078 -0.22704
   0.29682  0.05061 -0.22931
   0.29002  0.05037 -0.21685
   0.28299  0.05009 -0.20500
   0.27579  0.04982 -0.20366
   0.26847  0.04954 -0.20767
   0.26108  0.04924 -0.20955
   0.25361  0.04892 -0.20836
   0.24607  0.04858 -0.20835
   0.23850  0.04823 -0.20927
   0.23092  0.04786 -0.20963
   0.22333  0.04747 -0.21036
   0.21574  0.04707 -0.21079
   0.20817  0.04664 -0.21251
   0.20063  0.04620 -0.21291
   0.19311  0.04574 -0.21361
   0.18563  0.04526 -0.21663
   0.17820  0.04475 -0.21625
   0.17081  0.04423 -0.21740
   0.16349  0.04368 -0.21966
   0.15624  0.04311 -0.21959
   0.14907  0.04251 -0.22186
   0.14200  0.04189 -0.22236
   0.13503  0.04125 -0.22320
   0.12818  0.04059 -0.22381
   0.12147  0.03990 -0.22391
   0.11493  0.03919 -0.22375
   0.10856  0.03847 -0.22363
   0.10240  0.03773 -0.22300
   0.09647  0.03699 -0.22377
   0.09078  0.03624 -0.22526
   0.08537  0.03550 -0.22370
   0.08024  0.03476 -0.22870
   0.07540  0.03403 -0.23019
   0.07085  0.03331 -0.23368
   0.06658  0.03261 -0.24598
   0.06257  0.03190 -0.24644
   0.05879  0.03120 -0.25719
   0.05523  0.03050 -0.26102
   0.05189  0.02978 -0.25882
   0.04873  0.02906 -0.25238
   0.04574  0.02833 -0.24120
   0.04291  0.02760 -0.23161
   0.04024  0.02687 -0.21649
   0.03771  0.02615 -0.20416
   0.03531  0.02543 -0.19589
   0.03305  0.02471 -0.17100
   0.03089  0.02399 -0.14086
   0.02884  0.02329 -0.11707
   0.02688  0.02260 -0.10123
   0.02502  0.02195 -0.09893
   0.02326  0.02131 -0.09670
   0.02159  0.02067 -0.09495
   0.02000  0.02005 -0.08851
   0.01849  0.01942 -0.07739
   0.01706  0.01880 -0.05899
   0.01569  0.01817 -0.03231
   0.01439  0.01754 -0.00978
   0.01314  0.01692  0.01376
   0.01194  0.01630  0.03446
   0.01080  0.01568  0.05396
   0.00971  0.01507  0.07246
   0.00867  0.01445  0.09763
   0.00767  0.01383  0.11516
   0.00672  0.01321  0.13945
   0.00581  0.01258  0.15967
   0.00495  0.01194  0.19023
   0.00414  0.01128  0.21363
   0.00338  0.01061  0.24146
   0.00268  0.00990  0.27489
   0.00207  0.00914  0.38249
   0.00154  0.00835  0.47034
   0.00111  0.00752  0.58554
   0.00078  0.00665  0.71229
   0.00053  0.00577  0.81331
   0.00035  0.00489  0.88552
   0.00022  0.00400  0.93358
   0.00012  0.00312  0.96782
   0.00005  0.00224  0.98739
   0.00001  0.00137  0.99773
  -0.00000  0.00051  0.99972
   0.00001 -0.00034  0.99435
   0.00004 -0.00120  0.98161
   0.00010 -0.00206  0.96106
   0.00020 -0.00292  0.94470
   0.00027 -0.00380  0.89872
   0.00039 -0.00468  0.86496
   0.00054 -0.00556  0.81545
   0.00072 -0.00645  0.75539
   0.00092 -0.00735  0.68903
   0.00115 -0.00824  0.61120
   0.00142 -0.00914  0.51234
   0.00173 -0.01004  0.40285
   0.00207 -0.01094  0.27833
   0.00247 -0.01182  0.10263
   0.00292 -0.01269  0.02165
   0.00342 -0.01356 -0.32571
   0.00402 -0.01437 -0.38776
   0.00470 -0.01514 -0.49645
   0.00546 -0.01587 -0.53142
   0.00629 -0.01657 -0.56055
   0.00717 -0.01724 -0.57146
   0.00811 -0.01789 -0.58660
   0.00910 -0.01851 -0.58449
   0.01015 -0.01912 -0.58001
   0.01125 -0.01971 -0.57951
   0.01240 -0.02029 -0.57147
   0.01361 -0.02086 -0.56497
   0.01488 -0.02142 -0.55694
   0.01621 -0.02198 -0.54172
   0.01761 -0.02253 -0.53332
   0.01908 -0.02307 -0.51707
   0.02063 -0.02362 -0.51158
   0.02226 -0.02417 -0.49825
   0.02397 -0.02472 -0.48269
   0.02579 -0.02528 -0.47494
   0.02770 -0.02584 -0.46412
   0.02973 -0.02641 -0.45594
   0.03189 -0.02700 -0.44782
   0.03419 -0.02759 -0.44106
   0.03663 -0.02820 -0.42998
   0.03924 -0.02882 -0.42309
   0.04203 -0.02945 -0.41197
   0.04502 -0.03011 -0.40501
   0.04822 -0.03078 -0.39890
   0.05165 -0.03148 -0.39528
   0.05533 -0.03220 -0.39056
   0.05925 -0.03293 -0.38722
   0.06344 -0.03368 -0.38220
   0.06789 -0.03445 -0.37990
   0.07262 -0.03522 -0.37486
   0.07761 -0.03600 -0.37317
   0.08288 -0.03679 -0.36960
   0.08842 -0.03758 -0.36613
   0.09419 -0.03836 -0.36290
   0.10019 -0.03914 -0.36068
   0.10638 -0.03991 -0.35965
   0.11276 -0.04065 -0.35853
   0.11929 -0.04138 -0.35760
   0.12594 -0.04208 -0.35611
   0.13272 -0.04276 -0.35490
   0.13959 -0.04340 -0.35332
   0.14656 -0.04401 -0.35009
   0.15362 -0.04460 -0.34823
   0.16075 -0.04515 -0.34419
   0.16794 -0.04567 -0.34180
   0.17519 -0.04616 -0.33831
   0.18248 -0.04663 -0.33617
   0.18981 -0.04706 -0.33387
   0.19717 -0.04747 -0.33235
   0.20456 -0.04785 -0.32805
   0.21197 -0.04820 -0.32706
   0.21942 -0.04852 -0.32282
   0.22690 -0.04882 -0.32012
   0.23441 -0.04909 -0.31527
   0.24195 -0.04934 -0.31305
   0.24951 -0.04956 -0.31089
   0.25708 -0.04977 -0.30753
   0.26468 -0.04995 -0.30613
   0.27229 -0.05011 -0.30177
   0.27991 -0.05024 -0.30024
   0.28756 -0.05036 -0.29673
   0.29522 -0.05046 -0.29469
   0.30289 -0.05054 -0.29274
   0.31057 -0.05060 -0.29055
   0.31825 -0.05064 -0.28828
   0.32595 -0.05066 -0.28661
   0.33364 -0.05066 -0.28503
   0.34135 -0.05065 -0.28314
   0.34906 -0.05061 -0.28137
   0.35677 -0.05056 -0.27949
   0.36448 -0.05048 -0.27779
   0.37219 -0.05039 -0.27619
   0.37990 -0.05028 -0.27410
   0.38761 -0.05015 -0.27274
   0.39532 -0.05001 -0.27136
   0.40302 -0.04984 -0.26995
   0.41072 -0.04966 -0.26785
   0.41842 -0.04945 -0.26720
   0.42610 -0.04923 -0.26580
   0.43378 -0.04899 -0.26503
   0.44144 -0.04873 -0.26288
   0.44910 -0.04845 -0.26229
   0.45674 -0.04815 -0.26073
   0.46437 -0.04783 -0.25999
   0.47199 -0.04749 -0.25827
   0.47960 -0.04713 -0.25638
   0.48720 -0.04674 -0.25505
   0.49478 -0.04634 -0.25331
   0.50235 -0.04590 -0.25090
   0.50991 -0.04545 -0.24965
   0.51745 -0.04497 -0.24701
   0.52498 -0.04447 -0.24456
   0.53250 -0.04395 -0.24243
   0.54000 -0.04340 -0.23984
   0.54749 -0.04282 -0.23698
   0.55497 -0.04222 -0.23383
   0.56243 -0.04159 -0.23017
   0.56987 -0.04093 -0.22681
   0.57730 -0.04025 -0.22311
   0.58471 -0.03954 -0.21896
   0.59210 -0.03881 -0.21475
   0.59948 -0.03804 -0.21031
   0.60683 -0.03724 -0.20570
   0.61417 -0.03642 -0.19945
   0.62149 -0.03556 -0.19471
   0.62879 -0.03468 -0.18743
   0.63608 -0.03376 -0.18173
   0.64335 -0.03281 -0.17358
   0.65061 -0.03183 -0.16647
   0.65786 -0.03081 -0.15790
   0.66510 -0.02976 -0.14898
   0.67232 -0.02867 -0.13920
   0.67954 -0.02755 -0.12908
   0.68676 -0.02640 -0.11851
   0.69397 -0.02520 -0.10729
   0.70117 -0.02398 -0.09452
   0.70838 -0.02271 -0.08179
   0.71559 -0.02141 -0.06827
   0.72281 -0.02007 -0.05390
   0.73004 -0.01870 -0.03914
   0.73728 -0.01729 -0.02302
   0.74453 -0.01584 -0.00544
   0.75180 -0.01436  0.01089
   0.75910 -0.01284  0.03090
   0.76642 -0.01128  0.04899
   0.77378 -0.00969  0.07079
   0.78118 -0.00807  0.08964
   0.78863 -0.00642  0.11313
   0.79611 -0.00475  0.13399
   0.80361 -0.00306  0.15842
   0.81108 -0.00138  0.18134
   0.81847  0.00029  0.20434
   0.82574  0.00191  0.22812
   0.83289  0.00348  0.25013
   0.83991  0.00499  0.27067
   0.84680  0.00644  0.29036
   0.85358  0.00782  0.30979
   0.86023  0.00913  0.32609
   0.86676  0.01036  0.34469
   0.87316  0.01151  0.35882
   0.87944  0.01258  0.37527
   0.88561  0.01356  0.38710
   0.89167  0.01445  0.39933
   0.89763  0.01526  0.41013
   0.90349  0.01599  0.41969
   0.90927  0.01663  0.42750
   0.91493  0.01718  0.43715
   0.92047  0.01765  0.44302
   0.92588  0.01803  0.45129
   0.93120  0.01832  0.45489
   0.93644  0.01853  0.45573
   0.94160  0.01868  0.45865
   0.94662  0.01876  0.46560
   0.95140  0.01879  0.48099
   0.95595  0.01872  0.49066
   0.96030  0.01853  0.49575
   0.96456  0.01820  0.48084
   0.96881  0.01775  0.45325
   0.97308  0.01723  0.42617
   0.97733  0.01672  0.41398
   0.98147  0.01621  0.42717
   0.98549  0.01562  0.43411
   0.98945  0.01488  0.38887
   0.99342  0.01406  0.32418
   0.99738  0.01325  0.29888
   1.00000  0.01271  0.25421
