GRUMMAN K-2 AIRFOIL                             
 Alfa =  -1.31100 Re =        0.000 Xflap,Yflap =     0.000000    0.000000
#    x        y        Cp  
   1.00000  0.01371  0.25423
   0.99740  0.01444  0.09926
   0.99329  0.01549  0.06152
   0.98889  0.01657  0.04621
   0.98423  0.01772  0.00589
   0.97929  0.01890 -0.02905
   0.97409  0.02011 -0.05500
   0.96867  0.02135 -0.08535
   0.96305  0.02259 -0.11186
   0.95727  0.02381 -0.13350
   0.95131  0.02502 -0.15439
   0.94520  0.02620 -0.16945
   0.93893  0.02735 -0.18249
   0.93253  0.02848 -0.19369
   0.92600  0.02957 -0.20086
   0.91932  0.03065 -0.20689
   0.91254  0.03170 -0.21383
   0.90568  0.03272 -0.22243
   0.89876  0.03372 -0.22986
   0.89181  0.03467 -0.23793
   0.88484  0.03559 -0.24388
   0.87782  0.03647 -0.24651
   0.87073  0.03731 -0.24762
   0.86355  0.03812 -0.24871
   0.85628  0.03891 -0.24747
   0.84891  0.03968 -0.24657
   0.84146  0.04044 -0.24653
   0.83396  0.04117 -0.24644
   0.82645  0.04190 -0.25215
   0.81896  0.04260 -0.25704
   0.81149  0.04327 -0.26059
   0.80402  0.04391 -0.26311
   0.79655  0.04452 -0.26551
   0.78909  0.04510 -0.26771
   0.78162  0.04565 -0.26840
   0.77414  0.04617 -0.26793
   0.76665  0.04666 -0.26829
   0.75914  0.04713 -0.26706
   0.75161  0.04756 -0.26523
   0.74405  0.04798 -0.26351
   0.73646  0.04837 -0.26055
   0.72884  0.04874 -0.25812
   0.72118  0.04909 -0.25523
   0.71350  0.04943 -0.25190
   0.70580  0.04974 -0.25008
   0.69806  0.05004 -0.24708
   0.69030  0.05033 -0.24498
   0.68252  0.05060 -0.24291
   0.67473  0.05086 -0.24109
   0.66693  0.05111 -0.23889
   0.65911  0.05135 -0.23764
   0.65129  0.05157 -0.23611
   0.64347  0.05178 -0.23407
   0.63563  0.05197 -0.23295
   0.62779  0.05216 -0.23142
   0.61994  0.05233 -0.22933
   0.61208  0.05249 -0.22882
   0.60421  0.05264 -0.22628
   0.59633  0.05278 -0.22542
   0.58846  0.05291 -0.22419
   0.58058  0.05303 -0.22355
   0.57270  0.05314 -0.22230
   0.56482  0.05324 -0.22139
   0.55693  0.05333 -0.22028
   0.54904  0.05340 -0.21961
   0.54115  0.05347 -0.21816
   0.53326  0.05353 -0.21780
   0.52537  0.05358 -0.21643
   0.51748  0.05361 -0.21549
   0.50958  0.05364 -0.21518
   0.50169  0.05366 -0.21355
   0.49380  0.05367 -0.21388
   0.48590  0.05367 -0.21219
   0.47801  0.05366 -0.21252
   0.47012  0.05363 -0.21148
   0.46224  0.05360 -0.21070
   0.45437  0.05356 -0.21005
   0.44650  0.05351 -0.20949
   0.43864  0.05345 -0.20836
   0.43079  0.05338 -0.20809
   0.42295  0.05330 -0.20776
   0.41514  0.05321 -0.20735
   0.40737  0.05312 -0.20795
   0.39966  0.05301 -0.20728
   0.39202  0.05289 -0.20846
   0.38445  0.05276 -0.20548
   0.37694  0.05262 -0.20282
   0.36954  0.05249 -0.20178
   0.36229  0.05236 -0.20885
   0.35524  0.05223 -0.21962
   0.34842  0.05207 -0.22876
   0.34179  0.05185 -0.21995
   0.33530  0.05159 -0.19303
   0.32892  0.05132 -0.16636
   0.32258  0.05111 -0.15263
   0.31625  0.05098 -0.16887
   0.30988  0.05089 -0.19806
   0.30343  0.05078 -0.22521
   0.29682  0.05061 -0.22744
   0.29002  0.05037 -0.21497
   0.28299  0.05009 -0.20311
   0.27579  0.04982 -0.20174
   0.26847  0.04954 -0.20570
   0.26108  0.04924 -0.20754
   0.25361  0.04892 -0.20632
   0.24607  0.04858 -0.20626
   0.23850  0.04823 -0.20715
   0.23092  0.04786 -0.20745
   0.22333  0.04747 -0.20813
   0.21574  0.04707 -0.20852
   0.20817  0.04664 -0.21018
   0.20063  0.04620 -0.21052
   0.19311  0.04574 -0.21117
   0.18563  0.04526 -0.21413
   0.17820  0.04475 -0.21368
   0.17081  0.04423 -0.21477
   0.16349  0.04368 -0.21695
   0.15624  0.04311 -0.21680
   0.14907  0.04251 -0.21900
   0.14200  0.04189 -0.21942
   0.13503  0.04125 -0.22017
   0.12818  0.04059 -0.22068
   0.12147  0.03990 -0.22068
   0.11493  0.03919 -0.22043
   0.10856  0.03847 -0.22020
   0.10240  0.03773 -0.21946
   0.09647  0.03699 -0.22011
   0.09078  0.03624 -0.22148
   0.08537  0.03550 -0.21980
   0.08024  0.03476 -0.22464
   0.07540  0.03403 -0.22600
   0.07085  0.03331 -0.22933
   0.06658  0.03261 -0.24144
   0.06257  0.03190 -0.24175
   0.05879  0.03120 -0.25230
   0.05523  0.03050 -0.25595
   0.05189  0.02978 -0.25359
   0.04873  0.02906 -0.24700
   0.04574  0.02833 -0.23569
   0.04291  0.02760 -0.22596
   0.04024  0.02687 -0.21072
   0.03771  0.02615 -0.19826
   0.03531  0.02543 -0.18983
   0.03305  0.02471 -0.16486
   0.03089  0.02399 -0.13466
   0.02884  0.02329 -0.11080
   0.02688  0.02260 -0.09483
   0.02502  0.02195 -0.09231
   0.02326  0.02131 -0.08986
   0.02159  0.02067 -0.08787
   0.02000  0.02005 -0.08121
   0.01849  0.01942 -0.06987
   0.01706  0.01880 -0.05132
   0.01569  0.01817 -0.02452
   0.01439  0.01754 -0.00185
   0.01314  0.01692  0.02184
   0.01194  0.01630  0.04273
   0.01080  0.01568  0.06244
   0.00971  0.01507  0.08117
   0.00867  0.01445  0.10656
   0.00767  0.01383  0.12438
   0.00672  0.01321  0.14895
   0.00581  0.01258  0.16952
   0.00495  0.01194  0.20041
   0.00414  0.01128  0.22423
   0.00338  0.01061  0.25259
   0.00268  0.00990  0.28653
   0.00207  0.00914  0.39354
   0.00154  0.00835  0.48102
   0.00111  0.00752  0.59515
   0.00078  0.00665  0.72010
   0.00053  0.00577  0.81938
   0.00035  0.00489  0.89011
   0.00022  0.00400  0.93697
   0.00012  0.00312  0.97012
   0.00005  0.00224  0.98879
   0.00001  0.00137  0.99829
  -0.00000  0.00051  0.99947
   0.00001 -0.00034  0.99339
   0.00004 -0.00120  0.97990
   0.00010 -0.00206  0.95856
   0.00020 -0.00292  0.94197
   0.00027 -0.00380  0.89469
   0.00039 -0.00468  0.86049
   0.00054 -0.00556  0.81019
   0.00072 -0.00645  0.74932
   0.00092 -0.00735  0.68217
   0.00115 -0.00824  0.60349
   0.00142 -0.00914  0.50363
   0.00173 -0.01004  0.39310
   0.00207 -0.01094  0.26755
   0.00247 -0.01182  0.09031
   0.00292 -0.01269  0.00917
   0.00342 -0.01356 -0.34140
   0.00402 -0.01437 -0.40301
   0.00470 -0.01514 -0.51191
   0.00546 -0.01587 -0.54628
   0.00629 -0.01657 -0.57487
   0.00717 -0.01724 -0.58515
   0.00811 -0.01789 -0.59977
   0.00910 -0.01851 -0.59706
   0.01015 -0.01912 -0.59201
   0.01125 -0.01971 -0.59101
   0.01240 -0.02029 -0.58248
   0.01361 -0.02086 -0.57553
   0.01488 -0.02142 -0.56706
   0.01621 -0.02198 -0.55141
   0.01761 -0.02253 -0.54261
   0.01908 -0.02307 -0.52598
   0.02063 -0.02362 -0.52016
   0.02226 -0.02417 -0.50650
   0.02397 -0.02472 -0.49060
   0.02579 -0.02528 -0.48256
   0.02770 -0.02584 -0.47146
   0.02973 -0.02641 -0.46301
   0.03189 -0.02700 -0.45464
   0.03419 -0.02759 -0.44764
   0.03663 -0.02820 -0.43631
   0.03924 -0.02882 -0.42919
   0.04203 -0.02945 -0.41785
   0.04502 -0.03011 -0.41067
   0.04822 -0.03078 -0.40437
   0.05165 -0.03148 -0.40056
   0.05533 -0.03220 -0.39566
   0.05925 -0.03293 -0.39214
   0.06344 -0.03368 -0.38695
   0.06789 -0.03445 -0.38448
   0.07262 -0.03522 -0.37928
   0.07761 -0.03600 -0.37744
   0.08288 -0.03679 -0.37372
   0.08842 -0.03758 -0.37011
   0.09419 -0.03836 -0.36674
   0.10019 -0.03914 -0.36440
   0.10638 -0.03991 -0.36325
   0.11276 -0.04065 -0.36202
   0.11929 -0.04138 -0.36098
   0.12594 -0.04208 -0.35939
   0.13272 -0.04276 -0.35809
   0.13959 -0.04340 -0.35642
   0.14656 -0.04401 -0.35309
   0.15362 -0.04460 -0.35115
   0.16075 -0.04515 -0.34703
   0.16794 -0.04567 -0.34456
   0.17519 -0.04616 -0.34099
   0.18248 -0.04663 -0.33879
   0.18981 -0.04706 -0.33642
   0.19717 -0.04747 -0.33484
   0.20456 -0.04785 -0.33048
   0.21197 -0.04820 -0.32943
   0.21942 -0.04852 -0.32514
   0.22690 -0.04882 -0.32238
   0.23441 -0.04909 -0.31748
   0.24195 -0.04934 -0.31520
   0.24951 -0.04956 -0.31301
   0.25708 -0.04977 -0.30959
   0.26468 -0.04995 -0.30815
   0.27229 -0.05011 -0.30375
   0.27991 -0.05024 -0.30218
   0.28756 -0.05036 -0.29863
   0.29522 -0.05046 -0.29656
   0.30289 -0.05054 -0.29457
   0.31057 -0.05060 -0.29234
   0.31825 -0.05064 -0.29004
   0.32595 -0.05066 -0.28833
   0.33364 -0.05066 -0.28672
   0.34135 -0.05065 -0.28479
   0.34906 -0.05061 -0.28300
   0.35677 -0.05056 -0.28108
   0.36448 -0.05048 -0.27935
   0.37219 -0.05039 -0.27774
   0.37990 -0.05028 -0.27561
   0.38761 -0.05015 -0.27423
   0.39532 -0.05001 -0.27281
   0.40302 -0.04984 -0.27139
   0.41072 -0.04966 -0.26926
   0.41842 -0.04945 -0.26858
   0.42610 -0.04923 -0.26716
   0.43378 -0.04899 -0.26637
   0.44144 -0.04873 -0.26420
   0.44910 -0.04845 -0.26358
   0.45674 -0.04815 -0.26200
   0.46437 -0.04783 -0.26124
   0.47199 -0.04749 -0.25950
   0.47960 -0.04713 -0.25759
   0.48720 -0.04674 -0.25624
   0.49478 -0.04634 -0.25448
   0.50235 -0.04590 -0.25205
   0.50991 -0.04545 -0.25078
   0.51745 -0.04497 -0.24812
   0.52498 -0.04447 -0.24565
   0.53250 -0.04395 -0.24350
   0.54000 -0.04340 -0.24089
   0.54749 -0.04282 -0.23801
   0.55497 -0.04222 -0.23484
   0.56243 -0.04159 -0.23116
   0.56987 -0.04093 -0.22779
   0.57730 -0.04025 -0.22407
   0.58471 -0.03954 -0.21989
   0.59210 -0.03881 -0.21567
   0.59948 -0.03804 -0.21121
   0.60683 -0.03724 -0.20658
   0.61417 -0.03642 -0.20031
   0.62149 -0.03556 -0.19556
   0.62879 -0.03468 -0.18826
   0.63608 -0.03376 -0.18254
   0.64335 -0.03281 -0.17437
   0.65061 -0.03183 -0.16724
   0.65786 -0.03081 -0.15865
   0.66510 -0.02976 -0.14972
   0.67232 -0.02867 -0.13991
   0.67954 -0.02755 -0.12977
   0.68676 -0.02640 -0.11919
   0.69397 -0.02520 -0.10795
   0.70117 -0.02398 -0.09516
   0.70838 -0.02271 -0.08241
   0.71559 -0.02141 -0.06887
   0.72281 -0.02007 -0.05448
   0.73004 -0.01870 -0.03971
   0.73728 -0.01729 -0.02356
   0.74453 -0.01584 -0.00596
   0.75180 -0.01436  0.01039
   0.75910 -0.01284  0.03041
   0.76642 -0.01128  0.04853
   0.77378 -0.00969  0.07036
   0.78118 -0.00807  0.08922
   0.78863 -0.00642  0.11273
   0.79611 -0.00475  0.13362
   0.80361 -0.00306  0.15806
   0.81108 -0.00138  0.18100
   0.81847  0.00029  0.20401
   0.82574  0.00191  0.22781
   0.83289  0.00348  0.24984
   0.83991  0.00499  0.27039
   0.84680  0.00644  0.29010
   0.85358  0.00782  0.30954
   0.86023  0.00913  0.32586
   0.86676  0.01036  0.34447
   0.87316  0.01151  0.35860
   0.87944  0.01258  0.37508
   0.88561  0.01356  0.38691
   0.89167  0.01445  0.39915
   0.89763  0.01526  0.40996
   0.90349  0.01599  0.41952
   0.90927  0.01663  0.42734
   0.91493  0.01718  0.43701
   0.92047  0.01765  0.44287
   0.92588  0.01803  0.45116
   0.93120  0.01832  0.45476
   0.93644  0.01853  0.45561
   0.94160  0.01868  0.45853
   0.94662  0.01876  0.46548
   0.95140  0.01879  0.48089
   0.95595  0.01872  0.49055
   0.96030  0.01853  0.49565
   0.96456  0.01820  0.48075
   0.96881  0.01775  0.45316
   0.97308  0.01723  0.42608
   0.97733  0.01672  0.41389
   0.98147  0.01621  0.42709
   0.98549  0.01562  0.43404
   0.98945  0.01488  0.38880
   0.99342  0.01406  0.32411
   0.99738  0.01325  0.29883
   1.00000  0.01271  0.25423
