GRUMMAN K-2 AIRFOIL                             
 Alfa =  -1.27720 Re =        0.000 Xflap,Yflap =     0.000000    0.000000
#    x        y        Cp  
   1.00000  0.01371  0.25421
   0.99740  0.01444  0.09921
   0.99329  0.01549  0.06146
   0.98889  0.01657  0.04611
   0.98423  0.01772  0.00576
   0.97929  0.01890 -0.02920
   0.97409  0.02011 -0.05518
   0.96867  0.02135 -0.08556
   0.96305  0.02259 -0.11210
   0.95727  0.02381 -0.13375
   0.95131  0.02502 -0.15467
   0.94520  0.02620 -0.16976
   0.93893  0.02735 -0.18283
   0.93253  0.02848 -0.19405
   0.92600  0.02957 -0.20124
   0.91932  0.03065 -0.20730
   0.91254  0.03170 -0.21425
   0.90568  0.03272 -0.22288
   0.89876  0.03372 -0.23032
   0.89181  0.03467 -0.23842
   0.88484  0.03559 -0.24439
   0.87782  0.03647 -0.24704
   0.87073  0.03731 -0.24816
   0.86355  0.03812 -0.24928
   0.85628  0.03891 -0.24805
   0.84891  0.03968 -0.24718
   0.84146  0.04044 -0.24714
   0.83396  0.04117 -0.24708
   0.82645  0.04190 -0.25280
   0.81896  0.04260 -0.25772
   0.81149  0.04327 -0.26129
   0.80402  0.04391 -0.26383
   0.79655  0.04452 -0.26626
   0.78909  0.04510 -0.26846
   0.78162  0.04565 -0.26918
   0.77414  0.04617 -0.26872
   0.76665  0.04666 -0.26910
   0.75914  0.04713 -0.26789
   0.75161  0.04756 -0.26607
   0.74405  0.04798 -0.26436
   0.73646  0.04837 -0.26143
   0.72884  0.04874 -0.25901
   0.72118  0.04909 -0.25614
   0.71350  0.04943 -0.25282
   0.70580  0.04974 -0.25102
   0.69806  0.05004 -0.24803
   0.69030  0.05033 -0.24596
   0.68252  0.05060 -0.24389
   0.67473  0.05086 -0.24209
   0.66693  0.05111 -0.23991
   0.65911  0.05135 -0.23867
   0.65129  0.05157 -0.23717
   0.64347  0.05178 -0.23514
   0.63563  0.05197 -0.23403
   0.62779  0.05216 -0.23252
   0.61994  0.05233 -0.23046
   0.61208  0.05249 -0.22995
   0.60421  0.05264 -0.22743
   0.59633  0.05278 -0.22660
   0.58846  0.05291 -0.22539
   0.58058  0.05303 -0.22476
   0.57270  0.05314 -0.22353
   0.56482  0.05324 -0.22264
   0.55693  0.05333 -0.22155
   0.54904  0.05340 -0.22090
   0.54115  0.05347 -0.21947
   0.53326  0.05353 -0.21913
   0.52537  0.05358 -0.21778
   0.51748  0.05361 -0.21686
   0.50958  0.05364 -0.21657
   0.50169  0.05366 -0.21496
   0.49380  0.05367 -0.21532
   0.48590  0.05367 -0.21365
   0.47801  0.05366 -0.21400
   0.47012  0.05363 -0.21298
   0.46224  0.05360 -0.21223
   0.45437  0.05356 -0.21160
   0.44650  0.05351 -0.21107
   0.43864  0.05345 -0.20996
   0.43079  0.05338 -0.20972
   0.42295  0.05330 -0.20940
   0.41514  0.05321 -0.20902
   0.40737  0.05312 -0.20965
   0.39966  0.05301 -0.20901
   0.39202  0.05289 -0.21022
   0.38445  0.05276 -0.20726
   0.37694  0.05262 -0.20462
   0.36954  0.05249 -0.20361
   0.36229  0.05236 -0.21072
   0.35524  0.05223 -0.22153
   0.34842  0.05207 -0.23072
   0.34179  0.05185 -0.22192
   0.33530  0.05159 -0.19499
   0.32892  0.05132 -0.16830
   0.32258  0.05111 -0.15458
   0.31625  0.05098 -0.17087
   0.30988  0.05089 -0.20014
   0.30343  0.05078 -0.22737
   0.29682  0.05061 -0.22964
   0.29002  0.05037 -0.21718
   0.28299  0.05009 -0.20534
   0.27579  0.04982 -0.20401
   0.26847  0.04954 -0.20802
   0.26108  0.04924 -0.20990
   0.25361  0.04892 -0.20873
   0.24607  0.04858 -0.20872
   0.23850  0.04823 -0.20965
   0.23092  0.04786 -0.21002
   0.22333  0.04747 -0.21075
   0.21574  0.04707 -0.21120
   0.20817  0.04664 -0.21292
   0.20063  0.04620 -0.21333
   0.19311  0.04574 -0.21404
   0.18563  0.04526 -0.21708
   0.17820  0.04475 -0.21671
   0.17081  0.04423 -0.21787
   0.16349  0.04368 -0.22014
   0.15624  0.04311 -0.22008
   0.14907  0.04251 -0.22237
   0.14200  0.04189 -0.22289
   0.13503  0.04125 -0.22374
   0.12818  0.04059 -0.22436
   0.12147  0.03990 -0.22448
   0.11493  0.03919 -0.22434
   0.10856  0.03847 -0.22424
   0.10240  0.03773 -0.22363
   0.09647  0.03699 -0.22442
   0.09078  0.03624 -0.22594
   0.08537  0.03550 -0.22440
   0.08024  0.03476 -0.22942
   0.07540  0.03403 -0.23094
   0.07085  0.03331 -0.23445
   0.06658  0.03261 -0.24679
   0.06257  0.03190 -0.24728
   0.05879  0.03120 -0.25806
   0.05523  0.03050 -0.26192
   0.05189  0.02978 -0.25975
   0.04873  0.02906 -0.25333
   0.04574  0.02833 -0.24218
   0.04291  0.02760 -0.23262
   0.04024  0.02687 -0.21751
   0.03771  0.02615 -0.20521
   0.03531  0.02543 -0.19697
   0.03305  0.02471 -0.17209
   0.03089  0.02399 -0.14196
   0.02884  0.02329 -0.11818
   0.02688  0.02260 -0.10237
   0.02502  0.02195 -0.10010
   0.02326  0.02131 -0.09792
   0.02159  0.02067 -0.09621
   0.02000  0.02005 -0.08981
   0.01849  0.01942 -0.07872
   0.01706  0.01880 -0.06036
   0.01569  0.01817 -0.03370
   0.01439  0.01754 -0.01119
   0.01314  0.01692  0.01232
   0.01194  0.01630  0.03298
   0.01080  0.01568  0.05244
   0.00971  0.01507  0.07091
   0.00867  0.01445  0.09604
   0.00767  0.01383  0.11352
   0.00672  0.01321  0.13775
   0.00581  0.01258  0.15791
   0.00495  0.01194  0.18842
   0.00414  0.01128  0.21174
   0.00338  0.01061  0.23948
   0.00268  0.00990  0.27281
   0.00207  0.00914  0.38051
   0.00154  0.00835  0.46844
   0.00111  0.00752  0.58382
   0.00078  0.00665  0.71089
   0.00053  0.00577  0.81222
   0.00035  0.00489  0.88470
   0.00022  0.00400  0.93297
   0.00012  0.00312  0.96741
   0.00005  0.00224  0.98714
   0.00001  0.00137  0.99762
  -0.00000  0.00051  0.99976
   0.00001 -0.00034  0.99451
   0.00004 -0.00120  0.98190
   0.00010 -0.00206  0.96150
   0.00020 -0.00292  0.94518
   0.00027 -0.00380  0.89943
   0.00039 -0.00468  0.86575
   0.00054 -0.00556  0.81637
   0.00072 -0.00645  0.75646
   0.00092 -0.00735  0.69024
   0.00115 -0.00824  0.61256
   0.00142 -0.00914  0.51388
   0.00173 -0.01004  0.40457
   0.00207 -0.01094  0.28024
   0.00247 -0.01182  0.10481
   0.00292 -0.01269  0.02385
   0.00342 -0.01356 -0.32293
   0.00402 -0.01437 -0.38506
   0.00470 -0.01514 -0.49371
   0.00546 -0.01587 -0.52879
   0.00629 -0.01657 -0.55801
   0.00717 -0.01724 -0.56903
   0.00811 -0.01789 -0.58427
   0.00910 -0.01851 -0.58226
   0.01015 -0.01912 -0.57788
   0.01125 -0.01971 -0.57747
   0.01240 -0.02029 -0.56952
   0.01361 -0.02086 -0.56310
   0.01488 -0.02142 -0.55514
   0.01621 -0.02198 -0.54000
   0.01761 -0.02253 -0.53167
   0.01908 -0.02307 -0.51549
   0.02063 -0.02362 -0.51006
   0.02226 -0.02417 -0.49679
   0.02397 -0.02472 -0.48129
   0.02579 -0.02528 -0.47359
   0.02770 -0.02584 -0.46282
   0.02973 -0.02641 -0.45468
   0.03189 -0.02700 -0.44661
   0.03419 -0.02759 -0.43990
   0.03663 -0.02820 -0.42885
   0.03924 -0.02882 -0.42200
   0.04203 -0.02945 -0.41093
   0.04502 -0.03011 -0.40400
   0.04822 -0.03078 -0.39793
   0.05165 -0.03148 -0.39434
   0.05533 -0.03220 -0.38966
   0.05925 -0.03293 -0.38635
   0.06344 -0.03368 -0.38136
   0.06789 -0.03445 -0.37908
   0.07262 -0.03522 -0.37408
   0.07761 -0.03600 -0.37241
   0.08288 -0.03679 -0.36887
   0.08842 -0.03758 -0.36542
   0.09419 -0.03836 -0.36222
   0.10019 -0.03914 -0.36002
   0.10638 -0.03991 -0.35901
   0.11276 -0.04065 -0.35791
   0.11929 -0.04138 -0.35700
   0.12594 -0.04208 -0.35553
   0.13272 -0.04276 -0.35434
   0.13959 -0.04340 -0.35277
   0.14656 -0.04401 -0.34956
   0.15362 -0.04460 -0.34772
   0.16075 -0.04515 -0.34369
   0.16794 -0.04567 -0.34131
   0.17519 -0.04616 -0.33783
   0.18248 -0.04663 -0.33571
   0.18981 -0.04706 -0.33341
   0.19717 -0.04747 -0.33191
   0.20456 -0.04785 -0.32761
   0.21197 -0.04820 -0.32664
   0.21942 -0.04852 -0.32241
   0.22690 -0.04882 -0.31972
   0.23441 -0.04909 -0.31488
   0.24195 -0.04934 -0.31266
   0.24951 -0.04956 -0.31052
   0.25708 -0.04977 -0.30716
   0.26468 -0.04995 -0.30577
   0.27229 -0.05011 -0.30142
   0.27991 -0.05024 -0.29989
   0.28756 -0.05036 -0.29639
   0.29522 -0.05046 -0.29436
   0.30289 -0.05054 -0.29242
   0.31057 -0.05060 -0.29024
   0.31825 -0.05064 -0.28797
   0.32595 -0.05066 -0.28630
   0.33364 -0.05066 -0.28473
   0.34135 -0.05065 -0.28284
   0.34906 -0.05061 -0.28108
   0.35677 -0.05056 -0.27920
   0.36448 -0.05048 -0.27751
   0.37219 -0.05039 -0.27592
   0.37990 -0.05028 -0.27383
   0.38761 -0.05015 -0.27247
   0.39532 -0.05001 -0.27110
   0.40302 -0.04984 -0.26970
   0.41072 -0.04966 -0.26760
   0.41842 -0.04945 -0.26695
   0.42610 -0.04923 -0.26555
   0.43378 -0.04899 -0.26480
   0.44144 -0.04873 -0.26265
   0.44910 -0.04845 -0.26206
   0.45674 -0.04815 -0.26050
   0.46437 -0.04783 -0.25976
   0.47199 -0.04749 -0.25805
   0.47960 -0.04713 -0.25617
   0.48720 -0.04674 -0.25484
   0.49478 -0.04634 -0.25310
   0.50235 -0.04590 -0.25070
   0.50991 -0.04545 -0.24945
   0.51745 -0.04497 -0.24681
   0.52498 -0.04447 -0.24437
   0.53250 -0.04395 -0.24224
   0.54000 -0.04340 -0.23965
   0.54749 -0.04282 -0.23680
   0.55497 -0.04222 -0.23365
   0.56243 -0.04159 -0.22999
   0.56987 -0.04093 -0.22664
   0.57730 -0.04025 -0.22294
   0.58471 -0.03954 -0.21879
   0.59210 -0.03881 -0.21459
   0.59948 -0.03804 -0.21015
   0.60683 -0.03724 -0.20554
   0.61417 -0.03642 -0.19929
   0.62149 -0.03556 -0.19456
   0.62879 -0.03468 -0.18729
   0.63608 -0.03376 -0.18159
   0.64335 -0.03281 -0.17344
   0.65061 -0.03183 -0.16633
   0.65786 -0.03081 -0.15776
   0.66510 -0.02976 -0.14885
   0.67232 -0.02867 -0.13907
   0.67954 -0.02755 -0.12895
   0.68676 -0.02640 -0.11839
   0.69397 -0.02520 -0.10717
   0.70117 -0.02398 -0.09441
   0.70838 -0.02271 -0.08168
   0.71559 -0.02141 -0.06817
   0.72281 -0.02007 -0.05380
   0.73004 -0.01870 -0.03904
   0.73728 -0.01729 -0.02293
   0.74453 -0.01584 -0.00535
   0.75180 -0.01436  0.01098
   0.75910 -0.01284  0.03098
   0.76642 -0.01128  0.04907
   0.77378 -0.00969  0.07087
   0.78118 -0.00807  0.08972
   0.78863 -0.00642  0.11320
   0.79611 -0.00475  0.13406
   0.80361 -0.00306  0.15848
   0.81108 -0.00138  0.18140
   0.81847  0.00029  0.20440
   0.82574  0.00191  0.22817
   0.83289  0.00348  0.25018
   0.83991  0.00499  0.27071
   0.84680  0.00644  0.29041
   0.85358  0.00782  0.30983
   0.86023  0.00913  0.32613
   0.86676  0.01036  0.34472
   0.87316  0.01151  0.35886
   0.87944  0.01258  0.37531
   0.88561  0.01356  0.38714
   0.89167  0.01445  0.39936
   0.89763  0.01526  0.41016
   0.90349  0.01599  0.41972
   0.90927  0.01663  0.42753
   0.91493  0.01718  0.43718
   0.92047  0.01765  0.44305
   0.92588  0.01803  0.45132
   0.93120  0.01832  0.45491
   0.93644  0.01853  0.45575
   0.94160  0.01868  0.45867
   0.94662  0.01876  0.46562
   0.95140  0.01879  0.48101
   0.95595  0.01872  0.49067
   0.96030  0.01853  0.49577
   0.96456  0.01820  0.48085
   0.96881  0.01775  0.45327
   0.97308  0.01723  0.42618
   0.97733  0.01672  0.41399
   0.98147  0.01621  0.42718
   0.98549  0.01562  0.43412
   0.98945  0.01488  0.38888
   0.99342  0.01406  0.32419
   0.99738  0.01325  0.29889
   1.00000  0.01271  0.25421
