GRUMMAN K-2 AIRFOIL                             
 Alfa =  -1.18000 Re =        0.000 Xflap,Yflap =     0.000000    0.000000
#    x        y        Cp  
   1.00000  0.01371  0.25416
   0.99740  0.01444  0.09909
   0.99329  0.01549  0.06129
   0.98889  0.01657  0.04583
   0.98423  0.01772  0.00537
   0.97929  0.01890 -0.02965
   0.97409  0.02011 -0.05568
   0.96867  0.02135 -0.08616
   0.96305  0.02259 -0.11276
   0.95727  0.02381 -0.13447
   0.95131  0.02502 -0.15549
   0.94520  0.02620 -0.17065
   0.93893  0.02735 -0.18379
   0.93253  0.02848 -0.19509
   0.92600  0.02957 -0.20231
   0.91932  0.03065 -0.20847
   0.91254  0.03170 -0.21545
   0.90568  0.03272 -0.22417
   0.89876  0.03372 -0.23164
   0.89181  0.03467 -0.23983
   0.88484  0.03559 -0.24586
   0.87782  0.03647 -0.24855
   0.87073  0.03731 -0.24974
   0.86355  0.03812 -0.25092
   0.85628  0.03891 -0.24971
   0.84891  0.03968 -0.24893
   0.84146  0.04044 -0.24892
   0.83396  0.04117 -0.24892
   0.82645  0.04190 -0.25468
   0.81896  0.04260 -0.25967
   0.81149  0.04327 -0.26331
   0.80402  0.04391 -0.26588
   0.79655  0.04452 -0.26839
   0.78909  0.04510 -0.27060
   0.78162  0.04565 -0.27143
   0.77414  0.04617 -0.27100
   0.76665  0.04666 -0.27145
   0.75914  0.04713 -0.27026
   0.75161  0.04756 -0.26850
   0.74405  0.04798 -0.26681
   0.73646  0.04837 -0.26395
   0.72884  0.04874 -0.26156
   0.72118  0.04909 -0.25874
   0.71350  0.04943 -0.25548
   0.70580  0.04974 -0.25373
   0.69806  0.05004 -0.25075
   0.69030  0.05033 -0.24876
   0.68252  0.05060 -0.24671
   0.67473  0.05086 -0.24499
   0.66693  0.05111 -0.24284
   0.65911  0.05135 -0.24164
   0.65129  0.05157 -0.24021
   0.64347  0.05178 -0.23821
   0.63563  0.05197 -0.23716
   0.62779  0.05216 -0.23570
   0.61994  0.05233 -0.23370
   0.61208  0.05249 -0.23322
   0.60421  0.05264 -0.23076
   0.59633  0.05278 -0.22999
   0.58846  0.05291 -0.22883
   0.58058  0.05303 -0.22826
   0.57270  0.05314 -0.22707
   0.56482  0.05324 -0.22623
   0.55693  0.05333 -0.22520
   0.54904  0.05340 -0.22461
   0.54115  0.05347 -0.22324
   0.53326  0.05353 -0.22295
   0.52537  0.05358 -0.22165
   0.51748  0.05361 -0.22081
   0.50958  0.05364 -0.22057
   0.50169  0.05366 -0.21902
   0.49380  0.05367 -0.21945
   0.48590  0.05367 -0.21783
   0.47801  0.05366 -0.21826
   0.47012  0.05363 -0.21729
   0.46224  0.05360 -0.21662
   0.45437  0.05356 -0.21606
   0.44650  0.05351 -0.21559
   0.43864  0.05345 -0.21454
   0.43079  0.05338 -0.21438
   0.42295  0.05330 -0.21413
   0.41514  0.05321 -0.21383
   0.40737  0.05312 -0.21453
   0.39966  0.05301 -0.21399
   0.39202  0.05289 -0.21526
   0.38445  0.05276 -0.21239
   0.37694  0.05262 -0.20981
   0.36954  0.05249 -0.20888
   0.36229  0.05236 -0.21611
   0.35524  0.05223 -0.22706
   0.34842  0.05207 -0.23635
   0.34179  0.05185 -0.22761
   0.33530  0.05159 -0.20063
   0.32892  0.05132 -0.17389
   0.32258  0.05111 -0.16019
   0.31625  0.05098 -0.17663
   0.30988  0.05089 -0.20613
   0.30343  0.05078 -0.23360
   0.29682  0.05061 -0.23597
   0.29002  0.05037 -0.22356
   0.28299  0.05009 -0.21175
   0.27579  0.04982 -0.21054
   0.26847  0.04954 -0.21469
   0.26108  0.04924 -0.21670
   0.25361  0.04892 -0.21566
   0.24607  0.04858 -0.21579
   0.23850  0.04823 -0.21687
   0.23092  0.04786 -0.21740
   0.22333  0.04747 -0.21829
   0.21574  0.04707 -0.21891
   0.20817  0.04664 -0.22082
   0.20063  0.04620 -0.22141
   0.19311  0.04574 -0.22232
   0.18563  0.04526 -0.22558
   0.17820  0.04475 -0.22542
   0.17081  0.04423 -0.22681
   0.16349  0.04368 -0.22934
   0.15624  0.04311 -0.22952
   0.14907  0.04251 -0.23210
   0.14200  0.04189 -0.23289
   0.13503  0.04125 -0.23405
   0.12818  0.04059 -0.23498
   0.12147  0.03990 -0.23542
   0.11493  0.03919 -0.23563
   0.10856  0.03847 -0.23589
   0.10240  0.03773 -0.23565
   0.09647  0.03699 -0.23684
   0.09078  0.03624 -0.23879
   0.08537  0.03550 -0.23768
   0.08024  0.03476 -0.24319
   0.07540  0.03403 -0.24521
   0.07085  0.03331 -0.24923
   0.06658  0.03261 -0.26222
   0.06257  0.03190 -0.26322
   0.05879  0.03120 -0.27469
   0.05523  0.03050 -0.27915
   0.05189  0.02978 -0.27753
   0.04873  0.02906 -0.27162
   0.04574  0.02833 -0.26092
   0.04291  0.02760 -0.25184
   0.04024  0.02687 -0.23715
   0.03771  0.02615 -0.22531
   0.03531  0.02543 -0.21762
   0.03305  0.02471 -0.19301
   0.03089  0.02399 -0.16307
   0.02884  0.02329 -0.13955
   0.02688  0.02260 -0.12420
   0.02502  0.02195 -0.12266
   0.02326  0.02131 -0.12125
   0.02159  0.02067 -0.12036
   0.02000  0.02005 -0.11474
   0.01849  0.01942 -0.10437
   0.01706  0.01880 -0.08656
   0.01569  0.01817 -0.06031
   0.01439  0.01754 -0.03828
   0.01314  0.01692 -0.01531
   0.01194  0.01630  0.00469
   0.01080  0.01568  0.02341
   0.00971  0.01507  0.04107
   0.00867  0.01445  0.06544
   0.00767  0.01383  0.08193
   0.00672  0.01321  0.10514
   0.00581  0.01258  0.12406
   0.00495  0.01194  0.15345
   0.00414  0.01128  0.17525
   0.00338  0.01061  0.20114
   0.00268  0.00990  0.23261
   0.00207  0.00914  0.34228
   0.00154  0.00835  0.43142
   0.00111  0.00752  0.55038
   0.00078  0.00665  0.68359
   0.00053  0.00577  0.79087
   0.00035  0.00489  0.86843
   0.00022  0.00400  0.92078
   0.00012  0.00312  0.95895
   0.00005  0.00224  0.98176
   0.00001  0.00137  0.99509
  -0.00000  0.00051  0.99997
   0.00001 -0.00034  0.99717
   0.00004 -0.00120  0.98706
   0.00010 -0.00206  0.96935
   0.00020 -0.00292  0.95388
   0.00027 -0.00380  0.91245
   0.00039 -0.00468  0.88032
   0.00054 -0.00556  0.83358
   0.00072 -0.00645  0.77642
   0.00092 -0.00735  0.71288
   0.00115 -0.00824  0.63806
   0.00142 -0.00914  0.54277
   0.00173 -0.01004  0.43694
   0.00207 -0.01094  0.31611
   0.00247 -0.01182  0.14587
   0.00292 -0.01269  0.06549
   0.00342 -0.01356 -0.27051
   0.00402 -0.01437 -0.33406
   0.00470 -0.01514 -0.44200
   0.00546 -0.01587 -0.47905
   0.00629 -0.01657 -0.51000
   0.00717 -0.01724 -0.52314
   0.00811 -0.01789 -0.54013
   0.00910 -0.01851 -0.54008
   0.01015 -0.01912 -0.53760
   0.01125 -0.01971 -0.53883
   0.01240 -0.02029 -0.53251
   0.01361 -0.02086 -0.52761
   0.01488 -0.02142 -0.52112
   0.01621 -0.02198 -0.50744
   0.01761 -0.02253 -0.50040
   0.01908 -0.02307 -0.48551
   0.02063 -0.02362 -0.48119
   0.02226 -0.02417 -0.46906
   0.02397 -0.02472 -0.45466
   0.02579 -0.02528 -0.44795
   0.02770 -0.02584 -0.43812
   0.02973 -0.02641 -0.43087
   0.03189 -0.02700 -0.42364
   0.03419 -0.02759 -0.41773
   0.03663 -0.02820 -0.40751
   0.03924 -0.02882 -0.40142
   0.04203 -0.02945 -0.39111
   0.04502 -0.03011 -0.38489
   0.04822 -0.03078 -0.37949
   0.05165 -0.03148 -0.37653
   0.05533 -0.03220 -0.37247
   0.05925 -0.03293 -0.36975
   0.06344 -0.03368 -0.36535
   0.06789 -0.03445 -0.36362
   0.07262 -0.03522 -0.35916
   0.07761 -0.03600 -0.35800
   0.08288 -0.03679 -0.35496
   0.08842 -0.03758 -0.35199
   0.09419 -0.03836 -0.34924
   0.10019 -0.03914 -0.34747
   0.10638 -0.03991 -0.34685
   0.11276 -0.04065 -0.34613
   0.11929 -0.04138 -0.34558
   0.12594 -0.04208 -0.34444
   0.13272 -0.04276 -0.34357
   0.13959 -0.04340 -0.34232
   0.14656 -0.04401 -0.33940
   0.15362 -0.04460 -0.33785
   0.16075 -0.04515 -0.33410
   0.16794 -0.04567 -0.33197
   0.17519 -0.04616 -0.32874
   0.18248 -0.04663 -0.32686
   0.18981 -0.04706 -0.32478
   0.19717 -0.04747 -0.32349
   0.20456 -0.04785 -0.31940
   0.21197 -0.04820 -0.31861
   0.21942 -0.04852 -0.31457
   0.22690 -0.04882 -0.31206
   0.23441 -0.04909 -0.30741
   0.24195 -0.04934 -0.30536
   0.24951 -0.04956 -0.30337
   0.25708 -0.04977 -0.30017
   0.26468 -0.04995 -0.29892
   0.27229 -0.05011 -0.29472
   0.27991 -0.05024 -0.29333
   0.28756 -0.05036 -0.28996
   0.29522 -0.05046 -0.28806
   0.30289 -0.05054 -0.28624
   0.31057 -0.05060 -0.28418
   0.31825 -0.05064 -0.28202
   0.32595 -0.05066 -0.28048
   0.33364 -0.05066 -0.27900
   0.34135 -0.05065 -0.27723
   0.34906 -0.05061 -0.27556
   0.35677 -0.05056 -0.27379
   0.36448 -0.05048 -0.27220
   0.37219 -0.05039 -0.27069
   0.37990 -0.05028 -0.26872
   0.38761 -0.05015 -0.26743
   0.39532 -0.05001 -0.26616
   0.40302 -0.04984 -0.26484
   0.41072 -0.04966 -0.26281
   0.41842 -0.04945 -0.26226
   0.42610 -0.04923 -0.26094
   0.43378 -0.04899 -0.26026
   0.44144 -0.04873 -0.25818
   0.44910 -0.04845 -0.25768
   0.45674 -0.04815 -0.25619
   0.46437 -0.04783 -0.25553
   0.47199 -0.04749 -0.25388
   0.47960 -0.04713 -0.25207
   0.48720 -0.04674 -0.25082
   0.49478 -0.04634 -0.24914
   0.50235 -0.04590 -0.24681
   0.50991 -0.04545 -0.24564
   0.51745 -0.04497 -0.24304
   0.52498 -0.04447 -0.24068
   0.53250 -0.04395 -0.23861
   0.54000 -0.04340 -0.23609
   0.54749 -0.04282 -0.23330
   0.55497 -0.04222 -0.23021
   0.56243 -0.04159 -0.22663
   0.56987 -0.04093 -0.22333
   0.57730 -0.04025 -0.21969
   0.58471 -0.03954 -0.21562
   0.59210 -0.03881 -0.21147
   0.59948 -0.03804 -0.20710
   0.60683 -0.03724 -0.20255
   0.61417 -0.03642 -0.19636
   0.62149 -0.03556 -0.19170
   0.62879 -0.03468 -0.18449
   0.63608 -0.03376 -0.17885
   0.64335 -0.03281 -0.17076
   0.65061 -0.03183 -0.16373
   0.65786 -0.03081 -0.15522
   0.66510 -0.02976 -0.14636
   0.67232 -0.02867 -0.13666
   0.67954 -0.02755 -0.12661
   0.68676 -0.02640 -0.11609
   0.69397 -0.02520 -0.10495
   0.70117 -0.02398 -0.09224
   0.70838 -0.02271 -0.07959
   0.71559 -0.02141 -0.06615
   0.72281 -0.02007 -0.05183
   0.73004 -0.01870 -0.03714
   0.73728 -0.01729 -0.02110
   0.74453 -0.01584 -0.00361
   0.75180 -0.01436  0.01268
   0.75910 -0.01284  0.03261
   0.76642 -0.01128  0.05062
   0.77378 -0.00969  0.07235
   0.78118 -0.00807  0.09115
   0.78863 -0.00642  0.11457
   0.79611 -0.00475  0.13535
   0.80361 -0.00306  0.15970
   0.81108 -0.00138  0.18256
   0.81847  0.00029  0.20551
   0.82574  0.00191  0.22921
   0.83289  0.00348  0.25117
   0.83991  0.00499  0.27164
   0.84680  0.00644  0.29129
   0.85358  0.00782  0.31067
   0.86023  0.00913  0.32692
   0.86676  0.01036  0.34546
   0.87316  0.01151  0.35960
   0.87944  0.01258  0.37598
   0.88561  0.01356  0.38778
   0.89167  0.01445  0.39998
   0.89763  0.01526  0.41074
   0.90349  0.01599  0.42028
   0.90927  0.01663  0.42806
   0.91493  0.01718  0.43767
   0.92047  0.01765  0.44356
   0.92588  0.01803  0.45176
   0.93120  0.01832  0.45536
   0.93644  0.01853  0.45617
   0.94160  0.01868  0.45907
   0.94662  0.01876  0.46603
   0.95140  0.01879  0.48136
   0.95595  0.01872  0.49102
   0.96030  0.01853  0.49609
   0.96456  0.01820  0.48115
   0.96881  0.01775  0.45360
   0.97308  0.01723  0.42649
   0.97733  0.01672  0.41430
   0.98147  0.01621  0.42744
   0.98549  0.01562  0.43435
   0.98945  0.01488  0.38912
   0.99342  0.01406  0.32442
   0.99738  0.01325  0.29908
   1.00000  0.01271  0.25416
