GRUMMAN K-2 AIRFOIL                             
 Alfa =  -1.31780 Re =        0.000 Xflap,Yflap =     0.000000    0.000000
#    x        y        Cp  
   1.00000  0.01371  0.25219
   0.99739  0.01444  0.09675
   0.99327  0.01550  0.06275
   0.98886  0.01658  0.04438
   0.98418  0.01773  0.00271
   0.97923  0.01891 -0.02681
   0.97401  0.02013 -0.05684
   0.96856  0.02137 -0.08467
   0.96293  0.02261 -0.11248
   0.95713  0.02384 -0.13551
   0.95115  0.02505 -0.15422
   0.94501  0.02623 -0.16942
   0.93873  0.02739 -0.18300
   0.93231  0.02852 -0.19396
   0.92575  0.02962 -0.20130
   0.91905  0.03069 -0.20699
   0.91224  0.03174 -0.21420
   0.90536  0.03277 -0.22283
   0.89842  0.03376 -0.23028
   0.89145  0.03472 -0.23809
   0.88446  0.03564 -0.24342
   0.87741  0.03652 -0.24747
   0.87030  0.03736 -0.24796
   0.86310  0.03817 -0.24789
   0.85580  0.03897 -0.24747
   0.84840  0.03974 -0.24664
   0.84093  0.04049 -0.24673
   0.83341  0.04123 -0.24716
   0.82588  0.04195 -0.25173
   0.81837  0.04265 -0.25767
   0.81087  0.04332 -0.26023
   0.80338  0.04396 -0.26348
   0.79590  0.04457 -0.26597
   0.78841  0.04515 -0.26697
   0.78092  0.04570 -0.26851
   0.77342  0.04622 -0.26819
   0.76591  0.04671 -0.26820
   0.75838  0.04717 -0.26699
   0.75082  0.04761 -0.26571
   0.74324  0.04802 -0.26181
   0.73562  0.04841 -0.26048
   0.72798  0.04878 -0.25713
   0.72030  0.04913 -0.25493
   0.71260  0.04946 -0.25209
   0.70486  0.04978 -0.24947
   0.69710  0.05008 -0.24673
   0.68932  0.05037 -0.24449
   0.68152  0.05064 -0.24215
   0.67370  0.05090 -0.24118
   0.66588  0.05114 -0.23837
   0.65804  0.05138 -0.23724
   0.65020  0.05160 -0.23543
   0.64235  0.05180 -0.23377
   0.63449  0.05200 -0.23288
   0.62662  0.05218 -0.23060
   0.61875  0.05235 -0.22943
   0.61086  0.05251 -0.22780
   0.60297  0.05266 -0.22596
   0.59508  0.05280 -0.22528
   0.58718  0.05293 -0.22435
   0.57928  0.05305 -0.22294
   0.57138  0.05316 -0.22179
   0.56347  0.05325 -0.22088
   0.55556  0.05334 -0.22030
   0.54765  0.05342 -0.21894
   0.53974  0.05348 -0.21781
   0.53183  0.05354 -0.21693
   0.52391  0.05358 -0.21660
   0.51600  0.05362 -0.21504
   0.50808  0.05365 -0.21480
   0.50017  0.05366 -0.21374
   0.49225  0.05367 -0.21261
   0.48434  0.05366 -0.21253
   0.47642  0.05365 -0.21160
   0.46852  0.05363 -0.21109
   0.46062  0.05360 -0.20998
   0.45272  0.05355 -0.21047
   0.44483  0.05350 -0.20873
   0.43695  0.05344 -0.20828
   0.42908  0.05336 -0.20738
   0.42122  0.05328 -0.20748
   0.41340  0.05319 -0.20669
   0.40562  0.05309 -0.20773
   0.39791  0.05299 -0.20740
   0.39026  0.05286 -0.20765
   0.38268  0.05273 -0.20516
   0.37518  0.05259 -0.20161
   0.36779  0.05245 -0.20256
   0.36056  0.05233 -0.21042
   0.35355  0.05219 -0.22205
   0.34675  0.05202 -0.22878
   0.34015  0.05179 -0.21387
   0.33367  0.05152 -0.18560
   0.32729  0.05126 -0.16028
   0.32094  0.05107 -0.15321
   0.31459  0.05095 -0.17616
   0.30818  0.05086 -0.20640
   0.30168  0.05074 -0.22793
   0.29501  0.05055 -0.22402
   0.28812  0.05029 -0.21057
   0.28102  0.05002 -0.20116
   0.27376  0.04974 -0.20301
   0.26640  0.04946 -0.20579
   0.25896  0.04915 -0.20664
   0.25145  0.04883 -0.20636
   0.24388  0.04848 -0.20599
   0.23629  0.04812 -0.20659
   0.22868  0.04775 -0.20717
   0.22107  0.04735 -0.20814
   0.21346  0.04694 -0.20846
   0.20588  0.04651 -0.20953
   0.19832  0.04606 -0.21022
   0.19079  0.04559 -0.21155
   0.18331  0.04510 -0.21349
   0.17587  0.04459 -0.21300
   0.16848  0.04405 -0.21574
   0.16116  0.04350 -0.21595
   0.15392  0.04292 -0.21675
   0.14676  0.04231 -0.21929
   0.13969  0.04168 -0.21816
   0.13274  0.04103 -0.22012
   0.12592  0.04036 -0.21965
   0.11925  0.03966 -0.22014
   0.11274  0.03895 -0.21952
   0.10643  0.03821 -0.21914
   0.10032  0.03747 -0.21956
   0.09446  0.03673 -0.21880
   0.08886  0.03598 -0.22058
   0.08353  0.03523 -0.22086
   0.07849  0.03450 -0.22349
   0.07373  0.03377 -0.22825
   0.06927  0.03305 -0.22951
   0.06509  0.03235 -0.24123
   0.06115  0.03165 -0.24549
   0.05745  0.03095 -0.25220
   0.05396  0.03023 -0.25572
   0.05068  0.02952 -0.25065
   0.04758  0.02879 -0.24205
   0.04465  0.02805 -0.23099
   0.04187  0.02732 -0.21883
   0.03925  0.02659 -0.20401
   0.03676  0.02587 -0.19461
   0.03441  0.02515 -0.17953
   0.03218  0.02442 -0.15194
   0.03006  0.02371 -0.12381
   0.02804  0.02301 -0.10057
   0.02612  0.02234 -0.09225
   0.02429  0.02168 -0.09032
   0.02256  0.02105 -0.08641
   0.02092  0.02042 -0.08434
   0.01936  0.01979 -0.07643
   0.01788  0.01916 -0.06091
   0.01648  0.01853 -0.03912
   0.01513  0.01790 -0.01308
   0.01385  0.01728  0.01015
   0.01262  0.01665  0.03495
   0.01145  0.01603  0.05049
   0.01032  0.01542  0.07119
   0.00925  0.01480  0.09669
   0.00822  0.01418  0.11307
   0.00724  0.01356  0.14085
   0.00631  0.01293  0.15976
   0.00542  0.01229  0.18306
   0.00458  0.01164  0.21506
   0.00379  0.01098  0.23761
   0.00305  0.01029  0.27158
   0.00239  0.00956  0.31705
   0.00182  0.00878  0.45596
   0.00133  0.00797  0.52239
   0.00094  0.00712  0.66029
   0.00065  0.00624  0.77084
   0.00044  0.00536  0.85794
   0.00028  0.00447  0.91476
   0.00016  0.00358  0.95592
   0.00008  0.00270  0.98014
   0.00003  0.00182  0.99469
   0.00000  0.00095  0.99995
  -0.00000  0.00009  0.99710
   0.00003 -0.00076  0.98789
   0.00006 -0.00163  0.96855
   0.00015 -0.00249  0.95185
   0.00023 -0.00336  0.91823
   0.00032 -0.00424  0.87739
   0.00047 -0.00512  0.83516
   0.00063 -0.00601  0.77963
   0.00082 -0.00691  0.71554
   0.00104 -0.00781  0.64224
   0.00129 -0.00871  0.54986
   0.00157 -0.00961  0.44660
   0.00190 -0.01051  0.32873
   0.00227 -0.01140  0.17469
   0.00270 -0.01228  0.04510
   0.00318 -0.01315 -0.16578
   0.00373 -0.01400 -0.39824
   0.00438 -0.01479 -0.47080
   0.00511 -0.01554 -0.53872
   0.00590 -0.01626 -0.56490
   0.00676 -0.01694 -0.58396
   0.00768 -0.01760 -0.59524
   0.00865 -0.01823 -0.59910
   0.00967 -0.01885 -0.60434
   0.01075 -0.01945 -0.58862
   0.01188 -0.02004 -0.59298
   0.01307 -0.02061 -0.57941
   0.01432 -0.02118 -0.57272
   0.01563 -0.02174 -0.56342
   0.01700 -0.02229 -0.54540
   0.01845 -0.02284 -0.53559
   0.01996 -0.02339 -0.52508
   0.02156 -0.02394 -0.51287
   0.02324 -0.02449 -0.49926
   0.02502 -0.02504 -0.48802
   0.02690 -0.02561 -0.47880
   0.02888 -0.02618 -0.46756
   0.03099 -0.02676 -0.45868
   0.03324 -0.02735 -0.45179
   0.03563 -0.02795 -0.44189
   0.03818 -0.02857 -0.43331
   0.04090 -0.02920 -0.42385
   0.04382 -0.02985 -0.41487
   0.04694 -0.03052 -0.40720
   0.05029 -0.03121 -0.40435
   0.05388 -0.03192 -0.39772
   0.05772 -0.03265 -0.39480
   0.06181 -0.03340 -0.39003
   0.06618 -0.03416 -0.38588
   0.07081 -0.03493 -0.38245
   0.07572 -0.03571 -0.37877
   0.08090 -0.03650 -0.37549
   0.08636 -0.03729 -0.37266
   0.09206 -0.03808 -0.36900
   0.09799 -0.03886 -0.36552
   0.10414 -0.03963 -0.36500
   0.11047 -0.04039 -0.36267
   0.11696 -0.04113 -0.36210
   0.12360 -0.04184 -0.36093
   0.13035 -0.04253 -0.35950
   0.13721 -0.04318 -0.35748
   0.14417 -0.04381 -0.35502
   0.15121 -0.04440 -0.35189
   0.15834 -0.04497 -0.34910
   0.16553 -0.04550 -0.34615
   0.17278 -0.04600 -0.34302
   0.18008 -0.04648 -0.33982
   0.18742 -0.04692 -0.33822
   0.19479 -0.04734 -0.33534
   0.20219 -0.04773 -0.33318
   0.20962 -0.04809 -0.32933
   0.21707 -0.04842 -0.32741
   0.22456 -0.04873 -0.32339
   0.23208 -0.04901 -0.31980
   0.23964 -0.04926 -0.31607
   0.24721 -0.04950 -0.31405
   0.25481 -0.04971 -0.31132
   0.26241 -0.04990 -0.30860
   0.27004 -0.05006 -0.30558
   0.27768 -0.05021 -0.30318
   0.28534 -0.05033 -0.29993
   0.29302 -0.05043 -0.29760
   0.30071 -0.05052 -0.29527
   0.30841 -0.05058 -0.29328
   0.31611 -0.05063 -0.29157
   0.32382 -0.05066 -0.28935
   0.33154 -0.05066 -0.28692
   0.33927 -0.05065 -0.28591
   0.34699 -0.05062 -0.28328
   0.35472 -0.05057 -0.28193
   0.36246 -0.05051 -0.28025
   0.37019 -0.05042 -0.27869
   0.37793 -0.05031 -0.27622
   0.38566 -0.05019 -0.27534
   0.39339 -0.05004 -0.27336
   0.40111 -0.04988 -0.27179
   0.40883 -0.04970 -0.27007
   0.41655 -0.04951 -0.26916
   0.42426 -0.04929 -0.26770
   0.43196 -0.04905 -0.26667
   0.43965 -0.04880 -0.26513
   0.44733 -0.04852 -0.26404
   0.45499 -0.04823 -0.26284
   0.46265 -0.04791 -0.26109
   0.47029 -0.04757 -0.26017
   0.47793 -0.04721 -0.25828
   0.48555 -0.04683 -0.25663
   0.49315 -0.04642 -0.25496
   0.50075 -0.04600 -0.25337
   0.50833 -0.04555 -0.25076
   0.51589 -0.04507 -0.24912
   0.52345 -0.04458 -0.24628
   0.53099 -0.04405 -0.24433
   0.53851 -0.04351 -0.24121
   0.54603 -0.04293 -0.23873
   0.55353 -0.04234 -0.23603
   0.56101 -0.04171 -0.23185
   0.56848 -0.04106 -0.22889
   0.57593 -0.04038 -0.22484
   0.58337 -0.03967 -0.22090
   0.59078 -0.03894 -0.21686
   0.59818 -0.03818 -0.21193
   0.60556 -0.03738 -0.20730
   0.61292 -0.03656 -0.20207
   0.62026 -0.03571 -0.19610
   0.62759 -0.03483 -0.19016
   0.63490 -0.03391 -0.18255
   0.64220 -0.03296 -0.17653
   0.64948 -0.03198 -0.16836
   0.65674 -0.03097 -0.16032
   0.66400 -0.02992 -0.15102
   0.67125 -0.02883 -0.14149
   0.67849 -0.02772 -0.13178
   0.68572 -0.02656 -0.12052
   0.69295 -0.02537 -0.10974
   0.70018 -0.02415 -0.09670
   0.70741 -0.02288 -0.08439
   0.71464 -0.02159 -0.07100
   0.72188 -0.02025 -0.05602
   0.72912 -0.01888 -0.04197
   0.73638 -0.01747 -0.02502
   0.74365 -0.01602 -0.00933
   0.75094 -0.01453  0.00933
   0.75826 -0.01301  0.02730
   0.76560 -0.01146  0.04697
   0.77297 -0.00987  0.06661
   0.78039 -0.00825  0.08818
   0.78785 -0.00659  0.10932
   0.79535 -0.00492  0.13249
   0.80287 -0.00323  0.15535
   0.81037 -0.00154  0.17768
   0.81778  0.00013  0.20288
   0.82509  0.00176  0.22604
   0.83227  0.00334  0.24757
   0.83932  0.00486  0.26831
   0.84624  0.00632  0.28873
   0.85304  0.00771  0.30715
   0.85972  0.00903  0.32608
   0.86628  0.01027  0.34228
   0.87271  0.01143  0.35835
   0.87902  0.01251  0.37337
   0.88521  0.01350  0.38610
   0.89129  0.01440  0.39890
   0.89727  0.01522  0.40870
   0.90316  0.01595  0.41920
   0.90895  0.01659  0.42805
   0.91464  0.01715  0.43543
   0.92020  0.01763  0.44382
   0.92564  0.01802  0.44963
   0.93097  0.01831  0.45423
   0.93623  0.01853  0.45735
   0.94141  0.01867  0.45686
   0.94645  0.01876  0.46711
   0.95125  0.01879  0.47879
   0.95581  0.01873  0.49141
   0.96019  0.01854  0.49552
   0.96446  0.01821  0.48048
   0.96872  0.01776  0.45428
   0.97300  0.01724  0.42573
   0.97726  0.01672  0.41544
   0.98142  0.01621  0.42804
   0.98545  0.01563  0.43240
   0.98942  0.01489  0.38719
   0.99340  0.01406  0.32674
   0.99738  0.01325  0.29808
   1.00000  0.01271  0.25219
