GRUMMAN K-2 AIRFOIL                             
 Alfa =  -1.26730 Re =        0.000 Xflap,Yflap =     0.000000    0.000000
#    x        y        Cp  
   1.00000  0.01371  0.25222
   0.99739  0.01444  0.09668
   0.99327  0.01550  0.06265
   0.98886  0.01658  0.04422
   0.98418  0.01773  0.00250
   0.97923  0.01891 -0.02704
   0.97401  0.02013 -0.05710
   0.96856  0.02137 -0.08499
   0.96293  0.02261 -0.11282
   0.95713  0.02384 -0.13592
   0.95115  0.02505 -0.15465
   0.94501  0.02623 -0.16987
   0.93873  0.02739 -0.18350
   0.93231  0.02852 -0.19451
   0.92575  0.02962 -0.20187
   0.91905  0.03069 -0.20758
   0.91224  0.03174 -0.21484
   0.90536  0.03277 -0.22350
   0.89842  0.03376 -0.23098
   0.89145  0.03472 -0.23881
   0.88446  0.03564 -0.24419
   0.87741  0.03652 -0.24826
   0.87030  0.03736 -0.24878
   0.86310  0.03817 -0.24874
   0.85580  0.03897 -0.24834
   0.84840  0.03974 -0.24754
   0.84093  0.04049 -0.24766
   0.83341  0.04123 -0.24811
   0.82588  0.04195 -0.25272
   0.81837  0.04265 -0.25868
   0.81087  0.04332 -0.26128
   0.80338  0.04396 -0.26455
   0.79590  0.04457 -0.26707
   0.78841  0.04515 -0.26810
   0.78092  0.04570 -0.26968
   0.77342  0.04622 -0.26937
   0.76591  0.04671 -0.26942
   0.75838  0.04717 -0.26823
   0.75082  0.04761 -0.26697
   0.74324  0.04802 -0.26310
   0.73562  0.04841 -0.26179
   0.72798  0.04878 -0.25846
   0.72030  0.04913 -0.25628
   0.71260  0.04946 -0.25347
   0.70486  0.04978 -0.25088
   0.69710  0.05008 -0.24815
   0.68932  0.05037 -0.24594
   0.68152  0.05064 -0.24364
   0.67370  0.05090 -0.24268
   0.66588  0.05114 -0.23990
   0.65804  0.05138 -0.23879
   0.65020  0.05160 -0.23701
   0.64235  0.05180 -0.23538
   0.63449  0.05200 -0.23451
   0.62662  0.05218 -0.23225
   0.61875  0.05235 -0.23111
   0.61086  0.05251 -0.22950
   0.60297  0.05266 -0.22770
   0.59508  0.05280 -0.22703
   0.58718  0.05293 -0.22614
   0.57928  0.05305 -0.22476
   0.57138  0.05316 -0.22364
   0.56347  0.05325 -0.22276
   0.55556  0.05334 -0.22220
   0.54765  0.05342 -0.22087
   0.53974  0.05348 -0.21977
   0.53183  0.05354 -0.21892
   0.52391  0.05358 -0.21862
   0.51600  0.05362 -0.21709
   0.50808  0.05365 -0.21689
   0.50017  0.05366 -0.21586
   0.49225  0.05367 -0.21476
   0.48434  0.05366 -0.21471
   0.47642  0.05365 -0.21382
   0.46852  0.05363 -0.21334
   0.46062  0.05360 -0.21226
   0.45272  0.05355 -0.21280
   0.44483  0.05350 -0.21109
   0.43695  0.05344 -0.21067
   0.42908  0.05336 -0.20981
   0.42122  0.05328 -0.20995
   0.41340  0.05319 -0.20920
   0.40562  0.05309 -0.21028
   0.39791  0.05299 -0.20999
   0.39026  0.05286 -0.21028
   0.38268  0.05273 -0.20783
   0.37518  0.05259 -0.20432
   0.36779  0.05245 -0.20531
   0.36056  0.05233 -0.21323
   0.35355  0.05219 -0.22493
   0.34675  0.05202 -0.23171
   0.34015  0.05179 -0.21682
   0.33367  0.05152 -0.18853
   0.32729  0.05126 -0.16318
   0.32094  0.05107 -0.15613
   0.31459  0.05095 -0.17918
   0.30818  0.05086 -0.20955
   0.30168  0.05074 -0.23118
   0.29501  0.05055 -0.22731
   0.28812  0.05029 -0.21388
   0.28102  0.05002 -0.20450
   0.27376  0.04974 -0.20642
   0.26640  0.04946 -0.20927
   0.25896  0.04915 -0.21019
   0.25145  0.04883 -0.20998
   0.24388  0.04848 -0.20968
   0.23629  0.04812 -0.21036
   0.22868  0.04775 -0.21102
   0.22107  0.04735 -0.21208
   0.21346  0.04694 -0.21248
   0.20588  0.04651 -0.21366
   0.19832  0.04606 -0.21444
   0.19079  0.04559 -0.21588
   0.18331  0.04510 -0.21793
   0.17587  0.04459 -0.21756
   0.16848  0.04405 -0.22042
   0.16116  0.04350 -0.22075
   0.15392  0.04292 -0.22169
   0.14676  0.04231 -0.22438
   0.13969  0.04168 -0.22339
   0.13274  0.04103 -0.22552
   0.12592  0.04036 -0.22521
   0.11925  0.03966 -0.22588
   0.11274  0.03895 -0.22543
   0.10643  0.03821 -0.22524
   0.10032  0.03747 -0.22586
   0.09446  0.03673 -0.22531
   0.08886  0.03598 -0.22732
   0.08353  0.03523 -0.22782
   0.07849  0.03450 -0.23071
   0.07373  0.03377 -0.23574
   0.06927  0.03305 -0.23726
   0.06509  0.03235 -0.24932
   0.06115  0.03165 -0.25387
   0.05745  0.03095 -0.26092
   0.05396  0.03023 -0.26475
   0.05068  0.02952 -0.25995
   0.04758  0.02879 -0.25160
   0.04465  0.02805 -0.24078
   0.04187  0.02732 -0.22885
   0.03925  0.02659 -0.21425
   0.03676  0.02587 -0.20511
   0.03441  0.02515 -0.19026
   0.03218  0.02442 -0.16278
   0.03006  0.02371 -0.13477
   0.02804  0.02301 -0.11168
   0.02612  0.02234 -0.10366
   0.02429  0.02168 -0.10212
   0.02256  0.02105 -0.09862
   0.02092  0.02042 -0.09697
   0.01936  0.01979 -0.08945
   0.01788  0.01916 -0.07426
   0.01648  0.01853 -0.05272
   0.01513  0.01790 -0.02689
   0.01385  0.01728 -0.00391
   0.01262  0.01665  0.02060
   0.01145  0.01603  0.03574
   0.01032  0.01542  0.05607
   0.00925  0.01480  0.08121
   0.00822  0.01418  0.09710
   0.00724  0.01356  0.12445
   0.00631  0.01293  0.14275
   0.00542  0.01229  0.16543
   0.00458  0.01164  0.19685
   0.00379  0.01098  0.21850
   0.00305  0.01029  0.25162
   0.00239  0.00956  0.29638
   0.00182  0.00878  0.43742
   0.00133  0.00797  0.50384
   0.00094  0.00712  0.64492
   0.00065  0.00624  0.75851
   0.00044  0.00536  0.84856
   0.00028  0.00447  0.90769
   0.00016  0.00358  0.95092
   0.00008  0.00270  0.97682
   0.00003  0.00182  0.99294
   0.00000  0.00095  0.99968
  -0.00000  0.00009  0.99817
   0.00003 -0.00076  0.99012
   0.00006 -0.00163  0.97239
   0.00015 -0.00249  0.95624
   0.00023 -0.00336  0.92423
   0.00032 -0.00424  0.88488
   0.00047 -0.00512  0.84367
   0.00063 -0.00601  0.78958
   0.00082 -0.00691  0.72688
   0.00104 -0.00781  0.65504
   0.00129 -0.00871  0.56432
   0.00157 -0.00961  0.46284
   0.00190 -0.01051  0.34675
   0.00227 -0.01140  0.19508
   0.00270 -0.01228  0.06689
   0.00318 -0.01315 -0.14105
   0.00373 -0.01400 -0.37065
   0.00438 -0.01479 -0.44370
   0.00511 -0.01554 -0.51207
   0.00590 -0.01626 -0.53928
   0.00676 -0.01694 -0.55939
   0.00768 -0.01760 -0.57170
   0.00865 -0.01823 -0.57654
   0.00967 -0.01885 -0.58276
   0.01075 -0.01945 -0.56804
   0.01188 -0.02004 -0.57321
   0.01307 -0.02061 -0.56051
   0.01432 -0.02118 -0.55459
   0.01563 -0.02174 -0.54605
   0.01700 -0.02229 -0.52879
   0.01845 -0.02284 -0.51964
   0.01996 -0.02339 -0.50974
   0.02156 -0.02394 -0.49813
   0.02324 -0.02449 -0.48511
   0.02502 -0.02504 -0.47441
   0.02690 -0.02561 -0.46569
   0.02888 -0.02618 -0.45493
   0.03099 -0.02676 -0.44651
   0.03324 -0.02735 -0.44005
   0.03563 -0.02795 -0.43058
   0.03818 -0.02857 -0.42240
   0.04090 -0.02920 -0.41335
   0.04382 -0.02985 -0.40476
   0.04694 -0.03052 -0.39745
   0.05029 -0.03121 -0.39493
   0.05388 -0.03192 -0.38863
   0.05772 -0.03265 -0.38603
   0.06181 -0.03340 -0.38157
   0.06618 -0.03416 -0.37772
   0.07081 -0.03493 -0.37456
   0.07572 -0.03571 -0.37116
   0.08090 -0.03650 -0.36814
   0.08636 -0.03729 -0.36557
   0.09206 -0.03808 -0.36215
   0.09799 -0.03886 -0.35890
   0.10414 -0.03963 -0.35860
   0.11047 -0.04039 -0.35647
   0.11696 -0.04113 -0.35609
   0.12360 -0.04184 -0.35510
   0.13035 -0.04253 -0.35384
   0.13721 -0.04318 -0.35199
   0.14417 -0.04381 -0.34969
   0.15121 -0.04440 -0.34671
   0.15834 -0.04497 -0.34406
   0.16553 -0.04550 -0.34125
   0.17278 -0.04600 -0.33825
   0.18008 -0.04648 -0.33518
   0.18742 -0.04692 -0.33369
   0.19479 -0.04734 -0.33093
   0.20219 -0.04773 -0.32887
   0.20962 -0.04809 -0.32512
   0.21707 -0.04842 -0.32330
   0.22456 -0.04873 -0.31938
   0.23208 -0.04901 -0.31589
   0.23964 -0.04926 -0.31225
   0.24721 -0.04950 -0.31031
   0.25481 -0.04971 -0.30766
   0.26241 -0.04990 -0.30501
   0.27004 -0.05006 -0.30207
   0.27768 -0.05021 -0.29975
   0.28534 -0.05033 -0.29656
   0.29302 -0.05043 -0.29430
   0.30071 -0.05052 -0.29205
   0.30841 -0.05058 -0.29011
   0.31611 -0.05063 -0.28846
   0.32382 -0.05066 -0.28630
   0.33154 -0.05066 -0.28393
   0.33927 -0.05065 -0.28297
   0.34699 -0.05062 -0.28040
   0.35472 -0.05057 -0.27911
   0.36246 -0.05051 -0.27747
   0.37019 -0.05042 -0.27596
   0.37793 -0.05031 -0.27354
   0.38566 -0.05019 -0.27271
   0.39339 -0.05004 -0.27078
   0.40111 -0.04988 -0.26925
   0.40883 -0.04970 -0.26758
   0.41655 -0.04951 -0.26672
   0.42426 -0.04929 -0.26529
   0.43196 -0.04905 -0.26431
   0.43965 -0.04880 -0.26281
   0.44733 -0.04852 -0.26175
   0.45499 -0.04823 -0.26059
   0.46265 -0.04791 -0.25888
   0.47029 -0.04757 -0.25800
   0.47793 -0.04721 -0.25615
   0.48555 -0.04683 -0.25453
   0.49315 -0.04642 -0.25290
   0.50075 -0.04600 -0.25134
   0.50833 -0.04555 -0.24876
   0.51589 -0.04507 -0.24717
   0.52345 -0.04458 -0.24436
   0.53099 -0.04405 -0.24244
   0.53851 -0.04351 -0.23935
   0.54603 -0.04293 -0.23690
   0.55353 -0.04234 -0.23425
   0.56101 -0.04171 -0.23009
   0.56848 -0.04106 -0.22717
   0.57593 -0.04038 -0.22315
   0.58337 -0.03967 -0.21925
   0.59078 -0.03894 -0.21524
   0.59818 -0.03818 -0.21034
   0.60556 -0.03738 -0.20575
   0.61292 -0.03656 -0.20055
   0.62026 -0.03571 -0.19461
   0.62759 -0.03483 -0.18870
   0.63490 -0.03391 -0.18114
   0.64220 -0.03296 -0.17514
   0.64948 -0.03198 -0.16700
   0.65674 -0.03097 -0.15899
   0.66400 -0.02992 -0.14973
   0.67125 -0.02883 -0.14022
   0.67849 -0.02772 -0.13055
   0.68572 -0.02656 -0.11934
   0.69295 -0.02537 -0.10858
   0.70018 -0.02415 -0.09557
   0.70741 -0.02288 -0.08329
   0.71464 -0.02159 -0.06995
   0.72188 -0.02025 -0.05501
   0.72912 -0.01888 -0.04098
   0.73638 -0.01747 -0.02407
   0.74365 -0.01602 -0.00841
   0.75094 -0.01453  0.01021
   0.75826 -0.01301  0.02814
   0.76560 -0.01146  0.04778
   0.77297 -0.00987  0.06739
   0.78039 -0.00825  0.08891
   0.78785 -0.00659  0.11003
   0.79535 -0.00492  0.13316
   0.80287 -0.00323  0.15599
   0.81037 -0.00154  0.17828
   0.81778  0.00013  0.20345
   0.82509  0.00176  0.22658
   0.83227  0.00334  0.24808
   0.83932  0.00486  0.26879
   0.84624  0.00632  0.28920
   0.85304  0.00771  0.30758
   0.85972  0.00903  0.32649
   0.86628  0.01027  0.34267
   0.87271  0.01143  0.35871
   0.87902  0.01251  0.37373
   0.88521  0.01350  0.38644
   0.89129  0.01440  0.39922
   0.89727  0.01522  0.40900
   0.90316  0.01595  0.41949
   0.90895  0.01659  0.42833
   0.91464  0.01715  0.43569
   0.92020  0.01763  0.44407
   0.92564  0.01802  0.44988
   0.93097  0.01831  0.45446
   0.93623  0.01853  0.45756
   0.94141  0.01867  0.45709
   0.94645  0.01876  0.46731
   0.95125  0.01879  0.47897
   0.95581  0.01873  0.49160
   0.96019  0.01854  0.49568
   0.96446  0.01821  0.48064
   0.96872  0.01776  0.45444
   0.97300  0.01724  0.42590
   0.97726  0.01672  0.41558
   0.98142  0.01621  0.42818
   0.98545  0.01563  0.43249
   0.98942  0.01489  0.38731
   0.99340  0.01406  0.32685
   0.99738  0.01325  0.29816
   1.00000  0.01271  0.25222
