GRUMMAN K-2 AIRFOIL                             
 Alfa =  -1.32770 Re =        0.000 Xflap,Yflap =     0.000000    0.000000
#    x        y        Cp  
   1.00000  0.01371  0.25423
   0.99740  0.01444  0.09928
   0.99329  0.01549  0.06155
   0.98889  0.01657  0.04626
   0.98423  0.01772  0.00596
   0.97929  0.01890 -0.02897
   0.97409  0.02011 -0.05491
   0.96867  0.02135 -0.08524
   0.96305  0.02259 -0.11175
   0.95727  0.02381 -0.13337
   0.95131  0.02502 -0.15424
   0.94520  0.02620 -0.16929
   0.93893  0.02735 -0.18233
   0.93253  0.02848 -0.19352
   0.92600  0.02957 -0.20068
   0.91932  0.03065 -0.20669
   0.91254  0.03170 -0.21363
   0.90568  0.03272 -0.22220
   0.89876  0.03372 -0.22963
   0.89181  0.03467 -0.23768
   0.88484  0.03559 -0.24362
   0.87782  0.03647 -0.24625
   0.87073  0.03731 -0.24734
   0.86355  0.03812 -0.24843
   0.85628  0.03891 -0.24719
   0.84891  0.03968 -0.24627
   0.84146  0.04044 -0.24622
   0.83396  0.04117 -0.24612
   0.82645  0.04190 -0.25182
   0.81896  0.04260 -0.25670
   0.81149  0.04327 -0.26024
   0.80402  0.04391 -0.26276
   0.79655  0.04452 -0.26515
   0.78909  0.04510 -0.26735
   0.78162  0.04565 -0.26801
   0.77414  0.04617 -0.26754
   0.76665  0.04666 -0.26788
   0.75914  0.04713 -0.26665
   0.75161  0.04756 -0.26481
   0.74405  0.04798 -0.26309
   0.73646  0.04837 -0.26012
   0.72884  0.04874 -0.25768
   0.72118  0.04909 -0.25478
   0.71350  0.04943 -0.25144
   0.70580  0.04974 -0.24962
   0.69806  0.05004 -0.24661
   0.69030  0.05033 -0.24450
   0.68252  0.05060 -0.24242
   0.67473  0.05086 -0.24059
   0.66693  0.05111 -0.23838
   0.65911  0.05135 -0.23713
   0.65129  0.05157 -0.23559
   0.64347  0.05178 -0.23354
   0.63563  0.05197 -0.23241
   0.62779  0.05216 -0.23087
   0.61994  0.05233 -0.22877
   0.61208  0.05249 -0.22825
   0.60421  0.05264 -0.22570
   0.59633  0.05278 -0.22484
   0.58846  0.05291 -0.22360
   0.58058  0.05303 -0.22295
   0.57270  0.05314 -0.22169
   0.56482  0.05324 -0.22077
   0.55693  0.05333 -0.21966
   0.54904  0.05340 -0.21897
   0.54115  0.05347 -0.21751
   0.53326  0.05353 -0.21714
   0.52537  0.05358 -0.21576
   0.51748  0.05361 -0.21481
   0.50958  0.05364 -0.21450
   0.50169  0.05366 -0.21285
   0.49380  0.05367 -0.21318
   0.48590  0.05367 -0.21147
   0.47801  0.05366 -0.21179
   0.47012  0.05363 -0.21074
   0.46224  0.05360 -0.20994
   0.45437  0.05356 -0.20929
   0.44650  0.05351 -0.20872
   0.43864  0.05345 -0.20758
   0.43079  0.05338 -0.20729
   0.42295  0.05330 -0.20694
   0.41514  0.05321 -0.20652
   0.40737  0.05312 -0.20711
   0.39966  0.05301 -0.20643
   0.39202  0.05289 -0.20760
   0.38445  0.05276 -0.20460
   0.37694  0.05262 -0.20193
   0.36954  0.05249 -0.20088
   0.36229  0.05236 -0.20793
   0.35524  0.05223 -0.21867
   0.34842  0.05207 -0.22779
   0.34179  0.05185 -0.21897
   0.33530  0.05159 -0.19207
   0.32892  0.05132 -0.16540
   0.32258  0.05111 -0.15167
   0.31625  0.05098 -0.16788
   0.30988  0.05089 -0.19703
   0.30343  0.05078 -0.22414
   0.29682  0.05061 -0.22635
   0.29002  0.05037 -0.21388
   0.28299  0.05009 -0.20201
   0.27579  0.04982 -0.20062
   0.26847  0.04954 -0.20456
   0.26108  0.04924 -0.20638
   0.25361  0.04892 -0.20513
   0.24607  0.04858 -0.20505
   0.23850  0.04823 -0.20591
   0.23092  0.04786 -0.20619
   0.22333  0.04747 -0.20684
   0.21574  0.04707 -0.20720
   0.20817  0.04664 -0.20882
   0.20063  0.04620 -0.20914
   0.19311  0.04574 -0.20975
   0.18563  0.04526 -0.21267
   0.17820  0.04475 -0.21219
   0.17081  0.04423 -0.21323
   0.16349  0.04368 -0.21538
   0.15624  0.04311 -0.21519
   0.14907  0.04251 -0.21733
   0.14200  0.04189 -0.21770
   0.13503  0.04125 -0.21841
   0.12818  0.04059 -0.21886
   0.12147  0.03990 -0.21881
   0.11493  0.03919 -0.21850
   0.10856  0.03847 -0.21821
   0.10240  0.03773 -0.21741
   0.09647  0.03699 -0.21798
   0.09078  0.03624 -0.21928
   0.08537  0.03550 -0.21752
   0.08024  0.03476 -0.22229
   0.07540  0.03403 -0.22356
   0.07085  0.03331 -0.22681
   0.06658  0.03261 -0.23880
   0.06257  0.03190 -0.23903
   0.05879  0.03120 -0.24945
   0.05523  0.03050 -0.25301
   0.05189  0.02978 -0.25056
   0.04873  0.02906 -0.24388
   0.04574  0.02833 -0.23249
   0.04291  0.02760 -0.22268
   0.04024  0.02687 -0.20737
   0.03771  0.02615 -0.19483
   0.03531  0.02543 -0.18631
   0.03305  0.02471 -0.16129
   0.03089  0.02399 -0.13107
   0.02884  0.02329 -0.10716
   0.02688  0.02260 -0.09111
   0.02502  0.02195 -0.08847
   0.02326  0.02131 -0.08589
   0.02159  0.02067 -0.08376
   0.02000  0.02005 -0.07697
   0.01849  0.01942 -0.06552
   0.01706  0.01880 -0.04687
   0.01569  0.01817 -0.02000
   0.01439  0.01754  0.00275
   0.01314  0.01692  0.02653
   0.01194  0.01630  0.04753
   0.01080  0.01568  0.06736
   0.00971  0.01507  0.08622
   0.00867  0.01445  0.11173
   0.00767  0.01383  0.12972
   0.00672  0.01321  0.15446
   0.00581  0.01258  0.17523
   0.00495  0.01194  0.20630
   0.00414  0.01128  0.23037
   0.00338  0.01061  0.25903
   0.00268  0.00990  0.29327
   0.00207  0.00914  0.39993
   0.00154  0.00835  0.48718
   0.00111  0.00752  0.60069
   0.00078  0.00665  0.72459
   0.00053  0.00577  0.82286
   0.00035  0.00489  0.89273
   0.00022  0.00400  0.93890
   0.00012  0.00312  0.97141
   0.00005  0.00224  0.98956
   0.00001  0.00137  0.99858
  -0.00000  0.00051  0.99929
   0.00001 -0.00034  0.99279
   0.00004 -0.00120  0.97888
   0.00010 -0.00206  0.95707
   0.00020 -0.00292  0.94036
   0.00027 -0.00380  0.89231
   0.00039 -0.00468  0.85785
   0.00054 -0.00556  0.80710
   0.00072 -0.00645  0.74575
   0.00092 -0.00735  0.67814
   0.00115 -0.00824  0.59897
   0.00142 -0.00914  0.49853
   0.00173 -0.01004  0.38740
   0.00207 -0.01094  0.26124
   0.00247 -0.01182  0.08310
   0.00292 -0.01269  0.00187
   0.00342 -0.01356 -0.35058
   0.00402 -0.01437 -0.41193
   0.00470 -0.01514 -0.52094
   0.00546 -0.01587 -0.55496
   0.00629 -0.01657 -0.58324
   0.00717 -0.01724 -0.59314
   0.00811 -0.01789 -0.60745
   0.00910 -0.01851 -0.60439
   0.01015 -0.01912 -0.59901
   0.01125 -0.01971 -0.59772
   0.01240 -0.02029 -0.58891
   0.01361 -0.02086 -0.58169
   0.01488 -0.02142 -0.57297
   0.01621 -0.02198 -0.55705
   0.01761 -0.02253 -0.54803
   0.01908 -0.02307 -0.53118
   0.02063 -0.02362 -0.52516
   0.02226 -0.02417 -0.51130
   0.02397 -0.02472 -0.49521
   0.02579 -0.02528 -0.48700
   0.02770 -0.02584 -0.47573
   0.02973 -0.02641 -0.46713
   0.03189 -0.02700 -0.45862
   0.03419 -0.02759 -0.45148
   0.03663 -0.02820 -0.44000
   0.03924 -0.02882 -0.43275
   0.04203 -0.02945 -0.42127
   0.04502 -0.03011 -0.41397
   0.04822 -0.03078 -0.40755
   0.05165 -0.03148 -0.40363
   0.05533 -0.03220 -0.39862
   0.05925 -0.03293 -0.39501
   0.06344 -0.03368 -0.38971
   0.06789 -0.03445 -0.38715
   0.07262 -0.03522 -0.38185
   0.07761 -0.03600 -0.37993
   0.08288 -0.03679 -0.37612
   0.08842 -0.03758 -0.37243
   0.09419 -0.03836 -0.36898
   0.10019 -0.03914 -0.36657
   0.10638 -0.03991 -0.36534
   0.11276 -0.04065 -0.36405
   0.11929 -0.04138 -0.36295
   0.12594 -0.04208 -0.36130
   0.13272 -0.04276 -0.35994
   0.13959 -0.04340 -0.35822
   0.14656 -0.04401 -0.35484
   0.15362 -0.04460 -0.35285
   0.16075 -0.04515 -0.34868
   0.16794 -0.04567 -0.34617
   0.17519 -0.04616 -0.34256
   0.18248 -0.04663 -0.34032
   0.18981 -0.04706 -0.33791
   0.19717 -0.04747 -0.33629
   0.20456 -0.04785 -0.33189
   0.21197 -0.04820 -0.33082
   0.21942 -0.04852 -0.32649
   0.22690 -0.04882 -0.32370
   0.23441 -0.04909 -0.31877
   0.24195 -0.04934 -0.31646
   0.24951 -0.04956 -0.31424
   0.25708 -0.04977 -0.31080
   0.26468 -0.04995 -0.30933
   0.27229 -0.05011 -0.30490
   0.27991 -0.05024 -0.30331
   0.28756 -0.05036 -0.29973
   0.29522 -0.05046 -0.29764
   0.30289 -0.05054 -0.29563
   0.31057 -0.05060 -0.29338
   0.31825 -0.05064 -0.29106
   0.32595 -0.05066 -0.28933
   0.33364 -0.05066 -0.28770
   0.34135 -0.05065 -0.28576
   0.34906 -0.05061 -0.28394
   0.35677 -0.05056 -0.28201
   0.36448 -0.05048 -0.28026
   0.37219 -0.05039 -0.27863
   0.37990 -0.05028 -0.27649
   0.38761 -0.05015 -0.27510
   0.39532 -0.05001 -0.27366
   0.40302 -0.04984 -0.27222
   0.41072 -0.04966 -0.27008
   0.41842 -0.04945 -0.26939
   0.42610 -0.04923 -0.26795
   0.43378 -0.04899 -0.26715
   0.44144 -0.04873 -0.26497
   0.44910 -0.04845 -0.26433
   0.45674 -0.04815 -0.26275
   0.46437 -0.04783 -0.26197
   0.47199 -0.04749 -0.26021
   0.47960 -0.04713 -0.25830
   0.48720 -0.04674 -0.25693
   0.49478 -0.04634 -0.25516
   0.50235 -0.04590 -0.25272
   0.50991 -0.04545 -0.25143
   0.51745 -0.04497 -0.24877
   0.52498 -0.04447 -0.24628
   0.53250 -0.04395 -0.24412
   0.54000 -0.04340 -0.24150
   0.54749 -0.04282 -0.23861
   0.55497 -0.04222 -0.23543
   0.56243 -0.04159 -0.23173
   0.56987 -0.04093 -0.22836
   0.57730 -0.04025 -0.22462
   0.58471 -0.03954 -0.22044
   0.59210 -0.03881 -0.21621
   0.59948 -0.03804 -0.21173
   0.60683 -0.03724 -0.20710
   0.61417 -0.03642 -0.20082
   0.62149 -0.03556 -0.19605
   0.62879 -0.03468 -0.18874
   0.63608 -0.03376 -0.18301
   0.64335 -0.03281 -0.17483
   0.65061 -0.03183 -0.16769
   0.65786 -0.03081 -0.15909
   0.66510 -0.02976 -0.15014
   0.67232 -0.02867 -0.14032
   0.67954 -0.02755 -0.13017
   0.68676 -0.02640 -0.11959
   0.69397 -0.02520 -0.10833
   0.70117 -0.02398 -0.09553
   0.70838 -0.02271 -0.08277
   0.71559 -0.02141 -0.06922
   0.72281 -0.02007 -0.05482
   0.73004 -0.01870 -0.04003
   0.73728 -0.01729 -0.02387
   0.74453 -0.01584 -0.00625
   0.75180 -0.01436  0.01010
   0.75910 -0.01284  0.03013
   0.76642 -0.01128  0.04827
   0.77378 -0.00969  0.07010
   0.78118 -0.00807  0.08898
   0.78863 -0.00642  0.11250
   0.79611 -0.00475  0.13340
   0.80361 -0.00306  0.15785
   0.81108 -0.00138  0.18081
   0.81847  0.00029  0.20382
   0.82574  0.00191  0.22763
   0.83289  0.00348  0.24967
   0.83991  0.00499  0.27024
   0.84680  0.00644  0.28995
   0.85358  0.00782  0.30940
   0.86023  0.00913  0.32572
   0.86676  0.01036  0.34434
   0.87316  0.01151  0.35848
   0.87944  0.01258  0.37496
   0.88561  0.01356  0.38681
   0.89167  0.01445  0.39904
   0.89763  0.01526  0.40987
   0.90349  0.01599  0.41942
   0.90927  0.01663  0.42725
   0.91493  0.01718  0.43692
   0.92047  0.01765  0.44279
   0.92588  0.01803  0.45108
   0.93120  0.01832  0.45468
   0.93644  0.01853  0.45553
   0.94160  0.01868  0.45846
   0.94662  0.01876  0.46541
   0.95140  0.01879  0.48083
   0.95595  0.01872  0.49049
   0.96030  0.01853  0.49560
   0.96456  0.01820  0.48070
   0.96881  0.01775  0.45310
   0.97308  0.01723  0.42602
   0.97733  0.01672  0.41384
   0.98147  0.01621  0.42705
   0.98549  0.01562  0.43400
   0.98945  0.01488  0.38876
   0.99342  0.01406  0.32407
   0.99738  0.01325  0.29880
   1.00000  0.01271  0.25423
