GRUMMAN K-2 AIRFOIL                             
 Alfa =  -1.31580 Re =        0.000 Xflap,Yflap =     0.000000    0.000000
#    x        y        Cp  
   1.00000  0.01371  0.25423
   0.99740  0.01444  0.09926
   0.99329  0.01549  0.06153
   0.98889  0.01657  0.04623
   0.98423  0.01772  0.00591
   0.97929  0.01890 -0.02903
   0.97409  0.02011 -0.05498
   0.96867  0.02135 -0.08532
   0.96305  0.02259 -0.11183
   0.95727  0.02381 -0.13346
   0.95131  0.02502 -0.15434
   0.94520  0.02620 -0.16940
   0.93893  0.02735 -0.18244
   0.93253  0.02848 -0.19364
   0.92600  0.02957 -0.20081
   0.91932  0.03065 -0.20683
   0.91254  0.03170 -0.21378
   0.90568  0.03272 -0.22236
   0.89876  0.03372 -0.22979
   0.89181  0.03467 -0.23786
   0.88484  0.03559 -0.24380
   0.87782  0.03647 -0.24643
   0.87073  0.03731 -0.24754
   0.86355  0.03812 -0.24863
   0.85628  0.03891 -0.24739
   0.84891  0.03968 -0.24648
   0.84146  0.04044 -0.24644
   0.83396  0.04117 -0.24634
   0.82645  0.04190 -0.25205
   0.81896  0.04260 -0.25694
   0.81149  0.04327 -0.26049
   0.80402  0.04391 -0.26301
   0.79655  0.04452 -0.26541
   0.78909  0.04510 -0.26761
   0.78162  0.04565 -0.26829
   0.77414  0.04617 -0.26782
   0.76665  0.04666 -0.26817
   0.75914  0.04713 -0.26694
   0.75161  0.04756 -0.26511
   0.74405  0.04798 -0.26339
   0.73646  0.04837 -0.26043
   0.72884  0.04874 -0.25799
   0.72118  0.04909 -0.25510
   0.71350  0.04943 -0.25177
   0.70580  0.04974 -0.24995
   0.69806  0.05004 -0.24694
   0.69030  0.05033 -0.24484
   0.68252  0.05060 -0.24277
   0.67473  0.05086 -0.24094
   0.66693  0.05111 -0.23874
   0.65911  0.05135 -0.23749
   0.65129  0.05157 -0.23596
   0.64347  0.05178 -0.23391
   0.63563  0.05197 -0.23279
   0.62779  0.05216 -0.23126
   0.61994  0.05233 -0.22917
   0.61208  0.05249 -0.22866
   0.60421  0.05264 -0.22611
   0.59633  0.05278 -0.22526
   0.58846  0.05291 -0.22402
   0.58058  0.05303 -0.22338
   0.57270  0.05314 -0.22213
   0.56482  0.05324 -0.22121
   0.55693  0.05333 -0.22010
   0.54904  0.05340 -0.21943
   0.54115  0.05347 -0.21797
   0.53326  0.05353 -0.21761
   0.52537  0.05358 -0.21623
   0.51748  0.05361 -0.21529
   0.50958  0.05364 -0.21499
   0.50169  0.05366 -0.21335
   0.49380  0.05367 -0.21368
   0.48590  0.05367 -0.21199
   0.47801  0.05366 -0.21231
   0.47012  0.05363 -0.21127
   0.46224  0.05360 -0.21048
   0.45437  0.05356 -0.20983
   0.44650  0.05351 -0.20927
   0.43864  0.05345 -0.20814
   0.43079  0.05338 -0.20786
   0.42295  0.05330 -0.20752
   0.41514  0.05321 -0.20711
   0.40737  0.05312 -0.20771
   0.39966  0.05301 -0.20704
   0.39202  0.05289 -0.20822
   0.38445  0.05276 -0.20523
   0.37694  0.05262 -0.20256
   0.36954  0.05249 -0.20152
   0.36229  0.05236 -0.20859
   0.35524  0.05223 -0.21934
   0.34842  0.05207 -0.22848
   0.34179  0.05185 -0.21967
   0.33530  0.05159 -0.19276
   0.32892  0.05132 -0.16609
   0.32258  0.05111 -0.15235
   0.31625  0.05098 -0.16859
   0.30988  0.05089 -0.19776
   0.30343  0.05078 -0.22490
   0.29682  0.05061 -0.22713
   0.29002  0.05037 -0.21466
   0.28299  0.05009 -0.20279
   0.27579  0.04982 -0.20142
   0.26847  0.04954 -0.20537
   0.26108  0.04924 -0.20721
   0.25361  0.04892 -0.20598
   0.24607  0.04858 -0.20591
   0.23850  0.04823 -0.20679
   0.23092  0.04786 -0.20709
   0.22333  0.04747 -0.20776
   0.21574  0.04707 -0.20814
   0.20817  0.04664 -0.20979
   0.20063  0.04620 -0.21013
   0.19311  0.04574 -0.21076
   0.18563  0.04526 -0.21371
   0.17820  0.04475 -0.21325
   0.17081  0.04423 -0.21433
   0.16349  0.04368 -0.21650
   0.15624  0.04311 -0.21634
   0.14907  0.04251 -0.21852
   0.14200  0.04189 -0.21892
   0.13503  0.04125 -0.21966
   0.12818  0.04059 -0.22016
   0.12147  0.03990 -0.22015
   0.11493  0.03919 -0.21987
   0.10856  0.03847 -0.21963
   0.10240  0.03773 -0.21887
   0.09647  0.03699 -0.21950
   0.09078  0.03624 -0.22085
   0.08537  0.03550 -0.21914
   0.08024  0.03476 -0.22397
   0.07540  0.03403 -0.22529
   0.07085  0.03331 -0.22861
   0.06658  0.03261 -0.24068
   0.06257  0.03190 -0.24097
   0.05879  0.03120 -0.25148
   0.05523  0.03050 -0.25511
   0.05189  0.02978 -0.25272
   0.04873  0.02906 -0.24610
   0.04574  0.02833 -0.23477
   0.04291  0.02760 -0.22502
   0.04024  0.02687 -0.20976
   0.03771  0.02615 -0.19727
   0.03531  0.02543 -0.18881
   0.03305  0.02471 -0.16383
   0.03089  0.02399 -0.13363
   0.02884  0.02329 -0.10975
   0.02688  0.02260 -0.09376
   0.02502  0.02195 -0.09121
   0.02326  0.02131 -0.08871
   0.02159  0.02067 -0.08669
   0.02000  0.02005 -0.07999
   0.01849  0.01942 -0.06862
   0.01706  0.01880 -0.05004
   0.01569  0.01817 -0.02322
   0.01439  0.01754 -0.00053
   0.01314  0.01692  0.02319
   0.01194  0.01630  0.04411
   0.01080  0.01568  0.06386
   0.00971  0.01507  0.08263
   0.00867  0.01445  0.10805
   0.00767  0.01383  0.12591
   0.00672  0.01321  0.15054
   0.00581  0.01258  0.17117
   0.00495  0.01194  0.20210
   0.00414  0.01128  0.22600
   0.00338  0.01061  0.25444
   0.00268  0.00990  0.28847
   0.00207  0.00914  0.39538
   0.00154  0.00835  0.48279
   0.00111  0.00752  0.59675
   0.00078  0.00665  0.72139
   0.00053  0.00577  0.82038
   0.00035  0.00489  0.89086
   0.00022  0.00400  0.93753
   0.00012  0.00312  0.97049
   0.00005  0.00224  0.98901
   0.00001  0.00137  0.99838
  -0.00000  0.00051  0.99942
   0.00001 -0.00034  0.99322
   0.00004 -0.00120  0.97961
   0.00010 -0.00206  0.95814
   0.00020 -0.00292  0.94151
   0.00027 -0.00380  0.89401
   0.00039 -0.00468  0.85973
   0.00054 -0.00556  0.80931
   0.00072 -0.00645  0.74829
   0.00092 -0.00735  0.68101
   0.00115 -0.00824  0.60220
   0.00142 -0.00914  0.50217
   0.00173 -0.01004  0.39147
   0.00207 -0.01094  0.26574
   0.00247 -0.01182  0.08824
   0.00292 -0.01269  0.00707
   0.00342 -0.01356 -0.34403
   0.00402 -0.01437 -0.40557
   0.00470 -0.01514 -0.51450
   0.00546 -0.01587 -0.54877
   0.00629 -0.01657 -0.57727
   0.00717 -0.01724 -0.58744
   0.00811 -0.01789 -0.60197
   0.00910 -0.01851 -0.59917
   0.01015 -0.01912 -0.59402
   0.01125 -0.01971 -0.59294
   0.01240 -0.02029 -0.58433
   0.01361 -0.02086 -0.57730
   0.01488 -0.02142 -0.56876
   0.01621 -0.02198 -0.55303
   0.01761 -0.02253 -0.54417
   0.01908 -0.02307 -0.52748
   0.02063 -0.02362 -0.52160
   0.02226 -0.02417 -0.50788
   0.02397 -0.02472 -0.49193
   0.02579 -0.02528 -0.48383
   0.02770 -0.02584 -0.47269
   0.02973 -0.02641 -0.46419
   0.03189 -0.02700 -0.45578
   0.03419 -0.02759 -0.44874
   0.03663 -0.02820 -0.43737
   0.03924 -0.02882 -0.43022
   0.04203 -0.02945 -0.41883
   0.04502 -0.03011 -0.41162
   0.04822 -0.03078 -0.40528
   0.05165 -0.03148 -0.40144
   0.05533 -0.03220 -0.39651
   0.05925 -0.03293 -0.39297
   0.06344 -0.03368 -0.38774
   0.06789 -0.03445 -0.38525
   0.07262 -0.03522 -0.38002
   0.07761 -0.03600 -0.37816
   0.08288 -0.03679 -0.37441
   0.08842 -0.03758 -0.37077
   0.09419 -0.03836 -0.36739
   0.10019 -0.03914 -0.36502
   0.10638 -0.03991 -0.36385
   0.11276 -0.04065 -0.36260
   0.11929 -0.04138 -0.36155
   0.12594 -0.04208 -0.35994
   0.13272 -0.04276 -0.35862
   0.13959 -0.04340 -0.35693
   0.14656 -0.04401 -0.35360
   0.15362 -0.04460 -0.35164
   0.16075 -0.04515 -0.34750
   0.16794 -0.04567 -0.34502
   0.17519 -0.04616 -0.34144
   0.18248 -0.04663 -0.33923
   0.18981 -0.04706 -0.33685
   0.19717 -0.04747 -0.33526
   0.20456 -0.04785 -0.33088
   0.21197 -0.04820 -0.32983
   0.21942 -0.04852 -0.32552
   0.22690 -0.04882 -0.32276
   0.23441 -0.04909 -0.31785
   0.24195 -0.04934 -0.31557
   0.24951 -0.04956 -0.31336
   0.25708 -0.04977 -0.30994
   0.26468 -0.04995 -0.30849
   0.27229 -0.05011 -0.30408
   0.27991 -0.05024 -0.30250
   0.28756 -0.05036 -0.29894
   0.29522 -0.05046 -0.29687
   0.30289 -0.05054 -0.29487
   0.31057 -0.05060 -0.29264
   0.31825 -0.05064 -0.29033
   0.32595 -0.05066 -0.28861
   0.33364 -0.05066 -0.28700
   0.34135 -0.05065 -0.28507
   0.34906 -0.05061 -0.28327
   0.35677 -0.05056 -0.28135
   0.36448 -0.05048 -0.27961
   0.37219 -0.05039 -0.27799
   0.37990 -0.05028 -0.27587
   0.38761 -0.05015 -0.27448
   0.39532 -0.05001 -0.27306
   0.40302 -0.04984 -0.27163
   0.41072 -0.04966 -0.26949
   0.41842 -0.04945 -0.26882
   0.42610 -0.04923 -0.26738
   0.43378 -0.04899 -0.26660
   0.44144 -0.04873 -0.26442
   0.44910 -0.04845 -0.26380
   0.45674 -0.04815 -0.26222
   0.46437 -0.04783 -0.26145
   0.47199 -0.04749 -0.25970
   0.47960 -0.04713 -0.25779
   0.48720 -0.04674 -0.25644
   0.49478 -0.04634 -0.25468
   0.50235 -0.04590 -0.25224
   0.50991 -0.04545 -0.25097
   0.51745 -0.04497 -0.24830
   0.52498 -0.04447 -0.24583
   0.53250 -0.04395 -0.24368
   0.54000 -0.04340 -0.24106
   0.54749 -0.04282 -0.23819
   0.55497 -0.04222 -0.23501
   0.56243 -0.04159 -0.23132
   0.56987 -0.04093 -0.22795
   0.57730 -0.04025 -0.22423
   0.58471 -0.03954 -0.22005
   0.59210 -0.03881 -0.21583
   0.59948 -0.03804 -0.21136
   0.60683 -0.03724 -0.20673
   0.61417 -0.03642 -0.20046
   0.62149 -0.03556 -0.19570
   0.62879 -0.03468 -0.18840
   0.63608 -0.03376 -0.18267
   0.64335 -0.03281 -0.17450
   0.65061 -0.03183 -0.16737
   0.65786 -0.03081 -0.15878
   0.66510 -0.02976 -0.14984
   0.67232 -0.02867 -0.14003
   0.67954 -0.02755 -0.12988
   0.68676 -0.02640 -0.11931
   0.69397 -0.02520 -0.10806
   0.70117 -0.02398 -0.09526
   0.70838 -0.02271 -0.08251
   0.71559 -0.02141 -0.06897
   0.72281 -0.02007 -0.05458
   0.73004 -0.01870 -0.03980
   0.73728 -0.01729 -0.02365
   0.74453 -0.01584 -0.00604
   0.75180 -0.01436  0.01030
   0.75910 -0.01284  0.03033
   0.76642 -0.01128  0.04846
   0.77378 -0.00969  0.07028
   0.78118 -0.00807  0.08915
   0.78863 -0.00642  0.11266
   0.79611 -0.00475  0.13355
   0.80361 -0.00306  0.15800
   0.81108 -0.00138  0.18095
   0.81847  0.00029  0.20396
   0.82574  0.00191  0.22776
   0.83289  0.00348  0.24979
   0.83991  0.00499  0.27035
   0.84680  0.00644  0.29006
   0.85358  0.00782  0.30950
   0.86023  0.00913  0.32582
   0.86676  0.01036  0.34443
   0.87316  0.01151  0.35857
   0.87944  0.01258  0.37504
   0.88561  0.01356  0.38688
   0.89167  0.01445  0.39912
   0.89763  0.01526  0.40994
   0.90349  0.01599  0.41949
   0.90927  0.01663  0.42732
   0.91493  0.01718  0.43698
   0.92047  0.01765  0.44285
   0.92588  0.01803  0.45114
   0.93120  0.01832  0.45474
   0.93644  0.01853  0.45559
   0.94160  0.01868  0.45851
   0.94662  0.01876  0.46545
   0.95140  0.01879  0.48087
   0.95595  0.01872  0.49054
   0.96030  0.01853  0.49564
   0.96456  0.01820  0.48073
   0.96881  0.01775  0.45314
   0.97308  0.01723  0.42606
   0.97733  0.01672  0.41387
   0.98147  0.01621  0.42708
   0.98549  0.01562  0.43403
   0.98945  0.01488  0.38879
   0.99342  0.01406  0.32410
   0.99738  0.01325  0.29882
   1.00000  0.01271  0.25423
