GRUMMAN K-2 AIRFOIL                             
 Alfa =  -1.30450 Re =        0.000 Xflap,Yflap =     0.000000    0.000000
#    x        y        Cp  
   1.00000  0.01371  0.25422
   0.99740  0.01444  0.09925
   0.99329  0.01549  0.06151
   0.98889  0.01657  0.04619
   0.98423  0.01772  0.00587
   0.97929  0.01890 -0.02908
   0.97409  0.02011 -0.05503
   0.96867  0.02135 -0.08539
   0.96305  0.02259 -0.11191
   0.95727  0.02381 -0.13354
   0.95131  0.02502 -0.15444
   0.94520  0.02620 -0.16951
   0.93893  0.02735 -0.18256
   0.93253  0.02848 -0.19376
   0.92600  0.02957 -0.20093
   0.91932  0.03065 -0.20697
   0.91254  0.03170 -0.21392
   0.90568  0.03272 -0.22251
   0.89876  0.03372 -0.22995
   0.89181  0.03467 -0.23802
   0.88484  0.03559 -0.24397
   0.87782  0.03647 -0.24661
   0.87073  0.03731 -0.24772
   0.86355  0.03812 -0.24882
   0.85628  0.03891 -0.24759
   0.84891  0.03968 -0.24669
   0.84146  0.04044 -0.24665
   0.83396  0.04117 -0.24656
   0.82645  0.04190 -0.25227
   0.81896  0.04260 -0.25717
   0.81149  0.04327 -0.26073
   0.80402  0.04391 -0.26325
   0.79655  0.04452 -0.26566
   0.78909  0.04510 -0.26786
   0.78162  0.04565 -0.26855
   0.77414  0.04617 -0.26808
   0.76665  0.04666 -0.26844
   0.75914  0.04713 -0.26722
   0.75161  0.04756 -0.26539
   0.74405  0.04798 -0.26367
   0.73646  0.04837 -0.26072
   0.72884  0.04874 -0.25829
   0.72118  0.04909 -0.25541
   0.71350  0.04943 -0.25208
   0.70580  0.04974 -0.25027
   0.69806  0.05004 -0.24726
   0.69030  0.05033 -0.24517
   0.68252  0.05060 -0.24310
   0.67473  0.05086 -0.24128
   0.66693  0.05111 -0.23908
   0.65911  0.05135 -0.23783
   0.65129  0.05157 -0.23632
   0.64347  0.05178 -0.23427
   0.63563  0.05197 -0.23316
   0.62779  0.05216 -0.23163
   0.61994  0.05233 -0.22955
   0.61208  0.05249 -0.22904
   0.60421  0.05264 -0.22650
   0.59633  0.05278 -0.22565
   0.58846  0.05291 -0.22442
   0.58058  0.05303 -0.22378
   0.57270  0.05314 -0.22254
   0.56482  0.05324 -0.22163
   0.55693  0.05333 -0.22053
   0.54904  0.05340 -0.21986
   0.54115  0.05347 -0.21841
   0.53326  0.05353 -0.21806
   0.52537  0.05358 -0.21669
   0.51748  0.05361 -0.21575
   0.50958  0.05364 -0.21545
   0.50169  0.05366 -0.21382
   0.49380  0.05367 -0.21416
   0.48590  0.05367 -0.21247
   0.47801  0.05366 -0.21281
   0.47012  0.05363 -0.21177
   0.46224  0.05360 -0.21099
   0.45437  0.05356 -0.21035
   0.44650  0.05351 -0.20980
   0.43864  0.05345 -0.20867
   0.43079  0.05338 -0.20840
   0.42295  0.05330 -0.20807
   0.41514  0.05321 -0.20767
   0.40737  0.05312 -0.20827
   0.39966  0.05301 -0.20762
   0.39202  0.05289 -0.20880
   0.38445  0.05276 -0.20583
   0.37694  0.05262 -0.20317
   0.36954  0.05249 -0.20213
   0.36229  0.05236 -0.20921
   0.35524  0.05223 -0.21998
   0.34842  0.05207 -0.22914
   0.34179  0.05185 -0.22033
   0.33530  0.05159 -0.19341
   0.32892  0.05132 -0.16673
   0.32258  0.05111 -0.15300
   0.31625  0.05098 -0.16926
   0.30988  0.05089 -0.19846
   0.30343  0.05078 -0.22562
   0.29682  0.05061 -0.22786
   0.29002  0.05037 -0.21540
   0.28299  0.05009 -0.20354
   0.27579  0.04982 -0.20218
   0.26847  0.04954 -0.20614
   0.26108  0.04924 -0.20800
   0.25361  0.04892 -0.20678
   0.24607  0.04858 -0.20673
   0.23850  0.04823 -0.20763
   0.23092  0.04786 -0.20795
   0.22333  0.04747 -0.20864
   0.21574  0.04707 -0.20904
   0.20817  0.04664 -0.21071
   0.20063  0.04620 -0.21106
   0.19311  0.04574 -0.21172
   0.18563  0.04526 -0.21470
   0.17820  0.04475 -0.21426
   0.17081  0.04423 -0.21536
   0.16349  0.04368 -0.21757
   0.15624  0.04311 -0.21743
   0.14907  0.04251 -0.21965
   0.14200  0.04189 -0.22008
   0.13503  0.04125 -0.22086
   0.12818  0.04059 -0.22139
   0.12147  0.03990 -0.22141
   0.11493  0.03919 -0.22118
   0.10856  0.03847 -0.22098
   0.10240  0.03773 -0.22026
   0.09647  0.03699 -0.22094
   0.09078  0.03624 -0.22234
   0.08537  0.03550 -0.22068
   0.08024  0.03476 -0.22556
   0.07540  0.03403 -0.22695
   0.07085  0.03331 -0.23032
   0.06658  0.03261 -0.24247
   0.06257  0.03190 -0.24281
   0.05879  0.03120 -0.25340
   0.05523  0.03050 -0.25710
   0.05189  0.02978 -0.25478
   0.04873  0.02906 -0.24822
   0.04574  0.02833 -0.23694
   0.04291  0.02760 -0.22724
   0.04024  0.02687 -0.21203
   0.03771  0.02615 -0.19959
   0.03531  0.02543 -0.19120
   0.03305  0.02471 -0.16625
   0.03089  0.02399 -0.13607
   0.02884  0.02329 -0.11222
   0.02688  0.02260 -0.09628
   0.02502  0.02195 -0.09381
   0.02326  0.02131 -0.09140
   0.02159  0.02067 -0.08947
   0.02000  0.02005 -0.08286
   0.01849  0.01942 -0.07157
   0.01706  0.01880 -0.05305
   0.01569  0.01817 -0.02628
   0.01439  0.01754 -0.00365
   0.01314  0.01692  0.02002
   0.01194  0.01630  0.04086
   0.01080  0.01568  0.06052
   0.00971  0.01507  0.07920
   0.00867  0.01445  0.10454
   0.00767  0.01383  0.12229
   0.00672  0.01321  0.14680
   0.00581  0.01258  0.16730
   0.00495  0.01194  0.19811
   0.00414  0.01128  0.22184
   0.00338  0.01061  0.25008
   0.00268  0.00990  0.28390
   0.00207  0.00914  0.39105
   0.00154  0.00835  0.47861
   0.00111  0.00752  0.59298
   0.00078  0.00665  0.71834
   0.00053  0.00577  0.81801
   0.00035  0.00489  0.88908
   0.00022  0.00400  0.93621
   0.00012  0.00312  0.96961
   0.00005  0.00224  0.98848
   0.00001  0.00137  0.99817
  -0.00000  0.00051  0.99953
   0.00001 -0.00034  0.99361
   0.00004 -0.00120  0.98030
   0.00010 -0.00206  0.95914
   0.00020 -0.00292  0.94260
   0.00027 -0.00380  0.89561
   0.00039 -0.00468  0.86151
   0.00054 -0.00556  0.81139
   0.00072 -0.00645  0.75070
   0.00092 -0.00735  0.68373
   0.00115 -0.00824  0.60524
   0.00142 -0.00914  0.50561
   0.00173 -0.01004  0.39532
   0.00207 -0.01094  0.27000
   0.00247 -0.01182  0.09311
   0.00292 -0.01269  0.01200
   0.00342 -0.01356 -0.33784
   0.00402 -0.01437 -0.39955
   0.00470 -0.01514 -0.50840
   0.00546 -0.01587 -0.54291
   0.00629 -0.01657 -0.57162
   0.00717 -0.01724 -0.58204
   0.00811 -0.01789 -0.59678
   0.00910 -0.01851 -0.59421
   0.01015 -0.01912 -0.58929
   0.01125 -0.01971 -0.58840
   0.01240 -0.02029 -0.57999
   0.01361 -0.02086 -0.57314
   0.01488 -0.02142 -0.56477
   0.01621 -0.02198 -0.54921
   0.01761 -0.02253 -0.54050
   0.01908 -0.02307 -0.52396
   0.02063 -0.02362 -0.51822
   0.02226 -0.02417 -0.50463
   0.02397 -0.02472 -0.48881
   0.02579 -0.02528 -0.48083
   0.02770 -0.02584 -0.46979
   0.02973 -0.02641 -0.46140
   0.03189 -0.02700 -0.45310
   0.03419 -0.02759 -0.44615
   0.03663 -0.02820 -0.43488
   0.03924 -0.02882 -0.42781
   0.04203 -0.02945 -0.41652
   0.04502 -0.03011 -0.40939
   0.04822 -0.03078 -0.40313
   0.05165 -0.03148 -0.39936
   0.05533 -0.03220 -0.39450
   0.05925 -0.03293 -0.39103
   0.06344 -0.03368 -0.38587
   0.06789 -0.03445 -0.38344
   0.07262 -0.03522 -0.37828
   0.07761 -0.03600 -0.37647
   0.08288 -0.03679 -0.37279
   0.08842 -0.03758 -0.36921
   0.09419 -0.03836 -0.36587
   0.10019 -0.03914 -0.36356
   0.10638 -0.03991 -0.36243
   0.11276 -0.04065 -0.36123
   0.11929 -0.04138 -0.36022
   0.12594 -0.04208 -0.35865
   0.13272 -0.04276 -0.35736
   0.13959 -0.04340 -0.35571
   0.14656 -0.04401 -0.35241
   0.15362 -0.04460 -0.35049
   0.16075 -0.04515 -0.34639
   0.16794 -0.04567 -0.34394
   0.17519 -0.04616 -0.34038
   0.18248 -0.04663 -0.33820
   0.18981 -0.04706 -0.33584
   0.19717 -0.04747 -0.33428
   0.20456 -0.04785 -0.32993
   0.21197 -0.04820 -0.32890
   0.21942 -0.04852 -0.32461
   0.22690 -0.04882 -0.32187
   0.23441 -0.04909 -0.31698
   0.24195 -0.04934 -0.31472
   0.24951 -0.04956 -0.31253
   0.25708 -0.04977 -0.30913
   0.26468 -0.04995 -0.30769
   0.27229 -0.05011 -0.30330
   0.27991 -0.05024 -0.30174
   0.28756 -0.05036 -0.29820
   0.29522 -0.05046 -0.29613
   0.30289 -0.05054 -0.29415
   0.31057 -0.05060 -0.29194
   0.31825 -0.05064 -0.28964
   0.32595 -0.05066 -0.28794
   0.33364 -0.05066 -0.28633
   0.34135 -0.05065 -0.28442
   0.34906 -0.05061 -0.28263
   0.35677 -0.05056 -0.28072
   0.36448 -0.05048 -0.27900
   0.37219 -0.05039 -0.27739
   0.37990 -0.05028 -0.27527
   0.38761 -0.05015 -0.27389
   0.39532 -0.05001 -0.27248
   0.40302 -0.04984 -0.27106
   0.41072 -0.04966 -0.26894
   0.41842 -0.04945 -0.26827
   0.42610 -0.04923 -0.26685
   0.43378 -0.04899 -0.26607
   0.44144 -0.04873 -0.26390
   0.44910 -0.04845 -0.26329
   0.45674 -0.04815 -0.26172
   0.46437 -0.04783 -0.26096
   0.47199 -0.04749 -0.25922
   0.47960 -0.04713 -0.25732
   0.48720 -0.04674 -0.25597
   0.49478 -0.04634 -0.25422
   0.50235 -0.04590 -0.25179
   0.50991 -0.04545 -0.25052
   0.51745 -0.04497 -0.24787
   0.52498 -0.04447 -0.24540
   0.53250 -0.04395 -0.24326
   0.54000 -0.04340 -0.24065
   0.54749 -0.04282 -0.23778
   0.55497 -0.04222 -0.23461
   0.56243 -0.04159 -0.23093
   0.56987 -0.04093 -0.22757
   0.57730 -0.04025 -0.22385
   0.58471 -0.03954 -0.21968
   0.59210 -0.03881 -0.21546
   0.59948 -0.03804 -0.21100
   0.60683 -0.03724 -0.20638
   0.61417 -0.03642 -0.20012
   0.62149 -0.03556 -0.19537
   0.62879 -0.03468 -0.18807
   0.63608 -0.03376 -0.18236
   0.64335 -0.03281 -0.17419
   0.65061 -0.03183 -0.16706
   0.65786 -0.03081 -0.15848
   0.66510 -0.02976 -0.14955
   0.67232 -0.02867 -0.13975
   0.67954 -0.02755 -0.12961
   0.68676 -0.02640 -0.11904
   0.69397 -0.02520 -0.10780
   0.70117 -0.02398 -0.09501
   0.70838 -0.02271 -0.08227
   0.71559 -0.02141 -0.06873
   0.72281 -0.02007 -0.05435
   0.73004 -0.01870 -0.03958
   0.73728 -0.01729 -0.02344
   0.74453 -0.01584 -0.00584
   0.75180 -0.01436  0.01050
   0.75910 -0.01284  0.03052
   0.76642 -0.01128  0.04864
   0.77378 -0.00969  0.07045
   0.78118 -0.00807  0.08932
   0.78863 -0.00642  0.11282
   0.79611 -0.00475  0.13370
   0.80361 -0.00306  0.15814
   0.81108 -0.00138  0.18108
   0.81847  0.00029  0.20409
   0.82574  0.00191  0.22788
   0.83289  0.00348  0.24991
   0.83991  0.00499  0.27046
   0.84680  0.00644  0.29016
   0.85358  0.00782  0.30960
   0.86023  0.00913  0.32591
   0.86676  0.01036  0.34452
   0.87316  0.01151  0.35865
   0.87944  0.01258  0.37512
   0.88561  0.01356  0.38696
   0.89167  0.01445  0.39919
   0.89763  0.01526  0.41000
   0.90349  0.01599  0.41956
   0.90927  0.01663  0.42738
   0.91493  0.01718  0.43704
   0.92047  0.01765  0.44291
   0.92588  0.01803  0.45119
   0.93120  0.01832  0.45479
   0.93644  0.01853  0.45563
   0.94160  0.01868  0.45856
   0.94662  0.01876  0.46550
   0.95140  0.01879  0.48091
   0.95595  0.01872  0.49058
   0.96030  0.01853  0.49567
   0.96456  0.01820  0.48077
   0.96881  0.01775  0.45318
   0.97308  0.01723  0.42610
   0.97733  0.01672  0.41391
   0.98147  0.01621  0.42711
   0.98549  0.01562  0.43406
   0.98945  0.01488  0.38881
   0.99342  0.01406  0.32412
   0.99738  0.01325  0.29884
   1.00000  0.01271  0.25422
