GRUMMAN K-2 AIRFOIL                             
 Alfa =  -1.18600 Re =        0.000 Xflap,Yflap =     0.000000    0.000000
#    x        y        Cp  
   1.00000  0.01371  0.25416
   0.99740  0.01444  0.09909
   0.99329  0.01549  0.06130
   0.98889  0.01657  0.04585
   0.98423  0.01772  0.00539
   0.97929  0.01890 -0.02962
   0.97409  0.02011 -0.05565
   0.96867  0.02135 -0.08613
   0.96305  0.02259 -0.11272
   0.95727  0.02381 -0.13443
   0.95131  0.02502 -0.15544
   0.94520  0.02620 -0.17059
   0.93893  0.02735 -0.18373
   0.93253  0.02848 -0.19502
   0.92600  0.02957 -0.20224
   0.91932  0.03065 -0.20839
   0.91254  0.03170 -0.21538
   0.90568  0.03272 -0.22409
   0.89876  0.03372 -0.23156
   0.89181  0.03467 -0.23974
   0.88484  0.03559 -0.24577
   0.87782  0.03647 -0.24845
   0.87073  0.03731 -0.24964
   0.86355  0.03812 -0.25082
   0.85628  0.03891 -0.24960
   0.84891  0.03968 -0.24882
   0.84146  0.04044 -0.24881
   0.83396  0.04117 -0.24881
   0.82645  0.04190 -0.25457
   0.81896  0.04260 -0.25955
   0.81149  0.04327 -0.26319
   0.80402  0.04391 -0.26575
   0.79655  0.04452 -0.26826
   0.78909  0.04510 -0.27047
   0.78162  0.04565 -0.27129
   0.77414  0.04617 -0.27086
   0.76665  0.04666 -0.27131
   0.75914  0.04713 -0.27011
   0.75161  0.04756 -0.26835
   0.74405  0.04798 -0.26666
   0.73646  0.04837 -0.26380
   0.72884  0.04874 -0.26141
   0.72118  0.04909 -0.25858
   0.71350  0.04943 -0.25532
   0.70580  0.04974 -0.25356
   0.69806  0.05004 -0.25058
   0.69030  0.05033 -0.24859
   0.68252  0.05060 -0.24654
   0.67473  0.05086 -0.24481
   0.66693  0.05111 -0.24265
   0.65911  0.05135 -0.24145
   0.65129  0.05157 -0.24003
   0.64347  0.05178 -0.23802
   0.63563  0.05197 -0.23696
   0.62779  0.05216 -0.23550
   0.61994  0.05233 -0.23350
   0.61208  0.05249 -0.23302
   0.60421  0.05264 -0.23055
   0.59633  0.05278 -0.22978
   0.58846  0.05291 -0.22861
   0.58058  0.05303 -0.22804
   0.57270  0.05314 -0.22686
   0.56482  0.05324 -0.22600
   0.55693  0.05333 -0.22498
   0.54904  0.05340 -0.22438
   0.54115  0.05347 -0.22300
   0.53326  0.05353 -0.22272
   0.52537  0.05358 -0.22141
   0.51748  0.05361 -0.22057
   0.50958  0.05364 -0.22033
   0.50169  0.05366 -0.21877
   0.49380  0.05367 -0.21919
   0.48590  0.05367 -0.21757
   0.47801  0.05366 -0.21800
   0.47012  0.05363 -0.21703
   0.46224  0.05360 -0.21634
   0.45437  0.05356 -0.21578
   0.44650  0.05351 -0.21531
   0.43864  0.05345 -0.21426
   0.43079  0.05338 -0.21410
   0.42295  0.05330 -0.21384
   0.41514  0.05321 -0.21354
   0.40737  0.05312 -0.21423
   0.39966  0.05301 -0.21368
   0.39202  0.05289 -0.21495
   0.38445  0.05276 -0.21208
   0.37694  0.05262 -0.20949
   0.36954  0.05249 -0.20855
   0.36229  0.05236 -0.21577
   0.35524  0.05223 -0.22672
   0.34842  0.05207 -0.23600
   0.34179  0.05185 -0.22726
   0.33530  0.05159 -0.20028
   0.32892  0.05132 -0.17354
   0.32258  0.05111 -0.15984
   0.31625  0.05098 -0.17628
   0.30988  0.05089 -0.20576
   0.30343  0.05078 -0.23322
   0.29682  0.05061 -0.23558
   0.29002  0.05037 -0.22316
   0.28299  0.05009 -0.21136
   0.27579  0.04982 -0.21013
   0.26847  0.04954 -0.21427
   0.26108  0.04924 -0.21628
   0.25361  0.04892 -0.21523
   0.24607  0.04858 -0.21535
   0.23850  0.04823 -0.21643
   0.23092  0.04786 -0.21694
   0.22333  0.04747 -0.21783
   0.21574  0.04707 -0.21843
   0.20817  0.04664 -0.22033
   0.20063  0.04620 -0.22091
   0.19311  0.04574 -0.22180
   0.18563  0.04526 -0.22506
   0.17820  0.04475 -0.22488
   0.17081  0.04423 -0.22626
   0.16349  0.04368 -0.22877
   0.15624  0.04311 -0.22894
   0.14907  0.04251 -0.23150
   0.14200  0.04189 -0.23227
   0.13503  0.04125 -0.23341
   0.12818  0.04059 -0.23433
   0.12147  0.03990 -0.23475
   0.11493  0.03919 -0.23493
   0.10856  0.03847 -0.23517
   0.10240  0.03773 -0.23491
   0.09647  0.03699 -0.23608
   0.09078  0.03624 -0.23800
   0.08537  0.03550 -0.23686
   0.08024  0.03476 -0.24234
   0.07540  0.03403 -0.24432
   0.07085  0.03331 -0.24832
   0.06658  0.03261 -0.26126
   0.06257  0.03190 -0.26223
   0.05879  0.03120 -0.27366
   0.05523  0.03050 -0.27809
   0.05189  0.02978 -0.27643
   0.04873  0.02906 -0.27049
   0.04574  0.02833 -0.25976
   0.04291  0.02760 -0.25065
   0.04024  0.02687 -0.23593
   0.03771  0.02615 -0.22406
   0.03531  0.02543 -0.21634
   0.03305  0.02471 -0.19171
   0.03089  0.02399 -0.16176
   0.02884  0.02329 -0.13823
   0.02688  0.02260 -0.12285
   0.02502  0.02195 -0.12126
   0.02326  0.02131 -0.11980
   0.02159  0.02067 -0.11886
   0.02000  0.02005 -0.11319
   0.01849  0.01942 -0.10278
   0.01706  0.01880 -0.08493
   0.01569  0.01817 -0.05866
   0.01439  0.01754 -0.03660
   0.01314  0.01692 -0.01359
   0.01194  0.01630  0.00645
   0.01080  0.01568  0.02521
   0.00971  0.01507  0.04293
   0.00867  0.01445  0.06734
   0.00767  0.01383  0.08389
   0.00672  0.01321  0.10717
   0.00581  0.01258  0.12617
   0.00495  0.01194  0.15563
   0.00414  0.01128  0.17752
   0.00338  0.01061  0.20353
   0.00268  0.00990  0.23512
   0.00207  0.00914  0.34467
   0.00154  0.00835  0.43374
   0.00111  0.00752  0.55248
   0.00078  0.00665  0.68531
   0.00053  0.00577  0.79222
   0.00035  0.00489  0.86946
   0.00022  0.00400  0.92156
   0.00012  0.00312  0.95950
   0.00005  0.00224  0.98212
   0.00001  0.00137  0.99527
  -0.00000  0.00051  0.99998
   0.00001 -0.00034  0.99703
   0.00004 -0.00120  0.98677
   0.00010 -0.00206  0.96889
   0.00020 -0.00292  0.95337
   0.00027 -0.00380  0.91167
   0.00039 -0.00468  0.87945
   0.00054 -0.00556  0.83254
   0.00072 -0.00645  0.77521
   0.00092 -0.00735  0.71151
   0.00115 -0.00824  0.63651
   0.00142 -0.00914  0.54101
   0.00173 -0.01004  0.43497
   0.00207 -0.01094  0.31393
   0.00247 -0.01182  0.14337
   0.00292 -0.01269  0.06295
   0.00342 -0.01356 -0.27372
   0.00402 -0.01437 -0.33718
   0.00470 -0.01514 -0.44517
   0.00546 -0.01587 -0.48209
   0.00629 -0.01657 -0.51295
   0.00717 -0.01724 -0.52596
   0.00811 -0.01789 -0.54284
   0.00910 -0.01851 -0.54267
   0.01015 -0.01912 -0.54007
   0.01125 -0.01971 -0.54120
   0.01240 -0.02029 -0.53478
   0.01361 -0.02086 -0.52979
   0.01488 -0.02142 -0.52321
   0.01621 -0.02198 -0.50944
   0.01761 -0.02253 -0.50232
   0.01908 -0.02307 -0.48735
   0.02063 -0.02362 -0.48296
   0.02226 -0.02417 -0.47076
   0.02397 -0.02472 -0.45630
   0.02579 -0.02528 -0.44953
   0.02770 -0.02584 -0.43964
   0.02973 -0.02641 -0.43233
   0.03189 -0.02700 -0.42505
   0.03419 -0.02759 -0.41909
   0.03663 -0.02820 -0.40882
   0.03924 -0.02882 -0.40268
   0.04203 -0.02945 -0.39233
   0.04502 -0.03011 -0.38607
   0.04822 -0.03078 -0.38063
   0.05165 -0.03148 -0.37763
   0.05533 -0.03220 -0.37352
   0.05925 -0.03293 -0.37077
   0.06344 -0.03368 -0.36633
   0.06789 -0.03445 -0.36458
   0.07262 -0.03522 -0.36008
   0.07761 -0.03600 -0.35889
   0.08288 -0.03679 -0.35581
   0.08842 -0.03758 -0.35281
   0.09419 -0.03836 -0.35004
   0.10019 -0.03914 -0.34824
   0.10638 -0.03991 -0.34760
   0.11276 -0.04065 -0.34685
   0.11929 -0.04138 -0.34628
   0.12594 -0.04208 -0.34513
   0.13272 -0.04276 -0.34424
   0.13959 -0.04340 -0.34297
   0.14656 -0.04401 -0.34003
   0.15362 -0.04460 -0.33846
   0.16075 -0.04515 -0.33469
   0.16794 -0.04567 -0.33255
   0.17519 -0.04616 -0.32930
   0.18248 -0.04663 -0.32740
   0.18981 -0.04706 -0.32531
   0.19717 -0.04747 -0.32401
   0.20456 -0.04785 -0.31990
   0.21197 -0.04820 -0.31910
   0.21942 -0.04852 -0.31506
   0.22690 -0.04882 -0.31254
   0.23441 -0.04909 -0.30787
   0.24195 -0.04934 -0.30581
   0.24951 -0.04956 -0.30381
   0.25708 -0.04977 -0.30060
   0.26468 -0.04995 -0.29934
   0.27229 -0.05011 -0.29513
   0.27991 -0.05024 -0.29374
   0.28756 -0.05036 -0.29035
   0.29522 -0.05046 -0.28845
   0.30289 -0.05054 -0.28662
   0.31057 -0.05060 -0.28456
   0.31825 -0.05064 -0.28239
   0.32595 -0.05066 -0.28084
   0.33364 -0.05066 -0.27936
   0.34135 -0.05065 -0.27758
   0.34906 -0.05061 -0.27590
   0.35677 -0.05056 -0.27413
   0.36448 -0.05048 -0.27253
   0.37219 -0.05039 -0.27101
   0.37990 -0.05028 -0.26904
   0.38761 -0.05015 -0.26774
   0.39532 -0.05001 -0.26646
   0.40302 -0.04984 -0.26514
   0.41072 -0.04966 -0.26311
   0.41842 -0.04945 -0.26255
   0.42610 -0.04923 -0.26123
   0.43378 -0.04899 -0.26054
   0.44144 -0.04873 -0.25846
   0.44910 -0.04845 -0.25795
   0.45674 -0.04815 -0.25646
   0.46437 -0.04783 -0.25579
   0.47199 -0.04749 -0.25413
   0.47960 -0.04713 -0.25232
   0.48720 -0.04674 -0.25106
   0.49478 -0.04634 -0.24939
   0.50235 -0.04590 -0.24705
   0.50991 -0.04545 -0.24587
   0.51745 -0.04497 -0.24327
   0.52498 -0.04447 -0.24091
   0.53250 -0.04395 -0.23884
   0.54000 -0.04340 -0.23631
   0.54749 -0.04282 -0.23352
   0.55497 -0.04222 -0.23043
   0.56243 -0.04159 -0.22684
   0.56987 -0.04093 -0.22354
   0.57730 -0.04025 -0.21990
   0.58471 -0.03954 -0.21582
   0.59210 -0.03881 -0.21166
   0.59948 -0.03804 -0.20729
   0.60683 -0.03724 -0.20273
   0.61417 -0.03642 -0.19654
   0.62149 -0.03556 -0.19187
   0.62879 -0.03468 -0.18466
   0.63608 -0.03376 -0.17902
   0.64335 -0.03281 -0.17092
   0.65061 -0.03183 -0.16389
   0.65786 -0.03081 -0.15537
   0.66510 -0.02976 -0.14652
   0.67232 -0.02867 -0.13681
   0.67954 -0.02755 -0.12676
   0.68676 -0.02640 -0.11623
   0.69397 -0.02520 -0.10509
   0.70117 -0.02398 -0.09238
   0.70838 -0.02271 -0.07972
   0.71559 -0.02141 -0.06627
   0.72281 -0.02007 -0.05196
   0.73004 -0.01870 -0.03726
   0.73728 -0.01729 -0.02121
   0.74453 -0.01584 -0.00372
   0.75180 -0.01436  0.01258
   0.75910 -0.01284  0.03251
   0.76642 -0.01128  0.05052
   0.77378 -0.00969  0.07226
   0.78118 -0.00807  0.09106
   0.78863 -0.00642  0.11448
   0.79611 -0.00475  0.13527
   0.80361 -0.00306  0.15963
   0.81108 -0.00138  0.18249
   0.81847  0.00029  0.20544
   0.82574  0.00191  0.22914
   0.83289  0.00348  0.25111
   0.83991  0.00499  0.27158
   0.84680  0.00644  0.29124
   0.85358  0.00782  0.31062
   0.86023  0.00913  0.32687
   0.86676  0.01036  0.34542
   0.87316  0.01151  0.35955
   0.87944  0.01258  0.37593
   0.88561  0.01356  0.38774
   0.89167  0.01445  0.39994
   0.89763  0.01526  0.41070
   0.90349  0.01599  0.42025
   0.90927  0.01663  0.42803
   0.91493  0.01718  0.43764
   0.92047  0.01765  0.44353
   0.92588  0.01803  0.45173
   0.93120  0.01832  0.45533
   0.93644  0.01853  0.45615
   0.94160  0.01868  0.45905
   0.94662  0.01876  0.46600
   0.95140  0.01879  0.48133
   0.95595  0.01872  0.49100
   0.96030  0.01853  0.49607
   0.96456  0.01820  0.48113
   0.96881  0.01775  0.45358
   0.97308  0.01723  0.42648
   0.97733  0.01672  0.41428
   0.98147  0.01621  0.42742
   0.98549  0.01562  0.43434
   0.98945  0.01488  0.38910
   0.99342  0.01406  0.32441
   0.99738  0.01325  0.29907
   1.00000  0.01271  0.25416
