GRUMMAN K-2 AIRFOIL                             
 Alfa =  -1.24900 Re =        0.000 Xflap,Yflap =     0.000000    0.000000
#    x        y        Cp  
   1.00000  0.01371  0.25419
   0.99740  0.01444  0.09917
   0.99329  0.01549  0.06141
   0.98889  0.01657  0.04603
   0.98423  0.01772  0.00564
   0.97929  0.01890 -0.02933
   0.97409  0.02011 -0.05532
   0.96867  0.02135 -0.08574
   0.96305  0.02259 -0.11229
   0.95727  0.02381 -0.13396
   0.95131  0.02502 -0.15491
   0.94520  0.02620 -0.17002
   0.93893  0.02735 -0.18311
   0.93253  0.02848 -0.19435
   0.92600  0.02957 -0.20155
   0.91932  0.03065 -0.20764
   0.91254  0.03170 -0.21460
   0.90568  0.03272 -0.22325
   0.89876  0.03372 -0.23070
   0.89181  0.03467 -0.23883
   0.88484  0.03559 -0.24481
   0.87782  0.03647 -0.24747
   0.87073  0.03731 -0.24862
   0.86355  0.03812 -0.24976
   0.85628  0.03891 -0.24853
   0.84891  0.03968 -0.24769
   0.84146  0.04044 -0.24766
   0.83396  0.04117 -0.24761
   0.82645  0.04190 -0.25335
   0.81896  0.04260 -0.25829
   0.81149  0.04327 -0.26188
   0.80402  0.04391 -0.26442
   0.79655  0.04452 -0.26688
   0.78909  0.04510 -0.26908
   0.78162  0.04565 -0.26983
   0.77414  0.04617 -0.26938
   0.76665  0.04666 -0.26979
   0.75914  0.04713 -0.26858
   0.75161  0.04756 -0.26678
   0.74405  0.04798 -0.26507
   0.73646  0.04837 -0.26216
   0.72884  0.04874 -0.25975
   0.72118  0.04909 -0.25689
   0.71350  0.04943 -0.25360
   0.70580  0.04974 -0.25181
   0.69806  0.05004 -0.24882
   0.69030  0.05033 -0.24677
   0.68252  0.05060 -0.24471
   0.67473  0.05086 -0.24294
   0.66693  0.05111 -0.24076
   0.65911  0.05135 -0.23953
   0.65129  0.05157 -0.23806
   0.64347  0.05178 -0.23603
   0.63563  0.05197 -0.23494
   0.62779  0.05216 -0.23344
   0.61994  0.05233 -0.23140
   0.61208  0.05249 -0.23090
   0.60421  0.05264 -0.22840
   0.59633  0.05278 -0.22759
   0.58846  0.05291 -0.22639
   0.58058  0.05303 -0.22578
   0.57270  0.05314 -0.22456
   0.56482  0.05324 -0.22368
   0.55693  0.05333 -0.22261
   0.54904  0.05340 -0.22197
   0.54115  0.05347 -0.22056
   0.53326  0.05353 -0.22024
   0.52537  0.05358 -0.21890
   0.51748  0.05361 -0.21801
   0.50958  0.05364 -0.21773
   0.50169  0.05366 -0.21614
   0.49380  0.05367 -0.21652
   0.48590  0.05367 -0.21486
   0.47801  0.05366 -0.21524
   0.47012  0.05363 -0.21423
   0.46224  0.05360 -0.21350
   0.45437  0.05356 -0.21289
   0.44650  0.05351 -0.21238
   0.43864  0.05345 -0.21129
   0.43079  0.05338 -0.21107
   0.42295  0.05330 -0.21077
   0.41514  0.05321 -0.21042
   0.40737  0.05312 -0.21106
   0.39966  0.05301 -0.21046
   0.39202  0.05289 -0.21168
   0.38445  0.05276 -0.20875
   0.37694  0.05262 -0.20613
   0.36954  0.05249 -0.20514
   0.36229  0.05236 -0.21228
   0.35524  0.05223 -0.22314
   0.34842  0.05207 -0.23235
   0.34179  0.05185 -0.22357
   0.33530  0.05159 -0.19663
   0.32892  0.05132 -0.16992
   0.32258  0.05111 -0.15620
   0.31625  0.05098 -0.17254
   0.30988  0.05089 -0.20188
   0.30343  0.05078 -0.22918
   0.29682  0.05061 -0.23147
   0.29002  0.05037 -0.21903
   0.28299  0.05009 -0.20720
   0.27579  0.04982 -0.20590
   0.26847  0.04954 -0.20995
   0.26108  0.04924 -0.21188
   0.25361  0.04892 -0.21074
   0.24607  0.04858 -0.21077
   0.23850  0.04823 -0.21175
   0.23092  0.04786 -0.21216
   0.22333  0.04747 -0.21294
   0.21574  0.04707 -0.21343
   0.20817  0.04664 -0.21521
   0.20063  0.04620 -0.21567
   0.19311  0.04574 -0.21644
   0.18563  0.04526 -0.21954
   0.17820  0.04475 -0.21923
   0.17081  0.04423 -0.22046
   0.16349  0.04368 -0.22281
   0.15624  0.04311 -0.22282
   0.14907  0.04251 -0.22519
   0.14200  0.04189 -0.22579
   0.13503  0.04125 -0.22673
   0.12818  0.04059 -0.22744
   0.12147  0.03990 -0.22765
   0.11493  0.03919 -0.22761
   0.10856  0.03847 -0.22761
   0.10240  0.03773 -0.22711
   0.09647  0.03699 -0.22802
   0.09078  0.03624 -0.22966
   0.08537  0.03550 -0.22825
   0.08024  0.03476 -0.23340
   0.07540  0.03403 -0.23507
   0.07085  0.03331 -0.23873
   0.06658  0.03261 -0.25125
   0.06257  0.03190 -0.25189
   0.05879  0.03120 -0.26287
   0.05523  0.03050 -0.26691
   0.05189  0.02978 -0.26490
   0.04873  0.02906 -0.25863
   0.04574  0.02833 -0.24760
   0.04291  0.02760 -0.23818
   0.04024  0.02687 -0.22320
   0.03771  0.02615 -0.21102
   0.03531  0.02543 -0.20294
   0.03305  0.02471 -0.17814
   0.03089  0.02399 -0.14806
   0.02884  0.02329 -0.12436
   0.02688  0.02260 -0.10869
   0.02502  0.02195 -0.10662
   0.02326  0.02131 -0.10466
   0.02159  0.02067 -0.10319
   0.02000  0.02005 -0.09702
   0.01849  0.01942 -0.08613
   0.01706  0.01880 -0.06793
   0.01569  0.01817 -0.04138
   0.01439  0.01754 -0.01901
   0.01314  0.01692  0.00434
   0.01194  0.01630  0.02482
   0.01080  0.01568  0.04406
   0.00971  0.01507  0.06230
   0.00867  0.01445  0.08721
   0.00767  0.01383  0.10441
   0.00672  0.01321  0.12835
   0.00581  0.01258  0.14816
   0.00495  0.01194  0.17835
   0.00414  0.01128  0.20123
   0.00338  0.01061  0.22845
   0.00268  0.00990  0.26125
   0.00207  0.00914  0.36954
   0.00154  0.00835  0.45782
   0.00111  0.00752  0.57425
   0.00078  0.00665  0.70310
   0.00053  0.00577  0.80614
   0.00035  0.00489  0.88009
   0.00022  0.00400  0.92954
   0.00012  0.00312  0.96505
   0.00005  0.00224  0.98567
   0.00001  0.00137  0.99698
  -0.00000  0.00051  0.99991
   0.00001 -0.00034  0.99537
   0.00004 -0.00120  0.98349
   0.00010 -0.00206  0.96387
   0.00020 -0.00292  0.94778
   0.00027 -0.00380  0.90330
   0.00039 -0.00468  0.87006
   0.00054 -0.00556  0.82145
   0.00072 -0.00645  0.76234
   0.00092 -0.00735  0.69690
   0.00115 -0.00824  0.62005
   0.00142 -0.00914  0.52235
   0.00173 -0.01004  0.41405
   0.00207 -0.01094  0.29074
   0.00247 -0.01182  0.11682
   0.00292 -0.01269  0.03603
   0.00342 -0.01356 -0.30761
   0.00402 -0.01437 -0.37016
   0.00470 -0.01514 -0.47862
   0.00546 -0.01587 -0.51428
   0.00629 -0.01657 -0.54400
   0.00717 -0.01724 -0.55565
   0.00811 -0.01789 -0.57140
   0.00910 -0.01851 -0.56997
   0.01015 -0.01912 -0.56614
   0.01125 -0.01971 -0.56621
   0.01240 -0.02029 -0.55874
   0.01361 -0.02086 -0.55276
   0.01488 -0.02142 -0.54523
   0.01621 -0.02198 -0.53052
   0.01761 -0.02253 -0.52256
   0.01908 -0.02307 -0.50676
   0.02063 -0.02362 -0.50166
   0.02226 -0.02417 -0.48872
   0.02397 -0.02472 -0.47354
   0.02579 -0.02528 -0.46613
   0.02770 -0.02584 -0.45563
   0.02973 -0.02641 -0.44775
   0.03189 -0.02700 -0.43993
   0.03419 -0.02759 -0.43345
   0.03663 -0.02820 -0.42264
   0.03924 -0.02882 -0.41602
   0.04203 -0.02945 -0.40516
   0.04502 -0.03011 -0.39844
   0.04822 -0.03078 -0.39257
   0.05165 -0.03148 -0.38916
   0.05533 -0.03220 -0.38466
   0.05925 -0.03293 -0.38152
   0.06344 -0.03368 -0.37670
   0.06789 -0.03445 -0.37459
   0.07262 -0.03522 -0.36974
   0.07761 -0.03600 -0.36823
   0.08288 -0.03679 -0.36483
   0.08842 -0.03758 -0.36152
   0.09419 -0.03836 -0.35845
   0.10019 -0.03914 -0.35638
   0.10638 -0.03991 -0.35548
   0.11276 -0.04065 -0.35449
   0.11929 -0.04138 -0.35368
   0.12594 -0.04208 -0.35231
   0.13272 -0.04276 -0.35121
   0.13959 -0.04340 -0.34974
   0.14656 -0.04401 -0.34661
   0.15362 -0.04460 -0.34485
   0.16075 -0.04515 -0.34090
   0.16794 -0.04567 -0.33860
   0.17519 -0.04616 -0.33519
   0.18248 -0.04663 -0.33314
   0.18981 -0.04706 -0.33091
   0.19717 -0.04747 -0.32946
   0.20456 -0.04785 -0.32523
   0.21197 -0.04820 -0.32431
   0.21942 -0.04852 -0.32013
   0.22690 -0.04882 -0.31750
   0.23441 -0.04909 -0.31271
   0.24195 -0.04934 -0.31054
   0.24951 -0.04956 -0.30844
   0.25708 -0.04977 -0.30513
   0.26468 -0.04995 -0.30378
   0.27229 -0.05011 -0.29947
   0.27991 -0.05024 -0.29799
   0.28756 -0.05036 -0.29452
   0.29522 -0.05046 -0.29253
   0.30289 -0.05054 -0.29063
   0.31057 -0.05060 -0.28848
   0.31825 -0.05064 -0.28624
   0.32595 -0.05066 -0.28461
   0.33364 -0.05066 -0.28307
   0.34135 -0.05065 -0.28121
   0.34906 -0.05061 -0.27948
   0.35677 -0.05056 -0.27763
   0.36448 -0.05048 -0.27597
   0.37219 -0.05039 -0.27440
   0.37990 -0.05028 -0.27235
   0.38761 -0.05015 -0.27101
   0.39532 -0.05001 -0.26966
   0.40302 -0.04984 -0.26829
   0.41072 -0.04966 -0.26621
   0.41842 -0.04945 -0.26559
   0.42610 -0.04923 -0.26422
   0.43378 -0.04899 -0.26348
   0.44144 -0.04873 -0.26135
   0.44910 -0.04845 -0.26079
   0.45674 -0.04815 -0.25925
   0.46437 -0.04783 -0.25853
   0.47199 -0.04749 -0.25684
   0.47960 -0.04713 -0.25498
   0.48720 -0.04674 -0.25367
   0.49478 -0.04634 -0.25195
   0.50235 -0.04590 -0.24957
   0.50991 -0.04545 -0.24835
   0.51745 -0.04497 -0.24572
   0.52498 -0.04447 -0.24330
   0.53250 -0.04395 -0.24119
   0.54000 -0.04340 -0.23862
   0.54749 -0.04282 -0.23578
   0.55497 -0.04222 -0.23265
   0.56243 -0.04159 -0.22901
   0.56987 -0.04093 -0.22568
   0.57730 -0.04025 -0.22200
   0.58471 -0.03954 -0.21787
   0.59210 -0.03881 -0.21368
   0.59948 -0.03804 -0.20926
   0.60683 -0.03724 -0.20467
   0.61417 -0.03642 -0.19844
   0.62149 -0.03556 -0.19373
   0.62879 -0.03468 -0.18648
   0.63608 -0.03376 -0.18080
   0.64335 -0.03281 -0.17266
   0.65061 -0.03183 -0.16558
   0.65786 -0.03081 -0.15703
   0.66510 -0.02976 -0.14813
   0.67232 -0.02867 -0.13837
   0.67954 -0.02755 -0.12828
   0.68676 -0.02640 -0.11772
   0.69397 -0.02520 -0.10653
   0.70117 -0.02398 -0.09378
   0.70838 -0.02271 -0.08108
   0.71559 -0.02141 -0.06758
   0.72281 -0.02007 -0.05323
   0.73004 -0.01870 -0.03849
   0.73728 -0.01729 -0.02240
   0.74453 -0.01584 -0.00485
   0.75180 -0.01436  0.01147
   0.75910 -0.01284  0.03145
   0.76642 -0.01128  0.04952
   0.77378 -0.00969  0.07130
   0.78118 -0.00807  0.09013
   0.78863 -0.00642  0.11360
   0.79611 -0.00475  0.13443
   0.80361 -0.00306  0.15883
   0.81108 -0.00138  0.18174
   0.81847  0.00029  0.20472
   0.82574  0.00191  0.22847
   0.83289  0.00348  0.25047
   0.83991  0.00499  0.27098
   0.84680  0.00644  0.29067
   0.85358  0.00782  0.31008
   0.86023  0.00913  0.32636
   0.86676  0.01036  0.34494
   0.87316  0.01151  0.35907
   0.87944  0.01258  0.37550
   0.88561  0.01356  0.38732
   0.89167  0.01445  0.39954
   0.89763  0.01526  0.41033
   0.90349  0.01599  0.41988
   0.90927  0.01663  0.42768
   0.91493  0.01718  0.43732
   0.92047  0.01765  0.44320
   0.92588  0.01803  0.45144
   0.93120  0.01832  0.45504
   0.93644  0.01853  0.45587
   0.94160  0.01868  0.45879
   0.94662  0.01876  0.46574
   0.95140  0.01879  0.48111
   0.95595  0.01872  0.49078
   0.96030  0.01853  0.49586
   0.96456  0.01820  0.48094
   0.96881  0.01775  0.45337
   0.97308  0.01723  0.42627
   0.97733  0.01672  0.41408
   0.98147  0.01621  0.42725
   0.98549  0.01562  0.43419
   0.98945  0.01488  0.38895
   0.99342  0.01406  0.32425
   0.99738  0.01325  0.29895
   1.00000  0.01271  0.25419
