GRUMMAN K-2 AIRFOIL                             
 Alfa =  -1.27650 Re =        0.000 Xflap,Yflap =     0.000000    0.000000
#    x        y        Cp  
   1.00000  0.01371  0.25222
   0.99739  0.01444  0.09669
   0.99327  0.01550  0.06267
   0.98886  0.01658  0.04425
   0.98418  0.01773  0.00254
   0.97923  0.01891 -0.02700
   0.97401  0.02013 -0.05705
   0.96856  0.02137 -0.08493
   0.96293  0.02261 -0.11276
   0.95713  0.02384 -0.13584
   0.95115  0.02505 -0.15457
   0.94501  0.02623 -0.16979
   0.93873  0.02739 -0.18341
   0.93231  0.02852 -0.19441
   0.92575  0.02962 -0.20176
   0.91905  0.03069 -0.20747
   0.91224  0.03174 -0.21472
   0.90536  0.03277 -0.22338
   0.89842  0.03376 -0.23086
   0.89145  0.03472 -0.23868
   0.88446  0.03564 -0.24405
   0.87741  0.03652 -0.24812
   0.87030  0.03736 -0.24863
   0.86310  0.03817 -0.24859
   0.85580  0.03897 -0.24818
   0.84840  0.03974 -0.24738
   0.84093  0.04049 -0.24749
   0.83341  0.04123 -0.24794
   0.82588  0.04195 -0.25254
   0.81837  0.04265 -0.25850
   0.81087  0.04332 -0.26109
   0.80338  0.04396 -0.26436
   0.79590  0.04457 -0.26687
   0.78841  0.04515 -0.26789
   0.78092  0.04570 -0.26947
   0.77342  0.04622 -0.26916
   0.76591  0.04671 -0.26920
   0.75838  0.04717 -0.26800
   0.75082  0.04761 -0.26674
   0.74324  0.04802 -0.26286
   0.73562  0.04841 -0.26155
   0.72798  0.04878 -0.25822
   0.72030  0.04913 -0.25603
   0.71260  0.04946 -0.25322
   0.70486  0.04978 -0.25062
   0.69710  0.05008 -0.24789
   0.68932  0.05037 -0.24568
   0.68152  0.05064 -0.24337
   0.67370  0.05090 -0.24240
   0.66588  0.05114 -0.23962
   0.65804  0.05138 -0.23851
   0.65020  0.05160 -0.23672
   0.64235  0.05180 -0.23508
   0.63449  0.05200 -0.23421
   0.62662  0.05218 -0.23195
   0.61875  0.05235 -0.23080
   0.61086  0.05251 -0.22919
   0.60297  0.05266 -0.22738
   0.59508  0.05280 -0.22671
   0.58718  0.05293 -0.22581
   0.57928  0.05305 -0.22443
   0.57138  0.05316 -0.22331
   0.56347  0.05325 -0.22242
   0.55556  0.05334 -0.22185
   0.54765  0.05342 -0.22052
   0.53974  0.05348 -0.21942
   0.53183  0.05354 -0.21856
   0.52391  0.05358 -0.21825
   0.51600  0.05362 -0.21672
   0.50808  0.05365 -0.21651
   0.50017  0.05366 -0.21547
   0.49225  0.05367 -0.21437
   0.48434  0.05366 -0.21431
   0.47642  0.05365 -0.21342
   0.46852  0.05363 -0.21293
   0.46062  0.05360 -0.21185
   0.45272  0.05355 -0.21237
   0.44483  0.05350 -0.21066
   0.43695  0.05344 -0.21023
   0.42908  0.05336 -0.20937
   0.42122  0.05328 -0.20950
   0.41340  0.05319 -0.20874
   0.40562  0.05309 -0.20981
   0.39791  0.05299 -0.20952
   0.39026  0.05286 -0.20980
   0.38268  0.05273 -0.20735
   0.37518  0.05259 -0.20382
   0.36779  0.05245 -0.20481
   0.36056  0.05233 -0.21272
   0.35355  0.05219 -0.22440
   0.34675  0.05202 -0.23118
   0.34015  0.05179 -0.21628
   0.33367  0.05152 -0.18799
   0.32729  0.05126 -0.16265
   0.32094  0.05107 -0.15560
   0.31459  0.05095 -0.17863
   0.30818  0.05086 -0.20897
   0.30168  0.05074 -0.23059
   0.29501  0.05055 -0.22671
   0.28812  0.05029 -0.21328
   0.28102  0.05002 -0.20390
   0.27376  0.04974 -0.20580
   0.26640  0.04946 -0.20864
   0.25896  0.04915 -0.20954
   0.25145  0.04883 -0.20932
   0.24388  0.04848 -0.20901
   0.23629  0.04812 -0.20968
   0.22868  0.04775 -0.21032
   0.22107  0.04735 -0.21136
   0.21346  0.04694 -0.21175
   0.20588  0.04651 -0.21290
   0.19832  0.04606 -0.21367
   0.19079  0.04559 -0.21509
   0.18331  0.04510 -0.21712
   0.17587  0.04459 -0.21673
   0.16848  0.04405 -0.21957
   0.16116  0.04350 -0.21988
   0.15392  0.04292 -0.22079
   0.14676  0.04231 -0.22345
   0.13969  0.04168 -0.22243
   0.13274  0.04103 -0.22453
   0.12592  0.04036 -0.22419
   0.11925  0.03966 -0.22483
   0.11274  0.03895 -0.22435
   0.10643  0.03821 -0.22413
   0.10032  0.03747 -0.22472
   0.09446  0.03673 -0.22412
   0.08886  0.03598 -0.22609
   0.08353  0.03523 -0.22655
   0.07849  0.03450 -0.22939
   0.07373  0.03377 -0.23438
   0.06927  0.03305 -0.23585
   0.06509  0.03235 -0.24784
   0.06115  0.03165 -0.25234
   0.05745  0.03095 -0.25933
   0.05396  0.03023 -0.26311
   0.05068  0.02952 -0.25825
   0.04758  0.02879 -0.24986
   0.04465  0.02805 -0.23899
   0.04187  0.02732 -0.22702
   0.03925  0.02659 -0.21238
   0.03676  0.02587 -0.20319
   0.03441  0.02515 -0.18830
   0.03218  0.02442 -0.16080
   0.03006  0.02371 -0.13277
   0.02804  0.02301 -0.10965
   0.02612  0.02234 -0.10158
   0.02429  0.02168 -0.09997
   0.02256  0.02105 -0.09639
   0.02092  0.02042 -0.09466
   0.01936  0.01979 -0.08707
   0.01788  0.01916 -0.07182
   0.01648  0.01853 -0.05023
   0.01513  0.01790 -0.02437
   0.01385  0.01728 -0.00134
   0.01262  0.01665  0.02322
   0.01145  0.01603  0.03844
   0.01032  0.01542  0.05884
   0.00925  0.01480  0.08404
   0.00822  0.01418  0.10002
   0.00724  0.01356  0.12745
   0.00631  0.01293  0.14586
   0.00542  0.01229  0.16865
   0.00458  0.01164  0.20018
   0.00379  0.01098  0.22200
   0.00305  0.01029  0.25527
   0.00239  0.00956  0.30017
   0.00182  0.00878  0.44082
   0.00133  0.00797  0.50725
   0.00094  0.00712  0.64775
   0.00065  0.00624  0.76078
   0.00044  0.00536  0.85029
   0.00028  0.00447  0.90900
   0.00016  0.00358  0.95185
   0.00008  0.00270  0.97744
   0.00003  0.00182  0.99328
   0.00000  0.00095  0.99974
  -0.00000  0.00009  0.99799
   0.00003 -0.00076  0.98973
   0.00006 -0.00163  0.97171
   0.00015 -0.00249  0.95545
   0.00023 -0.00336  0.92315
   0.00032 -0.00424  0.88353
   0.00047 -0.00512  0.84213
   0.00063 -0.00601  0.78779
   0.00082 -0.00691  0.72483
   0.00104 -0.00781  0.65272
   0.00129 -0.00871  0.56170
   0.00157 -0.00961  0.45990
   0.00190 -0.01051  0.34348
   0.00227 -0.01140  0.19139
   0.00270 -0.01228  0.06294
   0.00318 -0.01315 -0.14554
   0.00373 -0.01400 -0.37566
   0.00438 -0.01479 -0.44862
   0.00511 -0.01554 -0.51691
   0.00590 -0.01626 -0.54393
   0.00676 -0.01694 -0.56385
   0.00768 -0.01760 -0.57598
   0.00865 -0.01823 -0.58064
   0.00967 -0.01885 -0.58668
   0.01075 -0.01945 -0.57178
   0.01188 -0.02004 -0.57680
   0.01307 -0.02061 -0.56394
   0.01432 -0.02118 -0.55788
   0.01563 -0.02174 -0.54920
   0.01700 -0.02229 -0.53181
   0.01845 -0.02284 -0.52254
   0.01996 -0.02339 -0.51253
   0.02156 -0.02394 -0.50081
   0.02324 -0.02449 -0.48769
   0.02502 -0.02504 -0.47689
   0.02690 -0.02561 -0.46808
   0.02888 -0.02618 -0.45723
   0.03099 -0.02676 -0.44872
   0.03324 -0.02735 -0.44218
   0.03563 -0.02795 -0.43264
   0.03818 -0.02857 -0.42439
   0.04090 -0.02920 -0.41526
   0.04382 -0.02985 -0.40660
   0.04694 -0.03052 -0.39922
   0.05029 -0.03121 -0.39664
   0.05388 -0.03192 -0.39028
   0.05772 -0.03265 -0.38763
   0.06181 -0.03340 -0.38311
   0.06618 -0.03416 -0.37921
   0.07081 -0.03493 -0.37600
   0.07572 -0.03571 -0.37255
   0.08090 -0.03650 -0.36948
   0.08636 -0.03729 -0.36686
   0.09206 -0.03808 -0.36340
   0.09799 -0.03886 -0.36011
   0.10414 -0.03963 -0.35976
   0.11047 -0.04039 -0.35760
   0.11696 -0.04113 -0.35718
   0.12360 -0.04184 -0.35616
   0.13035 -0.04253 -0.35487
   0.13721 -0.04318 -0.35299
   0.14417 -0.04381 -0.35066
   0.15121 -0.04440 -0.34765
   0.15834 -0.04497 -0.34498
   0.16553 -0.04550 -0.34215
   0.17278 -0.04600 -0.33912
   0.18008 -0.04648 -0.33602
   0.18742 -0.04692 -0.33452
   0.19479 -0.04734 -0.33173
   0.20219 -0.04773 -0.32966
   0.20962 -0.04809 -0.32589
   0.21707 -0.04842 -0.32405
   0.22456 -0.04873 -0.32011
   0.23208 -0.04901 -0.31660
   0.23964 -0.04926 -0.31295
   0.24721 -0.04950 -0.31099
   0.25481 -0.04971 -0.30833
   0.26241 -0.04990 -0.30567
   0.27004 -0.05006 -0.30271
   0.27768 -0.05021 -0.30037
   0.28534 -0.05033 -0.29718
   0.29302 -0.05043 -0.29490
   0.30071 -0.05052 -0.29264
   0.30841 -0.05058 -0.29069
   0.31611 -0.05063 -0.28903
   0.32382 -0.05066 -0.28686
   0.33154 -0.05066 -0.28448
   0.33927 -0.05065 -0.28351
   0.34699 -0.05062 -0.28093
   0.35472 -0.05057 -0.27962
   0.36246 -0.05051 -0.27798
   0.37019 -0.05042 -0.27646
   0.37793 -0.05031 -0.27403
   0.38566 -0.05019 -0.27319
   0.39339 -0.05004 -0.27125
   0.40111 -0.04988 -0.26972
   0.40883 -0.04970 -0.26803
   0.41655 -0.04951 -0.26716
   0.42426 -0.04929 -0.26573
   0.43196 -0.04905 -0.26474
   0.43965 -0.04880 -0.26323
   0.44733 -0.04852 -0.26217
   0.45499 -0.04823 -0.26100
   0.46265 -0.04791 -0.25929
   0.47029 -0.04757 -0.25839
   0.47793 -0.04721 -0.25654
   0.48555 -0.04683 -0.25491
   0.49315 -0.04642 -0.25327
   0.50075 -0.04600 -0.25171
   0.50833 -0.04555 -0.24913
   0.51589 -0.04507 -0.24753
   0.52345 -0.04458 -0.24471
   0.53099 -0.04405 -0.24279
   0.53851 -0.04351 -0.23969
   0.54603 -0.04293 -0.23724
   0.55353 -0.04234 -0.23457
   0.56101 -0.04171 -0.23041
   0.56848 -0.04106 -0.22748
   0.57593 -0.04038 -0.22345
   0.58337 -0.03967 -0.21955
   0.59078 -0.03894 -0.21553
   0.59818 -0.03818 -0.21063
   0.60556 -0.03738 -0.20603
   0.61292 -0.03656 -0.20082
   0.62026 -0.03571 -0.19488
   0.62759 -0.03483 -0.18897
   0.63490 -0.03391 -0.18139
   0.64220 -0.03296 -0.17539
   0.64948 -0.03198 -0.16725
   0.65674 -0.03097 -0.15923
   0.66400 -0.02992 -0.14997
   0.67125 -0.02883 -0.14045
   0.67849 -0.02772 -0.13077
   0.68572 -0.02656 -0.11955
   0.69295 -0.02537 -0.10879
   0.70018 -0.02415 -0.09578
   0.70741 -0.02288 -0.08349
   0.71464 -0.02159 -0.07014
   0.72188 -0.02025 -0.05519
   0.72912 -0.01888 -0.04116
   0.73638 -0.01747 -0.02424
   0.74365 -0.01602 -0.00858
   0.75094 -0.01453  0.01005
   0.75826 -0.01301  0.02799
   0.76560 -0.01146  0.04763
   0.77297 -0.00987  0.06725
   0.78039 -0.00825  0.08878
   0.78785 -0.00659  0.10990
   0.79535 -0.00492  0.13304
   0.80287 -0.00323  0.15588
   0.81037 -0.00154  0.17817
   0.81778  0.00013  0.20335
   0.82509  0.00176  0.22648
   0.83227  0.00334  0.24798
   0.83932  0.00486  0.26870
   0.84624  0.00632  0.28911
   0.85304  0.00771  0.30751
   0.85972  0.00903  0.32642
   0.86628  0.01027  0.34260
   0.87271  0.01143  0.35865
   0.87902  0.01251  0.37366
   0.88521  0.01350  0.38638
   0.89129  0.01440  0.39916
   0.89727  0.01522  0.40894
   0.90316  0.01595  0.41944
   0.90895  0.01659  0.42828
   0.91464  0.01715  0.43565
   0.92020  0.01763  0.44403
   0.92564  0.01802  0.44983
   0.93097  0.01831  0.45442
   0.93623  0.01853  0.45752
   0.94141  0.01867  0.45705
   0.94645  0.01876  0.46727
   0.95125  0.01879  0.47894
   0.95581  0.01873  0.49156
   0.96019  0.01854  0.49565
   0.96446  0.01821  0.48061
   0.96872  0.01776  0.45441
   0.97300  0.01724  0.42587
   0.97726  0.01672  0.41555
   0.98142  0.01621  0.42816
   0.98545  0.01563  0.43248
   0.98942  0.01489  0.38729
   0.99340  0.01406  0.32683
   0.99738  0.01325  0.29814
   1.00000  0.01271  0.25222
