GRUMMAN K-2 AIRFOIL                             
 Alfa =  -1.29970 Re =        0.000 Xflap,Yflap =     0.000000    0.000000
#    x        y        Cp  
   1.00000  0.01371  0.25422
   0.99740  0.01444  0.09924
   0.99329  0.01549  0.06150
   0.98889  0.01657  0.04618
   0.98423  0.01772  0.00585
   0.97929  0.01890 -0.02910
   0.97409  0.02011 -0.05506
   0.96867  0.02135 -0.08542
   0.96305  0.02259 -0.11194
   0.95727  0.02381 -0.13358
   0.95131  0.02502 -0.15448
   0.94520  0.02620 -0.16955
   0.93893  0.02735 -0.18260
   0.93253  0.02848 -0.19381
   0.92600  0.02957 -0.20099
   0.91932  0.03065 -0.20702
   0.91254  0.03170 -0.21397
   0.90568  0.03272 -0.22258
   0.89876  0.03372 -0.23001
   0.89181  0.03467 -0.23809
   0.88484  0.03559 -0.24405
   0.87782  0.03647 -0.24669
   0.87073  0.03731 -0.24780
   0.86355  0.03812 -0.24890
   0.85628  0.03891 -0.24767
   0.84891  0.03968 -0.24678
   0.84146  0.04044 -0.24673
   0.83396  0.04117 -0.24665
   0.82645  0.04190 -0.25237
   0.81896  0.04260 -0.25726
   0.81149  0.04327 -0.26083
   0.80402  0.04391 -0.26335
   0.79655  0.04452 -0.26576
   0.78909  0.04510 -0.26796
   0.78162  0.04565 -0.26866
   0.77414  0.04617 -0.26820
   0.76665  0.04666 -0.26856
   0.75914  0.04713 -0.26734
   0.75161  0.04756 -0.26551
   0.74405  0.04798 -0.26379
   0.73646  0.04837 -0.26084
   0.72884  0.04874 -0.25842
   0.72118  0.04909 -0.25553
   0.71350  0.04943 -0.25221
   0.70580  0.04974 -0.25040
   0.69806  0.05004 -0.24740
   0.69030  0.05033 -0.24531
   0.68252  0.05060 -0.24324
   0.67473  0.05086 -0.24142
   0.66693  0.05111 -0.23923
   0.65911  0.05135 -0.23798
   0.65129  0.05157 -0.23647
   0.64347  0.05178 -0.23442
   0.63563  0.05197 -0.23331
   0.62779  0.05216 -0.23179
   0.61994  0.05233 -0.22971
   0.61208  0.05249 -0.22920
   0.60421  0.05264 -0.22666
   0.59633  0.05278 -0.22582
   0.58846  0.05291 -0.22459
   0.58058  0.05303 -0.22395
   0.57270  0.05314 -0.22271
   0.56482  0.05324 -0.22181
   0.55693  0.05333 -0.22071
   0.54904  0.05340 -0.22004
   0.54115  0.05347 -0.21860
   0.53326  0.05353 -0.21824
   0.52537  0.05358 -0.21688
   0.51748  0.05361 -0.21595
   0.50958  0.05364 -0.21565
   0.50169  0.05366 -0.21402
   0.49380  0.05367 -0.21436
   0.48590  0.05367 -0.21268
   0.47801  0.05366 -0.21302
   0.47012  0.05363 -0.21198
   0.46224  0.05360 -0.21121
   0.45437  0.05356 -0.21057
   0.44650  0.05351 -0.21002
   0.43864  0.05345 -0.20890
   0.43079  0.05338 -0.20864
   0.42295  0.05330 -0.20831
   0.41514  0.05321 -0.20791
   0.40737  0.05312 -0.20851
   0.39966  0.05301 -0.20786
   0.39202  0.05289 -0.20905
   0.38445  0.05276 -0.20608
   0.37694  0.05262 -0.20342
   0.36954  0.05249 -0.20239
   0.36229  0.05236 -0.20948
   0.35524  0.05223 -0.22026
   0.34842  0.05207 -0.22941
   0.34179  0.05185 -0.22061
   0.33530  0.05159 -0.19369
   0.32892  0.05132 -0.16701
   0.32258  0.05111 -0.15328
   0.31625  0.05098 -0.16954
   0.30988  0.05089 -0.19876
   0.30343  0.05078 -0.22593
   0.29682  0.05061 -0.22817
   0.29002  0.05037 -0.21571
   0.28299  0.05009 -0.20385
   0.27579  0.04982 -0.20250
   0.26847  0.04954 -0.20647
   0.26108  0.04924 -0.20833
   0.25361  0.04892 -0.20712
   0.24607  0.04858 -0.20708
   0.23850  0.04823 -0.20798
   0.23092  0.04786 -0.20831
   0.22333  0.04747 -0.20901
   0.21574  0.04707 -0.20942
   0.20817  0.04664 -0.21109
   0.20063  0.04620 -0.21146
   0.19311  0.04574 -0.21213
   0.18563  0.04526 -0.21512
   0.17820  0.04475 -0.21469
   0.17081  0.04423 -0.21580
   0.16349  0.04368 -0.21802
   0.15624  0.04311 -0.21790
   0.14907  0.04251 -0.22013
   0.14200  0.04189 -0.22058
   0.13503  0.04125 -0.22136
   0.12818  0.04059 -0.22191
   0.12147  0.03990 -0.22195
   0.11493  0.03919 -0.22174
   0.10856  0.03847 -0.22155
   0.10240  0.03773 -0.22086
   0.09647  0.03699 -0.22155
   0.09078  0.03624 -0.22297
   0.08537  0.03550 -0.22133
   0.08024  0.03476 -0.22624
   0.07540  0.03403 -0.22765
   0.07085  0.03331 -0.23105
   0.06658  0.03261 -0.24323
   0.06257  0.03190 -0.24360
   0.05879  0.03120 -0.25422
   0.05523  0.03050 -0.25795
   0.05189  0.02978 -0.25565
   0.04873  0.02906 -0.24912
   0.04574  0.02833 -0.23786
   0.04291  0.02760 -0.22819
   0.04024  0.02687 -0.21299
   0.03771  0.02615 -0.20058
   0.03531  0.02543 -0.19221
   0.03305  0.02471 -0.16727
   0.03089  0.02399 -0.13710
   0.02884  0.02329 -0.11326
   0.02688  0.02260 -0.09735
   0.02502  0.02195 -0.09491
   0.02326  0.02131 -0.09255
   0.02159  0.02067 -0.09066
   0.02000  0.02005 -0.08408
   0.01849  0.01942 -0.07283
   0.01706  0.01880 -0.05434
   0.01569  0.01817 -0.02759
   0.01439  0.01754 -0.00497
   0.01314  0.01692  0.01867
   0.01194  0.01630  0.03948
   0.01080  0.01568  0.05911
   0.00971  0.01507  0.07775
   0.00867  0.01445  0.10305
   0.00767  0.01383  0.12075
   0.00672  0.01321  0.14522
   0.00581  0.01258  0.16565
   0.00495  0.01194  0.19641
   0.00414  0.01128  0.22007
   0.00338  0.01061  0.24822
   0.00268  0.00990  0.28196
   0.00207  0.00914  0.38920
   0.00154  0.00835  0.47683
   0.00111  0.00752  0.59138
   0.00078  0.00665  0.71704
   0.00053  0.00577  0.81700
   0.00035  0.00489  0.88831
   0.00022  0.00400  0.93565
   0.00012  0.00312  0.96923
   0.00005  0.00224  0.98825
   0.00001  0.00137  0.99808
  -0.00000  0.00051  0.99958
   0.00001 -0.00034  0.99377
   0.00004 -0.00120  0.98058
   0.00010 -0.00206  0.95956
   0.00020 -0.00292  0.94306
   0.00027 -0.00380  0.89629
   0.00039 -0.00468  0.86226
   0.00054 -0.00556  0.81227
   0.00072 -0.00645  0.75172
   0.00092 -0.00735  0.68488
   0.00115 -0.00824  0.60654
   0.00142 -0.00914  0.50707
   0.00173 -0.01004  0.39695
   0.00207 -0.01094  0.27181
   0.00247 -0.01182  0.09517
   0.00292 -0.01269  0.01409
   0.00342 -0.01356 -0.33521
   0.00402 -0.01437 -0.39700
   0.00470 -0.01514 -0.50581
   0.00546 -0.01587 -0.54042
   0.00629 -0.01657 -0.56922
   0.00717 -0.01724 -0.57975
   0.00811 -0.01789 -0.59458
   0.00910 -0.01851 -0.59210
   0.01015 -0.01912 -0.58728
   0.01125 -0.01971 -0.58648
   0.01240 -0.02029 -0.57814
   0.01361 -0.02086 -0.57137
   0.01488 -0.02142 -0.56307
   0.01621 -0.02198 -0.54759
   0.01761 -0.02253 -0.53895
   0.01908 -0.02307 -0.52247
   0.02063 -0.02362 -0.51678
   0.02226 -0.02417 -0.50325
   0.02397 -0.02472 -0.48748
   0.02579 -0.02528 -0.47956
   0.02770 -0.02584 -0.46857
   0.02973 -0.02641 -0.46022
   0.03189 -0.02700 -0.45196
   0.03419 -0.02759 -0.44505
   0.03663 -0.02820 -0.43382
   0.03924 -0.02882 -0.42679
   0.04203 -0.02945 -0.41553
   0.04502 -0.03011 -0.40844
   0.04822 -0.03078 -0.40221
   0.05165 -0.03148 -0.39848
   0.05533 -0.03220 -0.39365
   0.05925 -0.03293 -0.39020
   0.06344 -0.03368 -0.38508
   0.06789 -0.03445 -0.38267
   0.07262 -0.03522 -0.37754
   0.07761 -0.03600 -0.37576
   0.08288 -0.03679 -0.37210
   0.08842 -0.03758 -0.36854
   0.09419 -0.03836 -0.36523
   0.10019 -0.03914 -0.36294
   0.10638 -0.03991 -0.36183
   0.11276 -0.04065 -0.36064
   0.11929 -0.04138 -0.35965
   0.12594 -0.04208 -0.35810
   0.13272 -0.04276 -0.35683
   0.13959 -0.04340 -0.35520
   0.14656 -0.04401 -0.35191
   0.15362 -0.04460 -0.35000
   0.16075 -0.04515 -0.34591
   0.16794 -0.04567 -0.34347
   0.17519 -0.04616 -0.33993
   0.18248 -0.04663 -0.33776
   0.18981 -0.04706 -0.33542
   0.19717 -0.04747 -0.33386
   0.20456 -0.04785 -0.32952
   0.21197 -0.04820 -0.32850
   0.21942 -0.04852 -0.32422
   0.22690 -0.04882 -0.32149
   0.23441 -0.04909 -0.31661
   0.24195 -0.04934 -0.31435
   0.24951 -0.04956 -0.31218
   0.25708 -0.04977 -0.30878
   0.26468 -0.04995 -0.30736
   0.27229 -0.05011 -0.30297
   0.27991 -0.05024 -0.30141
   0.28756 -0.05036 -0.29788
   0.29522 -0.05046 -0.29582
   0.30289 -0.05054 -0.29385
   0.31057 -0.05060 -0.29164
   0.31825 -0.05064 -0.28934
   0.32595 -0.05066 -0.28765
   0.33364 -0.05066 -0.28605
   0.34135 -0.05065 -0.28414
   0.34906 -0.05061 -0.28235
   0.35677 -0.05056 -0.28045
   0.36448 -0.05048 -0.27874
   0.37219 -0.05039 -0.27713
   0.37990 -0.05028 -0.27502
   0.38761 -0.05015 -0.27364
   0.39532 -0.05001 -0.27224
   0.40302 -0.04984 -0.27082
   0.41072 -0.04966 -0.26870
   0.41842 -0.04945 -0.26804
   0.42610 -0.04923 -0.26662
   0.43378 -0.04899 -0.26585
   0.44144 -0.04873 -0.26368
   0.44910 -0.04845 -0.26307
   0.45674 -0.04815 -0.26150
   0.46437 -0.04783 -0.26075
   0.47199 -0.04749 -0.25901
   0.47960 -0.04713 -0.25711
   0.48720 -0.04674 -0.25577
   0.49478 -0.04634 -0.25402
   0.50235 -0.04590 -0.25160
   0.50991 -0.04545 -0.25033
   0.51745 -0.04497 -0.24768
   0.52498 -0.04447 -0.24522
   0.53250 -0.04395 -0.24308
   0.54000 -0.04340 -0.24047
   0.54749 -0.04282 -0.23761
   0.55497 -0.04222 -0.23444
   0.56243 -0.04159 -0.23077
   0.56987 -0.04093 -0.22741
   0.57730 -0.04025 -0.22369
   0.58471 -0.03954 -0.21952
   0.59210 -0.03881 -0.21531
   0.59948 -0.03804 -0.21085
   0.60683 -0.03724 -0.20623
   0.61417 -0.03642 -0.19997
   0.62149 -0.03556 -0.19522
   0.62879 -0.03468 -0.18793
   0.63608 -0.03376 -0.18222
   0.64335 -0.03281 -0.17406
   0.65061 -0.03183 -0.16694
   0.65786 -0.03081 -0.15835
   0.66510 -0.02976 -0.14943
   0.67232 -0.02867 -0.13963
   0.67954 -0.02755 -0.12950
   0.68676 -0.02640 -0.11892
   0.69397 -0.02520 -0.10769
   0.70117 -0.02398 -0.09491
   0.70838 -0.02271 -0.08216
   0.71559 -0.02141 -0.06864
   0.72281 -0.02007 -0.05425
   0.73004 -0.01870 -0.03948
   0.73728 -0.01729 -0.02335
   0.74453 -0.01584 -0.00575
   0.75180 -0.01436  0.01058
   0.75910 -0.01284  0.03060
   0.76642 -0.01128  0.04871
   0.77378 -0.00969  0.07053
   0.78118 -0.00807  0.08939
   0.78863 -0.00642  0.11289
   0.79611 -0.00475  0.13377
   0.80361 -0.00306  0.15820
   0.81108 -0.00138  0.18114
   0.81847  0.00029  0.20414
   0.82574  0.00191  0.22793
   0.83289  0.00348  0.24996
   0.83991  0.00499  0.27050
   0.84680  0.00644  0.29021
   0.85358  0.00782  0.30964
   0.86023  0.00913  0.32595
   0.86676  0.01036  0.34455
   0.87316  0.01151  0.35869
   0.87944  0.01258  0.37515
   0.88561  0.01356  0.38699
   0.89167  0.01445  0.39922
   0.89763  0.01526  0.41003
   0.90349  0.01599  0.41958
   0.90927  0.01663  0.42741
   0.91493  0.01718  0.43706
   0.92047  0.01765  0.44293
   0.92588  0.01803  0.45121
   0.93120  0.01832  0.45481
   0.93644  0.01853  0.45565
   0.94160  0.01868  0.45858
   0.94662  0.01876  0.46552
   0.95140  0.01879  0.48093
   0.95595  0.01872  0.49059
   0.96030  0.01853  0.49569
   0.96456  0.01820  0.48078
   0.96881  0.01775  0.45320
   0.97308  0.01723  0.42611
   0.97733  0.01672  0.41392
   0.98147  0.01621  0.42712
   0.98549  0.01562  0.43407
   0.98945  0.01488  0.38883
   0.99342  0.01406  0.32413
   0.99738  0.01325  0.29885
   1.00000  0.01271  0.25422
