GRUMMAN K-2 AIRFOIL                             
 Alfa =  -1.32920 Re =        0.000 Xflap,Yflap =     0.000000    0.000000
#    x        y        Cp  
   1.00000  0.01371  0.25424
   0.99740  0.01444  0.09928
   0.99329  0.01549  0.06155
   0.98889  0.01657  0.04627
   0.98423  0.01772  0.00597
   0.97929  0.01890 -0.02896
   0.97409  0.02011 -0.05491
   0.96867  0.02135 -0.08523
   0.96305  0.02259 -0.11174
   0.95727  0.02381 -0.13336
   0.95131  0.02502 -0.15423
   0.94520  0.02620 -0.16928
   0.93893  0.02735 -0.18231
   0.93253  0.02848 -0.19350
   0.92600  0.02957 -0.20066
   0.91932  0.03065 -0.20667
   0.91254  0.03170 -0.21361
   0.90568  0.03272 -0.22218
   0.89876  0.03372 -0.22961
   0.89181  0.03467 -0.23766
   0.88484  0.03559 -0.24360
   0.87782  0.03647 -0.24623
   0.87073  0.03731 -0.24732
   0.86355  0.03812 -0.24841
   0.85628  0.03891 -0.24716
   0.84891  0.03968 -0.24624
   0.84146  0.04044 -0.24619
   0.83396  0.04117 -0.24609
   0.82645  0.04190 -0.25179
   0.81896  0.04260 -0.25667
   0.81149  0.04327 -0.26021
   0.80402  0.04391 -0.26273
   0.79655  0.04452 -0.26511
   0.78909  0.04510 -0.26731
   0.78162  0.04565 -0.26798
   0.77414  0.04617 -0.26751
   0.76665  0.04666 -0.26785
   0.75914  0.04713 -0.26662
   0.75161  0.04756 -0.26478
   0.74405  0.04798 -0.26305
   0.73646  0.04837 -0.26008
   0.72884  0.04874 -0.25764
   0.72118  0.04909 -0.25474
   0.71350  0.04943 -0.25140
   0.70580  0.04974 -0.24958
   0.69806  0.05004 -0.24657
   0.69030  0.05033 -0.24446
   0.68252  0.05060 -0.24238
   0.67473  0.05086 -0.24054
   0.66693  0.05111 -0.23834
   0.65911  0.05135 -0.23708
   0.65129  0.05157 -0.23554
   0.64347  0.05178 -0.23349
   0.63563  0.05197 -0.23236
   0.62779  0.05216 -0.23082
   0.61994  0.05233 -0.22872
   0.61208  0.05249 -0.22820
   0.60421  0.05264 -0.22565
   0.59633  0.05278 -0.22479
   0.58846  0.05291 -0.22355
   0.58058  0.05303 -0.22289
   0.57270  0.05314 -0.22164
   0.56482  0.05324 -0.22072
   0.55693  0.05333 -0.21960
   0.54904  0.05340 -0.21891
   0.54115  0.05347 -0.21745
   0.53326  0.05353 -0.21708
   0.52537  0.05358 -0.21570
   0.51748  0.05361 -0.21475
   0.50958  0.05364 -0.21443
   0.50169  0.05366 -0.21279
   0.49380  0.05367 -0.21311
   0.48590  0.05367 -0.21141
   0.47801  0.05366 -0.21173
   0.47012  0.05363 -0.21067
   0.46224  0.05360 -0.20988
   0.45437  0.05356 -0.20922
   0.44650  0.05351 -0.20865
   0.43864  0.05345 -0.20751
   0.43079  0.05338 -0.20722
   0.42295  0.05330 -0.20687
   0.41514  0.05321 -0.20645
   0.40737  0.05312 -0.20703
   0.39966  0.05301 -0.20635
   0.39202  0.05289 -0.20752
   0.38445  0.05276 -0.20452
   0.37694  0.05262 -0.20185
   0.36954  0.05249 -0.20080
   0.36229  0.05236 -0.20785
   0.35524  0.05223 -0.21858
   0.34842  0.05207 -0.22771
   0.34179  0.05185 -0.21888
   0.33530  0.05159 -0.19198
   0.32892  0.05132 -0.16532
   0.32258  0.05111 -0.15158
   0.31625  0.05098 -0.16779
   0.30988  0.05089 -0.19694
   0.30343  0.05078 -0.22404
   0.29682  0.05061 -0.22626
   0.29002  0.05037 -0.21378
   0.28299  0.05009 -0.20191
   0.27579  0.04982 -0.20052
   0.26847  0.04954 -0.20445
   0.26108  0.04924 -0.20627
   0.25361  0.04892 -0.20502
   0.24607  0.04858 -0.20494
   0.23850  0.04823 -0.20580
   0.23092  0.04786 -0.20608
   0.22333  0.04747 -0.20672
   0.21574  0.04707 -0.20708
   0.20817  0.04664 -0.20870
   0.20063  0.04620 -0.20901
   0.19311  0.04574 -0.20962
   0.18563  0.04526 -0.21254
   0.17820  0.04475 -0.21206
   0.17081  0.04423 -0.21310
   0.16349  0.04368 -0.21524
   0.15624  0.04311 -0.21504
   0.14907  0.04251 -0.21719
   0.14200  0.04189 -0.21755
   0.13503  0.04125 -0.21825
   0.12818  0.04059 -0.21870
   0.12147  0.03990 -0.21864
   0.11493  0.03919 -0.21832
   0.10856  0.03847 -0.21803
   0.10240  0.03773 -0.21722
   0.09647  0.03699 -0.21779
   0.09078  0.03624 -0.21908
   0.08537  0.03550 -0.21732
   0.08024  0.03476 -0.22208
   0.07540  0.03403 -0.22334
   0.07085  0.03331 -0.22658
   0.06658  0.03261 -0.23857
   0.06257  0.03190 -0.23878
   0.05879  0.03120 -0.24920
   0.05523  0.03050 -0.25275
   0.05189  0.02978 -0.25028
   0.04873  0.02906 -0.24360
   0.04574  0.02833 -0.23221
   0.04291  0.02760 -0.22239
   0.04024  0.02687 -0.20707
   0.03771  0.02615 -0.19452
   0.03531  0.02543 -0.18599
   0.03305  0.02471 -0.16097
   0.03089  0.02399 -0.13075
   0.02884  0.02329 -0.10683
   0.02688  0.02260 -0.09078
   0.02502  0.02195 -0.08813
   0.02326  0.02131 -0.08553
   0.02159  0.02067 -0.08340
   0.02000  0.02005 -0.07659
   0.01849  0.01942 -0.06512
   0.01706  0.01880 -0.04647
   0.01569  0.01817 -0.01960
   0.01439  0.01754  0.00316
   0.01314  0.01692  0.02695
   0.01194  0.01630  0.04796
   0.01080  0.01568  0.06780
   0.00971  0.01507  0.08668
   0.00867  0.01445  0.11220
   0.00767  0.01383  0.13020
   0.00672  0.01321  0.15495
   0.00581  0.01258  0.17574
   0.00495  0.01194  0.20682
   0.00414  0.01128  0.23092
   0.00338  0.01061  0.25961
   0.00268  0.00990  0.29387
   0.00207  0.00914  0.40050
   0.00154  0.00835  0.48773
   0.00111  0.00752  0.60118
   0.00078  0.00665  0.72499
   0.00053  0.00577  0.82318
   0.00035  0.00489  0.89296
   0.00022  0.00400  0.93907
   0.00012  0.00312  0.97153
   0.00005  0.00224  0.98963
   0.00001  0.00137  0.99860
  -0.00000  0.00051  0.99927
   0.00001 -0.00034  0.99274
   0.00004 -0.00120  0.97879
   0.00010 -0.00206  0.95694
   0.00020 -0.00292  0.94021
   0.00027 -0.00380  0.89210
   0.00039 -0.00468  0.85761
   0.00054 -0.00556  0.80682
   0.00072 -0.00645  0.74543
   0.00092 -0.00735  0.67778
   0.00115 -0.00824  0.59857
   0.00142 -0.00914  0.49807
   0.00173 -0.01004  0.38688
   0.00207 -0.01094  0.26067
   0.00247 -0.01182  0.08245
   0.00292 -0.01269  0.00121
   0.00342 -0.01356 -0.35140
   0.00402 -0.01437 -0.41273
   0.00470 -0.01514 -0.52175
   0.00546 -0.01587 -0.55574
   0.00629 -0.01657 -0.58399
   0.00717 -0.01724 -0.59386
   0.00811 -0.01789 -0.60814
   0.00910 -0.01851 -0.60505
   0.01015 -0.01912 -0.59964
   0.01125 -0.01971 -0.59833
   0.01240 -0.02029 -0.58949
   0.01361 -0.02086 -0.58225
   0.01488 -0.02142 -0.57350
   0.01621 -0.02198 -0.55756
   0.01761 -0.02253 -0.54852
   0.01908 -0.02307 -0.53165
   0.02063 -0.02362 -0.52561
   0.02226 -0.02417 -0.51173
   0.02397 -0.02472 -0.49563
   0.02579 -0.02528 -0.48740
   0.02770 -0.02584 -0.47612
   0.02973 -0.02641 -0.46750
   0.03189 -0.02700 -0.45898
   0.03419 -0.02759 -0.45182
   0.03663 -0.02820 -0.44034
   0.03924 -0.02882 -0.43307
   0.04203 -0.02945 -0.42158
   0.04502 -0.03011 -0.41427
   0.04822 -0.03078 -0.40784
   0.05165 -0.03148 -0.40391
   0.05533 -0.03220 -0.39889
   0.05925 -0.03293 -0.39527
   0.06344 -0.03368 -0.38996
   0.06789 -0.03445 -0.38739
   0.07262 -0.03522 -0.38209
   0.07761 -0.03600 -0.38015
   0.08288 -0.03679 -0.37634
   0.08842 -0.03758 -0.37264
   0.09419 -0.03836 -0.36918
   0.10019 -0.03914 -0.36676
   0.10638 -0.03991 -0.36553
   0.11276 -0.04065 -0.36423
   0.11929 -0.04138 -0.36313
   0.12594 -0.04208 -0.36147
   0.13272 -0.04276 -0.36011
   0.13959 -0.04340 -0.35838
   0.14656 -0.04401 -0.35500
   0.15362 -0.04460 -0.35301
   0.16075 -0.04515 -0.34883
   0.16794 -0.04567 -0.34631
   0.17519 -0.04616 -0.34270
   0.18248 -0.04663 -0.34045
   0.18981 -0.04706 -0.33804
   0.19717 -0.04747 -0.33642
   0.20456 -0.04785 -0.33202
   0.21197 -0.04820 -0.33094
   0.21942 -0.04852 -0.32661
   0.22690 -0.04882 -0.32382
   0.23441 -0.04909 -0.31888
   0.24195 -0.04934 -0.31657
   0.24951 -0.04956 -0.31435
   0.25708 -0.04977 -0.31091
   0.26468 -0.04995 -0.30944
   0.27229 -0.05011 -0.30501
   0.27991 -0.05024 -0.30341
   0.28756 -0.05036 -0.29983
   0.29522 -0.05046 -0.29774
   0.30289 -0.05054 -0.29573
   0.31057 -0.05060 -0.29348
   0.31825 -0.05064 -0.29115
   0.32595 -0.05066 -0.28942
   0.33364 -0.05066 -0.28779
   0.34135 -0.05065 -0.28584
   0.34906 -0.05061 -0.28403
   0.35677 -0.05056 -0.28210
   0.36448 -0.05048 -0.28035
   0.37219 -0.05039 -0.27872
   0.37990 -0.05028 -0.27657
   0.38761 -0.05015 -0.27517
   0.39532 -0.05001 -0.27374
   0.40302 -0.04984 -0.27230
   0.41072 -0.04966 -0.27015
   0.41842 -0.04945 -0.26946
   0.42610 -0.04923 -0.26802
   0.43378 -0.04899 -0.26722
   0.44144 -0.04873 -0.26504
   0.44910 -0.04845 -0.26440
   0.45674 -0.04815 -0.26281
   0.46437 -0.04783 -0.26203
   0.47199 -0.04749 -0.26028
   0.47960 -0.04713 -0.25836
   0.48720 -0.04674 -0.25699
   0.49478 -0.04634 -0.25522
   0.50235 -0.04590 -0.25278
   0.50991 -0.04545 -0.25149
   0.51745 -0.04497 -0.24882
   0.52498 -0.04447 -0.24634
   0.53250 -0.04395 -0.24418
   0.54000 -0.04340 -0.24155
   0.54749 -0.04282 -0.23867
   0.55497 -0.04222 -0.23548
   0.56243 -0.04159 -0.23178
   0.56987 -0.04093 -0.22841
   0.57730 -0.04025 -0.22467
   0.58471 -0.03954 -0.22049
   0.59210 -0.03881 -0.21626
   0.59948 -0.03804 -0.21178
   0.60683 -0.03724 -0.20714
   0.61417 -0.03642 -0.20086
   0.62149 -0.03556 -0.19609
   0.62879 -0.03468 -0.18878
   0.63608 -0.03376 -0.18305
   0.64335 -0.03281 -0.17487
   0.65061 -0.03183 -0.16773
   0.65786 -0.03081 -0.15913
   0.66510 -0.02976 -0.15018
   0.67232 -0.02867 -0.14036
   0.67954 -0.02755 -0.13021
   0.68676 -0.02640 -0.11962
   0.69397 -0.02520 -0.10836
   0.70117 -0.02398 -0.09556
   0.70838 -0.02271 -0.08280
   0.71559 -0.02141 -0.06925
   0.72281 -0.02007 -0.05485
   0.73004 -0.01870 -0.04006
   0.73728 -0.01729 -0.02390
   0.74453 -0.01584 -0.00628
   0.75180 -0.01436  0.01007
   0.75910 -0.01284  0.03011
   0.76642 -0.01128  0.04824
   0.77378 -0.00969  0.07008
   0.78118 -0.00807  0.08896
   0.78863 -0.00642  0.11247
   0.79611 -0.00475  0.13338
   0.80361 -0.00306  0.15783
   0.81108 -0.00138  0.18079
   0.81847  0.00029  0.20381
   0.82574  0.00191  0.22762
   0.83289  0.00348  0.24966
   0.83991  0.00499  0.27022
   0.84680  0.00644  0.28994
   0.85358  0.00782  0.30938
   0.86023  0.00913  0.32571
   0.86676  0.01036  0.34433
   0.87316  0.01151  0.35846
   0.87944  0.01258  0.37495
   0.88561  0.01356  0.38680
   0.89167  0.01445  0.39903
   0.89763  0.01526  0.40986
   0.90349  0.01599  0.41941
   0.90927  0.01663  0.42725
   0.91493  0.01718  0.43692
   0.92047  0.01765  0.44278
   0.92588  0.01803  0.45108
   0.93120  0.01832  0.45467
   0.93644  0.01853  0.45553
   0.94160  0.01868  0.45846
   0.94662  0.01876  0.46540
   0.95140  0.01879  0.48082
   0.95595  0.01872  0.49049
   0.96030  0.01853  0.49559
   0.96456  0.01820  0.48069
   0.96881  0.01775  0.45310
   0.97308  0.01723  0.42602
   0.97733  0.01672  0.41383
   0.98147  0.01621  0.42704
   0.98549  0.01562  0.43400
   0.98945  0.01488  0.38876
   0.99342  0.01406  0.32406
   0.99738  0.01325  0.29880
   1.00000  0.01271  0.25424
