GRUMMAN K-2 AIRFOIL                             
 Alfa =  -1.03400 Re =        0.000 Xflap,Yflap =     0.000000    0.000000
#    x        y        Cp  
   1.00000  0.01371  0.25409
   0.99740  0.01444  0.09891
   0.99329  0.01549  0.06104
   0.98889  0.01657  0.04541
   0.98423  0.01772  0.00479
   0.97929  0.01890 -0.03031
   0.97409  0.02011 -0.05642
   0.96867  0.02135 -0.08706
   0.96305  0.02259 -0.11375
   0.95727  0.02381 -0.13555
   0.95131  0.02502 -0.15671
   0.94520  0.02620 -0.17197
   0.93893  0.02735 -0.18522
   0.93253  0.02848 -0.19662
   0.92600  0.02957 -0.20390
   0.91932  0.03065 -0.21021
   0.91254  0.03170 -0.21724
   0.90568  0.03272 -0.22610
   0.89876  0.03372 -0.23362
   0.89181  0.03467 -0.24193
   0.88484  0.03559 -0.24805
   0.87782  0.03647 -0.25080
   0.87073  0.03731 -0.25209
   0.86355  0.03812 -0.25336
   0.85628  0.03891 -0.25218
   0.84891  0.03968 -0.25154
   0.84146  0.04044 -0.25157
   0.83396  0.04117 -0.25167
   0.82645  0.04190 -0.25750
   0.81896  0.04260 -0.26260
   0.81149  0.04327 -0.26633
   0.80402  0.04391 -0.26895
   0.79655  0.04452 -0.27159
   0.78909  0.04510 -0.27380
   0.78162  0.04565 -0.27479
   0.77414  0.04617 -0.27440
   0.76665  0.04666 -0.27497
   0.75914  0.04713 -0.27382
   0.75161  0.04756 -0.27213
   0.74405  0.04798 -0.27047
   0.73646  0.04837 -0.26774
   0.72884  0.04874 -0.26539
   0.72118  0.04909 -0.26265
   0.71350  0.04943 -0.25947
   0.70580  0.04974 -0.25778
   0.69806  0.05004 -0.25482
   0.69030  0.05033 -0.25297
   0.68252  0.05060 -0.25094
   0.67473  0.05086 -0.24934
   0.66693  0.05111 -0.24723
   0.65911  0.05135 -0.24609
   0.65129  0.05157 -0.24477
   0.64347  0.05178 -0.24283
   0.63563  0.05197 -0.24184
   0.62779  0.05216 -0.24046
   0.61994  0.05233 -0.23855
   0.61208  0.05249 -0.23812
   0.60421  0.05264 -0.23575
   0.59633  0.05278 -0.23508
   0.58846  0.05291 -0.23398
   0.58058  0.05303 -0.23350
   0.57270  0.05314 -0.23239
   0.56482  0.05324 -0.23161
   0.55693  0.05333 -0.23068
   0.54904  0.05340 -0.23018
   0.54115  0.05347 -0.22889
   0.53326  0.05353 -0.22870
   0.52537  0.05358 -0.22748
   0.51748  0.05361 -0.22674
   0.50958  0.05364 -0.22658
   0.50169  0.05366 -0.22512
   0.49380  0.05367 -0.22564
   0.48590  0.05367 -0.22411
   0.47801  0.05366 -0.22465
   0.47012  0.05363 -0.22378
   0.46224  0.05360 -0.22321
   0.45437  0.05356 -0.22275
   0.44650  0.05351 -0.22238
   0.43864  0.05345 -0.22143
   0.43079  0.05338 -0.22140
   0.42295  0.05330 -0.22124
   0.41514  0.05321 -0.22106
   0.40737  0.05312 -0.22188
   0.39966  0.05301 -0.22148
   0.39202  0.05289 -0.22285
   0.38445  0.05276 -0.22011
   0.37694  0.05262 -0.21762
   0.36954  0.05249 -0.21680
   0.36229  0.05236 -0.22420
   0.35524  0.05223 -0.23536
   0.34842  0.05207 -0.24481
   0.34179  0.05185 -0.23617
   0.33530  0.05159 -0.20911
   0.32892  0.05132 -0.18229
   0.32258  0.05111 -0.16862
   0.31625  0.05098 -0.18530
   0.30988  0.05089 -0.21515
   0.30343  0.05078 -0.24297
   0.29682  0.05061 -0.24549
   0.29002  0.05037 -0.23315
   0.28299  0.05009 -0.22141
   0.27579  0.04982 -0.22036
   0.26847  0.04954 -0.22473
   0.26108  0.04924 -0.22694
   0.25361  0.04892 -0.22610
   0.24607  0.04858 -0.22644
   0.23850  0.04823 -0.22774
   0.23092  0.04786 -0.22851
   0.22333  0.04747 -0.22965
   0.21574  0.04707 -0.23052
   0.20817  0.04664 -0.23272
   0.20063  0.04620 -0.23359
   0.19311  0.04574 -0.23479
   0.18563  0.04526 -0.23840
   0.17820  0.04475 -0.23854
   0.17081  0.04423 -0.24029
   0.16349  0.04368 -0.24320
   0.15624  0.04311 -0.24376
   0.14907  0.04251 -0.24676
   0.14200  0.04189 -0.24798
   0.13503  0.04125 -0.24959
   0.12818  0.04059 -0.25101
   0.12147  0.03990 -0.25194
   0.11493  0.03919 -0.25267
   0.10856  0.03847 -0.25347
   0.10240  0.03773 -0.25381
   0.09647  0.03699 -0.25562
   0.09078  0.03624 -0.25821
   0.08537  0.03550 -0.25775
   0.08024  0.03476 -0.26401
   0.07540  0.03403 -0.26678
   0.07085  0.03331 -0.27158
   0.06658  0.03261 -0.28556
   0.06257  0.03190 -0.28735
   0.05879  0.03120 -0.29986
   0.05523  0.03050 -0.30524
   0.05189  0.02978 -0.30447
   0.04873  0.02906 -0.29933
   0.04574  0.02833 -0.28932
   0.04291  0.02760 -0.28099
   0.04024  0.02687 -0.26692
   0.03771  0.02615 -0.25580
   0.03531  0.02543 -0.24896
   0.03305  0.02471 -0.22477
   0.03089  0.02399 -0.19512
   0.02884  0.02329 -0.17202
   0.02688  0.02260 -0.15738
   0.02502  0.02195 -0.15695
   0.02326  0.02131 -0.15675
   0.02159  0.02067 -0.15712
   0.02000  0.02005 -0.15270
   0.01849  0.01942 -0.14345
   0.01706  0.01880 -0.12650
   0.01569  0.01817 -0.10090
   0.01439  0.01754 -0.07963
   0.01314  0.01692 -0.05752
   0.01194  0.01630 -0.03856
   0.01080  0.01568 -0.02103
   0.00971  0.01507 -0.00462
   0.00867  0.01445  0.01853
   0.00767  0.01383  0.03344
   0.00672  0.01321  0.05502
   0.00581  0.01258  0.07198
   0.00495  0.01194  0.09954
   0.00414  0.01128  0.11889
   0.00338  0.01061  0.14178
   0.00268  0.00990  0.17020
   0.00207  0.00914  0.28270
   0.00154  0.00835  0.37348
   0.00111  0.00752  0.49773
   0.00078  0.00665  0.64026
   0.00053  0.00577  0.75663
   0.00035  0.00489  0.84197
   0.00022  0.00400  0.90056
   0.00012  0.00312  0.94442
   0.00005  0.00224  0.97192
   0.00001  0.00137  0.98958
  -0.00000  0.00051  0.99859
   0.00001 -0.00034  0.99952
   0.00004 -0.00120  0.99319
   0.00010 -0.00206  0.97945
   0.00020 -0.00292  0.96554
   0.00027 -0.00380  0.93031
   0.00039 -0.00468  0.90064
   0.00054 -0.00556  0.85783
   0.00072 -0.00645  0.80481
   0.00092 -0.00735  0.74527
   0.00115 -0.00824  0.67473
   0.00142 -0.00914  0.58450
   0.00173 -0.01004  0.48387
   0.00207 -0.01094  0.36828
   0.00247 -0.01182  0.20575
   0.00292 -0.01269  0.12633
   0.00342 -0.01356 -0.19375
   0.00402 -0.01437 -0.25924
   0.00470 -0.01514 -0.36603
   0.00546 -0.01587 -0.40586
   0.00629 -0.01657 -0.43930
   0.00717 -0.01724 -0.45548
   0.00811 -0.01789 -0.47498
   0.00910 -0.01851 -0.47779
   0.01015 -0.01912 -0.47806
   0.01125 -0.01971 -0.48169
   0.01240 -0.02029 -0.47774
   0.01361 -0.02086 -0.47505
   0.01488 -0.02142 -0.47069
   0.01621 -0.02198 -0.45918
   0.01761 -0.02253 -0.45403
   0.01908 -0.02307 -0.44102
   0.02063 -0.02362 -0.43833
   0.02226 -0.02417 -0.42787
   0.02397 -0.02472 -0.41511
   0.02579 -0.02528 -0.40984
   0.02770 -0.02584 -0.40140
   0.02973 -0.02641 -0.39545
   0.03189 -0.02700 -0.38946
   0.03419 -0.02759 -0.38475
   0.03663 -0.02820 -0.37573
   0.03924 -0.02882 -0.37076
   0.04203 -0.02945 -0.36160
   0.04502 -0.03011 -0.35643
   0.04822 -0.03078 -0.35202
   0.05165 -0.03148 -0.34998
   0.05533 -0.03220 -0.34684
   0.05925 -0.03293 -0.34500
   0.06344 -0.03368 -0.34146
   0.06789 -0.03445 -0.34055
   0.07262 -0.03522 -0.33689
   0.07761 -0.03600 -0.33648
   0.08288 -0.03679 -0.33418
   0.08842 -0.03758 -0.33192
   0.09419 -0.03836 -0.32985
   0.10019 -0.03914 -0.32871
   0.10638 -0.03991 -0.32869
   0.11276 -0.04065 -0.32852
   0.11929 -0.04138 -0.32849
   0.12594 -0.04208 -0.32787
   0.13272 -0.04276 -0.32748
   0.13959 -0.04340 -0.32669
   0.14656 -0.04401 -0.32421
   0.15362 -0.04460 -0.32308
   0.16075 -0.04515 -0.31974
   0.16794 -0.04567 -0.31800
   0.17519 -0.04616 -0.31514
   0.18248 -0.04663 -0.31360
   0.18981 -0.04706 -0.31184
   0.19717 -0.04747 -0.31088
   0.20456 -0.04785 -0.30709
   0.21197 -0.04820 -0.30658
   0.21942 -0.04852 -0.30283
   0.22690 -0.04882 -0.30060
   0.23441 -0.04909 -0.29621
   0.24195 -0.04934 -0.29441
   0.24951 -0.04956 -0.29265
   0.25708 -0.04977 -0.28969
   0.26468 -0.04995 -0.28865
   0.27229 -0.05011 -0.28467
   0.27991 -0.05024 -0.28349
   0.28756 -0.05036 -0.28031
   0.29522 -0.05046 -0.27862
   0.30289 -0.05054 -0.27698
   0.31057 -0.05060 -0.27511
   0.31825 -0.05064 -0.27310
   0.32595 -0.05066 -0.27174
   0.33364 -0.05066 -0.27042
   0.34135 -0.05065 -0.26881
   0.34906 -0.05061 -0.26729
   0.35677 -0.05056 -0.26568
   0.36448 -0.05048 -0.26425
   0.37219 -0.05039 -0.26284
   0.37990 -0.05028 -0.26104
   0.38761 -0.05015 -0.25986
   0.39532 -0.05001 -0.25874
   0.40302 -0.04984 -0.25754
   0.41072 -0.04966 -0.25563
   0.41842 -0.04945 -0.25521
   0.42610 -0.04923 -0.25402
   0.43378 -0.04899 -0.25344
   0.44144 -0.04873 -0.25147
   0.44910 -0.04845 -0.25111
   0.45674 -0.04815 -0.24972
   0.46437 -0.04783 -0.24916
   0.47199 -0.04749 -0.24761
   0.47960 -0.04713 -0.24591
   0.48720 -0.04674 -0.24477
   0.49478 -0.04634 -0.24319
   0.50235 -0.04590 -0.24096
   0.50991 -0.04545 -0.23991
   0.51745 -0.04497 -0.23738
   0.52498 -0.04447 -0.23515
   0.53250 -0.04395 -0.23316
   0.54000 -0.04340 -0.23075
   0.54749 -0.04282 -0.22804
   0.55497 -0.04222 -0.22505
   0.56243 -0.04159 -0.22158
   0.56987 -0.04093 -0.21836
   0.57730 -0.04025 -0.21482
   0.58471 -0.03954 -0.21086
   0.59210 -0.03881 -0.20678
   0.59948 -0.03804 -0.20251
   0.60683 -0.03724 -0.19804
   0.61417 -0.03642 -0.19195
   0.62149 -0.03556 -0.18739
   0.62879 -0.03468 -0.18028
   0.63608 -0.03376 -0.17474
   0.64335 -0.03281 -0.16672
   0.65061 -0.03183 -0.15981
   0.65786 -0.03081 -0.15138
   0.66510 -0.02976 -0.14262
   0.67232 -0.02867 -0.13303
   0.67954 -0.02755 -0.12308
   0.68676 -0.02640 -0.11262
   0.69397 -0.02520 -0.10160
   0.70117 -0.02398 -0.08899
   0.70838 -0.02271 -0.07645
   0.71559 -0.02141 -0.06311
   0.72281 -0.02007 -0.04888
   0.73004 -0.01870 -0.03427
   0.73728 -0.01729 -0.01835
   0.74453 -0.01584 -0.00099
   0.75180 -0.01436  0.01525
   0.75910 -0.01284  0.03507
   0.76642 -0.01128  0.05295
   0.77378 -0.00969  0.07459
   0.78118 -0.00807  0.09330
   0.78863 -0.00642  0.11662
   0.79611 -0.00475  0.13729
   0.80361 -0.00306  0.16154
   0.81108 -0.00138  0.18430
   0.81847  0.00029  0.20718
   0.82574  0.00191  0.23077
   0.83289  0.00348  0.25265
   0.83991  0.00499  0.27304
   0.84680  0.00644  0.29262
   0.85358  0.00782  0.31194
   0.86023  0.00913  0.32812
   0.86676  0.01036  0.34658
   0.87316  0.01151  0.36071
   0.87944  0.01258  0.37698
   0.88561  0.01356  0.38875
   0.89167  0.01445  0.40091
   0.89763  0.01526  0.41160
   0.90349  0.01599  0.42114
   0.90927  0.01663  0.42887
   0.91493  0.01718  0.43841
   0.92047  0.01765  0.44433
   0.92588  0.01803  0.45244
   0.93120  0.01832  0.45604
   0.93644  0.01853  0.45681
   0.94160  0.01868  0.45968
   0.94662  0.01876  0.46665
   0.95140  0.01879  0.48189
   0.95595  0.01872  0.49155
   0.96030  0.01853  0.49659
   0.96456  0.01820  0.48161
   0.96881  0.01775  0.45409
   0.97308  0.01723  0.42697
   0.97733  0.01672  0.41476
   0.98147  0.01621  0.42783
   0.98549  0.01562  0.43470
   0.98945  0.01488  0.38948
   0.99342  0.01406  0.32478
   0.99738  0.01325  0.29937
   1.00000  0.01271  0.25409
