GRUMMAN K-2 AIRFOIL                             
 Alfa =  -1.26810 Re =        0.000 Xflap,Yflap =     0.000000    0.000000
#    x        y        Cp  
   1.00000  0.01371  0.25420
   0.99740  0.01444  0.09920
   0.99329  0.01549  0.06144
   0.98889  0.01657  0.04609
   0.98423  0.01772  0.00572
   0.97929  0.01890 -0.02925
   0.97409  0.02011 -0.05522
   0.96867  0.02135 -0.08562
   0.96305  0.02259 -0.11216
   0.95727  0.02381 -0.13382
   0.95131  0.02502 -0.15475
   0.94520  0.02620 -0.16984
   0.93893  0.02735 -0.18292
   0.93253  0.02848 -0.19415
   0.92600  0.02957 -0.20134
   0.91932  0.03065 -0.20741
   0.91254  0.03170 -0.21437
   0.90568  0.03272 -0.22300
   0.89876  0.03372 -0.23044
   0.89181  0.03467 -0.23855
   0.88484  0.03559 -0.24453
   0.87782  0.03647 -0.24718
   0.87073  0.03731 -0.24831
   0.86355  0.03812 -0.24944
   0.85628  0.03891 -0.24821
   0.84891  0.03968 -0.24734
   0.84146  0.04044 -0.24731
   0.83396  0.04117 -0.24725
   0.82645  0.04190 -0.25298
   0.81896  0.04260 -0.25790
   0.81149  0.04327 -0.26148
   0.80402  0.04391 -0.26402
   0.79655  0.04452 -0.26646
   0.78909  0.04510 -0.26866
   0.78162  0.04565 -0.26939
   0.77414  0.04617 -0.26894
   0.76665  0.04666 -0.26932
   0.75914  0.04713 -0.26811
   0.75161  0.04756 -0.26630
   0.74405  0.04798 -0.26459
   0.73646  0.04837 -0.26167
   0.72884  0.04874 -0.25925
   0.72118  0.04909 -0.25638
   0.71350  0.04943 -0.25307
   0.70580  0.04974 -0.25128
   0.69806  0.05004 -0.24828
   0.69030  0.05033 -0.24622
   0.68252  0.05060 -0.24415
   0.67473  0.05086 -0.24237
   0.66693  0.05111 -0.24018
   0.65911  0.05135 -0.23895
   0.65129  0.05157 -0.23746
   0.64347  0.05178 -0.23543
   0.63563  0.05197 -0.23433
   0.62779  0.05216 -0.23282
   0.61994  0.05233 -0.23076
   0.61208  0.05249 -0.23026
   0.60421  0.05264 -0.22774
   0.59633  0.05278 -0.22692
   0.58846  0.05291 -0.22571
   0.58058  0.05303 -0.22509
   0.57270  0.05314 -0.22386
   0.56482  0.05324 -0.22297
   0.55693  0.05333 -0.22189
   0.54904  0.05340 -0.22125
   0.54115  0.05347 -0.21982
   0.53326  0.05353 -0.21949
   0.52537  0.05358 -0.21814
   0.51748  0.05361 -0.21723
   0.50958  0.05364 -0.21695
   0.50169  0.05366 -0.21534
   0.49380  0.05367 -0.21571
   0.48590  0.05367 -0.21404
   0.47801  0.05366 -0.21440
   0.47012  0.05363 -0.21338
   0.46224  0.05360 -0.21264
   0.45437  0.05356 -0.21202
   0.44650  0.05351 -0.21149
   0.43864  0.05345 -0.21039
   0.43079  0.05338 -0.21015
   0.42295  0.05330 -0.20984
   0.41514  0.05321 -0.20947
   0.40737  0.05312 -0.21010
   0.39966  0.05301 -0.20948
   0.39202  0.05289 -0.21069
   0.38445  0.05276 -0.20775
   0.37694  0.05262 -0.20511
   0.36954  0.05249 -0.20411
   0.36229  0.05236 -0.21123
   0.35524  0.05223 -0.22205
   0.34842  0.05207 -0.23124
   0.34179  0.05185 -0.22246
   0.33530  0.05159 -0.19552
   0.32892  0.05132 -0.16882
   0.32258  0.05111 -0.15510
   0.31625  0.05098 -0.17141
   0.30988  0.05089 -0.20070
   0.30343  0.05078 -0.22795
   0.29682  0.05061 -0.23023
   0.29002  0.05037 -0.21778
   0.28299  0.05009 -0.20594
   0.27579  0.04982 -0.20462
   0.26847  0.04954 -0.20864
   0.26108  0.04924 -0.21054
   0.25361  0.04892 -0.20938
   0.24607  0.04858 -0.20938
   0.23850  0.04823 -0.21033
   0.23092  0.04786 -0.21071
   0.22333  0.04747 -0.21146
   0.21574  0.04707 -0.21192
   0.20817  0.04664 -0.21366
   0.20063  0.04620 -0.21409
   0.19311  0.04574 -0.21481
   0.18563  0.04526 -0.21787
   0.17820  0.04475 -0.21752
   0.17081  0.04423 -0.21871
   0.16349  0.04368 -0.22100
   0.15624  0.04311 -0.22096
   0.14907  0.04251 -0.22328
   0.14200  0.04189 -0.22382
   0.13503  0.04125 -0.22471
   0.12818  0.04059 -0.22536
   0.12147  0.03990 -0.22550
   0.11493  0.03919 -0.22540
   0.10856  0.03847 -0.22533
   0.10240  0.03773 -0.22475
   0.09647  0.03699 -0.22558
   0.09078  0.03624 -0.22714
   0.08537  0.03550 -0.22564
   0.08024  0.03476 -0.23070
   0.07540  0.03403 -0.23227
   0.07085  0.03331 -0.23583
   0.06658  0.03261 -0.24823
   0.06257  0.03190 -0.24876
   0.05879  0.03120 -0.25961
   0.05523  0.03050 -0.26353
   0.05189  0.02978 -0.26141
   0.04873  0.02906 -0.25504
   0.04574  0.02833 -0.24393
   0.04291  0.02760 -0.23441
   0.04024  0.02687 -0.21935
   0.03771  0.02615 -0.20708
   0.03531  0.02543 -0.19890
   0.03305  0.02471 -0.17404
   0.03089  0.02399 -0.14393
   0.02884  0.02329 -0.12017
   0.02688  0.02260 -0.10441
   0.02502  0.02195 -0.10220
   0.02326  0.02131 -0.10009
   0.02159  0.02067 -0.09846
   0.02000  0.02005 -0.09213
   0.01849  0.01942 -0.08111
   0.01706  0.01880 -0.06280
   0.01569  0.01817 -0.03618
   0.01439  0.01754 -0.01371
   0.01314  0.01692  0.00975
   0.01194  0.01630  0.03035
   0.01080  0.01568  0.04974
   0.00971  0.01507  0.06813
   0.00867  0.01445  0.09319
   0.00767  0.01383  0.11058
   0.00672  0.01321  0.13472
   0.00581  0.01258  0.15477
   0.00495  0.01194  0.18517
   0.00414  0.01128  0.20835
   0.00338  0.01061  0.23593
   0.00268  0.00990  0.26909
   0.00207  0.00914  0.37698
   0.00154  0.00835  0.46502
   0.00111  0.00752  0.58075
   0.00078  0.00665  0.70839
   0.00053  0.00577  0.81027
   0.00035  0.00489  0.88322
   0.00022  0.00400  0.93187
   0.00012  0.00312  0.96666
   0.00005  0.00224  0.98667
   0.00001  0.00137  0.99742
  -0.00000  0.00051  0.99981
   0.00001 -0.00034  0.99480
   0.00004 -0.00120  0.98242
   0.00010 -0.00206  0.96227
   0.00020 -0.00292  0.94602
   0.00027 -0.00380  0.90069
   0.00039 -0.00468  0.86715
   0.00054 -0.00556  0.81802
   0.00072 -0.00645  0.75836
   0.00092 -0.00735  0.69239
   0.00115 -0.00824  0.61499
   0.00142 -0.00914  0.51663
   0.00173 -0.01004  0.40764
   0.00207 -0.01094  0.28364
   0.00247 -0.01182  0.10870
   0.00292 -0.01269  0.02779
   0.00342 -0.01356 -0.31797
   0.00402 -0.01437 -0.38024
   0.00470 -0.01514 -0.48883
   0.00546 -0.01587 -0.52410
   0.00629 -0.01657 -0.55348
   0.00717 -0.01724 -0.56471
   0.00811 -0.01789 -0.58011
   0.00910 -0.01851 -0.57829
   0.01015 -0.01912 -0.57409
   0.01125 -0.01971 -0.57383
   0.01240 -0.02029 -0.56603
   0.01361 -0.02086 -0.55976
   0.01488 -0.02142 -0.55194
   0.01621 -0.02198 -0.53694
   0.01761 -0.02253 -0.52873
   0.01908 -0.02307 -0.51267
   0.02063 -0.02362 -0.50734
   0.02226 -0.02417 -0.49418
   0.02397 -0.02472 -0.47879
   0.02579 -0.02528 -0.47118
   0.02770 -0.02584 -0.46050
   0.02973 -0.02641 -0.45244
   0.03189 -0.02700 -0.44445
   0.03419 -0.02759 -0.43781
   0.03663 -0.02820 -0.42685
   0.03924 -0.02882 -0.42007
   0.04203 -0.02945 -0.40907
   0.04502 -0.03011 -0.40221
   0.04822 -0.03078 -0.39620
   0.05165 -0.03148 -0.39267
   0.05533 -0.03220 -0.38804
   0.05925 -0.03293 -0.38479
   0.06344 -0.03368 -0.37986
   0.06789 -0.03445 -0.37763
   0.07262 -0.03522 -0.37268
   0.07761 -0.03600 -0.37106
   0.08288 -0.03679 -0.36757
   0.08842 -0.03758 -0.36416
   0.09419 -0.03836 -0.36100
   0.10019 -0.03914 -0.35885
   0.10638 -0.03991 -0.35787
   0.11276 -0.04065 -0.35680
   0.11929 -0.04138 -0.35593
   0.12594 -0.04208 -0.35449
   0.13272 -0.04276 -0.35333
   0.13959 -0.04340 -0.35179
   0.14656 -0.04401 -0.34860
   0.15362 -0.04460 -0.34679
   0.16075 -0.04515 -0.34279
   0.16794 -0.04567 -0.34043
   0.17519 -0.04616 -0.33698
   0.18248 -0.04663 -0.33488
   0.18981 -0.04706 -0.33260
   0.19717 -0.04747 -0.33112
   0.20456 -0.04785 -0.32684
   0.21197 -0.04820 -0.32589
   0.21942 -0.04852 -0.32167
   0.22690 -0.04882 -0.31900
   0.23441 -0.04909 -0.31418
   0.24195 -0.04934 -0.31198
   0.24951 -0.04956 -0.30985
   0.25708 -0.04977 -0.30651
   0.26468 -0.04995 -0.30513
   0.27229 -0.05011 -0.30079
   0.27991 -0.05024 -0.29928
   0.28756 -0.05036 -0.29579
   0.29522 -0.05046 -0.29377
   0.30289 -0.05054 -0.29184
   0.31057 -0.05060 -0.28967
   0.31825 -0.05064 -0.28741
   0.32595 -0.05066 -0.28575
   0.33364 -0.05066 -0.28419
   0.34135 -0.05065 -0.28232
   0.34906 -0.05061 -0.28056
   0.35677 -0.05056 -0.27870
   0.36448 -0.05048 -0.27701
   0.37219 -0.05039 -0.27543
   0.37990 -0.05028 -0.27336
   0.38761 -0.05015 -0.27200
   0.39532 -0.05001 -0.27063
   0.40302 -0.04984 -0.26924
   0.41072 -0.04966 -0.26715
   0.41842 -0.04945 -0.26651
   0.42610 -0.04923 -0.26512
   0.43378 -0.04899 -0.26437
   0.44144 -0.04873 -0.26223
   0.44910 -0.04845 -0.26165
   0.45674 -0.04815 -0.26010
   0.46437 -0.04783 -0.25937
   0.47199 -0.04749 -0.25766
   0.47960 -0.04713 -0.25578
   0.48720 -0.04674 -0.25446
   0.49478 -0.04634 -0.25273
   0.50235 -0.04590 -0.25033
   0.50991 -0.04545 -0.24910
   0.51745 -0.04497 -0.24646
   0.52498 -0.04447 -0.24402
   0.53250 -0.04395 -0.24190
   0.54000 -0.04340 -0.23932
   0.54749 -0.04282 -0.23647
   0.55497 -0.04222 -0.23333
   0.56243 -0.04159 -0.22967
   0.56987 -0.04093 -0.22633
   0.57730 -0.04025 -0.22264
   0.58471 -0.03954 -0.21849
   0.59210 -0.03881 -0.21430
   0.59948 -0.03804 -0.20986
   0.60683 -0.03724 -0.20526
   0.61417 -0.03642 -0.19902
   0.62149 -0.03556 -0.19429
   0.62879 -0.03468 -0.18703
   0.63608 -0.03376 -0.18133
   0.64335 -0.03281 -0.17319
   0.65061 -0.03183 -0.16609
   0.65786 -0.03081 -0.15753
   0.66510 -0.02976 -0.14862
   0.67232 -0.02867 -0.13884
   0.67954 -0.02755 -0.12874
   0.68676 -0.02640 -0.11818
   0.69397 -0.02520 -0.10697
   0.70117 -0.02398 -0.09420
   0.70838 -0.02271 -0.08149
   0.71559 -0.02141 -0.06798
   0.72281 -0.02007 -0.05362
   0.73004 -0.01870 -0.03887
   0.73728 -0.01729 -0.02276
   0.74453 -0.01584 -0.00519
   0.75180 -0.01436  0.01114
   0.75910 -0.01284  0.03113
   0.76642 -0.01128  0.04921
   0.77378 -0.00969  0.07101
   0.78118 -0.00807  0.08985
   0.78863 -0.00642  0.11333
   0.79611 -0.00475  0.13418
   0.80361 -0.00306  0.15859
   0.81108 -0.00138  0.18151
   0.81847  0.00029  0.20450
   0.82574  0.00191  0.22827
   0.83289  0.00348  0.25028
   0.83991  0.00499  0.27080
   0.84680  0.00644  0.29049
   0.85358  0.00782  0.30991
   0.86023  0.00913  0.32621
   0.86676  0.01036  0.34479
   0.87316  0.01151  0.35893
   0.87944  0.01258  0.37537
   0.88561  0.01356  0.38720
   0.89167  0.01445  0.39942
   0.89763  0.01526  0.41022
   0.90349  0.01599  0.41977
   0.90927  0.01663  0.42758
   0.91493  0.01718  0.43722
   0.92047  0.01765  0.44310
   0.92588  0.01803  0.45136
   0.93120  0.01832  0.45495
   0.93644  0.01853  0.45579
   0.94160  0.01868  0.45871
   0.94662  0.01876  0.46566
   0.95140  0.01879  0.48104
   0.95595  0.01872  0.49071
   0.96030  0.01853  0.49580
   0.96456  0.01820  0.48088
   0.96881  0.01775  0.45330
   0.97308  0.01723  0.42621
   0.97733  0.01672  0.41402
   0.98147  0.01621  0.42720
   0.98549  0.01562  0.43414
   0.98945  0.01488  0.38890
   0.99342  0.01406  0.32421
   0.99738  0.01325  0.29891
   1.00000  0.01271  0.25420
