GRUMMAN K-2 AIRFOIL                             
 Alfa =  -1.31630 Re =        0.000 Xflap,Yflap =     0.000000    0.000000
#    x        y        Cp  
   1.00000  0.01371  0.25423
   0.99740  0.01444  0.09926
   0.99329  0.01549  0.06153
   0.98889  0.01657  0.04623
   0.98423  0.01772  0.00591
   0.97929  0.01890 -0.02902
   0.97409  0.02011 -0.05497
   0.96867  0.02135 -0.08532
   0.96305  0.02259 -0.11183
   0.95727  0.02381 -0.13346
   0.95131  0.02502 -0.15434
   0.94520  0.02620 -0.16940
   0.93893  0.02735 -0.18244
   0.93253  0.02848 -0.19364
   0.92600  0.02957 -0.20080
   0.91932  0.03065 -0.20682
   0.91254  0.03170 -0.21377
   0.90568  0.03272 -0.22236
   0.89876  0.03372 -0.22979
   0.89181  0.03467 -0.23785
   0.88484  0.03559 -0.24379
   0.87782  0.03647 -0.24643
   0.87073  0.03731 -0.24753
   0.86355  0.03812 -0.24862
   0.85628  0.03891 -0.24738
   0.84891  0.03968 -0.24648
   0.84146  0.04044 -0.24643
   0.83396  0.04117 -0.24634
   0.82645  0.04190 -0.25205
   0.81896  0.04260 -0.25693
   0.81149  0.04327 -0.26048
   0.80402  0.04391 -0.26300
   0.79655  0.04452 -0.26540
   0.78909  0.04510 -0.26760
   0.78162  0.04565 -0.26828
   0.77414  0.04617 -0.26781
   0.76665  0.04666 -0.26816
   0.75914  0.04713 -0.26693
   0.75161  0.04756 -0.26510
   0.74405  0.04798 -0.26337
   0.73646  0.04837 -0.26041
   0.72884  0.04874 -0.25798
   0.72118  0.04909 -0.25509
   0.71350  0.04943 -0.25175
   0.70580  0.04974 -0.24994
   0.69806  0.05004 -0.24693
   0.69030  0.05033 -0.24483
   0.68252  0.05060 -0.24275
   0.67473  0.05086 -0.24093
   0.66693  0.05111 -0.23873
   0.65911  0.05135 -0.23747
   0.65129  0.05157 -0.23595
   0.64347  0.05178 -0.23390
   0.63563  0.05197 -0.23278
   0.62779  0.05216 -0.23124
   0.61994  0.05233 -0.22915
   0.61208  0.05249 -0.22864
   0.60421  0.05264 -0.22609
   0.59633  0.05278 -0.22524
   0.58846  0.05291 -0.22401
   0.58058  0.05303 -0.22336
   0.57270  0.05314 -0.22211
   0.56482  0.05324 -0.22119
   0.55693  0.05333 -0.22008
   0.54904  0.05340 -0.21941
   0.54115  0.05347 -0.21795
   0.53326  0.05353 -0.21759
   0.52537  0.05358 -0.21621
   0.51748  0.05361 -0.21527
   0.50958  0.05364 -0.21496
   0.50169  0.05366 -0.21333
   0.49380  0.05367 -0.21366
   0.48590  0.05367 -0.21196
   0.47801  0.05366 -0.21229
   0.47012  0.05363 -0.21124
   0.46224  0.05360 -0.21046
   0.45437  0.05356 -0.20981
   0.44650  0.05351 -0.20925
   0.43864  0.05345 -0.20811
   0.43079  0.05338 -0.20784
   0.42295  0.05330 -0.20750
   0.41514  0.05321 -0.20709
   0.40737  0.05312 -0.20768
   0.39966  0.05301 -0.20701
   0.39202  0.05289 -0.20819
   0.38445  0.05276 -0.20520
   0.37694  0.05262 -0.20254
   0.36954  0.05249 -0.20150
   0.36229  0.05236 -0.20856
   0.35524  0.05223 -0.21931
   0.34842  0.05207 -0.22845
   0.34179  0.05185 -0.21964
   0.33530  0.05159 -0.19273
   0.32892  0.05132 -0.16606
   0.32258  0.05111 -0.15232
   0.31625  0.05098 -0.16856
   0.30988  0.05089 -0.19773
   0.30343  0.05078 -0.22487
   0.29682  0.05061 -0.22709
   0.29002  0.05037 -0.21462
   0.28299  0.05009 -0.20276
   0.27579  0.04982 -0.20138
   0.26847  0.04954 -0.20534
   0.26108  0.04924 -0.20717
   0.25361  0.04892 -0.20594
   0.24607  0.04858 -0.20588
   0.23850  0.04823 -0.20675
   0.23092  0.04786 -0.20705
   0.22333  0.04747 -0.20772
   0.21574  0.04707 -0.20810
   0.20817  0.04664 -0.20975
   0.20063  0.04620 -0.21009
   0.19311  0.04574 -0.21072
   0.18563  0.04526 -0.21367
   0.17820  0.04475 -0.21321
   0.17081  0.04423 -0.21428
   0.16349  0.04368 -0.21645
   0.15624  0.04311 -0.21629
   0.14907  0.04251 -0.21847
   0.14200  0.04189 -0.21887
   0.13503  0.04125 -0.21961
   0.12818  0.04059 -0.22010
   0.12147  0.03990 -0.22009
   0.11493  0.03919 -0.21982
   0.10856  0.03847 -0.21957
   0.10240  0.03773 -0.21881
   0.09647  0.03699 -0.21943
   0.09078  0.03624 -0.22078
   0.08537  0.03550 -0.21907
   0.08024  0.03476 -0.22390
   0.07540  0.03403 -0.22522
   0.07085  0.03331 -0.22853
   0.06658  0.03261 -0.24060
   0.06257  0.03190 -0.24089
   0.05879  0.03120 -0.25139
   0.05523  0.03050 -0.25502
   0.05189  0.02978 -0.25263
   0.04873  0.02906 -0.24601
   0.04574  0.02833 -0.23468
   0.04291  0.02760 -0.22492
   0.04024  0.02687 -0.20966
   0.03771  0.02615 -0.19717
   0.03531  0.02543 -0.18871
   0.03305  0.02471 -0.16372
   0.03089  0.02399 -0.13352
   0.02884  0.02329 -0.10964
   0.02688  0.02260 -0.09365
   0.02502  0.02195 -0.09109
   0.02326  0.02131 -0.08860
   0.02159  0.02067 -0.08657
   0.02000  0.02005 -0.07986
   0.01849  0.01942 -0.06849
   0.01706  0.01880 -0.04991
   0.01569  0.01817 -0.02309
   0.01439  0.01754 -0.00039
   0.01314  0.01692  0.02333
   0.01194  0.01630  0.04425
   0.01080  0.01568  0.06400
   0.00971  0.01507  0.08278
   0.00867  0.01445  0.10820
   0.00767  0.01383  0.12607
   0.00672  0.01321  0.15070
   0.00581  0.01258  0.17134
   0.00495  0.01194  0.20228
   0.00414  0.01128  0.22618
   0.00338  0.01061  0.25464
   0.00268  0.00990  0.28867
   0.00207  0.00914  0.39557
   0.00154  0.00835  0.48298
   0.00111  0.00752  0.59691
   0.00078  0.00665  0.72153
   0.00053  0.00577  0.82049
   0.00035  0.00489  0.89094
   0.00022  0.00400  0.93759
   0.00012  0.00312  0.97053
   0.00005  0.00224  0.98904
   0.00001  0.00137  0.99838
  -0.00000  0.00051  0.99942
   0.00001 -0.00034  0.99320
   0.00004 -0.00120  0.97958
   0.00010 -0.00206  0.95809
   0.00020 -0.00292  0.94146
   0.00027 -0.00380  0.89394
   0.00039 -0.00468  0.85965
   0.00054 -0.00556  0.80922
   0.00072 -0.00645  0.74819
   0.00092 -0.00735  0.68089
   0.00115 -0.00824  0.60206
   0.00142 -0.00914  0.50202
   0.00173 -0.01004  0.39129
   0.00207 -0.01094  0.26555
   0.00247 -0.01182  0.08802
   0.00292 -0.01269  0.00685
   0.00342 -0.01356 -0.34431
   0.00402 -0.01437 -0.40584
   0.00470 -0.01514 -0.51477
   0.00546 -0.01587 -0.54903
   0.00629 -0.01657 -0.57753
   0.00717 -0.01724 -0.58768
   0.00811 -0.01789 -0.60220
   0.00910 -0.01851 -0.59938
   0.01015 -0.01912 -0.59423
   0.01125 -0.01971 -0.59314
   0.01240 -0.02029 -0.58452
   0.01361 -0.02086 -0.57749
   0.01488 -0.02142 -0.56894
   0.01621 -0.02198 -0.55320
   0.01761 -0.02253 -0.54433
   0.01908 -0.02307 -0.52763
   0.02063 -0.02362 -0.52175
   0.02226 -0.02417 -0.50802
   0.02397 -0.02472 -0.49206
   0.02579 -0.02528 -0.48397
   0.02770 -0.02584 -0.47281
   0.02973 -0.02641 -0.46432
   0.03189 -0.02700 -0.45590
   0.03419 -0.02759 -0.44886
   0.03663 -0.02820 -0.43748
   0.03924 -0.02882 -0.43032
   0.04203 -0.02945 -0.41893
   0.04502 -0.03011 -0.41172
   0.04822 -0.03078 -0.40538
   0.05165 -0.03148 -0.40153
   0.05533 -0.03220 -0.39660
   0.05925 -0.03293 -0.39305
   0.06344 -0.03368 -0.38782
   0.06789 -0.03445 -0.38533
   0.07262 -0.03522 -0.38010
   0.07761 -0.03600 -0.37823
   0.08288 -0.03679 -0.37449
   0.08842 -0.03758 -0.37084
   0.09419 -0.03836 -0.36745
   0.10019 -0.03914 -0.36509
   0.10638 -0.03991 -0.36391
   0.11276 -0.04065 -0.36266
   0.11929 -0.04138 -0.36161
   0.12594 -0.04208 -0.36000
   0.13272 -0.04276 -0.35867
   0.13959 -0.04340 -0.35699
   0.14656 -0.04401 -0.35365
   0.15362 -0.04460 -0.35169
   0.16075 -0.04515 -0.34755
   0.16794 -0.04567 -0.34507
   0.17519 -0.04616 -0.34149
   0.18248 -0.04663 -0.33928
   0.18981 -0.04706 -0.33689
   0.19717 -0.04747 -0.33530
   0.20456 -0.04785 -0.33092
   0.21197 -0.04820 -0.32987
   0.21942 -0.04852 -0.32557
   0.22690 -0.04882 -0.32280
   0.23441 -0.04909 -0.31789
   0.24195 -0.04934 -0.31560
   0.24951 -0.04956 -0.31340
   0.25708 -0.04977 -0.30998
   0.26468 -0.04995 -0.30853
   0.27229 -0.05011 -0.30412
   0.27991 -0.05024 -0.30254
   0.28756 -0.05036 -0.29898
   0.29522 -0.05046 -0.29690
   0.30289 -0.05054 -0.29491
   0.31057 -0.05060 -0.29267
   0.31825 -0.05064 -0.29036
   0.32595 -0.05066 -0.28864
   0.33364 -0.05066 -0.28703
   0.34135 -0.05065 -0.28510
   0.34906 -0.05061 -0.28330
   0.35677 -0.05056 -0.28138
   0.36448 -0.05048 -0.27964
   0.37219 -0.05039 -0.27802
   0.37990 -0.05028 -0.27589
   0.38761 -0.05015 -0.27450
   0.39532 -0.05001 -0.27308
   0.40302 -0.04984 -0.27165
   0.41072 -0.04966 -0.26952
   0.41842 -0.04945 -0.26884
   0.42610 -0.04923 -0.26741
   0.43378 -0.04899 -0.26662
   0.44144 -0.04873 -0.26444
   0.44910 -0.04845 -0.26382
   0.45674 -0.04815 -0.26224
   0.46437 -0.04783 -0.26147
   0.47199 -0.04749 -0.25972
   0.47960 -0.04713 -0.25781
   0.48720 -0.04674 -0.25646
   0.49478 -0.04634 -0.25470
   0.50235 -0.04590 -0.25226
   0.50991 -0.04545 -0.25099
   0.51745 -0.04497 -0.24832
   0.52498 -0.04447 -0.24585
   0.53250 -0.04395 -0.24370
   0.54000 -0.04340 -0.24108
   0.54749 -0.04282 -0.23820
   0.55497 -0.04222 -0.23503
   0.56243 -0.04159 -0.23134
   0.56987 -0.04093 -0.22797
   0.57730 -0.04025 -0.22424
   0.58471 -0.03954 -0.22006
   0.59210 -0.03881 -0.21584
   0.59948 -0.03804 -0.21137
   0.60683 -0.03724 -0.20674
   0.61417 -0.03642 -0.20047
   0.62149 -0.03556 -0.19571
   0.62879 -0.03468 -0.18841
   0.63608 -0.03376 -0.18269
   0.64335 -0.03281 -0.17452
   0.65061 -0.03183 -0.16738
   0.65786 -0.03081 -0.15879
   0.66510 -0.02976 -0.14985
   0.67232 -0.02867 -0.14004
   0.67954 -0.02755 -0.12990
   0.68676 -0.02640 -0.11932
   0.69397 -0.02520 -0.10807
   0.70117 -0.02398 -0.09527
   0.70838 -0.02271 -0.08252
   0.71559 -0.02141 -0.06898
   0.72281 -0.02007 -0.05459
   0.73004 -0.01870 -0.03981
   0.73728 -0.01729 -0.02366
   0.74453 -0.01584 -0.00605
   0.75180 -0.01436  0.01029
   0.75910 -0.01284  0.03033
   0.76642 -0.01128  0.04845
   0.77378 -0.00969  0.07027
   0.78118 -0.00807  0.08915
   0.78863 -0.00642  0.11265
   0.79611 -0.00475  0.13355
   0.80361 -0.00306  0.15799
   0.81108 -0.00138  0.18094
   0.81847  0.00029  0.20395
   0.82574  0.00191  0.22775
   0.83289  0.00348  0.24979
   0.83991  0.00499  0.27034
   0.84680  0.00644  0.29006
   0.85358  0.00782  0.30950
   0.86023  0.00913  0.32582
   0.86676  0.01036  0.34443
   0.87316  0.01151  0.35856
   0.87944  0.01258  0.37504
   0.88561  0.01356  0.38688
   0.89167  0.01445  0.39912
   0.89763  0.01526  0.40993
   0.90349  0.01599  0.41949
   0.90927  0.01663  0.42732
   0.91493  0.01718  0.43698
   0.92047  0.01765  0.44285
   0.92588  0.01803  0.45114
   0.93120  0.01832  0.45473
   0.93644  0.01853  0.45558
   0.94160  0.01868  0.45851
   0.94662  0.01876  0.46545
   0.95140  0.01879  0.48087
   0.95595  0.01872  0.49053
   0.96030  0.01853  0.49563
   0.96456  0.01820  0.48073
   0.96881  0.01775  0.45314
   0.97308  0.01723  0.42606
   0.97733  0.01672  0.41387
   0.98147  0.01621  0.42708
   0.98549  0.01562  0.43403
   0.98945  0.01488  0.38879
   0.99342  0.01406  0.32409
   0.99738  0.01325  0.29882
   1.00000  0.01271  0.25423
