GRUMMAN K-2 AIRFOIL                             
 Alfa =  -1.02800 Re =        0.000 Xflap,Yflap =     0.000000    0.000000
#    x        y        Cp  
   1.00000  0.01371  0.25409
   0.99740  0.01444  0.09890
   0.99329  0.01549  0.06103
   0.98889  0.01657  0.04539
   0.98423  0.01772  0.00477
   0.97929  0.01890 -0.03034
   0.97409  0.02011 -0.05645
   0.96867  0.02135 -0.08710
   0.96305  0.02259 -0.11379
   0.95727  0.02381 -0.13560
   0.95131  0.02502 -0.15676
   0.94520  0.02620 -0.17203
   0.93893  0.02735 -0.18528
   0.93253  0.02848 -0.19668
   0.92600  0.02957 -0.20397
   0.91932  0.03065 -0.21028
   0.91254  0.03170 -0.21731
   0.90568  0.03272 -0.22618
   0.89876  0.03372 -0.23370
   0.89181  0.03467 -0.24202
   0.88484  0.03559 -0.24814
   0.87782  0.03647 -0.25090
   0.87073  0.03731 -0.25219
   0.86355  0.03812 -0.25347
   0.85628  0.03891 -0.25228
   0.84891  0.03968 -0.25165
   0.84146  0.04044 -0.25168
   0.83396  0.04117 -0.25179
   0.82645  0.04190 -0.25762
   0.81896  0.04260 -0.26272
   0.81149  0.04327 -0.26645
   0.80402  0.04391 -0.26907
   0.79655  0.04452 -0.27172
   0.78909  0.04510 -0.27393
   0.78162  0.04565 -0.27492
   0.77414  0.04617 -0.27454
   0.76665  0.04666 -0.27512
   0.75914  0.04713 -0.27396
   0.75161  0.04756 -0.27228
   0.74405  0.04798 -0.27062
   0.73646  0.04837 -0.26789
   0.72884  0.04874 -0.26555
   0.72118  0.04909 -0.26281
   0.71350  0.04943 -0.25964
   0.70580  0.04974 -0.25794
   0.69806  0.05004 -0.25499
   0.69030  0.05033 -0.25314
   0.68252  0.05060 -0.25111
   0.67473  0.05086 -0.24952
   0.66693  0.05111 -0.24741
   0.65911  0.05135 -0.24627
   0.65129  0.05157 -0.24496
   0.64347  0.05178 -0.24302
   0.63563  0.05197 -0.24204
   0.62779  0.05216 -0.24066
   0.61994  0.05233 -0.23875
   0.61208  0.05249 -0.23832
   0.60421  0.05264 -0.23596
   0.59633  0.05278 -0.23529
   0.58846  0.05291 -0.23419
   0.58058  0.05303 -0.23372
   0.57270  0.05314 -0.23261
   0.56482  0.05324 -0.23184
   0.55693  0.05333 -0.23090
   0.54904  0.05340 -0.23040
   0.54115  0.05347 -0.22912
   0.53326  0.05353 -0.22893
   0.52537  0.05358 -0.22772
   0.51748  0.05361 -0.22699
   0.50958  0.05364 -0.22683
   0.50169  0.05366 -0.22537
   0.49380  0.05367 -0.22590
   0.48590  0.05367 -0.22437
   0.47801  0.05366 -0.22491
   0.47012  0.05363 -0.22404
   0.46224  0.05360 -0.22348
   0.45437  0.05356 -0.22303
   0.44650  0.05351 -0.22266
   0.43864  0.05345 -0.22171
   0.43079  0.05338 -0.22169
   0.42295  0.05330 -0.22154
   0.41514  0.05321 -0.22136
   0.40737  0.05312 -0.22218
   0.39966  0.05301 -0.22178
   0.39202  0.05289 -0.22316
   0.38445  0.05276 -0.22042
   0.37694  0.05262 -0.21794
   0.36954  0.05249 -0.21713
   0.36229  0.05236 -0.22453
   0.35524  0.05223 -0.23570
   0.34842  0.05207 -0.24516
   0.34179  0.05185 -0.23652
   0.33530  0.05159 -0.20946
   0.32892  0.05132 -0.18263
   0.32258  0.05111 -0.16897
   0.31625  0.05098 -0.18566
   0.30988  0.05089 -0.21552
   0.30343  0.05078 -0.24336
   0.29682  0.05061 -0.24588
   0.29002  0.05037 -0.23354
   0.28299  0.05009 -0.22181
   0.27579  0.04982 -0.22077
   0.26847  0.04954 -0.22514
   0.26108  0.04924 -0.22736
   0.25361  0.04892 -0.22653
   0.24607  0.04858 -0.22688
   0.23850  0.04823 -0.22819
   0.23092  0.04786 -0.22897
   0.22333  0.04747 -0.23012
   0.21574  0.04707 -0.23100
   0.20817  0.04664 -0.23321
   0.20063  0.04620 -0.23409
   0.19311  0.04574 -0.23530
   0.18563  0.04526 -0.23892
   0.17820  0.04475 -0.23908
   0.17081  0.04423 -0.24085
   0.16349  0.04368 -0.24377
   0.15624  0.04311 -0.24435
   0.14907  0.04251 -0.24736
   0.14200  0.04189 -0.24860
   0.13503  0.04125 -0.25023
   0.12818  0.04059 -0.25167
   0.12147  0.03990 -0.25262
   0.11493  0.03919 -0.25337
   0.10856  0.03847 -0.25420
   0.10240  0.03773 -0.25456
   0.09647  0.03699 -0.25639
   0.09078  0.03624 -0.25902
   0.08537  0.03550 -0.25858
   0.08024  0.03476 -0.26487
   0.07540  0.03403 -0.26767
   0.07085  0.03331 -0.27250
   0.06658  0.03261 -0.28653
   0.06257  0.03190 -0.28835
   0.05879  0.03120 -0.30090
   0.05523  0.03050 -0.30632
   0.05189  0.02978 -0.30558
   0.04873  0.02906 -0.30048
   0.04574  0.02833 -0.29050
   0.04291  0.02760 -0.28219
   0.04024  0.02687 -0.26816
   0.03771  0.02615 -0.25706
   0.03531  0.02543 -0.25026
   0.03305  0.02471 -0.22608
   0.03089  0.02399 -0.19645
   0.02884  0.02329 -0.17337
   0.02688  0.02260 -0.15875
   0.02502  0.02195 -0.15837
   0.02326  0.02131 -0.15822
   0.02159  0.02067 -0.15864
   0.02000  0.02005 -0.15427
   0.01849  0.01942 -0.14507
   0.01706  0.01880 -0.12815
   0.01569  0.01817 -0.10258
   0.01439  0.01754 -0.08135
   0.01314  0.01692 -0.05927
   0.01194  0.01630 -0.04036
   0.01080  0.01568 -0.02287
   0.00971  0.01507 -0.00652
   0.00867  0.01445  0.01658
   0.00767  0.01383  0.03142
   0.00672  0.01321  0.05293
   0.00581  0.01258  0.06981
   0.00495  0.01194  0.09729
   0.00414  0.01128  0.11654
   0.00338  0.01061  0.13930
   0.00268  0.00990  0.16758
   0.00207  0.00914  0.28019
   0.00154  0.00835  0.37104
   0.00111  0.00752  0.49550
   0.00078  0.00665  0.63842
   0.00053  0.00577  0.75517
   0.00035  0.00489  0.84083
   0.00022  0.00400  0.89968
   0.00012  0.00312  0.94378
   0.00005  0.00224  0.97147
   0.00001  0.00137  0.98931
  -0.00000  0.00051  0.99849
   0.00001 -0.00034  0.99958
   0.00004 -0.00120  0.99340
   0.00010 -0.00206  0.97983
   0.00020 -0.00292  0.96599
   0.00027 -0.00380  0.93101
   0.00039 -0.00468  0.90144
   0.00054 -0.00556  0.85878
   0.00072 -0.00645  0.80593
   0.00092 -0.00735  0.74656
   0.00115 -0.00824  0.67620
   0.00142 -0.00914  0.58617
   0.00173 -0.01004  0.48576
   0.00207 -0.01094  0.37038
   0.00247 -0.01182  0.20816
   0.00292 -0.01269  0.12879
   0.00342 -0.01356 -0.19065
   0.00402 -0.01437 -0.25622
   0.00470 -0.01514 -0.36295
   0.00546 -0.01587 -0.40289
   0.00629 -0.01657 -0.43643
   0.00717 -0.01724 -0.45273
   0.00811 -0.01789 -0.47233
   0.00910 -0.01851 -0.47526
   0.01015 -0.01912 -0.47564
   0.01125 -0.01971 -0.47936
   0.01240 -0.02029 -0.47551
   0.01361 -0.02086 -0.47291
   0.01488 -0.02142 -0.46864
   0.01621 -0.02198 -0.45721
   0.01761 -0.02253 -0.45214
   0.01908 -0.02307 -0.43921
   0.02063 -0.02362 -0.43659
   0.02226 -0.02417 -0.42619
   0.02397 -0.02472 -0.41350
   0.02579 -0.02528 -0.40829
   0.02770 -0.02584 -0.39990
   0.02973 -0.02641 -0.39400
   0.03189 -0.02700 -0.38807
   0.03419 -0.02759 -0.38340
   0.03663 -0.02820 -0.37443
   0.03924 -0.02882 -0.36951
   0.04203 -0.02945 -0.36039
   0.04502 -0.03011 -0.35526
   0.04822 -0.03078 -0.35090
   0.05165 -0.03148 -0.34890
   0.05533 -0.03220 -0.34579
   0.05925 -0.03293 -0.34398
   0.06344 -0.03368 -0.34048
   0.06789 -0.03445 -0.33960
   0.07262 -0.03522 -0.33598
   0.07761 -0.03600 -0.33560
   0.08288 -0.03679 -0.33333
   0.08842 -0.03758 -0.33109
   0.09419 -0.03836 -0.32905
   0.10019 -0.03914 -0.32794
   0.10638 -0.03991 -0.32794
   0.11276 -0.04065 -0.32779
   0.11929 -0.04138 -0.32779
   0.12594 -0.04208 -0.32719
   0.13272 -0.04276 -0.32682
   0.13959 -0.04340 -0.32605
   0.14656 -0.04401 -0.32359
   0.15362 -0.04460 -0.32248
   0.16075 -0.04515 -0.31915
   0.16794 -0.04567 -0.31743
   0.17519 -0.04616 -0.31459
   0.18248 -0.04663 -0.31306
   0.18981 -0.04706 -0.31131
   0.19717 -0.04747 -0.31036
   0.20456 -0.04785 -0.30658
   0.21197 -0.04820 -0.30608
   0.21942 -0.04852 -0.30235
   0.22690 -0.04882 -0.30013
   0.23441 -0.04909 -0.29575
   0.24195 -0.04934 -0.29396
   0.24951 -0.04956 -0.29221
   0.25708 -0.04977 -0.28926
   0.26468 -0.04995 -0.28823
   0.27229 -0.05011 -0.28426
   0.27991 -0.05024 -0.28309
   0.28756 -0.05036 -0.27992
   0.29522 -0.05046 -0.27823
   0.30289 -0.05054 -0.27660
   0.31057 -0.05060 -0.27473
   0.31825 -0.05064 -0.27274
   0.32595 -0.05066 -0.27138
   0.33364 -0.05066 -0.27007
   0.34135 -0.05065 -0.26847
   0.34906 -0.05061 -0.26695
   0.35677 -0.05056 -0.26535
   0.36448 -0.05048 -0.26392
   0.37219 -0.05039 -0.26252
   0.37990 -0.05028 -0.26073
   0.38761 -0.05015 -0.25955
   0.39532 -0.05001 -0.25844
   0.40302 -0.04984 -0.25725
   0.41072 -0.04966 -0.25534
   0.41842 -0.04945 -0.25492
   0.42610 -0.04923 -0.25373
   0.43378 -0.04899 -0.25316
   0.44144 -0.04873 -0.25120
   0.44910 -0.04845 -0.25084
   0.45674 -0.04815 -0.24945
   0.46437 -0.04783 -0.24890
   0.47199 -0.04749 -0.24736
   0.47960 -0.04713 -0.24565
   0.48720 -0.04674 -0.24452
   0.49478 -0.04634 -0.24294
   0.50235 -0.04590 -0.24072
   0.50991 -0.04545 -0.23967
   0.51745 -0.04497 -0.23715
   0.52498 -0.04447 -0.23492
   0.53250 -0.04395 -0.23294
   0.54000 -0.04340 -0.23053
   0.54749 -0.04282 -0.22783
   0.55497 -0.04222 -0.22484
   0.56243 -0.04159 -0.22137
   0.56987 -0.04093 -0.21816
   0.57730 -0.04025 -0.21462
   0.58471 -0.03954 -0.21066
   0.59210 -0.03881 -0.20659
   0.59948 -0.03804 -0.20233
   0.60683 -0.03724 -0.19785
   0.61417 -0.03642 -0.19177
   0.62149 -0.03556 -0.18721
   0.62879 -0.03468 -0.18011
   0.63608 -0.03376 -0.17457
   0.64335 -0.03281 -0.16656
   0.65061 -0.03183 -0.15965
   0.65786 -0.03081 -0.15122
   0.66510 -0.02976 -0.14247
   0.67232 -0.02867 -0.13288
   0.67954 -0.02755 -0.12294
   0.68676 -0.02640 -0.11248
   0.69397 -0.02520 -0.10147
   0.70117 -0.02398 -0.08886
   0.70838 -0.02271 -0.07632
   0.71559 -0.02141 -0.06298
   0.72281 -0.02007 -0.04875
   0.73004 -0.01870 -0.03415
   0.73728 -0.01729 -0.01823
   0.74453 -0.01584 -0.00088
   0.75180 -0.01436  0.01535
   0.75910 -0.01284  0.03518
   0.76642 -0.01128  0.05304
   0.77378 -0.00969  0.07468
   0.78118 -0.00807  0.09338
   0.78863 -0.00642  0.11671
   0.79611 -0.00475  0.13737
   0.80361 -0.00306  0.16162
   0.81108 -0.00138  0.18437
   0.81847  0.00029  0.20725
   0.82574  0.00191  0.23084
   0.83289  0.00348  0.25272
   0.83991  0.00499  0.27309
   0.84680  0.00644  0.29268
   0.85358  0.00782  0.31200
   0.86023  0.00913  0.32817
   0.86676  0.01036  0.34662
   0.87316  0.01151  0.36076
   0.87944  0.01258  0.37703
   0.88561  0.01356  0.38879
   0.89167  0.01445  0.40095
   0.89763  0.01526  0.41164
   0.90349  0.01599  0.42117
   0.90927  0.01663  0.42891
   0.91493  0.01718  0.43844
   0.92047  0.01765  0.44436
   0.92588  0.01803  0.45247
   0.93120  0.01832  0.45607
   0.93644  0.01853  0.45683
   0.94160  0.01868  0.45970
   0.94662  0.01876  0.46667
   0.95140  0.01879  0.48191
   0.95595  0.01872  0.49158
   0.96030  0.01853  0.49661
   0.96456  0.01820  0.48163
   0.96881  0.01775  0.45411
   0.97308  0.01723  0.42699
   0.97733  0.01672  0.41478
   0.98147  0.01621  0.42785
   0.98549  0.01562  0.43471
   0.98945  0.01488  0.38950
   0.99342  0.01406  0.32479
   0.99738  0.01325  0.29939
   1.00000  0.01271  0.25409
