GRUMMAN K-2 AIRFOIL                             
 Alfa =  -1.29320 Re =        0.000 Xflap,Yflap =     0.000000    0.000000
#    x        y        Cp  
   1.00000  0.01371  0.25220
   0.99739  0.01444  0.09671
   0.99327  0.01550  0.06270
   0.98886  0.01658  0.04430
   0.98418  0.01773  0.00261
   0.97923  0.01891 -0.02693
   0.97401  0.02013 -0.05697
   0.96856  0.02137 -0.08482
   0.96293  0.02261 -0.11265
   0.95713  0.02384 -0.13571
   0.95115  0.02505 -0.15443
   0.94501  0.02623 -0.16964
   0.93873  0.02739 -0.18324
   0.93231  0.02852 -0.19423
   0.92575  0.02962 -0.20158
   0.91905  0.03069 -0.20728
   0.91224  0.03174 -0.21451
   0.90536  0.03277 -0.22315
   0.89842  0.03376 -0.23062
   0.89145  0.03472 -0.23844
   0.88446  0.03564 -0.24380
   0.87741  0.03652 -0.24786
   0.87030  0.03736 -0.24836
   0.86310  0.03817 -0.24831
   0.85580  0.03897 -0.24789
   0.84840  0.03974 -0.24708
   0.84093  0.04049 -0.24718
   0.83341  0.04123 -0.24762
   0.82588  0.04195 -0.25221
   0.81837  0.04265 -0.25816
   0.81087  0.04332 -0.26074
   0.80338  0.04396 -0.26400
   0.79590  0.04457 -0.26651
   0.78841  0.04515 -0.26752
   0.78092  0.04570 -0.26908
   0.77342  0.04622 -0.26877
   0.76591  0.04671 -0.26879
   0.75838  0.04717 -0.26760
   0.75082  0.04761 -0.26632
   0.74324  0.04802 -0.26244
   0.73562  0.04841 -0.26112
   0.72798  0.04878 -0.25778
   0.72030  0.04913 -0.25558
   0.71260  0.04946 -0.25276
   0.70486  0.04978 -0.25016
   0.69710  0.05008 -0.24742
   0.68932  0.05037 -0.24520
   0.68152  0.05064 -0.24287
   0.67370  0.05090 -0.24191
   0.66588  0.05114 -0.23911
   0.65804  0.05138 -0.23800
   0.65020  0.05160 -0.23620
   0.64235  0.05180 -0.23455
   0.63449  0.05200 -0.23368
   0.62662  0.05218 -0.23140
   0.61875  0.05235 -0.23025
   0.61086  0.05251 -0.22863
   0.60297  0.05266 -0.22681
   0.59508  0.05280 -0.22613
   0.58718  0.05293 -0.22522
   0.57928  0.05305 -0.22383
   0.57138  0.05316 -0.22269
   0.56347  0.05325 -0.22180
   0.55556  0.05334 -0.22123
   0.54765  0.05342 -0.21988
   0.53974  0.05348 -0.21877
   0.53183  0.05354 -0.21790
   0.52391  0.05358 -0.21758
   0.51600  0.05362 -0.21604
   0.50808  0.05365 -0.21582
   0.50017  0.05366 -0.21477
   0.49225  0.05367 -0.21366
   0.48434  0.05366 -0.21359
   0.47642  0.05365 -0.21268
   0.46852  0.05363 -0.21219
   0.46062  0.05360 -0.21109
   0.45272  0.05355 -0.21160
   0.44483  0.05350 -0.20988
   0.43695  0.05344 -0.20944
   0.42908  0.05336 -0.20857
   0.42122  0.05328 -0.20869
   0.41340  0.05319 -0.20791
   0.40562  0.05309 -0.20897
   0.39791  0.05299 -0.20866
   0.39026  0.05286 -0.20893
   0.38268  0.05273 -0.20646
   0.37518  0.05259 -0.20293
   0.36779  0.05245 -0.20390
   0.36056  0.05233 -0.21179
   0.35355  0.05219 -0.22345
   0.34675  0.05202 -0.23021
   0.34015  0.05179 -0.21531
   0.33367  0.05152 -0.18703
   0.32729  0.05126 -0.16169
   0.32094  0.05107 -0.15463
   0.31459  0.05095 -0.17763
   0.30818  0.05086 -0.20793
   0.30168  0.05074 -0.22952
   0.29501  0.05055 -0.22562
   0.28812  0.05029 -0.21219
   0.28102  0.05002 -0.20279
   0.27376  0.04974 -0.20467
   0.26640  0.04946 -0.20748
   0.25896  0.04915 -0.20837
   0.25145  0.04883 -0.20812
   0.24388  0.04848 -0.20779
   0.23629  0.04812 -0.20843
   0.22868  0.04775 -0.20905
   0.22107  0.04735 -0.21006
   0.21346  0.04694 -0.21042
   0.20588  0.04651 -0.21154
   0.19832  0.04606 -0.21228
   0.19079  0.04559 -0.21366
   0.18331  0.04510 -0.21565
   0.17587  0.04459 -0.21522
   0.16848  0.04405 -0.21802
   0.16116  0.04350 -0.21829
   0.15392  0.04292 -0.21915
   0.14676  0.04231 -0.22176
   0.13969  0.04168 -0.22070
   0.13274  0.04103 -0.22275
   0.12592  0.04036 -0.22236
   0.11925  0.03966 -0.22293
   0.11274  0.03895 -0.22240
   0.10643  0.03821 -0.22211
   0.10032  0.03747 -0.22263
   0.09446  0.03673 -0.22197
   0.08886  0.03598 -0.22386
   0.08353  0.03523 -0.22425
   0.07849  0.03450 -0.22700
   0.07373  0.03377 -0.23190
   0.06927  0.03305 -0.23328
   0.06509  0.03235 -0.24516
   0.06115  0.03165 -0.24957
   0.05745  0.03095 -0.25644
   0.05396  0.03023 -0.26012
   0.05068  0.02952 -0.25517
   0.04758  0.02879 -0.24670
   0.04465  0.02805 -0.23575
   0.04187  0.02732 -0.22371
   0.03925  0.02659 -0.20899
   0.03676  0.02587 -0.19972
   0.03441  0.02515 -0.18475
   0.03218  0.02442 -0.15721
   0.03006  0.02371 -0.12914
   0.02804  0.02301 -0.10598
   0.02612  0.02234 -0.09780
   0.02429  0.02168 -0.09606
   0.02256  0.02105 -0.09235
   0.02092  0.02042 -0.09048
   0.01936  0.01979 -0.08276
   0.01788  0.01916 -0.06740
   0.01648  0.01853 -0.04573
   0.01513  0.01790 -0.01980
   0.01385  0.01728  0.00332
   0.01262  0.01665  0.02797
   0.01145  0.01603  0.04332
   0.01032  0.01542  0.06384
   0.00925  0.01480  0.08916
   0.00822  0.01418  0.10531
   0.00724  0.01356  0.13288
   0.00631  0.01293  0.15150
   0.00542  0.01229  0.17449
   0.00458  0.01164  0.20621
   0.00379  0.01098  0.22833
   0.00305  0.01029  0.26189
   0.00239  0.00956  0.30702
   0.00182  0.00878  0.44697
   0.00133  0.00797  0.51340
   0.00094  0.00712  0.65285
   0.00065  0.00624  0.76488
   0.00044  0.00536  0.85341
   0.00028  0.00447  0.91135
   0.00016  0.00358  0.95352
   0.00008  0.00270  0.97856
   0.00003  0.00182  0.99387
   0.00000  0.00095  0.99985
  -0.00000  0.00009  0.99765
   0.00003 -0.00076  0.98900
   0.00006 -0.00163  0.97045
   0.00015 -0.00249  0.95401
   0.00023 -0.00336  0.92118
   0.00032 -0.00424  0.88107
   0.00047 -0.00512  0.83933
   0.00063 -0.00601  0.78451
   0.00082 -0.00691  0.72109
   0.00104 -0.00781  0.64850
   0.00129 -0.00871  0.55693
   0.00157 -0.00961  0.45454
   0.00190 -0.01051  0.33754
   0.00227 -0.01140  0.18466
   0.00270 -0.01228  0.05574
   0.00318 -0.01315 -0.15370
   0.00373 -0.01400 -0.38477
   0.00438 -0.01479 -0.45757
   0.00511 -0.01554 -0.52571
   0.00590 -0.01626 -0.55239
   0.00676 -0.01694 -0.57197
   0.00768 -0.01760 -0.58375
   0.00865 -0.01823 -0.58809
   0.00967 -0.01885 -0.59381
   0.01075 -0.01945 -0.57858
   0.01188 -0.02004 -0.58333
   0.01307 -0.02061 -0.57019
   0.01432 -0.02118 -0.56387
   0.01563 -0.02174 -0.55495
   0.01700 -0.02229 -0.53730
   0.01845 -0.02284 -0.52781
   0.01996 -0.02339 -0.51760
   0.02156 -0.02394 -0.50568
   0.02324 -0.02449 -0.49236
   0.02502 -0.02504 -0.48138
   0.02690 -0.02561 -0.47241
   0.02888 -0.02618 -0.46140
   0.03099 -0.02676 -0.45274
   0.03324 -0.02735 -0.44606
   0.03563 -0.02795 -0.43638
   0.03818 -0.02857 -0.42799
   0.04090 -0.02920 -0.41873
   0.04382 -0.02985 -0.40994
   0.04694 -0.03052 -0.40245
   0.05029 -0.03121 -0.39976
   0.05388 -0.03192 -0.39329
   0.05772 -0.03265 -0.39053
   0.06181 -0.03340 -0.38591
   0.06618 -0.03416 -0.38190
   0.07081 -0.03493 -0.37860
   0.07572 -0.03571 -0.37506
   0.08090 -0.03650 -0.37191
   0.08636 -0.03729 -0.36921
   0.09206 -0.03808 -0.36566
   0.09799 -0.03886 -0.36229
   0.10414 -0.03963 -0.36188
   0.11047 -0.04039 -0.35965
   0.11696 -0.04113 -0.35917
   0.12360 -0.04184 -0.35809
   0.13035 -0.04253 -0.35674
   0.13721 -0.04318 -0.35481
   0.14417 -0.04381 -0.35242
   0.15121 -0.04440 -0.34936
   0.15834 -0.04497 -0.34664
   0.16553 -0.04550 -0.34377
   0.17278 -0.04600 -0.34070
   0.18008 -0.04648 -0.33756
   0.18742 -0.04692 -0.33602
   0.19479 -0.04734 -0.33319
   0.20219 -0.04773 -0.33108
   0.20962 -0.04809 -0.32728
   0.21707 -0.04842 -0.32541
   0.22456 -0.04873 -0.32144
   0.23208 -0.04901 -0.31790
   0.23964 -0.04926 -0.31421
   0.24721 -0.04950 -0.31223
   0.25481 -0.04971 -0.30954
   0.26241 -0.04990 -0.30685
   0.27004 -0.05006 -0.30387
   0.27768 -0.05021 -0.30151
   0.28534 -0.05033 -0.29829
   0.29302 -0.05043 -0.29599
   0.30071 -0.05052 -0.29370
   0.30841 -0.05058 -0.29173
   0.31611 -0.05063 -0.29005
   0.32382 -0.05066 -0.28786
   0.33154 -0.05066 -0.28546
   0.33927 -0.05065 -0.28448
   0.34699 -0.05062 -0.28188
   0.35472 -0.05057 -0.28056
   0.36246 -0.05051 -0.27889
   0.37019 -0.05042 -0.27736
   0.37793 -0.05031 -0.27492
   0.38566 -0.05019 -0.27406
   0.39339 -0.05004 -0.27210
   0.40111 -0.04988 -0.27055
   0.40883 -0.04970 -0.26886
   0.41655 -0.04951 -0.26797
   0.42426 -0.04929 -0.26653
   0.43196 -0.04905 -0.26552
   0.43965 -0.04880 -0.26400
   0.44733 -0.04852 -0.26293
   0.45499 -0.04823 -0.26175
   0.46265 -0.04791 -0.26002
   0.47029 -0.04757 -0.25911
   0.47793 -0.04721 -0.25724
   0.48555 -0.04683 -0.25561
   0.49315 -0.04642 -0.25395
   0.50075 -0.04600 -0.25238
   0.50833 -0.04555 -0.24979
   0.51589 -0.04507 -0.24817
   0.52345 -0.04458 -0.24535
   0.53099 -0.04405 -0.24341
   0.53851 -0.04351 -0.24031
   0.54603 -0.04293 -0.23784
   0.55353 -0.04234 -0.23516
   0.56101 -0.04171 -0.23100
   0.56848 -0.04106 -0.22805
   0.57593 -0.04038 -0.22401
   0.58337 -0.03967 -0.22009
   0.59078 -0.03894 -0.21607
   0.59818 -0.03818 -0.21115
   0.60556 -0.03738 -0.20654
   0.61292 -0.03656 -0.20133
   0.62026 -0.03571 -0.19537
   0.62759 -0.03483 -0.18945
   0.63490 -0.03391 -0.18186
   0.64220 -0.03296 -0.17585
   0.64948 -0.03198 -0.16770
   0.65674 -0.03097 -0.15967
   0.66400 -0.02992 -0.15039
   0.67125 -0.02883 -0.14087
   0.67849 -0.02772 -0.13118
   0.68572 -0.02656 -0.11994
   0.69295 -0.02537 -0.10918
   0.70018 -0.02415 -0.09615
   0.70741 -0.02288 -0.08385
   0.71464 -0.02159 -0.07049
   0.72188 -0.02025 -0.05553
   0.72912 -0.01888 -0.04149
   0.73638 -0.01747 -0.02455
   0.74365 -0.01602 -0.00888
   0.75094 -0.01453  0.00976
   0.75826 -0.01301  0.02771
   0.76560 -0.01146  0.04736
   0.77297 -0.00987  0.06699
   0.78039 -0.00825  0.08854
   0.78785 -0.00659  0.10966
   0.79535 -0.00492  0.13282
   0.80287 -0.00323  0.15567
   0.81037 -0.00154  0.17797
   0.81778  0.00013  0.20316
   0.82509  0.00176  0.22630
   0.83227  0.00334  0.24781
   0.83932  0.00486  0.26854
   0.84624  0.00632  0.28896
   0.85304  0.00771  0.30736
   0.85972  0.00903  0.32628
   0.86628  0.01027  0.34247
   0.87271  0.01143  0.35853
   0.87902  0.01251  0.37355
   0.88521  0.01350  0.38626
   0.89129  0.01440  0.39906
   0.89727  0.01522  0.40884
   0.90316  0.01595  0.41934
   0.90895  0.01659  0.42819
   0.91464  0.01715  0.43556
   0.92020  0.01763  0.44394
   0.92564  0.01802  0.44975
   0.93097  0.01831  0.45434
   0.93623  0.01853  0.45746
   0.94141  0.01867  0.45697
   0.94645  0.01876  0.46721
   0.95125  0.01879  0.47888
   0.95581  0.01873  0.49150
   0.96019  0.01854  0.49560
   0.96446  0.01821  0.48056
   0.96872  0.01776  0.45436
   0.97300  0.01724  0.42582
   0.97726  0.01672  0.41550
   0.98142  0.01621  0.42811
   0.98545  0.01563  0.43244
   0.98942  0.01489  0.38725
   0.99340  0.01406  0.32679
   0.99738  0.01325  0.29812
   1.00000  0.01271  0.25220
