GRUMMAN K-2 AIRFOIL                             
 Alfa =  -1.26050 Re =        0.000 Xflap,Yflap =     0.000000    0.000000
#    x        y        Cp  
   1.00000  0.01371  0.25420
   0.99740  0.01444  0.09919
   0.99329  0.01549  0.06143
   0.98889  0.01657  0.04606
   0.98423  0.01772  0.00569
   0.97929  0.01890 -0.02928
   0.97409  0.02011 -0.05526
   0.96867  0.02135 -0.08566
   0.96305  0.02259 -0.11221
   0.95727  0.02381 -0.13387
   0.95131  0.02502 -0.15481
   0.94520  0.02620 -0.16991
   0.93893  0.02735 -0.18299
   0.93253  0.02848 -0.19423
   0.92600  0.02957 -0.20142
   0.91932  0.03065 -0.20750
   0.91254  0.03170 -0.21446
   0.90568  0.03272 -0.22310
   0.89876  0.03372 -0.23055
   0.89181  0.03467 -0.23866
   0.88484  0.03559 -0.24464
   0.87782  0.03647 -0.24730
   0.87073  0.03731 -0.24843
   0.86355  0.03812 -0.24957
   0.85628  0.03891 -0.24834
   0.84891  0.03968 -0.24748
   0.84146  0.04044 -0.24745
   0.83396  0.04117 -0.24739
   0.82645  0.04190 -0.25313
   0.81896  0.04260 -0.25805
   0.81149  0.04327 -0.26164
   0.80402  0.04391 -0.26418
   0.79655  0.04452 -0.26663
   0.78909  0.04510 -0.26883
   0.78162  0.04565 -0.26957
   0.77414  0.04617 -0.26911
   0.76665  0.04666 -0.26951
   0.75914  0.04713 -0.26830
   0.75161  0.04756 -0.26649
   0.74405  0.04798 -0.26478
   0.73646  0.04837 -0.26186
   0.72884  0.04874 -0.25945
   0.72118  0.04909 -0.25659
   0.71350  0.04943 -0.25328
   0.70580  0.04974 -0.25149
   0.69806  0.05004 -0.24849
   0.69030  0.05033 -0.24644
   0.68252  0.05060 -0.24437
   0.67473  0.05086 -0.24259
   0.66693  0.05111 -0.24041
   0.65911  0.05135 -0.23918
   0.65129  0.05157 -0.23770
   0.64347  0.05178 -0.23567
   0.63563  0.05197 -0.23457
   0.62779  0.05216 -0.23307
   0.61994  0.05233 -0.23101
   0.61208  0.05249 -0.23051
   0.60421  0.05264 -0.22800
   0.59633  0.05278 -0.22719
   0.58846  0.05291 -0.22598
   0.58058  0.05303 -0.22536
   0.57270  0.05314 -0.22414
   0.56482  0.05324 -0.22325
   0.55693  0.05333 -0.22218
   0.54904  0.05340 -0.22154
   0.54115  0.05347 -0.22012
   0.53326  0.05353 -0.21979
   0.52537  0.05358 -0.21844
   0.51748  0.05361 -0.21754
   0.50958  0.05364 -0.21726
   0.50169  0.05366 -0.21566
   0.49380  0.05367 -0.21603
   0.48590  0.05367 -0.21437
   0.47801  0.05366 -0.21473
   0.47012  0.05363 -0.21372
   0.46224  0.05360 -0.21298
   0.45437  0.05356 -0.21237
   0.44650  0.05351 -0.21184
   0.43864  0.05345 -0.21074
   0.43079  0.05338 -0.21052
   0.42295  0.05330 -0.21021
   0.41514  0.05321 -0.20985
   0.40737  0.05312 -0.21048
   0.39966  0.05301 -0.20987
   0.39202  0.05289 -0.21108
   0.38445  0.05276 -0.20815
   0.37694  0.05262 -0.20552
   0.36954  0.05249 -0.20452
   0.36229  0.05236 -0.21165
   0.35524  0.05223 -0.22248
   0.34842  0.05207 -0.23168
   0.34179  0.05185 -0.22290
   0.33530  0.05159 -0.19596
   0.32892  0.05132 -0.16926
   0.32258  0.05111 -0.15554
   0.31625  0.05098 -0.17186
   0.30988  0.05089 -0.20117
   0.30343  0.05078 -0.22844
   0.29682  0.05061 -0.23072
   0.29002  0.05037 -0.21828
   0.28299  0.05009 -0.20644
   0.27579  0.04982 -0.20513
   0.26847  0.04954 -0.20916
   0.26108  0.04924 -0.21107
   0.25361  0.04892 -0.20992
   0.24607  0.04858 -0.20993
   0.23850  0.04823 -0.21089
   0.23092  0.04786 -0.21128
   0.22333  0.04747 -0.21205
   0.21574  0.04707 -0.21252
   0.20817  0.04664 -0.21428
   0.20063  0.04620 -0.21472
   0.19311  0.04574 -0.21546
   0.18563  0.04526 -0.21854
   0.17820  0.04475 -0.21820
   0.17081  0.04423 -0.21941
   0.16349  0.04368 -0.22172
   0.15624  0.04311 -0.22170
   0.14907  0.04251 -0.22404
   0.14200  0.04189 -0.22460
   0.13503  0.04125 -0.22551
   0.12818  0.04059 -0.22619
   0.12147  0.03990 -0.22636
   0.11493  0.03919 -0.22628
   0.10856  0.03847 -0.22624
   0.10240  0.03773 -0.22569
   0.09647  0.03699 -0.22655
   0.09078  0.03624 -0.22814
   0.08537  0.03550 -0.22668
   0.08024  0.03476 -0.23178
   0.07540  0.03403 -0.23338
   0.07085  0.03331 -0.23699
   0.06658  0.03261 -0.24943
   0.06257  0.03190 -0.25001
   0.05879  0.03120 -0.26091
   0.05523  0.03050 -0.26487
   0.05189  0.02978 -0.26280
   0.04873  0.02906 -0.25647
   0.04574  0.02833 -0.24539
   0.04291  0.02760 -0.23591
   0.04024  0.02687 -0.22088
   0.03771  0.02615 -0.20865
   0.03531  0.02543 -0.20050
   0.03305  0.02471 -0.17567
   0.03089  0.02399 -0.14557
   0.02884  0.02329 -0.12184
   0.02688  0.02260 -0.10611
   0.02502  0.02195 -0.10396
   0.02326  0.02131 -0.10191
   0.02159  0.02067 -0.10034
   0.02000  0.02005 -0.09408
   0.01849  0.01942 -0.08311
   0.01706  0.01880 -0.06484
   0.01569  0.01817 -0.03825
   0.01439  0.01754 -0.01582
   0.01314  0.01692  0.00760
   0.01194  0.01630  0.02815
   0.01080  0.01568  0.04749
   0.00971  0.01507  0.06581
   0.00867  0.01445  0.09081
   0.00767  0.01383  0.10813
   0.00672  0.01321  0.13219
   0.00581  0.01258  0.15214
   0.00495  0.01194  0.18246
   0.00414  0.01128  0.20553
   0.00338  0.01061  0.23296
   0.00268  0.00990  0.26598
   0.00207  0.00914  0.37403
   0.00154  0.00835  0.46216
   0.00111  0.00752  0.57817
   0.00078  0.00665  0.70629
   0.00053  0.00577  0.80864
   0.00035  0.00489  0.88198
   0.00022  0.00400  0.93095
   0.00012  0.00312  0.96602
   0.00005  0.00224  0.98628
   0.00001  0.00137  0.99725
  -0.00000  0.00051  0.99986
   0.00001 -0.00034  0.99503
   0.00004 -0.00120  0.98285
   0.00010 -0.00206  0.96291
   0.00020 -0.00292  0.94673
   0.00027 -0.00380  0.90173
   0.00039 -0.00468  0.86831
   0.00054 -0.00556  0.81939
   0.00072 -0.00645  0.75995
   0.00092 -0.00735  0.69419
   0.00115 -0.00824  0.61700
   0.00142 -0.00914  0.51891
   0.00173 -0.01004  0.41020
   0.00207 -0.01094  0.28647
   0.00247 -0.01182  0.11193
   0.00292 -0.01269  0.03107
   0.00342 -0.01356 -0.31385
   0.00402 -0.01437 -0.37623
   0.00470 -0.01514 -0.48477
   0.00546 -0.01587 -0.52019
   0.00629 -0.01657 -0.54971
   0.00717 -0.01724 -0.56110
   0.00811 -0.01789 -0.57664
   0.00910 -0.01851 -0.57497
   0.01015 -0.01912 -0.57092
   0.01125 -0.01971 -0.57080
   0.01240 -0.02029 -0.56313
   0.01361 -0.02086 -0.55697
   0.01488 -0.02142 -0.54927
   0.01621 -0.02198 -0.53439
   0.01761 -0.02253 -0.52627
   0.01908 -0.02307 -0.51032
   0.02063 -0.02362 -0.50508
   0.02226 -0.02417 -0.49201
   0.02397 -0.02472 -0.47670
   0.02579 -0.02528 -0.46917
   0.02770 -0.02584 -0.45856
   0.02973 -0.02641 -0.45058
   0.03189 -0.02700 -0.44265
   0.03419 -0.02759 -0.43608
   0.03663 -0.02820 -0.42517
   0.03924 -0.02882 -0.41846
   0.04203 -0.02945 -0.40751
   0.04502 -0.03011 -0.40071
   0.04822 -0.03078 -0.39475
   0.05165 -0.03148 -0.39127
   0.05533 -0.03220 -0.38669
   0.05925 -0.03293 -0.38349
   0.06344 -0.03368 -0.37860
   0.06789 -0.03445 -0.37642
   0.07262 -0.03522 -0.37151
   0.07761 -0.03600 -0.36993
   0.08288 -0.03679 -0.36648
   0.08842 -0.03758 -0.36311
   0.09419 -0.03836 -0.35998
   0.10019 -0.03914 -0.35786
   0.10638 -0.03991 -0.35692
   0.11276 -0.04065 -0.35588
   0.11929 -0.04138 -0.35503
   0.12594 -0.04208 -0.35362
   0.13272 -0.04276 -0.35248
   0.13959 -0.04340 -0.35098
   0.14656 -0.04401 -0.34781
   0.15362 -0.04460 -0.34602
   0.16075 -0.04515 -0.34204
   0.16794 -0.04567 -0.33970
   0.17519 -0.04616 -0.33627
   0.18248 -0.04663 -0.33419
   0.18981 -0.04706 -0.33193
   0.19717 -0.04747 -0.33046
   0.20456 -0.04785 -0.32620
   0.21197 -0.04820 -0.32526
   0.21942 -0.04852 -0.32106
   0.22690 -0.04882 -0.31840
   0.23441 -0.04909 -0.31360
   0.24195 -0.04934 -0.31141
   0.24951 -0.04956 -0.30929
   0.25708 -0.04977 -0.30596
   0.26468 -0.04995 -0.30459
   0.27229 -0.05011 -0.30027
   0.27991 -0.05024 -0.29877
   0.28756 -0.05036 -0.29528
   0.29522 -0.05046 -0.29328
   0.30289 -0.05054 -0.29136
   0.31057 -0.05060 -0.28920
   0.31825 -0.05064 -0.28695
   0.32595 -0.05066 -0.28530
   0.33364 -0.05066 -0.28374
   0.34135 -0.05065 -0.28188
   0.34906 -0.05061 -0.28013
   0.35677 -0.05056 -0.27827
   0.36448 -0.05048 -0.27660
   0.37219 -0.05039 -0.27502
   0.37990 -0.05028 -0.27296
   0.38761 -0.05015 -0.27161
   0.39532 -0.05001 -0.27025
   0.40302 -0.04984 -0.26886
   0.41072 -0.04966 -0.26677
   0.41842 -0.04945 -0.26615
   0.42610 -0.04923 -0.26476
   0.43378 -0.04899 -0.26402
   0.44144 -0.04873 -0.26188
   0.44910 -0.04845 -0.26131
   0.45674 -0.04815 -0.25976
   0.46437 -0.04783 -0.25904
   0.47199 -0.04749 -0.25733
   0.47960 -0.04713 -0.25546
   0.48720 -0.04674 -0.25415
   0.49478 -0.04634 -0.25242
   0.50235 -0.04590 -0.25003
   0.50991 -0.04545 -0.24880
   0.51745 -0.04497 -0.24616
   0.52498 -0.04447 -0.24374
   0.53250 -0.04395 -0.24162
   0.54000 -0.04340 -0.23904
   0.54749 -0.04282 -0.23620
   0.55497 -0.04222 -0.23306
   0.56243 -0.04159 -0.22941
   0.56987 -0.04093 -0.22607
   0.57730 -0.04025 -0.22238
   0.58471 -0.03954 -0.21825
   0.59210 -0.03881 -0.21405
   0.59948 -0.03804 -0.20963
   0.60683 -0.03724 -0.20503
   0.61417 -0.03642 -0.19879
   0.62149 -0.03556 -0.19407
   0.62879 -0.03468 -0.18681
   0.63608 -0.03376 -0.18112
   0.64335 -0.03281 -0.17298
   0.65061 -0.03183 -0.16589
   0.65786 -0.03081 -0.15733
   0.66510 -0.02976 -0.14843
   0.67232 -0.02867 -0.13866
   0.67954 -0.02755 -0.12855
   0.68676 -0.02640 -0.11800
   0.69397 -0.02520 -0.10679
   0.70117 -0.02398 -0.09404
   0.70838 -0.02271 -0.08132
   0.71559 -0.02141 -0.06782
   0.72281 -0.02007 -0.05346
   0.73004 -0.01870 -0.03872
   0.73728 -0.01729 -0.02261
   0.74453 -0.01584 -0.00505
   0.75180 -0.01436  0.01127
   0.75910 -0.01284  0.03126
   0.76642 -0.01128  0.04933
   0.77378 -0.00969  0.07112
   0.78118 -0.00807  0.08996
   0.78863 -0.00642  0.11344
   0.79611 -0.00475  0.13428
   0.80361 -0.00306  0.15869
   0.81108 -0.00138  0.18160
   0.81847  0.00029  0.20459
   0.82574  0.00191  0.22835
   0.83289  0.00348  0.25035
   0.83991  0.00499  0.27087
   0.84680  0.00644  0.29056
   0.85358  0.00782  0.30998
   0.86023  0.00913  0.32627
   0.86676  0.01036  0.34485
   0.87316  0.01151  0.35898
   0.87944  0.01258  0.37542
   0.88561  0.01356  0.38725
   0.89167  0.01445  0.39947
   0.89763  0.01526  0.41026
   0.90349  0.01599  0.41981
   0.90927  0.01663  0.42762
   0.91493  0.01718  0.43726
   0.92047  0.01765  0.44314
   0.92588  0.01803  0.45139
   0.93120  0.01832  0.45499
   0.93644  0.01853  0.45582
   0.94160  0.01868  0.45874
   0.94662  0.01876  0.46569
   0.95140  0.01879  0.48107
   0.95595  0.01872  0.49073
   0.96030  0.01853  0.49582
   0.96456  0.01820  0.48090
   0.96881  0.01775  0.45333
   0.97308  0.01723  0.42624
   0.97733  0.01672  0.41405
   0.98147  0.01621  0.42722
   0.98549  0.01562  0.43416
   0.98945  0.01488  0.38892
   0.99342  0.01406  0.32423
   0.99738  0.01325  0.29893
   1.00000  0.01271  0.25420
