GRUMMAN K-2 AIRFOIL                             
 Alfa =  -1.20200 Re =        0.000 Xflap,Yflap =     0.000000    0.000000
#    x        y        Cp  
   1.00000  0.01371  0.25417
   0.99740  0.01444  0.09911
   0.99329  0.01549  0.06133
   0.98889  0.01657  0.04589
   0.98423  0.01772  0.00545
   0.97929  0.01890 -0.02955
   0.97409  0.02011 -0.05556
   0.96867  0.02135 -0.08603
   0.96305  0.02259 -0.11261
   0.95727  0.02381 -0.13431
   0.95131  0.02502 -0.15531
   0.94520  0.02620 -0.17045
   0.93893  0.02735 -0.18357
   0.93253  0.02848 -0.19485
   0.92600  0.02957 -0.20207
   0.91932  0.03065 -0.20820
   0.91254  0.03170 -0.21518
   0.90568  0.03272 -0.22388
   0.89876  0.03372 -0.23134
   0.89181  0.03467 -0.23951
   0.88484  0.03559 -0.24553
   0.87782  0.03647 -0.24821
   0.87073  0.03731 -0.24938
   0.86355  0.03812 -0.25055
   0.85628  0.03891 -0.24933
   0.84891  0.03968 -0.24853
   0.84146  0.04044 -0.24852
   0.83396  0.04117 -0.24850
   0.82645  0.04190 -0.25426
   0.81896  0.04260 -0.25923
   0.81149  0.04327 -0.26285
   0.80402  0.04391 -0.26541
   0.79655  0.04452 -0.26791
   0.78909  0.04510 -0.27011
   0.78162  0.04565 -0.27092
   0.77414  0.04617 -0.27048
   0.76665  0.04666 -0.27092
   0.75914  0.04713 -0.26972
   0.75161  0.04756 -0.26795
   0.74405  0.04798 -0.26625
   0.73646  0.04837 -0.26338
   0.72884  0.04874 -0.26099
   0.72118  0.04909 -0.25815
   0.71350  0.04943 -0.25488
   0.70580  0.04974 -0.25312
   0.69806  0.05004 -0.25013
   0.69030  0.05033 -0.24813
   0.68252  0.05060 -0.24607
   0.67473  0.05086 -0.24434
   0.66693  0.05111 -0.24217
   0.65911  0.05135 -0.24096
   0.65129  0.05157 -0.23953
   0.64347  0.05178 -0.23752
   0.63563  0.05197 -0.23645
   0.62779  0.05216 -0.23498
   0.61994  0.05233 -0.23296
   0.61208  0.05249 -0.23248
   0.60421  0.05264 -0.23001
   0.59633  0.05278 -0.22923
   0.58846  0.05291 -0.22805
   0.58058  0.05303 -0.22747
   0.57270  0.05314 -0.22627
   0.56482  0.05324 -0.22541
   0.55693  0.05333 -0.22438
   0.54904  0.05340 -0.22377
   0.54115  0.05347 -0.22238
   0.53326  0.05353 -0.22209
   0.52537  0.05358 -0.22078
   0.51748  0.05361 -0.21992
   0.50958  0.05364 -0.21967
   0.50169  0.05366 -0.21810
   0.49380  0.05367 -0.21851
   0.48590  0.05367 -0.21688
   0.47801  0.05366 -0.21730
   0.47012  0.05363 -0.21632
   0.46224  0.05360 -0.21562
   0.45437  0.05356 -0.21505
   0.44650  0.05351 -0.21456
   0.43864  0.05345 -0.21350
   0.43079  0.05338 -0.21333
   0.42295  0.05330 -0.21306
   0.41514  0.05321 -0.21274
   0.40737  0.05312 -0.21343
   0.39966  0.05301 -0.21286
   0.39202  0.05289 -0.21412
   0.38445  0.05276 -0.21123
   0.37694  0.05262 -0.20864
   0.36954  0.05249 -0.20769
   0.36229  0.05236 -0.21489
   0.35524  0.05223 -0.22581
   0.34842  0.05207 -0.23507
   0.34179  0.05185 -0.22632
   0.33530  0.05159 -0.19935
   0.32892  0.05132 -0.17262
   0.32258  0.05111 -0.15892
   0.31625  0.05098 -0.17533
   0.30988  0.05089 -0.20478
   0.30343  0.05078 -0.23219
   0.29682  0.05061 -0.23453
   0.29002  0.05037 -0.22211
   0.28299  0.05009 -0.21030
   0.27579  0.04982 -0.20906
   0.26847  0.04954 -0.21318
   0.26108  0.04924 -0.21516
   0.25361  0.04892 -0.21409
   0.24607  0.04858 -0.21419
   0.23850  0.04823 -0.21524
   0.23092  0.04786 -0.21573
   0.22333  0.04747 -0.21659
   0.21574  0.04707 -0.21716
   0.20817  0.04664 -0.21903
   0.20063  0.04620 -0.21958
   0.19311  0.04574 -0.22044
   0.18563  0.04526 -0.22366
   0.17820  0.04475 -0.22344
   0.17081  0.04423 -0.22479
   0.16349  0.04368 -0.22725
   0.15624  0.04311 -0.22738
   0.14907  0.04251 -0.22989
   0.14200  0.04189 -0.23063
   0.13503  0.04125 -0.23171
   0.12818  0.04059 -0.23258
   0.12147  0.03990 -0.23294
   0.11493  0.03919 -0.23307
   0.10856  0.03847 -0.23325
   0.10240  0.03773 -0.23293
   0.09647  0.03699 -0.23403
   0.09078  0.03624 -0.23588
   0.08537  0.03550 -0.23467
   0.08024  0.03476 -0.24007
   0.07540  0.03403 -0.24197
   0.07085  0.03331 -0.24588
   0.06658  0.03261 -0.25872
   0.06257  0.03190 -0.25960
   0.05879  0.03120 -0.27091
   0.05523  0.03050 -0.27524
   0.05189  0.02978 -0.27350
   0.04873  0.02906 -0.26747
   0.04574  0.02833 -0.25667
   0.04291  0.02760 -0.24748
   0.04024  0.02687 -0.23269
   0.03771  0.02615 -0.22074
   0.03531  0.02543 -0.21293
   0.03305  0.02471 -0.18826
   0.03089  0.02399 -0.15827
   0.02884  0.02329 -0.13470
   0.02688  0.02260 -0.11924
   0.02502  0.02195 -0.11753
   0.02326  0.02131 -0.11595
   0.02159  0.02067 -0.11487
   0.02000  0.02005 -0.10907
   0.01849  0.01942 -0.09854
   0.01706  0.01880 -0.08060
   0.01569  0.01817 -0.05426
   0.01439  0.01754 -0.03212
   0.01314  0.01692 -0.00902
   0.01194  0.01630  0.01113
   0.01080  0.01568  0.03002
   0.00971  0.01507  0.04787
   0.00867  0.01445  0.07241
   0.00767  0.01383  0.08912
   0.00672  0.01321  0.11257
   0.00581  0.01258  0.13178
   0.00495  0.01194  0.16143
   0.00414  0.01128  0.18358
   0.00338  0.01061  0.20990
   0.00268  0.00990  0.24180
   0.00207  0.00914  0.35103
   0.00154  0.00835  0.43991
   0.00111  0.00752  0.55806
   0.00078  0.00665  0.68987
   0.00053  0.00577  0.79580
   0.00035  0.00489  0.87220
   0.00022  0.00400  0.92363
   0.00012  0.00312  0.96095
   0.00005  0.00224  0.98306
   0.00001  0.00137  0.99574
  -0.00000  0.00051  1.00000
   0.00001 -0.00034  0.99664
   0.00004 -0.00120  0.98597
   0.00010 -0.00206  0.96765
   0.00020 -0.00292  0.95198
   0.00027 -0.00380  0.90958
   0.00039 -0.00468  0.87710
   0.00054 -0.00556  0.82976
   0.00072 -0.00645  0.77198
   0.00092 -0.00735  0.70783
   0.00115 -0.00824  0.63236
   0.00142 -0.00914  0.53631
   0.00173 -0.01004  0.42969
   0.00207 -0.01094  0.30807
   0.00247 -0.01182  0.13666
   0.00292 -0.01269  0.05614
   0.00342 -0.01356 -0.28228
   0.00402 -0.01437 -0.34552
   0.00470 -0.01514 -0.45363
   0.00546 -0.01587 -0.49024
   0.00629 -0.01657 -0.52080
   0.00717 -0.01724 -0.53347
   0.00811 -0.01789 -0.55007
   0.00910 -0.01851 -0.54958
   0.01015 -0.01912 -0.54667
   0.01125 -0.01971 -0.54754
   0.01240 -0.02029 -0.54085
   0.01361 -0.02086 -0.53561
   0.01488 -0.02142 -0.52879
   0.01621 -0.02198 -0.51478
   0.01761 -0.02253 -0.50745
   0.01908 -0.02307 -0.49227
   0.02063 -0.02362 -0.48770
   0.02226 -0.02417 -0.47531
   0.02397 -0.02472 -0.46067
   0.02579 -0.02528 -0.45373
   0.02770 -0.02584 -0.44369
   0.02973 -0.02641 -0.43624
   0.03189 -0.02700 -0.42882
   0.03419 -0.02759 -0.42273
   0.03663 -0.02820 -0.41232
   0.03924 -0.02882 -0.40606
   0.04203 -0.02945 -0.39559
   0.04502 -0.03011 -0.38921
   0.04822 -0.03078 -0.38366
   0.05165 -0.03148 -0.38055
   0.05533 -0.03220 -0.37635
   0.05925 -0.03293 -0.37350
   0.06344 -0.03368 -0.36896
   0.06789 -0.03445 -0.36712
   0.07262 -0.03522 -0.36253
   0.07761 -0.03600 -0.36126
   0.08288 -0.03679 -0.35810
   0.08842 -0.03758 -0.35502
   0.09419 -0.03836 -0.35217
   0.10019 -0.03914 -0.35031
   0.10638 -0.03991 -0.34960
   0.11276 -0.04065 -0.34879
   0.11929 -0.04138 -0.34816
   0.12594 -0.04208 -0.34695
   0.13272 -0.04276 -0.34601
   0.13959 -0.04340 -0.34469
   0.14656 -0.04401 -0.34170
   0.15362 -0.04460 -0.34008
   0.16075 -0.04515 -0.33627
   0.16794 -0.04567 -0.33409
   0.17519 -0.04616 -0.33080
   0.18248 -0.04663 -0.32886
   0.18981 -0.04706 -0.32673
   0.19717 -0.04747 -0.32539
   0.20456 -0.04785 -0.32125
   0.21197 -0.04820 -0.32042
   0.21942 -0.04852 -0.31635
   0.22690 -0.04882 -0.31380
   0.23441 -0.04909 -0.30910
   0.24195 -0.04934 -0.30701
   0.24951 -0.04956 -0.30498
   0.25708 -0.04977 -0.30175
   0.26468 -0.04995 -0.30047
   0.27229 -0.05011 -0.29623
   0.27991 -0.05024 -0.29482
   0.28756 -0.05036 -0.29141
   0.29522 -0.05046 -0.28949
   0.30289 -0.05054 -0.28764
   0.31057 -0.05060 -0.28555
   0.31825 -0.05064 -0.28337
   0.32595 -0.05066 -0.28179
   0.33364 -0.05066 -0.28030
   0.34135 -0.05065 -0.27850
   0.34906 -0.05061 -0.27681
   0.35677 -0.05056 -0.27502
   0.36448 -0.05048 -0.27340
   0.37219 -0.05039 -0.27187
   0.37990 -0.05028 -0.26988
   0.38761 -0.05015 -0.26857
   0.39532 -0.05001 -0.26727
   0.40302 -0.04984 -0.26594
   0.41072 -0.04966 -0.26390
   0.41842 -0.04945 -0.26332
   0.42610 -0.04923 -0.26199
   0.43378 -0.04899 -0.26128
   0.44144 -0.04873 -0.25919
   0.44910 -0.04845 -0.25867
   0.45674 -0.04815 -0.25717
   0.46437 -0.04783 -0.25649
   0.47199 -0.04749 -0.25482
   0.47960 -0.04713 -0.25299
   0.48720 -0.04674 -0.25173
   0.49478 -0.04634 -0.25004
   0.50235 -0.04590 -0.24769
   0.50991 -0.04545 -0.24650
   0.51745 -0.04497 -0.24389
   0.52498 -0.04447 -0.24152
   0.53250 -0.04395 -0.23943
   0.54000 -0.04340 -0.23690
   0.54749 -0.04282 -0.23409
   0.55497 -0.04222 -0.23099
   0.56243 -0.04159 -0.22739
   0.56987 -0.04093 -0.22408
   0.57730 -0.04025 -0.22043
   0.58471 -0.03954 -0.21634
   0.59210 -0.03881 -0.21218
   0.59948 -0.03804 -0.20779
   0.60683 -0.03724 -0.20322
   0.61417 -0.03642 -0.19703
   0.62149 -0.03556 -0.19235
   0.62879 -0.03468 -0.18512
   0.63608 -0.03376 -0.17947
   0.64335 -0.03281 -0.17136
   0.65061 -0.03183 -0.16432
   0.65786 -0.03081 -0.15579
   0.66510 -0.02976 -0.14693
   0.67232 -0.02867 -0.13720
   0.67954 -0.02755 -0.12714
   0.68676 -0.02640 -0.11661
   0.69397 -0.02520 -0.10545
   0.70117 -0.02398 -0.09273
   0.70838 -0.02271 -0.08007
   0.71559 -0.02141 -0.06661
   0.72281 -0.02007 -0.05228
   0.73004 -0.01870 -0.03757
   0.73728 -0.01729 -0.02151
   0.74453 -0.01584 -0.00401
   0.75180 -0.01436  0.01230
   0.75910 -0.01284  0.03224
   0.76642 -0.01128  0.05026
   0.77378 -0.00969  0.07202
   0.78118 -0.00807  0.09082
   0.78863 -0.00642  0.11426
   0.79611 -0.00475  0.13506
   0.80361 -0.00306  0.15942
   0.81108 -0.00138  0.18230
   0.81847  0.00029  0.20526
   0.82574  0.00191  0.22897
   0.83289  0.00348  0.25095
   0.83991  0.00499  0.27143
   0.84680  0.00644  0.29109
   0.85358  0.00782  0.31048
   0.86023  0.00913  0.32674
   0.86676  0.01036  0.34530
   0.87316  0.01151  0.35943
   0.87944  0.01258  0.37582
   0.88561  0.01356  0.38763
   0.89167  0.01445  0.39984
   0.89763  0.01526  0.41061
   0.90349  0.01599  0.42015
   0.90927  0.01663  0.42794
   0.91493  0.01718  0.43756
   0.92047  0.01765  0.44344
   0.92588  0.01803  0.45166
   0.93120  0.01832  0.45526
   0.93644  0.01853  0.45608
   0.94160  0.01868  0.45898
   0.94662  0.01876  0.46593
   0.95140  0.01879  0.48128
   0.95595  0.01872  0.49094
   0.96030  0.01853  0.49602
   0.96456  0.01820  0.48109
   0.96881  0.01775  0.45352
   0.97308  0.01723  0.42642
   0.97733  0.01672  0.41423
   0.98147  0.01621  0.42738
   0.98549  0.01562  0.43430
   0.98945  0.01488  0.38906
   0.99342  0.01406  0.32437
   0.99738  0.01325  0.29904
   1.00000  0.01271  0.25417
