GRUMMAN K-2 AIRFOIL                             
 Alfa =  -1.29730 Re =        0.000 Xflap,Yflap =     0.000000    0.000000
#    x        y        Cp  
   1.00000  0.01371  0.25220
   0.99739  0.01444  0.09672
   0.99327  0.01550  0.06271
   0.98886  0.01658  0.04432
   0.98418  0.01773  0.00263
   0.97923  0.01891 -0.02691
   0.97401  0.02013 -0.05695
   0.96856  0.02137 -0.08480
   0.96293  0.02261 -0.11262
   0.95713  0.02384 -0.13568
   0.95115  0.02505 -0.15439
   0.94501  0.02623 -0.16960
   0.93873  0.02739 -0.18320
   0.93231  0.02852 -0.19418
   0.92575  0.02962 -0.20153
   0.91905  0.03069 -0.20723
   0.91224  0.03174 -0.21446
   0.90536  0.03277 -0.22310
   0.89842  0.03376 -0.23057
   0.89145  0.03472 -0.23838
   0.88446  0.03564 -0.24374
   0.87741  0.03652 -0.24779
   0.87030  0.03736 -0.24829
   0.86310  0.03817 -0.24824
   0.85580  0.03897 -0.24782
   0.84840  0.03974 -0.24701
   0.84093  0.04049 -0.24711
   0.83341  0.04123 -0.24755
   0.82588  0.04195 -0.25213
   0.81837  0.04265 -0.25808
   0.81087  0.04332 -0.26066
   0.80338  0.04396 -0.26392
   0.79590  0.04457 -0.26642
   0.78841  0.04515 -0.26743
   0.78092  0.04570 -0.26899
   0.77342  0.04622 -0.26867
   0.76591  0.04671 -0.26870
   0.75838  0.04717 -0.26749
   0.75082  0.04761 -0.26622
   0.74324  0.04802 -0.26233
   0.73562  0.04841 -0.26101
   0.72798  0.04878 -0.25767
   0.72030  0.04913 -0.25547
   0.71260  0.04946 -0.25265
   0.70486  0.04978 -0.25004
   0.69710  0.05008 -0.24731
   0.68932  0.05037 -0.24508
   0.68152  0.05064 -0.24275
   0.67370  0.05090 -0.24179
   0.66588  0.05114 -0.23899
   0.65804  0.05138 -0.23787
   0.65020  0.05160 -0.23607
   0.64235  0.05180 -0.23442
   0.63449  0.05200 -0.23354
   0.62662  0.05218 -0.23127
   0.61875  0.05235 -0.23011
   0.61086  0.05251 -0.22849
   0.60297  0.05266 -0.22666
   0.59508  0.05280 -0.22599
   0.58718  0.05293 -0.22508
   0.57928  0.05305 -0.22368
   0.57138  0.05316 -0.22254
   0.56347  0.05325 -0.22165
   0.55556  0.05334 -0.22107
   0.54765  0.05342 -0.21972
   0.53974  0.05348 -0.21861
   0.53183  0.05354 -0.21773
   0.52391  0.05358 -0.21742
   0.51600  0.05362 -0.21587
   0.50808  0.05365 -0.21565
   0.50017  0.05366 -0.21460
   0.49225  0.05367 -0.21349
   0.48434  0.05366 -0.21341
   0.47642  0.05365 -0.21250
   0.46852  0.05363 -0.21201
   0.46062  0.05360 -0.21091
   0.45272  0.05355 -0.21142
   0.44483  0.05350 -0.20969
   0.43695  0.05344 -0.20925
   0.42908  0.05336 -0.20837
   0.42122  0.05328 -0.20849
   0.41340  0.05319 -0.20771
   0.40562  0.05309 -0.20876
   0.39791  0.05299 -0.20845
   0.39026  0.05286 -0.20872
   0.38268  0.05273 -0.20625
   0.37518  0.05259 -0.20271
   0.36779  0.05245 -0.20368
   0.36056  0.05233 -0.21156
   0.35355  0.05219 -0.22322
   0.34675  0.05202 -0.22997
   0.34015  0.05179 -0.21507
   0.33367  0.05152 -0.18679
   0.32729  0.05126 -0.16145
   0.32094  0.05107 -0.15440
   0.31459  0.05095 -0.17739
   0.30818  0.05086 -0.20768
   0.30168  0.05074 -0.22925
   0.29501  0.05055 -0.22536
   0.28812  0.05029 -0.21192
   0.28102  0.05002 -0.20252
   0.27376  0.04974 -0.20440
   0.26640  0.04946 -0.20720
   0.25896  0.04915 -0.20808
   0.25145  0.04883 -0.20783
   0.24388  0.04848 -0.20749
   0.23629  0.04812 -0.20812
   0.22868  0.04775 -0.20873
   0.22107  0.04735 -0.20974
   0.21346  0.04694 -0.21009
   0.20588  0.04651 -0.21120
   0.19832  0.04606 -0.21193
   0.19079  0.04559 -0.21331
   0.18331  0.04510 -0.21529
   0.17587  0.04459 -0.21485
   0.16848  0.04405 -0.21764
   0.16116  0.04350 -0.21790
   0.15392  0.04292 -0.21875
   0.14676  0.04231 -0.22135
   0.13969  0.04168 -0.22028
   0.13274  0.04103 -0.22231
   0.12592  0.04036 -0.22191
   0.11925  0.03966 -0.22247
   0.11274  0.03895 -0.22192
   0.10643  0.03821 -0.22162
   0.10032  0.03747 -0.22212
   0.09446  0.03673 -0.22144
   0.08886  0.03598 -0.22331
   0.08353  0.03523 -0.22368
   0.07849  0.03450 -0.22642
   0.07373  0.03377 -0.23129
   0.06927  0.03305 -0.23265
   0.06509  0.03235 -0.24451
   0.06115  0.03165 -0.24889
   0.05745  0.03095 -0.25573
   0.05396  0.03023 -0.25939
   0.05068  0.02952 -0.25442
   0.04758  0.02879 -0.24592
   0.04465  0.02805 -0.23496
   0.04187  0.02732 -0.22289
   0.03925  0.02659 -0.20816
   0.03676  0.02587 -0.19887
   0.03441  0.02515 -0.18388
   0.03218  0.02442 -0.15633
   0.03006  0.02371 -0.12825
   0.02804  0.02301 -0.10508
   0.02612  0.02234 -0.09688
   0.02429  0.02168 -0.09510
   0.02256  0.02105 -0.09136
   0.02092  0.02042 -0.08946
   0.01936  0.01979 -0.08171
   0.01788  0.01916 -0.06632
   0.01648  0.01853 -0.04463
   0.01513  0.01790 -0.01867
   0.01385  0.01728  0.00446
   0.01262  0.01665  0.02914
   0.01145  0.01603  0.04452
   0.01032  0.01542  0.06507
   0.00925  0.01480  0.09042
   0.00822  0.01418  0.10661
   0.00724  0.01356  0.13421
   0.00631  0.01293  0.15288
   0.00542  0.01229  0.17593
   0.00458  0.01164  0.20769
   0.00379  0.01098  0.22988
   0.00305  0.01029  0.26351
   0.00239  0.00956  0.30870
   0.00182  0.00878  0.44847
   0.00133  0.00797  0.51490
   0.00094  0.00712  0.65409
   0.00065  0.00624  0.76588
   0.00044  0.00536  0.85417
   0.00028  0.00447  0.91193
   0.00016  0.00358  0.95392
   0.00008  0.00270  0.97882
   0.00003  0.00182  0.99401
   0.00000  0.00095  0.99987
  -0.00000  0.00009  0.99757
   0.00003 -0.00076  0.98882
   0.00006 -0.00163  0.97014
   0.00015 -0.00249  0.95366
   0.00023 -0.00336  0.92069
   0.00032 -0.00424  0.88046
   0.00047 -0.00512  0.83864
   0.00063 -0.00601  0.78370
   0.00082 -0.00691  0.72017
   0.00104 -0.00781  0.64746
   0.00129 -0.00871  0.55576
   0.00157 -0.00961  0.45322
   0.00190 -0.01051  0.33607
   0.00227 -0.01140  0.18300
   0.00270 -0.01228  0.05397
   0.00318 -0.01315 -0.15571
   0.00373 -0.01400 -0.38701
   0.00438 -0.01479 -0.45977
   0.00511 -0.01554 -0.52787
   0.00590 -0.01626 -0.55447
   0.00676 -0.01694 -0.57397
   0.00768 -0.01760 -0.58566
   0.00865 -0.01823 -0.58992
   0.00967 -0.01885 -0.59556
   0.01075 -0.01945 -0.58025
   0.01188 -0.02004 -0.58494
   0.01307 -0.02061 -0.57173
   0.01432 -0.02118 -0.56535
   0.01563 -0.02174 -0.55636
   0.01700 -0.02229 -0.53865
   0.01845 -0.02284 -0.52911
   0.01996 -0.02339 -0.51884
   0.02156 -0.02394 -0.50688
   0.02324 -0.02449 -0.49351
   0.02502 -0.02504 -0.48249
   0.02690 -0.02561 -0.47347
   0.02888 -0.02618 -0.46242
   0.03099 -0.02676 -0.45373
   0.03324 -0.02735 -0.44702
   0.03563 -0.02795 -0.43729
   0.03818 -0.02857 -0.42887
   0.04090 -0.02920 -0.41958
   0.04382 -0.02985 -0.41076
   0.04694 -0.03052 -0.40324
   0.05029 -0.03121 -0.40052
   0.05388 -0.03192 -0.39402
   0.05772 -0.03265 -0.39124
   0.06181 -0.03340 -0.38659
   0.06618 -0.03416 -0.38257
   0.07081 -0.03493 -0.37924
   0.07572 -0.03571 -0.37568
   0.08090 -0.03650 -0.37250
   0.08636 -0.03729 -0.36978
   0.09206 -0.03808 -0.36622
   0.09799 -0.03886 -0.36283
   0.10414 -0.03963 -0.36240
   0.11047 -0.04039 -0.36015
   0.11696 -0.04113 -0.35966
   0.12360 -0.04184 -0.35856
   0.13035 -0.04253 -0.35720
   0.13721 -0.04318 -0.35525
   0.14417 -0.04381 -0.35286
   0.15121 -0.04440 -0.34978
   0.15834 -0.04497 -0.34705
   0.16553 -0.04550 -0.34416
   0.17278 -0.04600 -0.34108
   0.18008 -0.04648 -0.33793
   0.18742 -0.04692 -0.33638
   0.19479 -0.04734 -0.33355
   0.20219 -0.04773 -0.33143
   0.20962 -0.04809 -0.32762
   0.21707 -0.04842 -0.32574
   0.22456 -0.04873 -0.32176
   0.23208 -0.04901 -0.31821
   0.23964 -0.04926 -0.31452
   0.24721 -0.04950 -0.31253
   0.25481 -0.04971 -0.30984
   0.26241 -0.04990 -0.30714
   0.27004 -0.05006 -0.30416
   0.27768 -0.05021 -0.30179
   0.28534 -0.05033 -0.29856
   0.29302 -0.05043 -0.29626
   0.30071 -0.05052 -0.29396
   0.30841 -0.05058 -0.29199
   0.31611 -0.05063 -0.29031
   0.32382 -0.05066 -0.28811
   0.33154 -0.05066 -0.28571
   0.33927 -0.05065 -0.28472
   0.34699 -0.05062 -0.28211
   0.35472 -0.05057 -0.28079
   0.36246 -0.05051 -0.27912
   0.37019 -0.05042 -0.27758
   0.37793 -0.05031 -0.27513
   0.38566 -0.05019 -0.27427
   0.39339 -0.05004 -0.27231
   0.40111 -0.04988 -0.27076
   0.40883 -0.04970 -0.26906
   0.41655 -0.04951 -0.26817
   0.42426 -0.04929 -0.26672
   0.43196 -0.04905 -0.26572
   0.43965 -0.04880 -0.26419
   0.44733 -0.04852 -0.26311
   0.45499 -0.04823 -0.26193
   0.46265 -0.04791 -0.26020
   0.47029 -0.04757 -0.25929
   0.47793 -0.04721 -0.25742
   0.48555 -0.04683 -0.25578
   0.49315 -0.04642 -0.25412
   0.50075 -0.04600 -0.25255
   0.50833 -0.04555 -0.24995
   0.51589 -0.04507 -0.24833
   0.52345 -0.04458 -0.24550
   0.53099 -0.04405 -0.24357
   0.53851 -0.04351 -0.24046
   0.54603 -0.04293 -0.23799
   0.55353 -0.04234 -0.23531
   0.56101 -0.04171 -0.23114
   0.56848 -0.04106 -0.22819
   0.57593 -0.04038 -0.22415
   0.58337 -0.03967 -0.22023
   0.59078 -0.03894 -0.21620
   0.59818 -0.03818 -0.21128
   0.60556 -0.03738 -0.20667
   0.61292 -0.03656 -0.20145
   0.62026 -0.03571 -0.19549
   0.62759 -0.03483 -0.18957
   0.63490 -0.03391 -0.18198
   0.64220 -0.03296 -0.17597
   0.64948 -0.03198 -0.16781
   0.65674 -0.03097 -0.15978
   0.66400 -0.02992 -0.15050
   0.67125 -0.02883 -0.14098
   0.67849 -0.02772 -0.13128
   0.68572 -0.02656 -0.12004
   0.69295 -0.02537 -0.10927
   0.70018 -0.02415 -0.09624
   0.70741 -0.02288 -0.08394
   0.71464 -0.02159 -0.07057
   0.72188 -0.02025 -0.05561
   0.72912 -0.01888 -0.04157
   0.73638 -0.01747 -0.02463
   0.74365 -0.01602 -0.00896
   0.75094 -0.01453  0.00968
   0.75826 -0.01301  0.02764
   0.76560 -0.01146  0.04730
   0.77297 -0.00987  0.06693
   0.78039 -0.00825  0.08848
   0.78785 -0.00659  0.10960
   0.79535 -0.00492  0.13276
   0.80287 -0.00323  0.15561
   0.81037 -0.00154  0.17792
   0.81778  0.00013  0.20311
   0.82509  0.00176  0.22626
   0.83227  0.00334  0.24777
   0.83932  0.00486  0.26850
   0.84624  0.00632  0.28892
   0.85304  0.00771  0.30733
   0.85972  0.00903  0.32625
   0.86628  0.01027  0.34244
   0.87271  0.01143  0.35850
   0.87902  0.01251  0.37352
   0.88521  0.01350  0.38624
   0.89129  0.01440  0.39903
   0.89727  0.01522  0.40882
   0.90316  0.01595  0.41932
   0.90895  0.01659  0.42817
   0.91464  0.01715  0.43554
   0.92020  0.01763  0.44392
   0.92564  0.01802  0.44973
   0.93097  0.01831  0.45432
   0.93623  0.01853  0.45744
   0.94141  0.01867  0.45695
   0.94645  0.01876  0.46719
   0.95125  0.01879  0.47886
   0.95581  0.01873  0.49149
   0.96019  0.01854  0.49559
   0.96446  0.01821  0.48054
   0.96872  0.01776  0.45434
   0.97300  0.01724  0.42580
   0.97726  0.01672  0.41549
   0.98142  0.01621  0.42810
   0.98545  0.01563  0.43244
   0.98942  0.01489  0.38724
   0.99340  0.01406  0.32678
   0.99738  0.01325  0.29811
   1.00000  0.01271  0.25220
