GRUMMAN K-2 AIRFOIL                             
 Alfa =  -1.32250 Re =        0.000 Xflap,Yflap =     0.000000    0.000000
#    x        y        Cp  
   1.00000  0.01371  0.25218
   0.99739  0.01444  0.09675
   0.99327  0.01550  0.06276
   0.98886  0.01658  0.04440
   0.98418  0.01773  0.00273
   0.97923  0.01891 -0.02679
   0.97401  0.02013 -0.05682
   0.96856  0.02137 -0.08463
   0.96293  0.02261 -0.11245
   0.95713  0.02384 -0.13547
   0.95115  0.02505 -0.15418
   0.94501  0.02623 -0.16938
   0.93873  0.02739 -0.18295
   0.93231  0.02852 -0.19391
   0.92575  0.02962 -0.20125
   0.91905  0.03069 -0.20693
   0.91224  0.03174 -0.21414
   0.90536  0.03277 -0.22276
   0.89842  0.03376 -0.23021
   0.89145  0.03472 -0.23802
   0.88446  0.03564 -0.24335
   0.87741  0.03652 -0.24740
   0.87030  0.03736 -0.24788
   0.86310  0.03817 -0.24781
   0.85580  0.03897 -0.24739
   0.84840  0.03974 -0.24656
   0.84093  0.04049 -0.24664
   0.83341  0.04123 -0.24707
   0.82588  0.04195 -0.25164
   0.81837  0.04265 -0.25757
   0.81087  0.04332 -0.26013
   0.80338  0.04396 -0.26338
   0.79590  0.04457 -0.26586
   0.78841  0.04515 -0.26687
   0.78092  0.04570 -0.26840
   0.77342  0.04622 -0.26808
   0.76591  0.04671 -0.26809
   0.75838  0.04717 -0.26688
   0.75082  0.04761 -0.26559
   0.74324  0.04802 -0.26169
   0.73562  0.04841 -0.26036
   0.72798  0.04878 -0.25700
   0.72030  0.04913 -0.25480
   0.71260  0.04946 -0.25196
   0.70486  0.04978 -0.24934
   0.69710  0.05008 -0.24659
   0.68932  0.05037 -0.24436
   0.68152  0.05064 -0.24201
   0.67370  0.05090 -0.24104
   0.66588  0.05114 -0.23823
   0.65804  0.05138 -0.23710
   0.65020  0.05160 -0.23528
   0.64235  0.05180 -0.23362
   0.63449  0.05200 -0.23273
   0.62662  0.05218 -0.23044
   0.61875  0.05235 -0.22927
   0.61086  0.05251 -0.22764
   0.60297  0.05266 -0.22579
   0.59508  0.05280 -0.22511
   0.58718  0.05293 -0.22418
   0.57928  0.05305 -0.22277
   0.57138  0.05316 -0.22162
   0.56347  0.05325 -0.22071
   0.55556  0.05334 -0.22013
   0.54765  0.05342 -0.21876
   0.53974  0.05348 -0.21763
   0.53183  0.05354 -0.21674
   0.52391  0.05358 -0.21641
   0.51600  0.05362 -0.21485
   0.50808  0.05365 -0.21461
   0.50017  0.05366 -0.21355
   0.49225  0.05367 -0.21241
   0.48434  0.05366 -0.21233
   0.47642  0.05365 -0.21140
   0.46852  0.05363 -0.21088
   0.46062  0.05360 -0.20977
   0.45272  0.05355 -0.21026
   0.44483  0.05350 -0.20851
   0.43695  0.05344 -0.20805
   0.42908  0.05336 -0.20716
   0.42122  0.05328 -0.20726
   0.41340  0.05319 -0.20646
   0.40562  0.05309 -0.20749
   0.39791  0.05299 -0.20716
   0.39026  0.05286 -0.20741
   0.38268  0.05273 -0.20491
   0.37518  0.05259 -0.20136
   0.36779  0.05245 -0.20231
   0.36056  0.05233 -0.21016
   0.35355  0.05219 -0.22178
   0.34675  0.05202 -0.22850
   0.34015  0.05179 -0.21360
   0.33367  0.05152 -0.18533
   0.32729  0.05126 -0.16001
   0.32094  0.05107 -0.15294
   0.31459  0.05095 -0.17588
   0.30818  0.05086 -0.20611
   0.30168  0.05074 -0.22763
   0.29501  0.05055 -0.22371
   0.28812  0.05029 -0.21026
   0.28102  0.05002 -0.20085
   0.27376  0.04974 -0.20270
   0.26640  0.04946 -0.20547
   0.25896  0.04915 -0.20631
   0.25145  0.04883 -0.20602
   0.24388  0.04848 -0.20564
   0.23629  0.04812 -0.20624
   0.22868  0.04775 -0.20681
   0.22107  0.04735 -0.20778
   0.21346  0.04694 -0.20808
   0.20588  0.04651 -0.20915
   0.19832  0.04606 -0.20983
   0.19079  0.04559 -0.21115
   0.18331  0.04510 -0.21307
   0.17587  0.04459 -0.21258
   0.16848  0.04405 -0.21531
   0.16116  0.04350 -0.21550
   0.15392  0.04292 -0.21629
   0.14676  0.04231 -0.21881
   0.13969  0.04168 -0.21767
   0.13274  0.04103 -0.21962
   0.12592  0.04036 -0.21913
   0.11925  0.03966 -0.21961
   0.11274  0.03895 -0.21897
   0.10643  0.03821 -0.21857
   0.10032  0.03747 -0.21898
   0.09446  0.03673 -0.21820
   0.08886  0.03598 -0.21996
   0.08353  0.03523 -0.22021
   0.07849  0.03450 -0.22282
   0.07373  0.03377 -0.22756
   0.06927  0.03305 -0.22879
   0.06509  0.03235 -0.24048
   0.06115  0.03165 -0.24471
   0.05745  0.03095 -0.25139
   0.05396  0.03023 -0.25488
   0.05068  0.02952 -0.24978
   0.04758  0.02879 -0.24116
   0.04465  0.02805 -0.23008
   0.04187  0.02732 -0.21790
   0.03925  0.02659 -0.20306
   0.03676  0.02587 -0.19363
   0.03441  0.02515 -0.17853
   0.03218  0.02442 -0.15093
   0.03006  0.02371 -0.12280
   0.02804  0.02301 -0.09954
   0.02612  0.02234 -0.09119
   0.02429  0.02168 -0.08922
   0.02256  0.02105 -0.08528
   0.02092  0.02042 -0.08317
   0.01936  0.01979 -0.07522
   0.01788  0.01916 -0.05967
   0.01648  0.01853 -0.03786
   0.01513  0.01790 -0.01180
   0.01385  0.01728  0.01146
   0.01262  0.01665  0.03628
   0.01145  0.01603  0.05185
   0.01032  0.01542  0.07259
   0.00925  0.01480  0.09812
   0.00822  0.01418  0.11455
   0.00724  0.01356  0.14237
   0.00631  0.01293  0.16134
   0.00542  0.01229  0.18469
   0.00458  0.01164  0.21674
   0.00379  0.01098  0.23938
   0.00305  0.01029  0.27342
   0.00239  0.00956  0.31896
   0.00182  0.00878  0.45767
   0.00133  0.00797  0.52410
   0.00094  0.00712  0.66171
   0.00065  0.00624  0.77197
   0.00044  0.00536  0.85880
   0.00028  0.00447  0.91541
   0.00016  0.00358  0.95637
   0.00008  0.00270  0.98044
   0.00003  0.00182  0.99484
   0.00000  0.00095  0.99996
  -0.00000  0.00009  0.99699
   0.00003 -0.00076  0.98767
   0.00006 -0.00163  0.96818
   0.00015 -0.00249  0.95143
   0.00023 -0.00336  0.91766
   0.00032 -0.00424  0.87668
   0.00047 -0.00512  0.83436
   0.00063 -0.00601  0.77870
   0.00082 -0.00691  0.71447
   0.00104 -0.00781  0.64104
   0.00129 -0.00871  0.54850
   0.00157 -0.00961  0.44507
   0.00190 -0.01051  0.32704
   0.00227 -0.01140  0.17278
   0.00270 -0.01228  0.04306
   0.00318 -0.01315 -0.16810
   0.00373 -0.01400 -0.40082
   0.00438 -0.01479 -0.47333
   0.00511 -0.01554 -0.54121
   0.00590 -0.01626 -0.56729
   0.00676 -0.01694 -0.58626
   0.00768 -0.01760 -0.59744
   0.00865 -0.01823 -0.60121
   0.00967 -0.01885 -0.60635
   0.01075 -0.01945 -0.59054
   0.01188 -0.02004 -0.59482
   0.01307 -0.02061 -0.58118
   0.01432 -0.02118 -0.57441
   0.01563 -0.02174 -0.56504
   0.01700 -0.02229 -0.54695
   0.01845 -0.02284 -0.53708
   0.01996 -0.02339 -0.52651
   0.02156 -0.02394 -0.51424
   0.02324 -0.02449 -0.50058
   0.02502 -0.02504 -0.48929
   0.02690 -0.02561 -0.48002
   0.02888 -0.02618 -0.46873
   0.03099 -0.02676 -0.45981
   0.03324 -0.02735 -0.45288
   0.03563 -0.02795 -0.44295
   0.03818 -0.02857 -0.43432
   0.04090 -0.02920 -0.42483
   0.04382 -0.02985 -0.41581
   0.04694 -0.03052 -0.40811
   0.05029 -0.03121 -0.40522
   0.05388 -0.03192 -0.39856
   0.05772 -0.03265 -0.39562
   0.06181 -0.03340 -0.39082
   0.06618 -0.03416 -0.38665
   0.07081 -0.03493 -0.38318
   0.07572 -0.03571 -0.37948
   0.08090 -0.03650 -0.37617
   0.08636 -0.03729 -0.37332
   0.09206 -0.03808 -0.36964
   0.09799 -0.03886 -0.36613
   0.10414 -0.03963 -0.36560
   0.11047 -0.04039 -0.36325
   0.11696 -0.04113 -0.36266
   0.12360 -0.04184 -0.36147
   0.13035 -0.04253 -0.36002
   0.13721 -0.04318 -0.35800
   0.14417 -0.04381 -0.35552
   0.15121 -0.04440 -0.35237
   0.15834 -0.04497 -0.34957
   0.16553 -0.04550 -0.34661
   0.17278 -0.04600 -0.34347
   0.18008 -0.04648 -0.34025
   0.18742 -0.04692 -0.33865
   0.19479 -0.04734 -0.33575
   0.20219 -0.04773 -0.33358
   0.20962 -0.04809 -0.32972
   0.21707 -0.04842 -0.32779
   0.22456 -0.04873 -0.32376
   0.23208 -0.04901 -0.32017
   0.23964 -0.04926 -0.31643
   0.24721 -0.04950 -0.31440
   0.25481 -0.04971 -0.31166
   0.26241 -0.04990 -0.30893
   0.27004 -0.05006 -0.30590
   0.27768 -0.05021 -0.30350
   0.28534 -0.05033 -0.30024
   0.29302 -0.05043 -0.29790
   0.30071 -0.05052 -0.29557
   0.30841 -0.05058 -0.29357
   0.31611 -0.05063 -0.29185
   0.32382 -0.05066 -0.28963
   0.33154 -0.05066 -0.28720
   0.33927 -0.05065 -0.28618
   0.34699 -0.05062 -0.28355
   0.35472 -0.05057 -0.28219
   0.36246 -0.05051 -0.28050
   0.37019 -0.05042 -0.27894
   0.37793 -0.05031 -0.27647
   0.38566 -0.05019 -0.27558
   0.39339 -0.05004 -0.27360
   0.40111 -0.04988 -0.27203
   0.40883 -0.04970 -0.27030
   0.41655 -0.04951 -0.26939
   0.42426 -0.04929 -0.26792
   0.43196 -0.04905 -0.26689
   0.43965 -0.04880 -0.26535
   0.44733 -0.04852 -0.26426
   0.45499 -0.04823 -0.26305
   0.46265 -0.04791 -0.26130
   0.47029 -0.04757 -0.26037
   0.47793 -0.04721 -0.25848
   0.48555 -0.04683 -0.25683
   0.49315 -0.04642 -0.25515
   0.50075 -0.04600 -0.25356
   0.50833 -0.04555 -0.25094
   0.51589 -0.04507 -0.24931
   0.52345 -0.04458 -0.24646
   0.53099 -0.04405 -0.24451
   0.53851 -0.04351 -0.24138
   0.54603 -0.04293 -0.23890
   0.55353 -0.04234 -0.23620
   0.56101 -0.04171 -0.23202
   0.56848 -0.04106 -0.22905
   0.57593 -0.04038 -0.22499
   0.58337 -0.03967 -0.22105
   0.59078 -0.03894 -0.21701
   0.59818 -0.03818 -0.21208
   0.60556 -0.03738 -0.20744
   0.61292 -0.03656 -0.20221
   0.62026 -0.03571 -0.19624
   0.62759 -0.03483 -0.19030
   0.63490 -0.03391 -0.18269
   0.64220 -0.03296 -0.17666
   0.64948 -0.03198 -0.16849
   0.65674 -0.03097 -0.16044
   0.66400 -0.02992 -0.15114
   0.67125 -0.02883 -0.14161
   0.67849 -0.02772 -0.13189
   0.68572 -0.02656 -0.12063
   0.69295 -0.02537 -0.10985
   0.70018 -0.02415 -0.09680
   0.70741 -0.02288 -0.08449
   0.71464 -0.02159 -0.07110
   0.72188 -0.02025 -0.05612
   0.72912 -0.01888 -0.04206
   0.73638 -0.01747 -0.02510
   0.74365 -0.01602 -0.00942
   0.75094 -0.01453  0.00924
   0.75826 -0.01301  0.02722
   0.76560 -0.01146  0.04689
   0.77297 -0.00987  0.06654
   0.78039 -0.00825  0.08811
   0.78785 -0.00659  0.10925
   0.79535 -0.00492  0.13243
   0.80287 -0.00323  0.15530
   0.81037 -0.00154  0.17762
   0.81778  0.00013  0.20282
   0.82509  0.00176  0.22599
   0.83227  0.00334  0.24752
   0.83932  0.00486  0.26826
   0.84624  0.00632  0.28869
   0.85304  0.00771  0.30711
   0.85972  0.00903  0.32604
   0.86628  0.01027  0.34224
   0.87271  0.01143  0.35832
   0.87902  0.01251  0.37334
   0.88521  0.01350  0.38607
   0.89129  0.01440  0.39887
   0.89727  0.01522  0.40867
   0.90316  0.01595  0.41917
   0.90895  0.01659  0.42803
   0.91464  0.01715  0.43541
   0.92020  0.01763  0.44380
   0.92564  0.01802  0.44960
   0.93097  0.01831  0.45421
   0.93623  0.01853  0.45733
   0.94141  0.01867  0.45684
   0.94645  0.01876  0.46710
   0.95125  0.01879  0.47877
   0.95581  0.01873  0.49140
   0.96019  0.01854  0.49551
   0.96446  0.01821  0.48047
   0.96872  0.01776  0.45426
   0.97300  0.01724  0.42572
   0.97726  0.01672  0.41542
   0.98142  0.01621  0.42802
   0.98545  0.01563  0.43239
   0.98942  0.01489  0.38718
   0.99340  0.01406  0.32673
   0.99738  0.01325  0.29807
   1.00000  0.01271  0.25218
