GRUMMAN K-2 AIRFOIL                             
 Alfa =  -1.14700 Re =        0.000 Xflap,Yflap =     0.000000    0.000000
#    x        y        Cp  
   1.00000  0.01371  0.25414
   0.99740  0.01444  0.09904
   0.99329  0.01549  0.06123
   0.98889  0.01657  0.04573
   0.98423  0.01772  0.00524
   0.97929  0.01890 -0.02980
   0.97409  0.02011 -0.05584
   0.96867  0.02135 -0.08637
   0.96305  0.02259 -0.11299
   0.95727  0.02381 -0.13472
   0.95131  0.02502 -0.15577
   0.94520  0.02620 -0.17095
   0.93893  0.02735 -0.18412
   0.93253  0.02848 -0.19543
   0.92600  0.02957 -0.20267
   0.91932  0.03065 -0.20886
   0.91254  0.03170 -0.21585
   0.90568  0.03272 -0.22461
   0.89876  0.03372 -0.23209
   0.89181  0.03467 -0.24030
   0.88484  0.03559 -0.24636
   0.87782  0.03647 -0.24906
   0.87073  0.03731 -0.25027
   0.86355  0.03812 -0.25147
   0.85628  0.03891 -0.25027
   0.84891  0.03968 -0.24952
   0.84146  0.04044 -0.24952
   0.83396  0.04117 -0.24954
   0.82645  0.04190 -0.25532
   0.81896  0.04260 -0.26034
   0.81149  0.04327 -0.26399
   0.80402  0.04391 -0.26657
   0.79655  0.04452 -0.26912
   0.78909  0.04510 -0.27132
   0.78162  0.04565 -0.27219
   0.77414  0.04617 -0.27177
   0.76665  0.04666 -0.27225
   0.75914  0.04713 -0.27107
   0.75161  0.04756 -0.26932
   0.74405  0.04798 -0.26764
   0.73646  0.04837 -0.26481
   0.72884  0.04874 -0.26243
   0.72118  0.04909 -0.25963
   0.71350  0.04943 -0.25639
   0.70580  0.04974 -0.25464
   0.69806  0.05004 -0.25167
   0.69030  0.05033 -0.24971
   0.68252  0.05060 -0.24767
   0.67473  0.05086 -0.24597
   0.66693  0.05111 -0.24383
   0.65911  0.05135 -0.24264
   0.65129  0.05157 -0.24124
   0.64347  0.05178 -0.23926
   0.63563  0.05197 -0.23822
   0.62779  0.05216 -0.23678
   0.61994  0.05233 -0.23479
   0.61208  0.05249 -0.23433
   0.60421  0.05264 -0.23189
   0.59633  0.05278 -0.23114
   0.58846  0.05291 -0.22999
   0.58058  0.05303 -0.22944
   0.57270  0.05314 -0.22828
   0.56482  0.05324 -0.22744
   0.55693  0.05333 -0.22644
   0.54904  0.05340 -0.22587
   0.54115  0.05347 -0.22451
   0.53326  0.05353 -0.22425
   0.52537  0.05358 -0.22297
   0.51748  0.05361 -0.22215
   0.50958  0.05364 -0.22193
   0.50169  0.05366 -0.22040
   0.49380  0.05367 -0.22085
   0.48590  0.05367 -0.21925
   0.47801  0.05366 -0.21970
   0.47012  0.05363 -0.21876
   0.46224  0.05360 -0.21811
   0.45437  0.05356 -0.21757
   0.44650  0.05351 -0.21712
   0.43864  0.05345 -0.21610
   0.43079  0.05338 -0.21597
   0.42295  0.05330 -0.21574
   0.41514  0.05321 -0.21547
   0.40737  0.05312 -0.21619
   0.39966  0.05301 -0.21568
   0.39202  0.05289 -0.21698
   0.38445  0.05276 -0.21414
   0.37694  0.05262 -0.21158
   0.36954  0.05249 -0.21067
   0.36229  0.05236 -0.21793
   0.35524  0.05223 -0.22893
   0.34842  0.05207 -0.23826
   0.34179  0.05185 -0.22954
   0.33530  0.05159 -0.20255
   0.32892  0.05132 -0.17578
   0.32258  0.05111 -0.16209
   0.31625  0.05098 -0.17859
   0.30988  0.05089 -0.20817
   0.30343  0.05078 -0.23572
   0.29682  0.05061 -0.23812
   0.29002  0.05037 -0.22572
   0.28299  0.05009 -0.21393
   0.27579  0.04982 -0.21276
   0.26847  0.04954 -0.21695
   0.26108  0.04924 -0.21901
   0.25361  0.04892 -0.21802
   0.24607  0.04858 -0.21819
   0.23850  0.04823 -0.21933
   0.23092  0.04786 -0.21991
   0.22333  0.04747 -0.22086
   0.21574  0.04707 -0.22153
   0.20817  0.04664 -0.22350
   0.20063  0.04620 -0.22416
   0.19311  0.04574 -0.22513
   0.18563  0.04526 -0.22847
   0.17820  0.04475 -0.22838
   0.17081  0.04423 -0.22986
   0.16349  0.04368 -0.23247
   0.15624  0.04311 -0.23273
   0.14907  0.04251 -0.23541
   0.14200  0.04189 -0.23630
   0.13503  0.04125 -0.23755
   0.12818  0.04059 -0.23860
   0.12147  0.03990 -0.23915
   0.11493  0.03919 -0.23947
   0.10856  0.03847 -0.23985
   0.10240  0.03773 -0.23975
   0.09647  0.03699 -0.24108
   0.09078  0.03624 -0.24317
   0.08537  0.03550 -0.24220
   0.08024  0.03476 -0.24788
   0.07540  0.03403 -0.25007
   0.07085  0.03331 -0.25427
   0.06658  0.03261 -0.26748
   0.06257  0.03190 -0.26866
   0.05879  0.03120 -0.28036
   0.05523  0.03050 -0.28503
   0.05189  0.02978 -0.28360
   0.04873  0.02906 -0.27786
   0.04574  0.02833 -0.26731
   0.04291  0.02760 -0.25840
   0.04024  0.02687 -0.24385
   0.03771  0.02615 -0.23217
   0.03531  0.02543 -0.22467
   0.03305  0.02471 -0.20015
   0.03089  0.02399 -0.17027
   0.02884  0.02329 -0.14685
   0.02688  0.02260 -0.13166
   0.02502  0.02195 -0.13036
   0.02326  0.02131 -0.12923
   0.02159  0.02067 -0.12862
   0.02000  0.02005 -0.12326
   0.01849  0.01942 -0.11315
   0.01706  0.01880 -0.09552
   0.01569  0.01817 -0.06942
   0.01439  0.01754 -0.04756
   0.01314  0.01692 -0.02478
   0.01194  0.01630 -0.00500
   0.01080  0.01568  0.01345
   0.00971  0.01507  0.03084
   0.00867  0.01445  0.05494
   0.00767  0.01383  0.07107
   0.00672  0.01321  0.09393
   0.00581  0.01258  0.11242
   0.00495  0.01194  0.14141
   0.00414  0.01128  0.16267
   0.00338  0.01061  0.18791
   0.00268  0.00990  0.21871
   0.00207  0.00914  0.32903
   0.00154  0.00835  0.41857
   0.00111  0.00752  0.53873
   0.00078  0.00665  0.67404
   0.00053  0.00577  0.78335
   0.00035  0.00489  0.86266
   0.00022  0.00400  0.91641
   0.00012  0.00312  0.95586
   0.00005  0.00224  0.97972
   0.00001  0.00137  0.99402
  -0.00000  0.00051  0.99983
   0.00001 -0.00034  0.99787
   0.00004 -0.00120  0.98862
   0.00010 -0.00206  0.97181
   0.00020 -0.00292  0.95667
   0.00027 -0.00380  0.91667
   0.00039 -0.00468  0.88508
   0.00054 -0.00556  0.83922
   0.00072 -0.00645  0.78301
   0.00092 -0.00735  0.72037
   0.00115 -0.00824  0.64652
   0.00142 -0.00914  0.55237
   0.00173 -0.01004  0.44773
   0.00207 -0.01094  0.32809
   0.00247 -0.01182  0.15960
   0.00292 -0.01269  0.07942
   0.00342 -0.01356 -0.25295
   0.00402 -0.01437 -0.31696
   0.00470 -0.01514 -0.42465
   0.00546 -0.01587 -0.46234
   0.00629 -0.01657 -0.49388
   0.00717 -0.01724 -0.50772
   0.00811 -0.01789 -0.52528
   0.00910 -0.01851 -0.52589
   0.01015 -0.01912 -0.52404
   0.01125 -0.01971 -0.52582
   0.01240 -0.02029 -0.52005
   0.01361 -0.02086 -0.51565
   0.01488 -0.02142 -0.50965
   0.01621 -0.02198 -0.49647
   0.01761 -0.02253 -0.48986
   0.01908 -0.02307 -0.47540
   0.02063 -0.02362 -0.47145
   0.02226 -0.02417 -0.45970
   0.02397 -0.02472 -0.44568
   0.02579 -0.02528 -0.43929
   0.02770 -0.02584 -0.42978
   0.02973 -0.02641 -0.42282
   0.03189 -0.02700 -0.41588
   0.03419 -0.02759 -0.41024
   0.03663 -0.02820 -0.40029
   0.03924 -0.02882 -0.39446
   0.04203 -0.02945 -0.38442
   0.04502 -0.03011 -0.37843
   0.04822 -0.03078 -0.37326
   0.05165 -0.03148 -0.37051
   0.05533 -0.03220 -0.36665
   0.05925 -0.03293 -0.36414
   0.06344 -0.03368 -0.35993
   0.06789 -0.03445 -0.35839
   0.07262 -0.03522 -0.35411
   0.07761 -0.03600 -0.35312
   0.08288 -0.03679 -0.35025
   0.08842 -0.03758 -0.34744
   0.09419 -0.03836 -0.34484
   0.10019 -0.03914 -0.34322
   0.10638 -0.03991 -0.34274
   0.11276 -0.04065 -0.34214
   0.11929 -0.04138 -0.34171
   0.12594 -0.04208 -0.34069
   0.13272 -0.04276 -0.33993
   0.13959 -0.04340 -0.33878
   0.14656 -0.04401 -0.33596
   0.15362 -0.04460 -0.33451
   0.16075 -0.04515 -0.33085
   0.16794 -0.04567 -0.32881
   0.17519 -0.04616 -0.32567
   0.18248 -0.04663 -0.32386
   0.18981 -0.04706 -0.32185
   0.19717 -0.04747 -0.32063
   0.20456 -0.04785 -0.31661
   0.21197 -0.04820 -0.31588
   0.21942 -0.04852 -0.31192
   0.22690 -0.04882 -0.30947
   0.23441 -0.04909 -0.30487
   0.24195 -0.04934 -0.30288
   0.24951 -0.04956 -0.30094
   0.25708 -0.04977 -0.29780
   0.26468 -0.04995 -0.29660
   0.27229 -0.05011 -0.29245
   0.27991 -0.05024 -0.29111
   0.28756 -0.05036 -0.28778
   0.29522 -0.05046 -0.28593
   0.30289 -0.05054 -0.28415
   0.31057 -0.05060 -0.28213
   0.31825 -0.05064 -0.28000
   0.32595 -0.05066 -0.27850
   0.33364 -0.05066 -0.27706
   0.34135 -0.05065 -0.27533
   0.34906 -0.05061 -0.27369
   0.35677 -0.05056 -0.27196
   0.36448 -0.05048 -0.27040
   0.37219 -0.05039 -0.26891
   0.37990 -0.05028 -0.26698
   0.38761 -0.05015 -0.26572
   0.39532 -0.05001 -0.26448
   0.40302 -0.04984 -0.26319
   0.41072 -0.04966 -0.26119
   0.41842 -0.04945 -0.26067
   0.42610 -0.04923 -0.25938
   0.43378 -0.04899 -0.25872
   0.44144 -0.04873 -0.25666
   0.44910 -0.04845 -0.25620
   0.45674 -0.04815 -0.25473
   0.46437 -0.04783 -0.25409
   0.47199 -0.04749 -0.25246
   0.47960 -0.04713 -0.25067
   0.48720 -0.04674 -0.24945
   0.49478 -0.04634 -0.24780
   0.50235 -0.04590 -0.24548
   0.50991 -0.04545 -0.24434
   0.51745 -0.04497 -0.24176
   0.52498 -0.04447 -0.23943
   0.53250 -0.04395 -0.23738
   0.54000 -0.04340 -0.23489
   0.54749 -0.04282 -0.23211
   0.55497 -0.04222 -0.22905
   0.56243 -0.04159 -0.22549
   0.56987 -0.04093 -0.22221
   0.57730 -0.04025 -0.21859
   0.58471 -0.03954 -0.21455
   0.59210 -0.03881 -0.21041
   0.59948 -0.03804 -0.20606
   0.60683 -0.03724 -0.20153
   0.61417 -0.03642 -0.19537
   0.62149 -0.03556 -0.19072
   0.62879 -0.03468 -0.18354
   0.63608 -0.03376 -0.17792
   0.64335 -0.03281 -0.16985
   0.65061 -0.03183 -0.16284
   0.65786 -0.03081 -0.15435
   0.66510 -0.02976 -0.14552
   0.67232 -0.02867 -0.13584
   0.67954 -0.02755 -0.12581
   0.68676 -0.02640 -0.11531
   0.69397 -0.02520 -0.10420
   0.70117 -0.02398 -0.09151
   0.70838 -0.02271 -0.07888
   0.71559 -0.02141 -0.06546
   0.72281 -0.02007 -0.05117
   0.73004 -0.01870 -0.03649
   0.73728 -0.01729 -0.02048
   0.74453 -0.01584 -0.00302
   0.75180 -0.01436  0.01326
   0.75910 -0.01284  0.03317
   0.76642 -0.01128  0.05114
   0.77378 -0.00969  0.07286
   0.78118 -0.00807  0.09163
   0.78863 -0.00642  0.11503
   0.79611 -0.00475  0.13579
   0.80361 -0.00306  0.16012
   0.81108 -0.00138  0.18295
   0.81847  0.00029  0.20588
   0.82574  0.00191  0.22956
   0.83289  0.00348  0.25150
   0.83991  0.00499  0.27195
   0.84680  0.00644  0.29159
   0.85358  0.00782  0.31096
   0.86023  0.00913  0.32719
   0.86676  0.01036  0.34571
   0.87316  0.01151  0.35985
   0.87944  0.01258  0.37620
   0.88561  0.01356  0.38800
   0.89167  0.01445  0.40019
   0.89763  0.01526  0.41093
   0.90349  0.01599  0.42048
   0.90927  0.01663  0.42825
   0.91493  0.01718  0.43783
   0.92047  0.01765  0.44373
   0.92588  0.01803  0.45191
   0.93120  0.01832  0.45551
   0.93644  0.01853  0.45631
   0.94160  0.01868  0.45921
   0.94662  0.01876  0.46617
   0.95140  0.01879  0.48148
   0.95595  0.01872  0.49114
   0.96030  0.01853  0.49620
   0.96456  0.01820  0.48126
   0.96881  0.01775  0.45371
   0.97308  0.01723  0.42660
   0.97733  0.01672  0.41440
   0.98147  0.01621  0.42753
   0.98549  0.01562  0.43443
   0.98945  0.01488  0.38920
   0.99342  0.01406  0.32450
   0.99738  0.01325  0.29915
   1.00000  0.01271  0.25414
