GRUMMAN K-2 AIRFOIL                             
 Alfa =  -1.27260 Re =        0.000 Xflap,Yflap =     0.000000    0.000000
#    x        y        Cp  
   1.00000  0.01371  0.25420
   0.99740  0.01444  0.09920
   0.99329  0.01549  0.06145
   0.98889  0.01657  0.04610
   0.98423  0.01772  0.00574
   0.97929  0.01890 -0.02923
   0.97409  0.02011 -0.05520
   0.96867  0.02135 -0.08559
   0.96305  0.02259 -0.11213
   0.95727  0.02381 -0.13378
   0.95131  0.02502 -0.15471
   0.94520  0.02620 -0.16980
   0.93893  0.02735 -0.18287
   0.93253  0.02848 -0.19410
   0.92600  0.02957 -0.20129
   0.91932  0.03065 -0.20735
   0.91254  0.03170 -0.21431
   0.90568  0.03272 -0.22294
   0.89876  0.03372 -0.23038
   0.89181  0.03467 -0.23849
   0.88484  0.03559 -0.24446
   0.87782  0.03647 -0.24711
   0.87073  0.03731 -0.24824
   0.86355  0.03812 -0.24936
   0.85628  0.03891 -0.24813
   0.84891  0.03968 -0.24726
   0.84146  0.04044 -0.24723
   0.83396  0.04117 -0.24716
   0.82645  0.04190 -0.25289
   0.81896  0.04260 -0.25781
   0.81149  0.04327 -0.26139
   0.80402  0.04391 -0.26392
   0.79655  0.04452 -0.26636
   0.78909  0.04510 -0.26856
   0.78162  0.04565 -0.26929
   0.77414  0.04617 -0.26883
   0.76665  0.04666 -0.26922
   0.75914  0.04713 -0.26800
   0.75161  0.04756 -0.26619
   0.74405  0.04798 -0.26448
   0.73646  0.04837 -0.26155
   0.72884  0.04874 -0.25913
   0.72118  0.04909 -0.25626
   0.71350  0.04943 -0.25295
   0.70580  0.04974 -0.25115
   0.69806  0.05004 -0.24816
   0.69030  0.05033 -0.24609
   0.68252  0.05060 -0.24402
   0.67473  0.05086 -0.24223
   0.66693  0.05111 -0.24005
   0.65911  0.05135 -0.23881
   0.65129  0.05157 -0.23732
   0.64347  0.05178 -0.23528
   0.63563  0.05197 -0.23418
   0.62779  0.05216 -0.23267
   0.61994  0.05233 -0.23061
   0.61208  0.05249 -0.23011
   0.60421  0.05264 -0.22759
   0.59633  0.05278 -0.22676
   0.58846  0.05291 -0.22555
   0.58058  0.05303 -0.22493
   0.57270  0.05314 -0.22370
   0.56482  0.05324 -0.22281
   0.55693  0.05333 -0.22173
   0.54904  0.05340 -0.22107
   0.54115  0.05347 -0.21965
   0.53326  0.05353 -0.21931
   0.52537  0.05358 -0.21796
   0.51748  0.05361 -0.21705
   0.50958  0.05364 -0.21676
   0.50169  0.05366 -0.21515
   0.49380  0.05367 -0.21551
   0.48590  0.05367 -0.21384
   0.47801  0.05366 -0.21420
   0.47012  0.05363 -0.21318
   0.46224  0.05360 -0.21243
   0.45437  0.05356 -0.21181
   0.44650  0.05351 -0.21128
   0.43864  0.05345 -0.21017
   0.43079  0.05338 -0.20994
   0.42295  0.05330 -0.20962
   0.41514  0.05321 -0.20925
   0.40737  0.05312 -0.20988
   0.39966  0.05301 -0.20925
   0.39202  0.05289 -0.21046
   0.38445  0.05276 -0.20751
   0.37694  0.05262 -0.20487
   0.36954  0.05249 -0.20386
   0.36229  0.05236 -0.21098
   0.35524  0.05223 -0.22180
   0.34842  0.05207 -0.23098
   0.34179  0.05185 -0.22219
   0.33530  0.05159 -0.19526
   0.32892  0.05132 -0.16857
   0.32258  0.05111 -0.15484
   0.31625  0.05098 -0.17115
   0.30988  0.05089 -0.20043
   0.30343  0.05078 -0.22767
   0.29682  0.05061 -0.22994
   0.29002  0.05037 -0.21749
   0.28299  0.05009 -0.20564
   0.27579  0.04982 -0.20432
   0.26847  0.04954 -0.20833
   0.26108  0.04924 -0.21023
   0.25361  0.04892 -0.20906
   0.24607  0.04858 -0.20905
   0.23850  0.04823 -0.20999
   0.23092  0.04786 -0.21037
   0.22333  0.04747 -0.21111
   0.21574  0.04707 -0.21156
   0.20817  0.04664 -0.21329
   0.20063  0.04620 -0.21371
   0.19311  0.04574 -0.21443
   0.18563  0.04526 -0.21748
   0.17820  0.04475 -0.21712
   0.17081  0.04423 -0.21829
   0.16349  0.04368 -0.22058
   0.15624  0.04311 -0.22053
   0.14907  0.04251 -0.22283
   0.14200  0.04189 -0.22336
   0.13503  0.04125 -0.22423
   0.12818  0.04059 -0.22487
   0.12147  0.03990 -0.22500
   0.11493  0.03919 -0.22488
   0.10856  0.03847 -0.22479
   0.10240  0.03773 -0.22420
   0.09647  0.03699 -0.22500
   0.09078  0.03624 -0.22654
   0.08537  0.03550 -0.22503
   0.08024  0.03476 -0.23007
   0.07540  0.03403 -0.23161
   0.07085  0.03331 -0.23515
   0.06658  0.03261 -0.24752
   0.06257  0.03190 -0.24803
   0.05879  0.03120 -0.25884
   0.05523  0.03050 -0.26273
   0.05189  0.02978 -0.26059
   0.04873  0.02906 -0.25420
   0.04574  0.02833 -0.24306
   0.04291  0.02760 -0.23352
   0.04024  0.02687 -0.21844
   0.03771  0.02615 -0.20616
   0.03531  0.02543 -0.19794
   0.03305  0.02471 -0.17308
   0.03089  0.02399 -0.14295
   0.02884  0.02329 -0.11919
   0.02688  0.02260 -0.10340
   0.02502  0.02195 -0.10117
   0.02326  0.02131 -0.09901
   0.02159  0.02067 -0.09735
   0.02000  0.02005 -0.09099
   0.01849  0.01942 -0.07993
   0.01706  0.01880 -0.06159
   0.01569  0.01817 -0.03495
   0.01439  0.01754 -0.01246
   0.01314  0.01692  0.01102
   0.01194  0.01630  0.03166
   0.01080  0.01568  0.05108
   0.00971  0.01507  0.06951
   0.00867  0.01445  0.09460
   0.00767  0.01383  0.11204
   0.00672  0.01321  0.13622
   0.00581  0.01258  0.15632
   0.00495  0.01194  0.18678
   0.00414  0.01128  0.21003
   0.00338  0.01061  0.23769
   0.00268  0.00990  0.27093
   0.00207  0.00914  0.37873
   0.00154  0.00835  0.46671
   0.00111  0.00752  0.58227
   0.00078  0.00665  0.70963
   0.00053  0.00577  0.81124
   0.00035  0.00489  0.88395
   0.00022  0.00400  0.93242
   0.00012  0.00312  0.96703
   0.00005  0.00224  0.98690
   0.00001  0.00137  0.99752
  -0.00000  0.00051  0.99979
   0.00001 -0.00034  0.99466
   0.00004 -0.00120  0.98217
   0.00010 -0.00206  0.96189
   0.00020 -0.00292  0.94561
   0.00027 -0.00380  0.90007
   0.00039 -0.00468  0.86646
   0.00054 -0.00556  0.81721
   0.00072 -0.00645  0.75742
   0.00092 -0.00735  0.69133
   0.00115 -0.00824  0.61379
   0.00142 -0.00914  0.51527
   0.00173 -0.01004  0.40612
   0.00207 -0.01094  0.28196
   0.00247 -0.01182  0.10678
   0.00292 -0.01269  0.02585
   0.00342 -0.01356 -0.32042
   0.00402 -0.01437 -0.38262
   0.00470 -0.01514 -0.49125
   0.00546 -0.01587 -0.52642
   0.00629 -0.01657 -0.55572
   0.00717 -0.01724 -0.56684
   0.00811 -0.01789 -0.58217
   0.00910 -0.01851 -0.58025
   0.01015 -0.01912 -0.57596
   0.01125 -0.01971 -0.57563
   0.01240 -0.02029 -0.56776
   0.01361 -0.02086 -0.56141
   0.01488 -0.02142 -0.55353
   0.01621 -0.02198 -0.53846
   0.01761 -0.02253 -0.53018
   0.01908 -0.02307 -0.51407
   0.02063 -0.02362 -0.50869
   0.02226 -0.02417 -0.49547
   0.02397 -0.02472 -0.48002
   0.02579 -0.02528 -0.47237
   0.02770 -0.02584 -0.46165
   0.02973 -0.02641 -0.45355
   0.03189 -0.02700 -0.44552
   0.03419 -0.02759 -0.43884
   0.03663 -0.02820 -0.42784
   0.03924 -0.02882 -0.42103
   0.04203 -0.02945 -0.40999
   0.04502 -0.03011 -0.40309
   0.04822 -0.03078 -0.39705
   0.05165 -0.03148 -0.39349
   0.05533 -0.03220 -0.38884
   0.05925 -0.03293 -0.38556
   0.06344 -0.03368 -0.38060
   0.06789 -0.03445 -0.37835
   0.07262 -0.03522 -0.37337
   0.07761 -0.03600 -0.37173
   0.08288 -0.03679 -0.36821
   0.08842 -0.03758 -0.36479
   0.09419 -0.03836 -0.36160
   0.10019 -0.03914 -0.35943
   0.10638 -0.03991 -0.35843
   0.11276 -0.04065 -0.35735
   0.11929 -0.04138 -0.35646
   0.12594 -0.04208 -0.35500
   0.13272 -0.04276 -0.35383
   0.13959 -0.04340 -0.35228
   0.14656 -0.04401 -0.34907
   0.15362 -0.04460 -0.34725
   0.16075 -0.04515 -0.34323
   0.16794 -0.04567 -0.34087
   0.17519 -0.04616 -0.33740
   0.18248 -0.04663 -0.33529
   0.18981 -0.04706 -0.33300
   0.19717 -0.04747 -0.33151
   0.20456 -0.04785 -0.32722
   0.21197 -0.04820 -0.32626
   0.21942 -0.04852 -0.32204
   0.22690 -0.04882 -0.31935
   0.23441 -0.04909 -0.31453
   0.24195 -0.04934 -0.31232
   0.24951 -0.04956 -0.31018
   0.25708 -0.04977 -0.30683
   0.26468 -0.04995 -0.30544
   0.27229 -0.05011 -0.30110
   0.27991 -0.05024 -0.29958
   0.28756 -0.05036 -0.29608
   0.29522 -0.05046 -0.29407
   0.30289 -0.05054 -0.29213
   0.31057 -0.05060 -0.28995
   0.31825 -0.05064 -0.28769
   0.32595 -0.05066 -0.28602
   0.33364 -0.05066 -0.28445
   0.34135 -0.05065 -0.28258
   0.34906 -0.05061 -0.28082
   0.35677 -0.05056 -0.27895
   0.36448 -0.05048 -0.27726
   0.37219 -0.05039 -0.27567
   0.37990 -0.05028 -0.27359
   0.38761 -0.05015 -0.27224
   0.39532 -0.05001 -0.27086
   0.40302 -0.04984 -0.26947
   0.41072 -0.04966 -0.26737
   0.41842 -0.04945 -0.26673
   0.42610 -0.04923 -0.26534
   0.43378 -0.04899 -0.26458
   0.44144 -0.04873 -0.26243
   0.44910 -0.04845 -0.26185
   0.45674 -0.04815 -0.26030
   0.46437 -0.04783 -0.25956
   0.47199 -0.04749 -0.25785
   0.47960 -0.04713 -0.25597
   0.48720 -0.04674 -0.25465
   0.49478 -0.04634 -0.25292
   0.50235 -0.04590 -0.25051
   0.50991 -0.04545 -0.24927
   0.51745 -0.04497 -0.24663
   0.52498 -0.04447 -0.24419
   0.53250 -0.04395 -0.24207
   0.54000 -0.04340 -0.23948
   0.54749 -0.04282 -0.23663
   0.55497 -0.04222 -0.23348
   0.56243 -0.04159 -0.22983
   0.56987 -0.04093 -0.22648
   0.57730 -0.04025 -0.22279
   0.58471 -0.03954 -0.21864
   0.59210 -0.03881 -0.21444
   0.59948 -0.03804 -0.21000
   0.60683 -0.03724 -0.20540
   0.61417 -0.03642 -0.19916
   0.62149 -0.03556 -0.19443
   0.62879 -0.03468 -0.18716
   0.63608 -0.03376 -0.18146
   0.64335 -0.03281 -0.17331
   0.65061 -0.03183 -0.16621
   0.65786 -0.03081 -0.15764
   0.66510 -0.02976 -0.14874
   0.67232 -0.02867 -0.13896
   0.67954 -0.02755 -0.12884
   0.68676 -0.02640 -0.11828
   0.69397 -0.02520 -0.10707
   0.70117 -0.02398 -0.09430
   0.70838 -0.02271 -0.08158
   0.71559 -0.02141 -0.06807
   0.72281 -0.02007 -0.05371
   0.73004 -0.01870 -0.03895
   0.73728 -0.01729 -0.02284
   0.74453 -0.01584 -0.00527
   0.75180 -0.01436  0.01106
   0.75910 -0.01284  0.03106
   0.76642 -0.01128  0.04914
   0.77378 -0.00969  0.07094
   0.78118 -0.00807  0.08979
   0.78863 -0.00642  0.11327
   0.79611 -0.00475  0.13412
   0.80361 -0.00306  0.15854
   0.81108 -0.00138  0.18146
   0.81847  0.00029  0.20445
   0.82574  0.00191  0.22822
   0.83289  0.00348  0.25023
   0.83991  0.00499  0.27076
   0.84680  0.00644  0.29045
   0.85358  0.00782  0.30987
   0.86023  0.00913  0.32617
   0.86676  0.01036  0.34476
   0.87316  0.01151  0.35889
   0.87944  0.01258  0.37534
   0.88561  0.01356  0.38717
   0.89167  0.01445  0.39939
   0.89763  0.01526  0.41019
   0.90349  0.01599  0.41974
   0.90927  0.01663  0.42756
   0.91493  0.01718  0.43720
   0.92047  0.01765  0.44307
   0.92588  0.01803  0.45134
   0.93120  0.01832  0.45493
   0.93644  0.01853  0.45577
   0.94160  0.01868  0.45869
   0.94662  0.01876  0.46564
   0.95140  0.01879  0.48102
   0.95595  0.01872  0.49069
   0.96030  0.01853  0.49578
   0.96456  0.01820  0.48087
   0.96881  0.01775  0.45329
   0.97308  0.01723  0.42620
   0.97733  0.01672  0.41401
   0.98147  0.01621  0.42719
   0.98549  0.01562  0.43413
   0.98945  0.01488  0.38889
   0.99342  0.01406  0.32420
   0.99738  0.01325  0.29890
   1.00000  0.01271  0.25420
