GRUMMAN K-2 AIRFOIL                             
 Alfa =  -1.26270 Re =        0.000 Xflap,Yflap =     0.000000    0.000000
#    x        y        Cp  
   1.00000  0.01371  0.25223
   0.99739  0.01444  0.09667
   0.99327  0.01550  0.06264
   0.98886  0.01658  0.04420
   0.98418  0.01773  0.00248
   0.97923  0.01891 -0.02706
   0.97401  0.02013 -0.05712
   0.96856  0.02137 -0.08502
   0.96293  0.02261 -0.11285
   0.95713  0.02384 -0.13595
   0.95115  0.02505 -0.15469
   0.94501  0.02623 -0.16991
   0.93873  0.02739 -0.18354
   0.93231  0.02852 -0.19456
   0.92575  0.02962 -0.20192
   0.91905  0.03069 -0.20764
   0.91224  0.03174 -0.21489
   0.90536  0.03277 -0.22356
   0.89842  0.03376 -0.23105
   0.89145  0.03472 -0.23888
   0.88446  0.03564 -0.24426
   0.87741  0.03652 -0.24834
   0.87030  0.03736 -0.24885
   0.86310  0.03817 -0.24882
   0.85580  0.03897 -0.24842
   0.84840  0.03974 -0.24762
   0.84093  0.04049 -0.24775
   0.83341  0.04123 -0.24820
   0.82588  0.04195 -0.25281
   0.81837  0.04265 -0.25877
   0.81087  0.04332 -0.26138
   0.80338  0.04396 -0.26465
   0.79590  0.04457 -0.26718
   0.78841  0.04515 -0.26820
   0.78092  0.04570 -0.26979
   0.77342  0.04622 -0.26948
   0.76591  0.04671 -0.26953
   0.75838  0.04717 -0.26834
   0.75082  0.04761 -0.26708
   0.74324  0.04802 -0.26322
   0.73562  0.04841 -0.26191
   0.72798  0.04878 -0.25859
   0.72030  0.04913 -0.25640
   0.71260  0.04946 -0.25360
   0.70486  0.04978 -0.25100
   0.69710  0.05008 -0.24828
   0.68932  0.05037 -0.24608
   0.68152  0.05064 -0.24377
   0.67370  0.05090 -0.24281
   0.66588  0.05114 -0.24004
   0.65804  0.05138 -0.23893
   0.65020  0.05160 -0.23715
   0.64235  0.05180 -0.23552
   0.63449  0.05200 -0.23466
   0.62662  0.05218 -0.23240
   0.61875  0.05235 -0.23126
   0.61086  0.05251 -0.22965
   0.60297  0.05266 -0.22786
   0.59508  0.05280 -0.22719
   0.58718  0.05293 -0.22630
   0.57928  0.05305 -0.22492
   0.57138  0.05316 -0.22381
   0.56347  0.05325 -0.22293
   0.55556  0.05334 -0.22237
   0.54765  0.05342 -0.22105
   0.53974  0.05348 -0.21995
   0.53183  0.05354 -0.21910
   0.52391  0.05358 -0.21880
   0.51600  0.05362 -0.21728
   0.50808  0.05365 -0.21708
   0.50017  0.05366 -0.21605
   0.49225  0.05367 -0.21496
   0.48434  0.05366 -0.21490
   0.47642  0.05365 -0.21402
   0.46852  0.05363 -0.21355
   0.46062  0.05360 -0.21247
   0.45272  0.05355 -0.21301
   0.44483  0.05350 -0.21130
   0.43695  0.05344 -0.21089
   0.42908  0.05336 -0.21003
   0.42122  0.05328 -0.21018
   0.41340  0.05319 -0.20942
   0.40562  0.05309 -0.21051
   0.39791  0.05299 -0.21022
   0.39026  0.05286 -0.21052
   0.38268  0.05273 -0.20808
   0.37518  0.05259 -0.20456
   0.36779  0.05245 -0.20556
   0.36056  0.05233 -0.21349
   0.35355  0.05219 -0.22519
   0.34675  0.05202 -0.23198
   0.34015  0.05179 -0.21709
   0.33367  0.05152 -0.18879
   0.32729  0.05126 -0.16344
   0.32094  0.05107 -0.15639
   0.31459  0.05095 -0.17946
   0.30818  0.05086 -0.20983
   0.30168  0.05074 -0.23148
   0.29501  0.05055 -0.22761
   0.28812  0.05029 -0.21419
   0.28102  0.05002 -0.20481
   0.27376  0.04974 -0.20674
   0.26640  0.04946 -0.20959
   0.25896  0.04915 -0.21052
   0.25145  0.04883 -0.21031
   0.24388  0.04848 -0.21002
   0.23629  0.04812 -0.21071
   0.22868  0.04775 -0.21137
   0.22107  0.04735 -0.21244
   0.21346  0.04694 -0.21285
   0.20588  0.04651 -0.21403
   0.19832  0.04606 -0.21483
   0.19079  0.04559 -0.21628
   0.18331  0.04510 -0.21833
   0.17587  0.04459 -0.21797
   0.16848  0.04405 -0.22085
   0.16116  0.04350 -0.22119
   0.15392  0.04292 -0.22214
   0.14676  0.04231 -0.22484
   0.13969  0.04168 -0.22387
   0.13274  0.04103 -0.22601
   0.12592  0.04036 -0.22571
   0.11925  0.03966 -0.22640
   0.11274  0.03895 -0.22597
   0.10643  0.03821 -0.22580
   0.10032  0.03747 -0.22644
   0.09446  0.03673 -0.22590
   0.08886  0.03598 -0.22793
   0.08353  0.03523 -0.22846
   0.07849  0.03450 -0.23136
   0.07373  0.03377 -0.23643
   0.06927  0.03305 -0.23797
   0.06509  0.03235 -0.25005
   0.06115  0.03165 -0.25464
   0.05745  0.03095 -0.26171
   0.05396  0.03023 -0.26558
   0.05068  0.02952 -0.26080
   0.04758  0.02879 -0.25247
   0.04465  0.02805 -0.24167
   0.04187  0.02732 -0.22976
   0.03925  0.02659 -0.21518
   0.03676  0.02587 -0.20607
   0.03441  0.02515 -0.19124
   0.03218  0.02442 -0.16377
   0.03006  0.02371 -0.13577
   0.02804  0.02301 -0.11270
   0.02612  0.02234 -0.10471
   0.02429  0.02168 -0.10320
   0.02256  0.02105 -0.09973
   0.02092  0.02042 -0.09812
   0.01936  0.01979 -0.09064
   0.01788  0.01916 -0.07548
   0.01648  0.01853 -0.05396
   0.01513  0.01790 -0.02815
   0.01385  0.01728 -0.00519
   0.01262  0.01665  0.01929
   0.01145  0.01603  0.03440
   0.01032  0.01542  0.05469
   0.00925  0.01480  0.07979
   0.00822  0.01418  0.09564
   0.00724  0.01356  0.12295
   0.00631  0.01293  0.14119
   0.00542  0.01229  0.16381
   0.00458  0.01164  0.19518
   0.00379  0.01098  0.21674
   0.00305  0.01029  0.24979
   0.00239  0.00956  0.29448
   0.00182  0.00878  0.43572
   0.00133  0.00797  0.50213
   0.00094  0.00712  0.64350
   0.00065  0.00624  0.75738
   0.00044  0.00536  0.84769
   0.00028  0.00447  0.90703
   0.00016  0.00358  0.95045
   0.00008  0.00270  0.97650
   0.00003  0.00182  0.99277
   0.00000  0.00095  0.99964
  -0.00000  0.00009  0.99825
   0.00003 -0.00076  0.99031
   0.00006 -0.00163  0.97273
   0.00015 -0.00249  0.95663
   0.00023 -0.00336  0.92476
   0.00032 -0.00424  0.88555
   0.00047 -0.00512  0.84443
   0.00063 -0.00601  0.79048
   0.00082 -0.00691  0.72791
   0.00104 -0.00781  0.65619
   0.00129 -0.00871  0.56563
   0.00157 -0.00961  0.46431
   0.00190 -0.01051  0.34838
   0.00227 -0.01140  0.19692
   0.00270 -0.01228  0.06886
   0.00318 -0.01315 -0.13881
   0.00373 -0.01400 -0.36815
   0.00438 -0.01479 -0.44124
   0.00511 -0.01554 -0.50965
   0.00590 -0.01626 -0.53696
   0.00676 -0.01694 -0.55716
   0.00768 -0.01760 -0.56956
   0.00865 -0.01823 -0.57449
   0.00967 -0.01885 -0.58080
   0.01075 -0.01945 -0.56617
   0.01188 -0.02004 -0.57142
   0.01307 -0.02061 -0.55879
   0.01432 -0.02118 -0.55294
   0.01563 -0.02174 -0.54447
   0.01700 -0.02229 -0.52728
   0.01845 -0.02284 -0.51819
   0.01996 -0.02339 -0.50835
   0.02156 -0.02394 -0.49679
   0.02324 -0.02449 -0.48383
   0.02502 -0.02504 -0.47318
   0.02690 -0.02561 -0.46450
   0.02888 -0.02618 -0.45379
   0.03099 -0.02676 -0.44540
   0.03324 -0.02735 -0.43898
   0.03563 -0.02795 -0.42955
   0.03818 -0.02857 -0.42141
   0.04090 -0.02920 -0.41240
   0.04382 -0.02985 -0.40384
   0.04694 -0.03052 -0.39656
   0.05029 -0.03121 -0.39407
   0.05388 -0.03192 -0.38780
   0.05772 -0.03265 -0.38523
   0.06181 -0.03340 -0.38080
   0.06618 -0.03416 -0.37698
   0.07081 -0.03493 -0.37385
   0.07572 -0.03571 -0.37047
   0.08090 -0.03650 -0.36748
   0.08636 -0.03729 -0.36493
   0.09206 -0.03808 -0.36153
   0.09799 -0.03886 -0.35830
   0.10414 -0.03963 -0.35802
   0.11047 -0.04039 -0.35590
   0.11696 -0.04113 -0.35554
   0.12360 -0.04184 -0.35457
   0.13035 -0.04253 -0.35332
   0.13721 -0.04318 -0.35149
   0.14417 -0.04381 -0.34920
   0.15121 -0.04440 -0.34623
   0.15834 -0.04497 -0.34360
   0.16553 -0.04550 -0.34081
   0.17278 -0.04600 -0.33782
   0.18008 -0.04648 -0.33475
   0.18742 -0.04692 -0.33328
   0.19479 -0.04734 -0.33052
   0.20219 -0.04773 -0.32848
   0.20962 -0.04809 -0.32474
   0.21707 -0.04842 -0.32292
   0.22456 -0.04873 -0.31902
   0.23208 -0.04901 -0.31553
   0.23964 -0.04926 -0.31190
   0.24721 -0.04950 -0.30997
   0.25481 -0.04971 -0.30733
   0.26241 -0.04990 -0.30469
   0.27004 -0.05006 -0.30176
   0.27768 -0.05021 -0.29944
   0.28534 -0.05033 -0.29626
   0.29302 -0.05043 -0.29400
   0.30071 -0.05052 -0.29175
   0.30841 -0.05058 -0.28982
   0.31611 -0.05063 -0.28818
   0.32382 -0.05066 -0.28603
   0.33154 -0.05066 -0.28366
   0.33927 -0.05065 -0.28271
   0.34699 -0.05062 -0.28014
   0.35472 -0.05057 -0.27885
   0.36246 -0.05051 -0.27722
   0.37019 -0.05042 -0.27572
   0.37793 -0.05031 -0.27330
   0.38566 -0.05019 -0.27247
   0.39339 -0.05004 -0.27054
   0.40111 -0.04988 -0.26902
   0.40883 -0.04970 -0.26735
   0.41655 -0.04951 -0.26649
   0.42426 -0.04929 -0.26507
   0.43196 -0.04905 -0.26410
   0.43965 -0.04880 -0.26259
   0.44733 -0.04852 -0.26154
   0.45499 -0.04823 -0.26039
   0.46265 -0.04791 -0.25868
   0.47029 -0.04757 -0.25780
   0.47793 -0.04721 -0.25595
   0.48555 -0.04683 -0.25434
   0.49315 -0.04642 -0.25271
   0.50075 -0.04600 -0.25116
   0.50833 -0.04555 -0.24858
   0.51589 -0.04507 -0.24699
   0.52345 -0.04458 -0.24418
   0.53099 -0.04405 -0.24227
   0.53851 -0.04351 -0.23918
   0.54603 -0.04293 -0.23674
   0.55353 -0.04234 -0.23408
   0.56101 -0.04171 -0.22993
   0.56848 -0.04106 -0.22701
   0.57593 -0.04038 -0.22299
   0.58337 -0.03967 -0.21910
   0.59078 -0.03894 -0.21509
   0.59818 -0.03818 -0.21019
   0.60556 -0.03738 -0.20560
   0.61292 -0.03656 -0.20041
   0.62026 -0.03571 -0.19447
   0.62759 -0.03483 -0.18856
   0.63490 -0.03391 -0.18101
   0.64220 -0.03296 -0.17501
   0.64948 -0.03198 -0.16687
   0.65674 -0.03097 -0.15887
   0.66400 -0.02992 -0.14962
   0.67125 -0.02883 -0.14011
   0.67849 -0.02772 -0.13044
   0.68572 -0.02656 -0.11923
   0.69295 -0.02537 -0.10847
   0.70018 -0.02415 -0.09547
   0.70741 -0.02288 -0.08320
   0.71464 -0.02159 -0.06985
   0.72188 -0.02025 -0.05492
   0.72912 -0.01888 -0.04089
   0.73638 -0.01747 -0.02398
   0.74365 -0.01602 -0.00832
   0.75094 -0.01453  0.01029
   0.75826 -0.01301  0.02822
   0.76560 -0.01146  0.04785
   0.77297 -0.00987  0.06746
   0.78039 -0.00825  0.08898
   0.78785 -0.00659  0.11009
   0.79535 -0.00492  0.13322
   0.80287 -0.00323  0.15605
   0.81037 -0.00154  0.17834
   0.81778  0.00013  0.20351
   0.82509  0.00176  0.22663
   0.83227  0.00334  0.24812
   0.83932  0.00486  0.26883
   0.84624  0.00632  0.28924
   0.85304  0.00771  0.30762
   0.85972  0.00903  0.32653
   0.86628  0.01027  0.34271
   0.87271  0.01143  0.35875
   0.87902  0.01251  0.37376
   0.88521  0.01350  0.38647
   0.89129  0.01440  0.39925
   0.89727  0.01522  0.40902
   0.90316  0.01595  0.41952
   0.90895  0.01659  0.42835
   0.91464  0.01715  0.43572
   0.92020  0.01763  0.44409
   0.92564  0.01802  0.44990
   0.93097  0.01831  0.45448
   0.93623  0.01853  0.45758
   0.94141  0.01867  0.45711
   0.94645  0.01876  0.46733
   0.95125  0.01879  0.47898
   0.95581  0.01873  0.49161
   0.96019  0.01854  0.49570
   0.96446  0.01821  0.48065
   0.96872  0.01776  0.45446
   0.97300  0.01724  0.42592
   0.97726  0.01672  0.41559
   0.98142  0.01621  0.42820
   0.98545  0.01563  0.43250
   0.98942  0.01489  0.38732
   0.99340  0.01406  0.32686
   0.99738  0.01325  0.29816
   1.00000  0.01271  0.25223
