GRUMMAN K-2 AIRFOIL                             
 Alfa =  -1.30500 Re =        0.000 Xflap,Yflap =     0.000000    0.000000
#    x        y        Cp  
   1.00000  0.01371  0.25422
   0.99740  0.01444  0.09925
   0.99329  0.01549  0.06151
   0.98889  0.01657  0.04620
   0.98423  0.01772  0.00587
   0.97929  0.01890 -0.02908
   0.97409  0.02011 -0.05503
   0.96867  0.02135 -0.08539
   0.96305  0.02259 -0.11190
   0.95727  0.02381 -0.13354
   0.95131  0.02502 -0.15444
   0.94520  0.02620 -0.16950
   0.93893  0.02735 -0.18255
   0.93253  0.02848 -0.19376
   0.92600  0.02957 -0.20093
   0.91932  0.03065 -0.20696
   0.91254  0.03170 -0.21391
   0.90568  0.03272 -0.22251
   0.89876  0.03372 -0.22994
   0.89181  0.03467 -0.23801
   0.88484  0.03559 -0.24397
   0.87782  0.03647 -0.24660
   0.87073  0.03731 -0.24771
   0.86355  0.03812 -0.24881
   0.85628  0.03891 -0.24758
   0.84891  0.03968 -0.24668
   0.84146  0.04044 -0.24664
   0.83396  0.04117 -0.24655
   0.82645  0.04190 -0.25226
   0.81896  0.04260 -0.25716
   0.81149  0.04327 -0.26072
   0.80402  0.04391 -0.26324
   0.79655  0.04452 -0.26565
   0.78909  0.04510 -0.26785
   0.78162  0.04565 -0.26854
   0.77414  0.04617 -0.26807
   0.76665  0.04666 -0.26843
   0.75914  0.04713 -0.26721
   0.75161  0.04756 -0.26538
   0.74405  0.04798 -0.26366
   0.73646  0.04837 -0.26071
   0.72884  0.04874 -0.25828
   0.72118  0.04909 -0.25539
   0.71350  0.04943 -0.25206
   0.70580  0.04974 -0.25025
   0.69806  0.05004 -0.24725
   0.69030  0.05033 -0.24516
   0.68252  0.05060 -0.24308
   0.67473  0.05086 -0.24126
   0.66693  0.05111 -0.23907
   0.65911  0.05135 -0.23782
   0.65129  0.05157 -0.23630
   0.64347  0.05178 -0.23426
   0.63563  0.05197 -0.23314
   0.62779  0.05216 -0.23161
   0.61994  0.05233 -0.22953
   0.61208  0.05249 -0.22902
   0.60421  0.05264 -0.22648
   0.59633  0.05278 -0.22563
   0.58846  0.05291 -0.22441
   0.58058  0.05303 -0.22376
   0.57270  0.05314 -0.22252
   0.56482  0.05324 -0.22161
   0.55693  0.05333 -0.22051
   0.54904  0.05340 -0.21984
   0.54115  0.05347 -0.21839
   0.53326  0.05353 -0.21804
   0.52537  0.05358 -0.21667
   0.51748  0.05361 -0.21573
   0.50958  0.05364 -0.21543
   0.50169  0.05366 -0.21380
   0.49380  0.05367 -0.21414
   0.48590  0.05367 -0.21245
   0.47801  0.05366 -0.21279
   0.47012  0.05363 -0.21175
   0.46224  0.05360 -0.21097
   0.45437  0.05356 -0.21033
   0.44650  0.05351 -0.20977
   0.43864  0.05345 -0.20865
   0.43079  0.05338 -0.20838
   0.42295  0.05330 -0.20805
   0.41514  0.05321 -0.20765
   0.40737  0.05312 -0.20825
   0.39966  0.05301 -0.20759
   0.39202  0.05289 -0.20878
   0.38445  0.05276 -0.20580
   0.37694  0.05262 -0.20314
   0.36954  0.05249 -0.20211
   0.36229  0.05236 -0.20919
   0.35524  0.05223 -0.21996
   0.34842  0.05207 -0.22911
   0.34179  0.05185 -0.22030
   0.33530  0.05159 -0.19338
   0.32892  0.05132 -0.16671
   0.32258  0.05111 -0.15297
   0.31625  0.05098 -0.16923
   0.30988  0.05089 -0.19843
   0.30343  0.05078 -0.22559
   0.29682  0.05061 -0.22783
   0.29002  0.05037 -0.21536
   0.28299  0.05009 -0.20350
   0.27579  0.04982 -0.20214
   0.26847  0.04954 -0.20611
   0.26108  0.04924 -0.20796
   0.25361  0.04892 -0.20675
   0.24607  0.04858 -0.20670
   0.23850  0.04823 -0.20759
   0.23092  0.04786 -0.20791
   0.22333  0.04747 -0.20860
   0.21574  0.04707 -0.20900
   0.20817  0.04664 -0.21066
   0.20063  0.04620 -0.21102
   0.19311  0.04574 -0.21168
   0.18563  0.04526 -0.21465
   0.17820  0.04475 -0.21422
   0.17081  0.04423 -0.21532
   0.16349  0.04368 -0.21752
   0.15624  0.04311 -0.21738
   0.14907  0.04251 -0.21960
   0.14200  0.04189 -0.22003
   0.13503  0.04125 -0.22080
   0.12818  0.04059 -0.22133
   0.12147  0.03990 -0.22136
   0.11493  0.03919 -0.22112
   0.10856  0.03847 -0.22092
   0.10240  0.03773 -0.22020
   0.09647  0.03699 -0.22087
   0.09078  0.03624 -0.22227
   0.08537  0.03550 -0.22061
   0.08024  0.03476 -0.22549
   0.07540  0.03403 -0.22687
   0.07085  0.03331 -0.23024
   0.06658  0.03261 -0.24239
   0.06257  0.03190 -0.24273
   0.05879  0.03120 -0.25332
   0.05523  0.03050 -0.25701
   0.05189  0.02978 -0.25468
   0.04873  0.02906 -0.24813
   0.04574  0.02833 -0.23684
   0.04291  0.02760 -0.22714
   0.04024  0.02687 -0.21193
   0.03771  0.02615 -0.19949
   0.03531  0.02543 -0.19109
   0.03305  0.02471 -0.16614
   0.03089  0.02399 -0.13596
   0.02884  0.02329 -0.11211
   0.02688  0.02260 -0.09617
   0.02502  0.02195 -0.09369
   0.02326  0.02131 -0.09129
   0.02159  0.02067 -0.08935
   0.02000  0.02005 -0.08273
   0.01849  0.01942 -0.07144
   0.01706  0.01880 -0.05292
   0.01569  0.01817 -0.02615
   0.01439  0.01754 -0.00351
   0.01314  0.01692  0.02016
   0.01194  0.01630  0.04100
   0.01080  0.01568  0.06067
   0.00971  0.01507  0.07935
   0.00867  0.01445  0.10469
   0.00767  0.01383  0.12245
   0.00672  0.01321  0.14697
   0.00581  0.01258  0.16747
   0.00495  0.01194  0.19828
   0.00414  0.01128  0.22202
   0.00338  0.01061  0.25027
   0.00268  0.00990  0.28411
   0.00207  0.00914  0.39124
   0.00154  0.00835  0.47879
   0.00111  0.00752  0.59315
   0.00078  0.00665  0.71847
   0.00053  0.00577  0.81812
   0.00035  0.00489  0.88916
   0.00022  0.00400  0.93627
   0.00012  0.00312  0.96965
   0.00005  0.00224  0.98850
   0.00001  0.00137  0.99818
  -0.00000  0.00051  0.99953
   0.00001 -0.00034  0.99359
   0.00004 -0.00120  0.98027
   0.00010 -0.00206  0.95909
   0.00020 -0.00292  0.94255
   0.00027 -0.00380  0.89554
   0.00039 -0.00468  0.86143
   0.00054 -0.00556  0.81130
   0.00072 -0.00645  0.75059
   0.00092 -0.00735  0.68361
   0.00115 -0.00824  0.60511
   0.00142 -0.00914  0.50546
   0.00173 -0.01004  0.39515
   0.00207 -0.01094  0.26981
   0.00247 -0.01182  0.09289
   0.00292 -0.01269  0.01178
   0.00342 -0.01356 -0.33811
   0.00402 -0.01437 -0.39982
   0.00470 -0.01514 -0.50867
   0.00546 -0.01587 -0.54317
   0.00629 -0.01657 -0.57187
   0.00717 -0.01724 -0.58228
   0.00811 -0.01789 -0.59701
   0.00910 -0.01851 -0.59443
   0.01015 -0.01912 -0.58950
   0.01125 -0.01971 -0.58860
   0.01240 -0.02029 -0.58018
   0.01361 -0.02086 -0.57332
   0.01488 -0.02142 -0.56495
   0.01621 -0.02198 -0.54938
   0.01761 -0.02253 -0.54067
   0.01908 -0.02307 -0.52412
   0.02063 -0.02362 -0.51837
   0.02226 -0.02417 -0.50477
   0.02397 -0.02472 -0.48894
   0.02579 -0.02528 -0.48096
   0.02770 -0.02584 -0.46992
   0.02973 -0.02641 -0.46153
   0.03189 -0.02700 -0.45322
   0.03419 -0.02759 -0.44626
   0.03663 -0.02820 -0.43499
   0.03924 -0.02882 -0.42792
   0.04203 -0.02945 -0.41662
   0.04502 -0.03011 -0.40949
   0.04822 -0.03078 -0.40322
   0.05165 -0.03148 -0.39945
   0.05533 -0.03220 -0.39459
   0.05925 -0.03293 -0.39111
   0.06344 -0.03368 -0.38595
   0.06789 -0.03445 -0.38352
   0.07262 -0.03522 -0.37836
   0.07761 -0.03600 -0.37655
   0.08288 -0.03679 -0.37286
   0.08842 -0.03758 -0.36928
   0.09419 -0.03836 -0.36594
   0.10019 -0.03914 -0.36362
   0.10638 -0.03991 -0.36249
   0.11276 -0.04065 -0.36129
   0.11929 -0.04138 -0.36028
   0.12594 -0.04208 -0.35870
   0.13272 -0.04276 -0.35742
   0.13959 -0.04340 -0.35577
   0.14656 -0.04401 -0.35247
   0.15362 -0.04460 -0.35054
   0.16075 -0.04515 -0.34644
   0.16794 -0.04567 -0.34398
   0.17519 -0.04616 -0.34043
   0.18248 -0.04663 -0.33825
   0.18981 -0.04706 -0.33589
   0.19717 -0.04747 -0.33432
   0.20456 -0.04785 -0.32997
   0.21197 -0.04820 -0.32894
   0.21942 -0.04852 -0.32465
   0.22690 -0.04882 -0.32191
   0.23441 -0.04909 -0.31702
   0.24195 -0.04934 -0.31475
   0.24951 -0.04956 -0.31257
   0.25708 -0.04977 -0.30916
   0.26468 -0.04995 -0.30773
   0.27229 -0.05011 -0.30334
   0.27991 -0.05024 -0.30177
   0.28756 -0.05036 -0.29823
   0.29522 -0.05046 -0.29617
   0.30289 -0.05054 -0.29419
   0.31057 -0.05060 -0.29197
   0.31825 -0.05064 -0.28967
   0.32595 -0.05066 -0.28797
   0.33364 -0.05066 -0.28636
   0.34135 -0.05065 -0.28445
   0.34906 -0.05061 -0.28265
   0.35677 -0.05056 -0.28075
   0.36448 -0.05048 -0.27902
   0.37219 -0.05039 -0.27741
   0.37990 -0.05028 -0.27530
   0.38761 -0.05015 -0.27392
   0.39532 -0.05001 -0.27251
   0.40302 -0.04984 -0.27109
   0.41072 -0.04966 -0.26896
   0.41842 -0.04945 -0.26829
   0.42610 -0.04923 -0.26687
   0.43378 -0.04899 -0.26609
   0.44144 -0.04873 -0.26392
   0.44910 -0.04845 -0.26331
   0.45674 -0.04815 -0.26174
   0.46437 -0.04783 -0.26098
   0.47199 -0.04749 -0.25924
   0.47960 -0.04713 -0.25734
   0.48720 -0.04674 -0.25599
   0.49478 -0.04634 -0.25424
   0.50235 -0.04590 -0.25181
   0.50991 -0.04545 -0.25054
   0.51745 -0.04497 -0.24789
   0.52498 -0.04447 -0.24542
   0.53250 -0.04395 -0.24328
   0.54000 -0.04340 -0.24067
   0.54749 -0.04282 -0.23780
   0.55497 -0.04222 -0.23463
   0.56243 -0.04159 -0.23095
   0.56987 -0.04093 -0.22759
   0.57730 -0.04025 -0.22387
   0.58471 -0.03954 -0.21970
   0.59210 -0.03881 -0.21548
   0.59948 -0.03804 -0.21102
   0.60683 -0.03724 -0.20640
   0.61417 -0.03642 -0.20013
   0.62149 -0.03556 -0.19538
   0.62879 -0.03468 -0.18809
   0.63608 -0.03376 -0.18237
   0.64335 -0.03281 -0.17421
   0.65061 -0.03183 -0.16708
   0.65786 -0.03081 -0.15849
   0.66510 -0.02976 -0.14956
   0.67232 -0.02867 -0.13976
   0.67954 -0.02755 -0.12962
   0.68676 -0.02640 -0.11905
   0.69397 -0.02520 -0.10781
   0.70117 -0.02398 -0.09502
   0.70838 -0.02271 -0.08228
   0.71559 -0.02141 -0.06875
   0.72281 -0.02007 -0.05436
   0.73004 -0.01870 -0.03959
   0.73728 -0.01729 -0.02345
   0.74453 -0.01584 -0.00585
   0.75180 -0.01436  0.01049
   0.75910 -0.01284  0.03051
   0.76642 -0.01128  0.04863
   0.77378 -0.00969  0.07045
   0.78118 -0.00807  0.08931
   0.78863 -0.00642  0.11281
   0.79611 -0.00475  0.13370
   0.80361 -0.00306  0.15813
   0.81108 -0.00138  0.18107
   0.81847  0.00029  0.20408
   0.82574  0.00191  0.22787
   0.83289  0.00348  0.24990
   0.83991  0.00499  0.27045
   0.84680  0.00644  0.29016
   0.85358  0.00782  0.30959
   0.86023  0.00913  0.32591
   0.86676  0.01036  0.34451
   0.87316  0.01151  0.35865
   0.87944  0.01258  0.37512
   0.88561  0.01356  0.38695
   0.89167  0.01445  0.39919
   0.89763  0.01526  0.41000
   0.90349  0.01599  0.41955
   0.90927  0.01663  0.42738
   0.91493  0.01718  0.43704
   0.92047  0.01765  0.44291
   0.92588  0.01803  0.45119
   0.93120  0.01832  0.45479
   0.93644  0.01853  0.45563
   0.94160  0.01868  0.45856
   0.94662  0.01876  0.46550
   0.95140  0.01879  0.48091
   0.95595  0.01872  0.49057
   0.96030  0.01853  0.49567
   0.96456  0.01820  0.48077
   0.96881  0.01775  0.45318
   0.97308  0.01723  0.42610
   0.97733  0.01672  0.41391
   0.98147  0.01621  0.42711
   0.98549  0.01562  0.43406
   0.98945  0.01488  0.38881
   0.99342  0.01406  0.32412
   0.99738  0.01325  0.29884
   1.00000  0.01271  0.25422
