GRUMMAN K-2 AIRFOIL                             
 Alfa =  -1.31540 Re =        0.000 Xflap,Yflap =     0.000000    0.000000
#    x        y        Cp  
   1.00000  0.01371  0.25219
   0.99739  0.01444  0.09674
   0.99327  0.01550  0.06274
   0.98886  0.01658  0.04438
   0.98418  0.01773  0.00270
   0.97923  0.01891 -0.02682
   0.97401  0.02013 -0.05685
   0.96856  0.02137 -0.08468
   0.96293  0.02261 -0.11250
   0.95713  0.02384 -0.13553
   0.95115  0.02505 -0.15424
   0.94501  0.02623 -0.16944
   0.93873  0.02739 -0.18302
   0.93231  0.02852 -0.19399
   0.92575  0.02962 -0.20133
   0.91905  0.03069 -0.20702
   0.91224  0.03174 -0.21423
   0.90536  0.03277 -0.22286
   0.89842  0.03376 -0.23031
   0.89145  0.03472 -0.23812
   0.88446  0.03564 -0.24346
   0.87741  0.03652 -0.24751
   0.87030  0.03736 -0.24800
   0.86310  0.03817 -0.24793
   0.85580  0.03897 -0.24751
   0.84840  0.03974 -0.24668
   0.84093  0.04049 -0.24678
   0.83341  0.04123 -0.24720
   0.82588  0.04195 -0.25177
   0.81837  0.04265 -0.25772
   0.81087  0.04332 -0.26028
   0.80338  0.04396 -0.26353
   0.79590  0.04457 -0.26602
   0.78841  0.04515 -0.26703
   0.78092  0.04570 -0.26857
   0.77342  0.04622 -0.26825
   0.76591  0.04671 -0.26826
   0.75838  0.04717 -0.26705
   0.75082  0.04761 -0.26577
   0.74324  0.04802 -0.26187
   0.73562  0.04841 -0.26054
   0.72798  0.04878 -0.25719
   0.72030  0.04913 -0.25499
   0.71260  0.04946 -0.25215
   0.70486  0.04978 -0.24954
   0.69710  0.05008 -0.24679
   0.68932  0.05037 -0.24456
   0.68152  0.05064 -0.24222
   0.67370  0.05090 -0.24125
   0.66588  0.05114 -0.23844
   0.65804  0.05138 -0.23731
   0.65020  0.05160 -0.23551
   0.64235  0.05180 -0.23385
   0.63449  0.05200 -0.23296
   0.62662  0.05218 -0.23068
   0.61875  0.05235 -0.22951
   0.61086  0.05251 -0.22788
   0.60297  0.05266 -0.22604
   0.59508  0.05280 -0.22536
   0.58718  0.05293 -0.22443
   0.57928  0.05305 -0.22303
   0.57138  0.05316 -0.22188
   0.56347  0.05325 -0.22097
   0.55556  0.05334 -0.22039
   0.54765  0.05342 -0.21903
   0.53974  0.05348 -0.21791
   0.53183  0.05354 -0.21702
   0.52391  0.05358 -0.21669
   0.51600  0.05362 -0.21514
   0.50808  0.05365 -0.21490
   0.50017  0.05366 -0.21384
   0.49225  0.05367 -0.21272
   0.48434  0.05366 -0.21263
   0.47642  0.05365 -0.21171
   0.46852  0.05363 -0.21120
   0.46062  0.05360 -0.21009
   0.45272  0.05355 -0.21058
   0.44483  0.05350 -0.20884
   0.43695  0.05344 -0.20839
   0.42908  0.05336 -0.20750
   0.42122  0.05328 -0.20760
   0.41340  0.05319 -0.20681
   0.40562  0.05309 -0.20785
   0.39791  0.05299 -0.20752
   0.39026  0.05286 -0.20778
   0.38268  0.05273 -0.20529
   0.37518  0.05259 -0.20174
   0.36779  0.05245 -0.20269
   0.36056  0.05233 -0.21056
   0.35355  0.05219 -0.22218
   0.34675  0.05202 -0.22892
   0.34015  0.05179 -0.21401
   0.33367  0.05152 -0.18574
   0.32729  0.05126 -0.16042
   0.32094  0.05107 -0.15335
   0.31459  0.05095 -0.17631
   0.30818  0.05086 -0.20655
   0.30168  0.05074 -0.22808
   0.29501  0.05055 -0.22418
   0.28812  0.05029 -0.21073
   0.28102  0.05002 -0.20132
   0.27376  0.04974 -0.20318
   0.26640  0.04946 -0.20596
   0.25896  0.04915 -0.20681
   0.25145  0.04883 -0.20653
   0.24388  0.04848 -0.20616
   0.23629  0.04812 -0.20677
   0.22868  0.04775 -0.20735
   0.22107  0.04735 -0.20833
   0.21346  0.04694 -0.20865
   0.20588  0.04651 -0.20973
   0.19832  0.04606 -0.21042
   0.19079  0.04559 -0.21176
   0.18331  0.04510 -0.21370
   0.17587  0.04459 -0.21322
   0.16848  0.04405 -0.21596
   0.16116  0.04350 -0.21618
   0.15392  0.04292 -0.21698
   0.14676  0.04231 -0.21953
   0.13969  0.04168 -0.21840
   0.13274  0.04103 -0.22038
   0.12592  0.04036 -0.21991
   0.11925  0.03966 -0.22042
   0.11274  0.03895 -0.21980
   0.10643  0.03821 -0.21943
   0.10032  0.03747 -0.21986
   0.09446  0.03673 -0.21911
   0.08886  0.03598 -0.22090
   0.08353  0.03523 -0.22119
   0.07849  0.03450 -0.22383
   0.07373  0.03377 -0.22861
   0.06927  0.03305 -0.22988
   0.06509  0.03235 -0.24161
   0.06115  0.03165 -0.24589
   0.05745  0.03095 -0.25261
   0.05396  0.03023 -0.25615
   0.05068  0.02952 -0.25109
   0.04758  0.02879 -0.24250
   0.04465  0.02805 -0.23146
   0.04187  0.02732 -0.21931
   0.03925  0.02659 -0.20449
   0.03676  0.02587 -0.19510
   0.03441  0.02515 -0.18004
   0.03218  0.02442 -0.15245
   0.03006  0.02371 -0.12433
   0.02804  0.02301 -0.10110
   0.02612  0.02234 -0.09279
   0.02429  0.02168 -0.09088
   0.02256  0.02105 -0.08699
   0.02092  0.02042 -0.08494
   0.01936  0.01979 -0.07705
   0.01788  0.01916 -0.06154
   0.01648  0.01853 -0.03977
   0.01513  0.01790 -0.01373
   0.01385  0.01728  0.00949
   0.01262  0.01665  0.03427
   0.01145  0.01603  0.04979
   0.01032  0.01542  0.07048
   0.00925  0.01480  0.09595
   0.00822  0.01418  0.11232
   0.00724  0.01356  0.14008
   0.00631  0.01293  0.15896
   0.00542  0.01229  0.18223
   0.00458  0.01164  0.21420
   0.00379  0.01098  0.23671
   0.00305  0.01029  0.27063
   0.00239  0.00956  0.31608
   0.00182  0.00878  0.45509
   0.00133  0.00797  0.52152
   0.00094  0.00712  0.65957
   0.00065  0.00624  0.77026
   0.00044  0.00536  0.85750
   0.00028  0.00447  0.91443
   0.00016  0.00358  0.95569
   0.00008  0.00270  0.97999
   0.00003  0.00182  0.99462
   0.00000  0.00095  0.99994
  -0.00000  0.00009  0.99716
   0.00003 -0.00076  0.98800
   0.00006 -0.00163  0.96874
   0.00015 -0.00249  0.95206
   0.00023 -0.00336  0.91852
   0.00032 -0.00424  0.87775
   0.00047 -0.00512  0.83557
   0.00063 -0.00601  0.78011
   0.00082 -0.00691  0.71608
   0.00104 -0.00781  0.64285
   0.00129 -0.00871  0.55055
   0.00157 -0.00961  0.44737
   0.00190 -0.01051  0.32959
   0.00227 -0.01140  0.17567
   0.00270 -0.01228  0.04614
   0.00318 -0.01315 -0.16460
   0.00373 -0.01400 -0.39692
   0.00438 -0.01479 -0.46950
   0.00511 -0.01554 -0.53745
   0.00590 -0.01626 -0.56368
   0.00676 -0.01694 -0.58279
   0.00768 -0.01760 -0.59411
   0.00865 -0.01823 -0.59802
   0.00967 -0.01885 -0.60331
   0.01075 -0.01945 -0.58764
   0.01188 -0.02004 -0.59203
   0.01307 -0.02061 -0.57851
   0.01432 -0.02118 -0.57185
   0.01563 -0.02174 -0.56259
   0.01700 -0.02229 -0.54461
   0.01845 -0.02284 -0.53483
   0.01996 -0.02339 -0.52435
   0.02156 -0.02394 -0.51216
   0.02324 -0.02449 -0.49859
   0.02502 -0.02504 -0.48737
   0.02690 -0.02561 -0.47818
   0.02888 -0.02618 -0.46695
   0.03099 -0.02676 -0.45810
   0.03324 -0.02735 -0.45123
   0.03563 -0.02795 -0.44135
   0.03818 -0.02857 -0.43279
   0.04090 -0.02920 -0.42335
   0.04382 -0.02985 -0.41439
   0.04694 -0.03052 -0.40673
   0.05029 -0.03121 -0.40390
   0.05388 -0.03192 -0.39728
   0.05772 -0.03265 -0.39439
   0.06181 -0.03340 -0.38963
   0.06618 -0.03416 -0.38550
   0.07081 -0.03493 -0.38207
   0.07572 -0.03571 -0.37841
   0.08090 -0.03650 -0.37514
   0.08636 -0.03729 -0.37233
   0.09206 -0.03808 -0.36868
   0.09799 -0.03886 -0.36520
   0.10414 -0.03963 -0.36470
   0.11047 -0.04039 -0.36237
   0.11696 -0.04113 -0.36181
   0.12360 -0.04184 -0.36065
   0.13035 -0.04253 -0.35923
   0.13721 -0.04318 -0.35722
   0.14417 -0.04381 -0.35477
   0.15121 -0.04440 -0.35164
   0.15834 -0.04497 -0.34886
   0.16553 -0.04550 -0.34592
   0.17278 -0.04600 -0.34279
   0.18008 -0.04648 -0.33960
   0.18742 -0.04692 -0.33801
   0.19479 -0.04734 -0.33513
   0.20219 -0.04773 -0.33298
   0.20962 -0.04809 -0.32913
   0.21707 -0.04842 -0.32721
   0.22456 -0.04873 -0.32320
   0.23208 -0.04901 -0.31962
   0.23964 -0.04926 -0.31589
   0.24721 -0.04950 -0.31388
   0.25481 -0.04971 -0.31115
   0.26241 -0.04990 -0.30843
   0.27004 -0.05006 -0.30541
   0.27768 -0.05021 -0.30302
   0.28534 -0.05033 -0.29977
   0.29302 -0.05043 -0.29744
   0.30071 -0.05052 -0.29512
   0.30841 -0.05058 -0.29313
   0.31611 -0.05063 -0.29142
   0.32382 -0.05066 -0.28920
   0.33154 -0.05066 -0.28678
   0.33927 -0.05065 -0.28577
   0.34699 -0.05062 -0.28315
   0.35472 -0.05057 -0.28180
   0.36246 -0.05051 -0.28011
   0.37019 -0.05042 -0.27856
   0.37793 -0.05031 -0.27609
   0.38566 -0.05019 -0.27521
   0.39339 -0.05004 -0.27324
   0.40111 -0.04988 -0.27167
   0.40883 -0.04970 -0.26995
   0.41655 -0.04951 -0.26904
   0.42426 -0.04929 -0.26758
   0.43196 -0.04905 -0.26656
   0.43965 -0.04880 -0.26502
   0.44733 -0.04852 -0.26394
   0.45499 -0.04823 -0.26273
   0.46265 -0.04791 -0.26099
   0.47029 -0.04757 -0.26006
   0.47793 -0.04721 -0.25818
   0.48555 -0.04683 -0.25654
   0.49315 -0.04642 -0.25486
   0.50075 -0.04600 -0.25327
   0.50833 -0.04555 -0.25066
   0.51589 -0.04507 -0.24903
   0.52345 -0.04458 -0.24619
   0.53099 -0.04405 -0.24424
   0.53851 -0.04351 -0.24112
   0.54603 -0.04293 -0.23864
   0.55353 -0.04234 -0.23595
   0.56101 -0.04171 -0.23177
   0.56848 -0.04106 -0.22881
   0.57593 -0.04038 -0.22476
   0.58337 -0.03967 -0.22082
   0.59078 -0.03894 -0.21678
   0.59818 -0.03818 -0.21185
   0.60556 -0.03738 -0.20722
   0.61292 -0.03656 -0.20200
   0.62026 -0.03571 -0.19603
   0.62759 -0.03483 -0.19009
   0.63490 -0.03391 -0.18249
   0.64220 -0.03296 -0.17647
   0.64948 -0.03198 -0.16829
   0.65674 -0.03097 -0.16026
   0.66400 -0.02992 -0.15096
   0.67125 -0.02883 -0.14143
   0.67849 -0.02772 -0.13172
   0.68572 -0.02656 -0.12047
   0.69295 -0.02537 -0.10969
   0.70018 -0.02415 -0.09665
   0.70741 -0.02288 -0.08433
   0.71464 -0.02159 -0.07095
   0.72188 -0.02025 -0.05598
   0.72912 -0.01888 -0.04192
   0.73638 -0.01747 -0.02497
   0.74365 -0.01602 -0.00929
   0.75094 -0.01453  0.00937
   0.75826 -0.01301  0.02734
   0.76560 -0.01146  0.04701
   0.77297 -0.00987  0.06665
   0.78039 -0.00825  0.08822
   0.78785 -0.00659  0.10935
   0.79535 -0.00492  0.13253
   0.80287 -0.00323  0.15538
   0.81037 -0.00154  0.17771
   0.81778  0.00013  0.20290
   0.82509  0.00176  0.22606
   0.83227  0.00334  0.24759
   0.83932  0.00486  0.26833
   0.84624  0.00632  0.28875
   0.85304  0.00771  0.30717
   0.85972  0.00903  0.32610
   0.86628  0.01027  0.34230
   0.87271  0.01143  0.35837
   0.87902  0.01251  0.37339
   0.88521  0.01350  0.38612
   0.89129  0.01440  0.39892
   0.89727  0.01522  0.40871
   0.90316  0.01595  0.41921
   0.90895  0.01659  0.42807
   0.91464  0.01715  0.43544
   0.92020  0.01763  0.44384
   0.92564  0.01802  0.44964
   0.93097  0.01831  0.45424
   0.93623  0.01853  0.45736
   0.94141  0.01867  0.45687
   0.94645  0.01876  0.46712
   0.95125  0.01879  0.47880
   0.95581  0.01873  0.49142
   0.96019  0.01854  0.49553
   0.96446  0.01821  0.48049
   0.96872  0.01776  0.45429
   0.97300  0.01724  0.42574
   0.97726  0.01672  0.41544
   0.98142  0.01621  0.42804
   0.98545  0.01563  0.43240
   0.98942  0.01489  0.38720
   0.99340  0.01406  0.32674
   0.99738  0.01325  0.29808
   1.00000  0.01271  0.25219
