GRUMMAN K-2 AIRFOIL                             
 Alfa =  -1.29400 Re =        0.000 Xflap,Yflap =     0.000000    0.000000
#    x        y        Cp  
   1.00000  0.01371  0.25220
   0.99739  0.01444  0.09671
   0.99327  0.01550  0.06270
   0.98886  0.01658  0.04430
   0.98418  0.01773  0.00261
   0.97923  0.01891 -0.02692
   0.97401  0.02013 -0.05696
   0.96856  0.02137 -0.08482
   0.96293  0.02261 -0.11264
   0.95713  0.02384 -0.13570
   0.95115  0.02505 -0.15442
   0.94501  0.02623 -0.16963
   0.93873  0.02739 -0.18323
   0.93231  0.02852 -0.19422
   0.92575  0.02962 -0.20157
   0.91905  0.03069 -0.20727
   0.91224  0.03174 -0.21450
   0.90536  0.03277 -0.22314
   0.89842  0.03376 -0.23061
   0.89145  0.03472 -0.23843
   0.88446  0.03564 -0.24379
   0.87741  0.03652 -0.24784
   0.87030  0.03736 -0.24834
   0.86310  0.03817 -0.24829
   0.85580  0.03897 -0.24788
   0.84840  0.03974 -0.24707
   0.84093  0.04049 -0.24717
   0.83341  0.04123 -0.24761
   0.82588  0.04195 -0.25219
   0.81837  0.04265 -0.25814
   0.81087  0.04332 -0.26073
   0.80338  0.04396 -0.26399
   0.79590  0.04457 -0.26649
   0.78841  0.04515 -0.26750
   0.78092  0.04570 -0.26906
   0.77342  0.04622 -0.26875
   0.76591  0.04671 -0.26877
   0.75838  0.04717 -0.26758
   0.75082  0.04761 -0.26630
   0.74324  0.04802 -0.26242
   0.73562  0.04841 -0.26110
   0.72798  0.04878 -0.25776
   0.72030  0.04913 -0.25556
   0.71260  0.04946 -0.25274
   0.70486  0.04978 -0.25014
   0.69710  0.05008 -0.24740
   0.68932  0.05037 -0.24518
   0.68152  0.05064 -0.24285
   0.67370  0.05090 -0.24188
   0.66588  0.05114 -0.23909
   0.65804  0.05138 -0.23797
   0.65020  0.05160 -0.23617
   0.64235  0.05180 -0.23453
   0.63449  0.05200 -0.23365
   0.62662  0.05218 -0.23138
   0.61875  0.05235 -0.23022
   0.61086  0.05251 -0.22860
   0.60297  0.05266 -0.22678
   0.59508  0.05280 -0.22610
   0.58718  0.05293 -0.22519
   0.57928  0.05305 -0.22380
   0.57138  0.05316 -0.22267
   0.56347  0.05325 -0.22177
   0.55556  0.05334 -0.22120
   0.54765  0.05342 -0.21985
   0.53974  0.05348 -0.21874
   0.53183  0.05354 -0.21786
   0.52391  0.05358 -0.21755
   0.51600  0.05362 -0.21601
   0.50808  0.05365 -0.21579
   0.50017  0.05366 -0.21474
   0.49225  0.05367 -0.21363
   0.48434  0.05366 -0.21355
   0.47642  0.05365 -0.21265
   0.46852  0.05363 -0.21215
   0.46062  0.05360 -0.21106
   0.45272  0.05355 -0.21157
   0.44483  0.05350 -0.20984
   0.43695  0.05344 -0.20940
   0.42908  0.05336 -0.20853
   0.42122  0.05328 -0.20865
   0.41340  0.05319 -0.20787
   0.40562  0.05309 -0.20893
   0.39791  0.05299 -0.20862
   0.39026  0.05286 -0.20889
   0.38268  0.05273 -0.20642
   0.37518  0.05259 -0.20289
   0.36779  0.05245 -0.20386
   0.36056  0.05233 -0.21175
   0.35355  0.05219 -0.22340
   0.34675  0.05202 -0.23016
   0.34015  0.05179 -0.21526
   0.33367  0.05152 -0.18698
   0.32729  0.05126 -0.16164
   0.32094  0.05107 -0.15459
   0.31459  0.05095 -0.17759
   0.30818  0.05086 -0.20788
   0.30168  0.05074 -0.22946
   0.29501  0.05055 -0.22557
   0.28812  0.05029 -0.21213
   0.28102  0.05002 -0.20274
   0.27376  0.04974 -0.20462
   0.26640  0.04946 -0.20743
   0.25896  0.04915 -0.20831
   0.25145  0.04883 -0.20806
   0.24388  0.04848 -0.20773
   0.23629  0.04812 -0.20837
   0.22868  0.04775 -0.20898
   0.22107  0.04735 -0.21000
   0.21346  0.04694 -0.21035
   0.20588  0.04651 -0.21147
   0.19832  0.04606 -0.21221
   0.19079  0.04559 -0.21359
   0.18331  0.04510 -0.21558
   0.17587  0.04459 -0.21515
   0.16848  0.04405 -0.21795
   0.16116  0.04350 -0.21821
   0.15392  0.04292 -0.21907
   0.14676  0.04231 -0.22168
   0.13969  0.04168 -0.22062
   0.13274  0.04103 -0.22266
   0.12592  0.04036 -0.22227
   0.11925  0.03966 -0.22284
   0.11274  0.03895 -0.22230
   0.10643  0.03821 -0.22201
   0.10032  0.03747 -0.22253
   0.09446  0.03673 -0.22187
   0.08886  0.03598 -0.22376
   0.08353  0.03523 -0.22414
   0.07849  0.03450 -0.22689
   0.07373  0.03377 -0.23178
   0.06927  0.03305 -0.23316
   0.06509  0.03235 -0.24504
   0.06115  0.03165 -0.24944
   0.05745  0.03095 -0.25630
   0.05396  0.03023 -0.25998
   0.05068  0.02952 -0.25503
   0.04758  0.02879 -0.24654
   0.04465  0.02805 -0.23560
   0.04187  0.02732 -0.22355
   0.03925  0.02659 -0.20883
   0.03676  0.02587 -0.19955
   0.03441  0.02515 -0.18458
   0.03218  0.02442 -0.15704
   0.03006  0.02371 -0.12897
   0.02804  0.02301 -0.10580
   0.02612  0.02234 -0.09762
   0.02429  0.02168 -0.09587
   0.02256  0.02105 -0.09216
   0.02092  0.02042 -0.09028
   0.01936  0.01979 -0.08256
   0.01788  0.01916 -0.06719
   0.01648  0.01853 -0.04552
   0.01513  0.01790 -0.01958
   0.01385  0.01728  0.00354
   0.01262  0.01665  0.02820
   0.01145  0.01603  0.04355
   0.01032  0.01542  0.06408
   0.00925  0.01480  0.08941
   0.00822  0.01418  0.10556
   0.00724  0.01356  0.13314
   0.00631  0.01293  0.15177
   0.00542  0.01229  0.17477
   0.00458  0.01164  0.20650
   0.00379  0.01098  0.22863
   0.00305  0.01029  0.26220
   0.00239  0.00956  0.30735
   0.00182  0.00878  0.44726
   0.00133  0.00797  0.51369
   0.00094  0.00712  0.65309
   0.00065  0.00624  0.76507
   0.00044  0.00536  0.85356
   0.00028  0.00447  0.91147
   0.00016  0.00358  0.95359
   0.00008  0.00270  0.97861
   0.00003  0.00182  0.99390
   0.00000  0.00095  0.99985
  -0.00000  0.00009  0.99764
   0.00003 -0.00076  0.98897
   0.00006 -0.00163  0.97039
   0.00015 -0.00249  0.95394
   0.00023 -0.00336  0.92109
   0.00032 -0.00424  0.88095
   0.00047 -0.00512  0.83920
   0.00063 -0.00601  0.78435
   0.00082 -0.00691  0.72091
   0.00104 -0.00781  0.64830
   0.00129 -0.00871  0.55670
   0.00157 -0.00961  0.45428
   0.00190 -0.01051  0.33725
   0.00227 -0.01140  0.18433
   0.00270 -0.01228  0.05540
   0.00318 -0.01315 -0.15409
   0.00373 -0.01400 -0.38520
   0.00438 -0.01479 -0.45799
   0.00511 -0.01554 -0.52613
   0.00590 -0.01626 -0.55280
   0.00676 -0.01694 -0.57236
   0.00768 -0.01760 -0.58412
   0.00865 -0.01823 -0.58845
   0.00967 -0.01885 -0.59415
   0.01075 -0.01945 -0.57890
   0.01188 -0.02004 -0.58365
   0.01307 -0.02061 -0.57049
   0.01432 -0.02118 -0.56416
   0.01563 -0.02174 -0.55522
   0.01700 -0.02229 -0.53756
   0.01845 -0.02284 -0.52806
   0.01996 -0.02339 -0.51784
   0.02156 -0.02394 -0.50591
   0.02324 -0.02449 -0.49259
   0.02502 -0.02504 -0.48160
   0.02690 -0.02561 -0.47262
   0.02888 -0.02618 -0.46160
   0.03099 -0.02676 -0.45293
   0.03324 -0.02735 -0.44625
   0.03563 -0.02795 -0.43656
   0.03818 -0.02857 -0.42816
   0.04090 -0.02920 -0.41890
   0.04382 -0.02985 -0.41010
   0.04694 -0.03052 -0.40260
   0.05029 -0.03121 -0.39990
   0.05388 -0.03192 -0.39343
   0.05772 -0.03265 -0.39067
   0.06181 -0.03340 -0.38604
   0.06618 -0.03416 -0.38203
   0.07081 -0.03493 -0.37873
   0.07572 -0.03571 -0.37518
   0.08090 -0.03650 -0.37202
   0.08636 -0.03729 -0.36932
   0.09206 -0.03808 -0.36577
   0.09799 -0.03886 -0.36240
   0.10414 -0.03963 -0.36198
   0.11047 -0.04039 -0.35975
   0.11696 -0.04113 -0.35926
   0.12360 -0.04184 -0.35818
   0.13035 -0.04253 -0.35683
   0.13721 -0.04318 -0.35489
   0.14417 -0.04381 -0.35251
   0.15121 -0.04440 -0.34945
   0.15834 -0.04497 -0.34672
   0.16553 -0.04550 -0.34384
   0.17278 -0.04600 -0.34077
   0.18008 -0.04648 -0.33763
   0.18742 -0.04692 -0.33609
   0.19479 -0.04734 -0.33326
   0.20219 -0.04773 -0.33115
   0.20962 -0.04809 -0.32734
   0.21707 -0.04842 -0.32547
   0.22456 -0.04873 -0.32150
   0.23208 -0.04901 -0.31796
   0.23964 -0.04926 -0.31427
   0.24721 -0.04950 -0.31229
   0.25481 -0.04971 -0.30960
   0.26241 -0.04990 -0.30691
   0.27004 -0.05006 -0.30393
   0.27768 -0.05021 -0.30156
   0.28534 -0.05033 -0.29834
   0.29302 -0.05043 -0.29604
   0.30071 -0.05052 -0.29375
   0.30841 -0.05058 -0.29178
   0.31611 -0.05063 -0.29010
   0.32382 -0.05066 -0.28791
   0.33154 -0.05066 -0.28551
   0.33927 -0.05065 -0.28452
   0.34699 -0.05062 -0.28193
   0.35472 -0.05057 -0.28060
   0.36246 -0.05051 -0.27894
   0.37019 -0.05042 -0.27740
   0.37793 -0.05031 -0.27496
   0.38566 -0.05019 -0.27410
   0.39339 -0.05004 -0.27214
   0.40111 -0.04988 -0.27059
   0.40883 -0.04970 -0.26890
   0.41655 -0.04951 -0.26801
   0.42426 -0.04929 -0.26656
   0.43196 -0.04905 -0.26556
   0.43965 -0.04880 -0.26404
   0.44733 -0.04852 -0.26296
   0.45499 -0.04823 -0.26178
   0.46265 -0.04791 -0.26005
   0.47029 -0.04757 -0.25915
   0.47793 -0.04721 -0.25728
   0.48555 -0.04683 -0.25564
   0.49315 -0.04642 -0.25399
   0.50075 -0.04600 -0.25241
   0.50833 -0.04555 -0.24982
   0.51589 -0.04507 -0.24820
   0.52345 -0.04458 -0.24538
   0.53099 -0.04405 -0.24344
   0.53851 -0.04351 -0.24033
   0.54603 -0.04293 -0.23787
   0.55353 -0.04234 -0.23519
   0.56101 -0.04171 -0.23102
   0.56848 -0.04106 -0.22808
   0.57593 -0.04038 -0.22404
   0.58337 -0.03967 -0.22012
   0.59078 -0.03894 -0.21610
   0.59818 -0.03818 -0.21118
   0.60556 -0.03738 -0.20657
   0.61292 -0.03656 -0.20135
   0.62026 -0.03571 -0.19540
   0.62759 -0.03483 -0.18947
   0.63490 -0.03391 -0.18189
   0.64220 -0.03296 -0.17588
   0.64948 -0.03198 -0.16772
   0.65674 -0.03097 -0.15969
   0.66400 -0.02992 -0.15041
   0.67125 -0.02883 -0.14089
   0.67849 -0.02772 -0.13120
   0.68572 -0.02656 -0.11996
   0.69295 -0.02537 -0.10919
   0.70018 -0.02415 -0.09617
   0.70741 -0.02288 -0.08387
   0.71464 -0.02159 -0.07050
   0.72188 -0.02025 -0.05554
   0.72912 -0.01888 -0.04151
   0.73638 -0.01747 -0.02457
   0.74365 -0.01602 -0.00890
   0.75094 -0.01453  0.00974
   0.75826 -0.01301  0.02770
   0.76560 -0.01146  0.04735
   0.77297 -0.00987  0.06698
   0.78039 -0.00825  0.08853
   0.78785 -0.00659  0.10965
   0.79535 -0.00492  0.13281
   0.80287 -0.00323  0.15566
   0.81037 -0.00154  0.17796
   0.81778  0.00013  0.20315
   0.82509  0.00176  0.22629
   0.83227  0.00334  0.24781
   0.83932  0.00486  0.26854
   0.84624  0.00632  0.28895
   0.85304  0.00771  0.30736
   0.85972  0.00903  0.32627
   0.86628  0.01027  0.34246
   0.87271  0.01143  0.35852
   0.87902  0.01251  0.37354
   0.88521  0.01350  0.38626
   0.89129  0.01440  0.39905
   0.89727  0.01522  0.40884
   0.90316  0.01595  0.41934
   0.90895  0.01659  0.42818
   0.91464  0.01715  0.43556
   0.92020  0.01763  0.44394
   0.92564  0.01802  0.44974
   0.93097  0.01831  0.45434
   0.93623  0.01853  0.45745
   0.94141  0.01867  0.45697
   0.94645  0.01876  0.46721
   0.95125  0.01879  0.47887
   0.95581  0.01873  0.49150
   0.96019  0.01854  0.49560
   0.96446  0.01821  0.48055
   0.96872  0.01776  0.45435
   0.97300  0.01724  0.42581
   0.97726  0.01672  0.41550
   0.98142  0.01621  0.42811
   0.98545  0.01563  0.43244
   0.98942  0.01489  0.38725
   0.99340  0.01406  0.32679
   0.99738  0.01325  0.29811
   1.00000  0.01271  0.25220
