GRUMMAN K-2 AIRFOIL                             
 Alfa =  -1.29710 Re =        0.000 Xflap,Yflap =     0.000000    0.000000
#    x        y        Cp  
   1.00000  0.01371  0.25422
   0.99740  0.01444  0.09924
   0.99329  0.01549  0.06150
   0.98889  0.01657  0.04617
   0.98423  0.01772  0.00584
   0.97929  0.01890 -0.02911
   0.97409  0.02011 -0.05507
   0.96867  0.02135 -0.08544
   0.96305  0.02259 -0.11196
   0.95727  0.02381 -0.13360
   0.95131  0.02502 -0.15450
   0.94520  0.02620 -0.16958
   0.93893  0.02735 -0.18263
   0.93253  0.02848 -0.19384
   0.92600  0.02957 -0.20102
   0.91932  0.03065 -0.20706
   0.91254  0.03170 -0.21401
   0.90568  0.03272 -0.22261
   0.89876  0.03372 -0.23005
   0.89181  0.03467 -0.23813
   0.88484  0.03559 -0.24409
   0.87782  0.03647 -0.24673
   0.87073  0.03731 -0.24784
   0.86355  0.03812 -0.24895
   0.85628  0.03891 -0.24771
   0.84891  0.03968 -0.24682
   0.84146  0.04044 -0.24678
   0.83396  0.04117 -0.24670
   0.82645  0.04190 -0.25242
   0.81896  0.04260 -0.25732
   0.81149  0.04327 -0.26088
   0.80402  0.04391 -0.26340
   0.79655  0.04452 -0.26582
   0.78909  0.04510 -0.26802
   0.78162  0.04565 -0.26872
   0.77414  0.04617 -0.26826
   0.76665  0.04666 -0.26862
   0.75914  0.04713 -0.26740
   0.75161  0.04756 -0.26558
   0.74405  0.04798 -0.26386
   0.73646  0.04837 -0.26091
   0.72884  0.04874 -0.25849
   0.72118  0.04909 -0.25560
   0.71350  0.04943 -0.25228
   0.70580  0.04974 -0.25047
   0.69806  0.05004 -0.24747
   0.69030  0.05033 -0.24538
   0.68252  0.05060 -0.24331
   0.67473  0.05086 -0.24150
   0.66693  0.05111 -0.23931
   0.65911  0.05135 -0.23806
   0.65129  0.05157 -0.23655
   0.64347  0.05178 -0.23451
   0.63563  0.05197 -0.23339
   0.62779  0.05216 -0.23187
   0.61994  0.05233 -0.22979
   0.61208  0.05249 -0.22928
   0.60421  0.05264 -0.22675
   0.59633  0.05278 -0.22591
   0.58846  0.05291 -0.22469
   0.58058  0.05303 -0.22405
   0.57270  0.05314 -0.22281
   0.56482  0.05324 -0.22190
   0.55693  0.05333 -0.22081
   0.54904  0.05340 -0.22014
   0.54115  0.05347 -0.21870
   0.53326  0.05353 -0.21835
   0.52537  0.05358 -0.21698
   0.51748  0.05361 -0.21605
   0.50958  0.05364 -0.21575
   0.50169  0.05366 -0.21413
   0.49380  0.05367 -0.21447
   0.48590  0.05367 -0.21279
   0.47801  0.05366 -0.21313
   0.47012  0.05363 -0.21210
   0.46224  0.05360 -0.21133
   0.45437  0.05356 -0.21069
   0.44650  0.05351 -0.21014
   0.43864  0.05345 -0.20902
   0.43079  0.05338 -0.20876
   0.42295  0.05330 -0.20843
   0.41514  0.05321 -0.20804
   0.40737  0.05312 -0.20865
   0.39966  0.05301 -0.20799
   0.39202  0.05289 -0.20919
   0.38445  0.05276 -0.20622
   0.37694  0.05262 -0.20356
   0.36954  0.05249 -0.20254
   0.36229  0.05236 -0.20962
   0.35524  0.05223 -0.22040
   0.34842  0.05207 -0.22956
   0.34179  0.05185 -0.22076
   0.33530  0.05159 -0.19384
   0.32892  0.05132 -0.16716
   0.32258  0.05111 -0.15343
   0.31625  0.05098 -0.16969
   0.30988  0.05089 -0.19892
   0.30343  0.05078 -0.22610
   0.29682  0.05061 -0.22834
   0.29002  0.05037 -0.21588
   0.28299  0.05009 -0.20402
   0.27579  0.04982 -0.20267
   0.26847  0.04954 -0.20665
   0.26108  0.04924 -0.20851
   0.25361  0.04892 -0.20731
   0.24607  0.04858 -0.20727
   0.23850  0.04823 -0.20818
   0.23092  0.04786 -0.20851
   0.22333  0.04747 -0.20921
   0.21574  0.04707 -0.20962
   0.20817  0.04664 -0.21131
   0.20063  0.04620 -0.21168
   0.19311  0.04574 -0.21235
   0.18563  0.04526 -0.21534
   0.17820  0.04475 -0.21492
   0.17081  0.04423 -0.21604
   0.16349  0.04368 -0.21826
   0.15624  0.04311 -0.21815
   0.14907  0.04251 -0.22039
   0.14200  0.04189 -0.22084
   0.13503  0.04125 -0.22164
   0.12818  0.04059 -0.22220
   0.12147  0.03990 -0.22224
   0.11493  0.03919 -0.22204
   0.10856  0.03847 -0.22186
   0.10240  0.03773 -0.22118
   0.09647  0.03699 -0.22188
   0.09078  0.03624 -0.22331
   0.08537  0.03550 -0.22169
   0.08024  0.03476 -0.22660
   0.07540  0.03403 -0.22803
   0.07085  0.03331 -0.23144
   0.06658  0.03261 -0.24364
   0.06257  0.03190 -0.24402
   0.05879  0.03120 -0.25466
   0.05523  0.03050 -0.25841
   0.05189  0.02978 -0.25612
   0.04873  0.02906 -0.24960
   0.04574  0.02833 -0.23836
   0.04291  0.02760 -0.22870
   0.04024  0.02687 -0.21351
   0.03771  0.02615 -0.20111
   0.03531  0.02543 -0.19276
   0.03305  0.02471 -0.16783
   0.03089  0.02399 -0.13766
   0.02884  0.02329 -0.11383
   0.02688  0.02260 -0.09793
   0.02502  0.02195 -0.09551
   0.02326  0.02131 -0.09317
   0.02159  0.02067 -0.09130
   0.02000  0.02005 -0.08474
   0.01849  0.01942 -0.07351
   0.01706  0.01880 -0.05503
   0.01569  0.01817 -0.02829
   0.01439  0.01754 -0.00569
   0.01314  0.01692  0.01793
   0.01194  0.01630  0.03873
   0.01080  0.01568  0.05834
   0.00971  0.01507  0.07696
   0.00867  0.01445  0.10224
   0.00767  0.01383  0.11992
   0.00672  0.01321  0.14436
   0.00581  0.01258  0.16476
   0.00495  0.01194  0.19549
   0.00414  0.01128  0.21911
   0.00338  0.01061  0.24721
   0.00268  0.00990  0.28090
   0.00207  0.00914  0.38820
   0.00154  0.00835  0.47586
   0.00111  0.00752  0.59051
   0.00078  0.00665  0.71633
   0.00053  0.00577  0.81645
   0.00035  0.00489  0.88790
   0.00022  0.00400  0.93534
   0.00012  0.00312  0.96902
   0.00005  0.00224  0.98812
   0.00001  0.00137  0.99803
  -0.00000  0.00051  0.99960
   0.00001 -0.00034  0.99386
   0.00004 -0.00120  0.98074
   0.00010 -0.00206  0.95978
   0.00020 -0.00292  0.94330
   0.00027 -0.00380  0.89665
   0.00039 -0.00468  0.86266
   0.00054 -0.00556  0.81275
   0.00072 -0.00645  0.75227
   0.00092 -0.00735  0.68550
   0.00115 -0.00824  0.60723
   0.00142 -0.00914  0.50786
   0.00173 -0.01004  0.39783
   0.00207 -0.01094  0.27278
   0.00247 -0.01182  0.09629
   0.00292 -0.01269  0.01522
   0.00342 -0.01356 -0.33379
   0.00402 -0.01437 -0.39561
   0.00470 -0.01514 -0.50441
   0.00546 -0.01587 -0.53908
   0.00629 -0.01657 -0.56793
   0.00717 -0.01724 -0.57851
   0.00811 -0.01789 -0.59338
   0.00910 -0.01851 -0.59096
   0.01015 -0.01912 -0.58619
   0.01125 -0.01971 -0.58543
   0.01240 -0.02029 -0.57715
   0.01361 -0.02086 -0.57041
   0.01488 -0.02142 -0.56216
   0.01621 -0.02198 -0.54671
   0.01761 -0.02253 -0.53811
   0.01908 -0.02307 -0.52166
   0.02063 -0.02362 -0.51600
   0.02226 -0.02417 -0.50250
   0.02397 -0.02472 -0.48677
   0.02579 -0.02528 -0.47887
   0.02770 -0.02584 -0.46790
   0.02973 -0.02641 -0.45958
   0.03189 -0.02700 -0.45134
   0.03419 -0.02759 -0.44445
   0.03663 -0.02820 -0.43324
   0.03924 -0.02882 -0.42623
   0.04203 -0.02945 -0.41500
   0.04502 -0.03011 -0.40793
   0.04822 -0.03078 -0.40172
   0.05165 -0.03148 -0.39800
   0.05533 -0.03220 -0.39319
   0.05925 -0.03293 -0.38976
   0.06344 -0.03368 -0.38465
   0.06789 -0.03445 -0.38226
   0.07262 -0.03522 -0.37714
   0.07761 -0.03600 -0.37537
   0.08288 -0.03679 -0.37173
   0.08842 -0.03758 -0.36818
   0.09419 -0.03836 -0.36488
   0.10019 -0.03914 -0.36260
   0.10638 -0.03991 -0.36150
   0.11276 -0.04065 -0.36033
   0.11929 -0.04138 -0.35934
   0.12594 -0.04208 -0.35780
   0.13272 -0.04276 -0.35654
   0.13959 -0.04340 -0.35492
   0.14656 -0.04401 -0.35164
   0.15362 -0.04460 -0.34974
   0.16075 -0.04515 -0.34566
   0.16794 -0.04567 -0.34322
   0.17519 -0.04616 -0.33969
   0.18248 -0.04663 -0.33752
   0.18981 -0.04706 -0.33518
   0.19717 -0.04747 -0.33363
   0.20456 -0.04785 -0.32930
   0.21197 -0.04820 -0.32828
   0.21942 -0.04852 -0.32401
   0.22690 -0.04882 -0.32129
   0.23441 -0.04909 -0.31641
   0.24195 -0.04934 -0.31416
   0.24951 -0.04956 -0.31198
   0.25708 -0.04977 -0.30859
   0.26468 -0.04995 -0.30717
   0.27229 -0.05011 -0.30279
   0.27991 -0.05024 -0.30124
   0.28756 -0.05036 -0.29771
   0.29522 -0.05046 -0.29565
   0.30289 -0.05054 -0.29368
   0.31057 -0.05060 -0.29148
   0.31825 -0.05064 -0.28919
   0.32595 -0.05066 -0.28749
   0.33364 -0.05066 -0.28590
   0.34135 -0.05065 -0.28399
   0.34906 -0.05061 -0.28221
   0.35677 -0.05056 -0.28031
   0.36448 -0.05048 -0.27859
   0.37219 -0.05039 -0.27699
   0.37990 -0.05028 -0.27488
   0.38761 -0.05015 -0.27351
   0.39532 -0.05001 -0.27211
   0.40302 -0.04984 -0.27069
   0.41072 -0.04966 -0.26857
   0.41842 -0.04945 -0.26791
   0.42610 -0.04923 -0.26650
   0.43378 -0.04899 -0.26572
   0.44144 -0.04873 -0.26356
   0.44910 -0.04845 -0.26296
   0.45674 -0.04815 -0.26139
   0.46437 -0.04783 -0.26063
   0.47199 -0.04749 -0.25890
   0.47960 -0.04713 -0.25700
   0.48720 -0.04674 -0.25567
   0.49478 -0.04634 -0.25391
   0.50235 -0.04590 -0.25149
   0.50991 -0.04545 -0.25023
   0.51745 -0.04497 -0.24758
   0.52498 -0.04447 -0.24512
   0.53250 -0.04395 -0.24298
   0.54000 -0.04340 -0.24038
   0.54749 -0.04282 -0.23751
   0.55497 -0.04222 -0.23435
   0.56243 -0.04159 -0.23068
   0.56987 -0.04093 -0.22732
   0.57730 -0.04025 -0.22360
   0.58471 -0.03954 -0.21944
   0.59210 -0.03881 -0.21523
   0.59948 -0.03804 -0.21077
   0.60683 -0.03724 -0.20615
   0.61417 -0.03642 -0.19989
   0.62149 -0.03556 -0.19515
   0.62879 -0.03468 -0.18786
   0.63608 -0.03376 -0.18215
   0.64335 -0.03281 -0.17399
   0.65061 -0.03183 -0.16687
   0.65786 -0.03081 -0.15829
   0.66510 -0.02976 -0.14936
   0.67232 -0.02867 -0.13956
   0.67954 -0.02755 -0.12943
   0.68676 -0.02640 -0.11886
   0.69397 -0.02520 -0.10763
   0.70117 -0.02398 -0.09485
   0.70838 -0.02271 -0.08211
   0.71559 -0.02141 -0.06858
   0.72281 -0.02007 -0.05420
   0.73004 -0.01870 -0.03943
   0.73728 -0.01729 -0.02330
   0.74453 -0.01584 -0.00571
   0.75180 -0.01436  0.01063
   0.75910 -0.01284  0.03065
   0.76642 -0.01128  0.04875
   0.77378 -0.00969  0.07057
   0.78118 -0.00807  0.08943
   0.78863 -0.00642  0.11292
   0.79611 -0.00475  0.13380
   0.80361 -0.00306  0.15823
   0.81108 -0.00138  0.18117
   0.81847  0.00029  0.20417
   0.82574  0.00191  0.22796
   0.83289  0.00348  0.24998
   0.83991  0.00499  0.27053
   0.84680  0.00644  0.29023
   0.85358  0.00782  0.30966
   0.86023  0.00913  0.32597
   0.86676  0.01036  0.34457
   0.87316  0.01151  0.35871
   0.87944  0.01258  0.37517
   0.88561  0.01356  0.38701
   0.89167  0.01445  0.39924
   0.89763  0.01526  0.41005
   0.90349  0.01599  0.41960
   0.90927  0.01663  0.42742
   0.91493  0.01718  0.43708
   0.92047  0.01765  0.44295
   0.92588  0.01803  0.45122
   0.93120  0.01832  0.45482
   0.93644  0.01853  0.45567
   0.94160  0.01868  0.45859
   0.94662  0.01876  0.46553
   0.95140  0.01879  0.48094
   0.95595  0.01872  0.49060
   0.96030  0.01853  0.49570
   0.96456  0.01820  0.48079
   0.96881  0.01775  0.45321
   0.97308  0.01723  0.42612
   0.97733  0.01672  0.41393
   0.98147  0.01621  0.42713
   0.98549  0.01562  0.43408
   0.98945  0.01488  0.38883
   0.99342  0.01406  0.32414
   0.99738  0.01325  0.29886
   1.00000  0.01271  0.25422
