GRUMMAN K-2 AIRFOIL                             
 Alfa =  -1.08000 Re =        0.000 Xflap,Yflap =     0.000000    0.000000
#    x        y        Cp  
   1.00000  0.01371  0.25411
   0.99740  0.01444  0.09896
   0.99329  0.01549  0.06112
   0.98889  0.01657  0.04554
   0.98423  0.01772  0.00497
   0.97929  0.01890 -0.03010
   0.97409  0.02011 -0.05618
   0.96867  0.02135 -0.08678
   0.96305  0.02259 -0.11344
   0.95727  0.02381 -0.13522
   0.95131  0.02502 -0.15633
   0.94520  0.02620 -0.17156
   0.93893  0.02735 -0.18477
   0.93253  0.02848 -0.19614
   0.92600  0.02957 -0.20340
   0.91932  0.03065 -0.20966
   0.91254  0.03170 -0.21667
   0.90568  0.03272 -0.22550
   0.89876  0.03372 -0.23299
   0.89181  0.03467 -0.24127
   0.88484  0.03559 -0.24736
   0.87782  0.03647 -0.25009
   0.87073  0.03731 -0.25135
   0.86355  0.03812 -0.25260
   0.85628  0.03891 -0.25140
   0.84891  0.03968 -0.25072
   0.84146  0.04044 -0.25074
   0.83396  0.04117 -0.25081
   0.82645  0.04190 -0.25661
   0.81896  0.04260 -0.26168
   0.81149  0.04327 -0.26538
   0.80402  0.04391 -0.26798
   0.79655  0.04452 -0.27059
   0.78909  0.04510 -0.27279
   0.78162  0.04565 -0.27373
   0.77414  0.04617 -0.27333
   0.76665  0.04666 -0.27386
   0.75914  0.04713 -0.27270
   0.75161  0.04756 -0.27099
   0.74405  0.04798 -0.26932
   0.73646  0.04837 -0.26655
   0.72884  0.04874 -0.26419
   0.72118  0.04909 -0.26142
   0.71350  0.04943 -0.25822
   0.70580  0.04974 -0.25650
   0.69806  0.05004 -0.25354
   0.69030  0.05033 -0.25164
   0.68252  0.05060 -0.24961
   0.67473  0.05086 -0.24797
   0.66693  0.05111 -0.24584
   0.65911  0.05135 -0.24468
   0.65129  0.05157 -0.24334
   0.64347  0.05178 -0.24138
   0.63563  0.05197 -0.24037
   0.62779  0.05216 -0.23896
   0.61994  0.05233 -0.23702
   0.61208  0.05249 -0.23658
   0.60421  0.05264 -0.23418
   0.59633  0.05278 -0.23348
   0.58846  0.05291 -0.23236
   0.58058  0.05303 -0.23185
   0.57270  0.05314 -0.23071
   0.56482  0.05324 -0.22992
   0.55693  0.05333 -0.22895
   0.54904  0.05340 -0.22842
   0.54115  0.05347 -0.22711
   0.53326  0.05353 -0.22689
   0.52537  0.05358 -0.22564
   0.51748  0.05361 -0.22488
   0.50958  0.05364 -0.22469
   0.50169  0.05366 -0.22320
   0.49380  0.05367 -0.22369
   0.48590  0.05367 -0.22213
   0.47801  0.05366 -0.22264
   0.47012  0.05363 -0.22173
   0.46224  0.05360 -0.22113
   0.45437  0.05356 -0.22064
   0.44650  0.05351 -0.22024
   0.43864  0.05345 -0.21926
   0.43079  0.05338 -0.21919
   0.42295  0.05330 -0.21900
   0.41514  0.05321 -0.21878
   0.40737  0.05312 -0.21956
   0.39966  0.05301 -0.21912
   0.39202  0.05289 -0.22046
   0.38445  0.05276 -0.21768
   0.37694  0.05262 -0.21516
   0.36954  0.05249 -0.21430
   0.36229  0.05236 -0.22165
   0.35524  0.05223 -0.23274
   0.34842  0.05207 -0.24214
   0.34179  0.05185 -0.23347
   0.33530  0.05159 -0.20644
   0.32892  0.05132 -0.17964
   0.32258  0.05111 -0.16596
   0.31625  0.05098 -0.18257
   0.30988  0.05089 -0.21231
   0.30343  0.05078 -0.24002
   0.29682  0.05061 -0.24249
   0.29002  0.05037 -0.23012
   0.28299  0.05009 -0.21837
   0.27579  0.04982 -0.21726
   0.26847  0.04954 -0.22156
   0.26108  0.04924 -0.22371
   0.25361  0.04892 -0.22281
   0.24607  0.04858 -0.22308
   0.23850  0.04823 -0.22431
   0.23092  0.04786 -0.22501
   0.22333  0.04747 -0.22607
   0.21574  0.04707 -0.22686
   0.20817  0.04664 -0.22896
   0.20063  0.04620 -0.22975
   0.19311  0.04574 -0.23085
   0.18563  0.04526 -0.23435
   0.17820  0.04475 -0.23440
   0.17081  0.04423 -0.23604
   0.16349  0.04368 -0.23883
   0.15624  0.04311 -0.23927
   0.14907  0.04251 -0.24213
   0.14200  0.04189 -0.24322
   0.13503  0.04125 -0.24468
   0.12818  0.04059 -0.24595
   0.12147  0.03990 -0.24672
   0.11493  0.03919 -0.24729
   0.10856  0.03847 -0.24792
   0.10240  0.03773 -0.24808
   0.09647  0.03699 -0.24969
   0.09078  0.03624 -0.25208
   0.08537  0.03550 -0.25141
   0.08024  0.03476 -0.25743
   0.07540  0.03403 -0.25996
   0.07085  0.03331 -0.26452
   0.06658  0.03261 -0.27819
   0.06257  0.03190 -0.27973
   0.05879  0.03120 -0.29190
   0.05523  0.03050 -0.29700
   0.05189  0.02978 -0.29596
   0.04873  0.02906 -0.29057
   0.04574  0.02833 -0.28034
   0.04291  0.02760 -0.27177
   0.04024  0.02687 -0.25751
   0.03771  0.02615 -0.24615
   0.03531  0.02543 -0.23905
   0.03305  0.02471 -0.21472
   0.03089  0.02399 -0.18498
   0.02884  0.02329 -0.16174
   0.02688  0.02260 -0.14688
   0.02502  0.02195 -0.14609
   0.02326  0.02131 -0.14551
   0.02159  0.02067 -0.14547
   0.02000  0.02005 -0.14067
   0.01849  0.01942 -0.13107
   0.01706  0.01880 -0.11384
   0.01569  0.01817 -0.08803
   0.01439  0.01754 -0.06652
   0.01314  0.01692 -0.04413
   0.01194  0.01630 -0.02483
   0.01080  0.01568 -0.00692
   0.00971  0.01507  0.00989
   0.00867  0.01445  0.03343
   0.00767  0.01383  0.04885
   0.00672  0.01321  0.07095
   0.00581  0.01258  0.08855
   0.00495  0.01194  0.11670
   0.00414  0.01128  0.13685
   0.00338  0.01061  0.16071
   0.00268  0.00990  0.19012
   0.00207  0.00914  0.30175
   0.00154  0.00835  0.39204
   0.00111  0.00752  0.51463
   0.00078  0.00665  0.65421
   0.00053  0.00577  0.76770
   0.00035  0.00489  0.85057
   0.00022  0.00400  0.90718
   0.00012  0.00312  0.94924
   0.00005  0.00224  0.97524
   0.00001  0.00137  0.99154
  -0.00000  0.00051  0.99924
   0.00001 -0.00034  0.99899
   0.00004 -0.00120  0.99147
   0.00010 -0.00206  0.97649
   0.00020 -0.00292  0.96205
   0.00027 -0.00380  0.92491
   0.00039 -0.00468  0.89444
   0.00054 -0.00556  0.85039
   0.00072 -0.00645  0.79607
   0.00092 -0.00735  0.73527
   0.00115 -0.00824  0.66339
   0.00142 -0.00914  0.57156
   0.00173 -0.01004  0.46930
   0.00207 -0.01094  0.35207
   0.00247 -0.01182  0.18712
   0.00292 -0.01269  0.10738
   0.00342 -0.01356 -0.21768
   0.00402 -0.01437 -0.28259
   0.00470 -0.01514 -0.38974
   0.00546 -0.01587 -0.42872
   0.00629 -0.01657 -0.46140
   0.00717 -0.01724 -0.47664
   0.00811 -0.01789 -0.49536
   0.00910 -0.01851 -0.49728
   0.01015 -0.01912 -0.49670
   0.01125 -0.01971 -0.49958
   0.01240 -0.02029 -0.49489
   0.01361 -0.02086 -0.49151
   0.01488 -0.02142 -0.48649
   0.01621 -0.02198 -0.47430
   0.01761 -0.02253 -0.46857
   0.01908 -0.02307 -0.45497
   0.02063 -0.02362 -0.45177
   0.02226 -0.02417 -0.44078
   0.02397 -0.02472 -0.42752
   0.02579 -0.02528 -0.42180
   0.02770 -0.02584 -0.41292
   0.02973 -0.02641 -0.40656
   0.03189 -0.02700 -0.40019
   0.03419 -0.02759 -0.39510
   0.03663 -0.02820 -0.38570
   0.03924 -0.02882 -0.38039
   0.04203 -0.02945 -0.37087
   0.04502 -0.03011 -0.36537
   0.04822 -0.03078 -0.36065
   0.05165 -0.03148 -0.35832
   0.05533 -0.03220 -0.35489
   0.05925 -0.03293 -0.35277
   0.06344 -0.03368 -0.34897
   0.06789 -0.03445 -0.34780
   0.07262 -0.03522 -0.34389
   0.07761 -0.03600 -0.34324
   0.08288 -0.03679 -0.34071
   0.08842 -0.03758 -0.33822
   0.09419 -0.03836 -0.33594
   0.10019 -0.03914 -0.33461
   0.10638 -0.03991 -0.33440
   0.11276 -0.04065 -0.33405
   0.11929 -0.04138 -0.33386
   0.12594 -0.04208 -0.33308
   0.13272 -0.04276 -0.33254
   0.13959 -0.04340 -0.33161
   0.14656 -0.04401 -0.32899
   0.15362 -0.04460 -0.32773
   0.16075 -0.04515 -0.32426
   0.16794 -0.04567 -0.32240
   0.17519 -0.04616 -0.31942
   0.18248 -0.04663 -0.31777
   0.18981 -0.04706 -0.31591
   0.19717 -0.04747 -0.31485
   0.20456 -0.04785 -0.31096
   0.21197 -0.04820 -0.31036
   0.21942 -0.04852 -0.30653
   0.22690 -0.04882 -0.30421
   0.23441 -0.04909 -0.29973
   0.24195 -0.04934 -0.29786
   0.24951 -0.04956 -0.29602
   0.25708 -0.04977 -0.29299
   0.26468 -0.04995 -0.29188
   0.27229 -0.05011 -0.28784
   0.27991 -0.05024 -0.28659
   0.28756 -0.05036 -0.28335
   0.29522 -0.05046 -0.28159
   0.30289 -0.05054 -0.27990
   0.31057 -0.05060 -0.27796
   0.31825 -0.05064 -0.27591
   0.32595 -0.05066 -0.27449
   0.33364 -0.05066 -0.27312
   0.34135 -0.05065 -0.27146
   0.34906 -0.05061 -0.26990
   0.35677 -0.05056 -0.26823
   0.36448 -0.05048 -0.26675
   0.37219 -0.05039 -0.26531
   0.37990 -0.05028 -0.26346
   0.38761 -0.05015 -0.26225
   0.39532 -0.05001 -0.26108
   0.40302 -0.04984 -0.25984
   0.41072 -0.04966 -0.25790
   0.41842 -0.04945 -0.25743
   0.42610 -0.04923 -0.25620
   0.43378 -0.04899 -0.25559
   0.44144 -0.04873 -0.25359
   0.44910 -0.04845 -0.25318
   0.45674 -0.04815 -0.25176
   0.46437 -0.04783 -0.25117
   0.47199 -0.04749 -0.24959
   0.47960 -0.04713 -0.24785
   0.48720 -0.04674 -0.24667
   0.49478 -0.04634 -0.24506
   0.50235 -0.04590 -0.24280
   0.50991 -0.04545 -0.24172
   0.51745 -0.04497 -0.23916
   0.52498 -0.04447 -0.23689
   0.53250 -0.04395 -0.23488
   0.54000 -0.04340 -0.23243
   0.54749 -0.04282 -0.22970
   0.55497 -0.04222 -0.22668
   0.56243 -0.04159 -0.22317
   0.56987 -0.04093 -0.21993
   0.57730 -0.04025 -0.21635
   0.58471 -0.03954 -0.21236
   0.59210 -0.03881 -0.20826
   0.59948 -0.03804 -0.20396
   0.60683 -0.03724 -0.19946
   0.61417 -0.03642 -0.19334
   0.62149 -0.03556 -0.18875
   0.62879 -0.03468 -0.18161
   0.63608 -0.03376 -0.17603
   0.64335 -0.03281 -0.16800
   0.65061 -0.03183 -0.16104
   0.65786 -0.03081 -0.15259
   0.66510 -0.02976 -0.14380
   0.67232 -0.02867 -0.13417
   0.67954 -0.02755 -0.12420
   0.68676 -0.02640 -0.11372
   0.69397 -0.02520 -0.10266
   0.70117 -0.02398 -0.09002
   0.70838 -0.02271 -0.07744
   0.71559 -0.02141 -0.06407
   0.72281 -0.02007 -0.04981
   0.73004 -0.01870 -0.03517
   0.73728 -0.01729 -0.01922
   0.74453 -0.01584 -0.00182
   0.75180 -0.01436  0.01444
   0.75910 -0.01284  0.03430
   0.76642 -0.01128  0.05221
   0.77378 -0.00969  0.07389
   0.78118 -0.00807  0.09262
   0.78863 -0.00642  0.11597
   0.79611 -0.00475  0.13668
   0.80361 -0.00306  0.16096
   0.81108 -0.00138  0.18375
   0.81847  0.00029  0.20665
   0.82574  0.00191  0.23028
   0.83289  0.00348  0.25219
   0.83991  0.00499  0.27259
   0.84680  0.00644  0.29220
   0.85358  0.00782  0.31154
   0.86023  0.00913  0.32774
   0.86676  0.01036  0.34623
   0.87316  0.01151  0.36036
   0.87944  0.01258  0.37667
   0.88561  0.01356  0.38844
   0.89167  0.01445  0.40062
   0.89763  0.01526  0.41133
   0.90349  0.01599  0.42087
   0.90927  0.01663  0.42862
   0.91493  0.01718  0.43818
   0.92047  0.01765  0.44408
   0.92588  0.01803  0.45223
   0.93120  0.01832  0.45582
   0.93644  0.01853  0.45661
   0.94160  0.01868  0.45949
   0.94662  0.01876  0.46645
   0.95140  0.01879  0.48172
   0.95595  0.01872  0.49139
   0.96030  0.01853  0.49643
   0.96456  0.01820  0.48147
   0.96881  0.01775  0.45394
   0.97308  0.01723  0.42682
   0.97733  0.01672  0.41461
   0.98147  0.01621  0.42771
   0.98549  0.01562  0.43459
   0.98945  0.01488  0.38937
   0.99342  0.01406  0.32466
   0.99738  0.01325  0.29928
   1.00000  0.01271  0.25411
