GRUMMAN K-2 AIRFOIL                             
 Alfa =  -1.26490 Re =        0.000 Xflap,Yflap =     0.000000    0.000000
#    x        y        Cp  
   1.00000  0.01371  0.25420
   0.99740  0.01444  0.09919
   0.99329  0.01549  0.06144
   0.98889  0.01657  0.04608
   0.98423  0.01772  0.00571
   0.97929  0.01890 -0.02926
   0.97409  0.02011 -0.05524
   0.96867  0.02135 -0.08564
   0.96305  0.02259 -0.11218
   0.95727  0.02381 -0.13384
   0.95131  0.02502 -0.15478
   0.94520  0.02620 -0.16987
   0.93893  0.02735 -0.18295
   0.93253  0.02848 -0.19419
   0.92600  0.02957 -0.20137
   0.91932  0.03065 -0.20744
   0.91254  0.03170 -0.21440
   0.90568  0.03272 -0.22304
   0.89876  0.03372 -0.23049
   0.89181  0.03467 -0.23860
   0.88484  0.03559 -0.24457
   0.87782  0.03647 -0.24723
   0.87073  0.03731 -0.24836
   0.86355  0.03812 -0.24949
   0.85628  0.03891 -0.24826
   0.84891  0.03968 -0.24740
   0.84146  0.04044 -0.24737
   0.83396  0.04117 -0.24731
   0.82645  0.04190 -0.25304
   0.81896  0.04260 -0.25796
   0.81149  0.04327 -0.26155
   0.80402  0.04391 -0.26409
   0.79655  0.04452 -0.26653
   0.78909  0.04510 -0.26873
   0.78162  0.04565 -0.26947
   0.77414  0.04617 -0.26901
   0.76665  0.04666 -0.26940
   0.75914  0.04713 -0.26819
   0.75161  0.04756 -0.26638
   0.74405  0.04798 -0.26467
   0.73646  0.04837 -0.26175
   0.72884  0.04874 -0.25933
   0.72118  0.04909 -0.25647
   0.71350  0.04943 -0.25316
   0.70580  0.04974 -0.25137
   0.69806  0.05004 -0.24837
   0.69030  0.05033 -0.24631
   0.68252  0.05060 -0.24425
   0.67473  0.05086 -0.24246
   0.66693  0.05111 -0.24028
   0.65911  0.05135 -0.23904
   0.65129  0.05157 -0.23756
   0.64347  0.05178 -0.23553
   0.63563  0.05197 -0.23443
   0.62779  0.05216 -0.23292
   0.61994  0.05233 -0.23087
   0.61208  0.05249 -0.23037
   0.60421  0.05264 -0.22785
   0.59633  0.05278 -0.22703
   0.58846  0.05291 -0.22582
   0.58058  0.05303 -0.22521
   0.57270  0.05314 -0.22398
   0.56482  0.05324 -0.22309
   0.55693  0.05333 -0.22201
   0.54904  0.05340 -0.22137
   0.54115  0.05347 -0.21995
   0.53326  0.05353 -0.21961
   0.52537  0.05358 -0.21827
   0.51748  0.05361 -0.21736
   0.50958  0.05364 -0.21708
   0.50169  0.05366 -0.21547
   0.49380  0.05367 -0.21584
   0.48590  0.05367 -0.21418
   0.47801  0.05366 -0.21454
   0.47012  0.05363 -0.21353
   0.46224  0.05360 -0.21278
   0.45437  0.05356 -0.21217
   0.44650  0.05351 -0.21164
   0.43864  0.05345 -0.21054
   0.43079  0.05338 -0.21031
   0.42295  0.05330 -0.21000
   0.41514  0.05321 -0.20963
   0.40737  0.05312 -0.21026
   0.39966  0.05301 -0.20964
   0.39202  0.05289 -0.21086
   0.38445  0.05276 -0.20791
   0.37694  0.05262 -0.20528
   0.36954  0.05249 -0.20428
   0.36229  0.05236 -0.21140
   0.35524  0.05223 -0.22223
   0.34842  0.05207 -0.23143
   0.34179  0.05185 -0.22264
   0.33530  0.05159 -0.19571
   0.32892  0.05132 -0.16901
   0.32258  0.05111 -0.15529
   0.31625  0.05098 -0.17160
   0.30988  0.05089 -0.20090
   0.30343  0.05078 -0.22816
   0.29682  0.05061 -0.23044
   0.29002  0.05037 -0.21799
   0.28299  0.05009 -0.20615
   0.27579  0.04982 -0.20483
   0.26847  0.04954 -0.20886
   0.26108  0.04924 -0.21076
   0.25361  0.04892 -0.20960
   0.24607  0.04858 -0.20961
   0.23850  0.04823 -0.21057
   0.23092  0.04786 -0.21095
   0.22333  0.04747 -0.21171
   0.21574  0.04707 -0.21217
   0.20817  0.04664 -0.21392
   0.20063  0.04620 -0.21435
   0.19311  0.04574 -0.21509
   0.18563  0.04526 -0.21815
   0.17820  0.04475 -0.21781
   0.17081  0.04423 -0.21900
   0.16349  0.04368 -0.22131
   0.15624  0.04311 -0.22127
   0.14907  0.04251 -0.22360
   0.14200  0.04189 -0.22415
   0.13503  0.04125 -0.22505
   0.12818  0.04059 -0.22571
   0.12147  0.03990 -0.22586
   0.11493  0.03919 -0.22577
   0.10856  0.03847 -0.22571
   0.10240  0.03773 -0.22515
   0.09647  0.03699 -0.22599
   0.09078  0.03624 -0.22756
   0.08537  0.03550 -0.22608
   0.08024  0.03476 -0.23116
   0.07540  0.03403 -0.23274
   0.07085  0.03331 -0.23632
   0.06658  0.03261 -0.24873
   0.06257  0.03190 -0.24929
   0.05879  0.03120 -0.26015
   0.05523  0.03050 -0.26410
   0.05189  0.02978 -0.26199
   0.04873  0.02906 -0.25564
   0.04574  0.02833 -0.24454
   0.04291  0.02760 -0.23504
   0.04024  0.02687 -0.21999
   0.03771  0.02615 -0.20774
   0.03531  0.02543 -0.19957
   0.03305  0.02471 -0.17473
   0.03089  0.02399 -0.14462
   0.02884  0.02329 -0.12088
   0.02688  0.02260 -0.10512
   0.02502  0.02195 -0.10294
   0.02326  0.02131 -0.10086
   0.02159  0.02067 -0.09925
   0.02000  0.02005 -0.09295
   0.01849  0.01942 -0.08195
   0.01706  0.01880 -0.06365
   0.01569  0.01817 -0.03705
   0.01439  0.01754 -0.01460
   0.01314  0.01692  0.00885
   0.01194  0.01630  0.02943
   0.01080  0.01568  0.04879
   0.00971  0.01507  0.06716
   0.00867  0.01445  0.09219
   0.00767  0.01383  0.10955
   0.00672  0.01321  0.13366
   0.00581  0.01258  0.15366
   0.00495  0.01194  0.18403
   0.00414  0.01128  0.20716
   0.00338  0.01061  0.23468
   0.00268  0.00990  0.26778
   0.00207  0.00914  0.37574
   0.00154  0.00835  0.46382
   0.00111  0.00752  0.57966
   0.00078  0.00665  0.70750
   0.00053  0.00577  0.80958
   0.00035  0.00489  0.88270
   0.00022  0.00400  0.93148
   0.00012  0.00312  0.96639
   0.00005  0.00224  0.98651
   0.00001  0.00137  0.99735
  -0.00000  0.00051  0.99983
   0.00001 -0.00034  0.99490
   0.00004 -0.00120  0.98260
   0.00010 -0.00206  0.96254
   0.00020 -0.00292  0.94632
   0.00027 -0.00380  0.90113
   0.00039 -0.00468  0.86764
   0.00054 -0.00556  0.81860
   0.00072 -0.00645  0.75903
   0.00092 -0.00735  0.69315
   0.00115 -0.00824  0.61584
   0.00142 -0.00914  0.51759
   0.00173 -0.01004  0.40872
   0.00207 -0.01094  0.28483
   0.00247 -0.01182  0.11006
   0.00292 -0.01269  0.02917
   0.00342 -0.01356 -0.31624
   0.00402 -0.01437 -0.37855
   0.00470 -0.01514 -0.48712
   0.00546 -0.01587 -0.52245
   0.00629 -0.01657 -0.55189
   0.00717 -0.01724 -0.56319
   0.00811 -0.01789 -0.57865
   0.00910 -0.01851 -0.57689
   0.01015 -0.01912 -0.57276
   0.01125 -0.01971 -0.57255
   0.01240 -0.02029 -0.56481
   0.01361 -0.02086 -0.55859
   0.01488 -0.02142 -0.55082
   0.01621 -0.02198 -0.53586
   0.01761 -0.02253 -0.52769
   0.01908 -0.02307 -0.51168
   0.02063 -0.02362 -0.50639
   0.02226 -0.02417 -0.49327
   0.02397 -0.02472 -0.47791
   0.02579 -0.02528 -0.47033
   0.02770 -0.02584 -0.45968
   0.02973 -0.02641 -0.45166
   0.03189 -0.02700 -0.44370
   0.03419 -0.02759 -0.43708
   0.03663 -0.02820 -0.42614
   0.03924 -0.02882 -0.41939
   0.04203 -0.02945 -0.40841
   0.04502 -0.03011 -0.40157
   0.04822 -0.03078 -0.39559
   0.05165 -0.03148 -0.39208
   0.05533 -0.03220 -0.38747
   0.05925 -0.03293 -0.38424
   0.06344 -0.03368 -0.37933
   0.06789 -0.03445 -0.37712
   0.07262 -0.03522 -0.37218
   0.07761 -0.03600 -0.37059
   0.08288 -0.03679 -0.36711
   0.08842 -0.03758 -0.36372
   0.09419 -0.03836 -0.36057
   0.10019 -0.03914 -0.35843
   0.10638 -0.03991 -0.35747
   0.11276 -0.04065 -0.35642
   0.11929 -0.04138 -0.35555
   0.12594 -0.04208 -0.35412
   0.13272 -0.04276 -0.35297
   0.13959 -0.04340 -0.35145
   0.14656 -0.04401 -0.34827
   0.15362 -0.04460 -0.34647
   0.16075 -0.04515 -0.34247
   0.16794 -0.04567 -0.34013
   0.17519 -0.04616 -0.33668
   0.18248 -0.04663 -0.33459
   0.18981 -0.04706 -0.33232
   0.19717 -0.04747 -0.33084
   0.20456 -0.04785 -0.32657
   0.21197 -0.04820 -0.32562
   0.21942 -0.04852 -0.32142
   0.22690 -0.04882 -0.31875
   0.23441 -0.04909 -0.31393
   0.24195 -0.04934 -0.31174
   0.24951 -0.04956 -0.30961
   0.25708 -0.04977 -0.30628
   0.26468 -0.04995 -0.30490
   0.27229 -0.05011 -0.30057
   0.27991 -0.05024 -0.29906
   0.28756 -0.05036 -0.29557
   0.29522 -0.05046 -0.29357
   0.30289 -0.05054 -0.29164
   0.31057 -0.05060 -0.28947
   0.31825 -0.05064 -0.28721
   0.32595 -0.05066 -0.28556
   0.33364 -0.05066 -0.28400
   0.34135 -0.05065 -0.28213
   0.34906 -0.05061 -0.28038
   0.35677 -0.05056 -0.27852
   0.36448 -0.05048 -0.27684
   0.37219 -0.05039 -0.27525
   0.37990 -0.05028 -0.27319
   0.38761 -0.05015 -0.27184
   0.39532 -0.05001 -0.27047
   0.40302 -0.04984 -0.26908
   0.41072 -0.04966 -0.26699
   0.41842 -0.04945 -0.26636
   0.42610 -0.04923 -0.26497
   0.43378 -0.04899 -0.26422
   0.44144 -0.04873 -0.26208
   0.44910 -0.04845 -0.26151
   0.45674 -0.04815 -0.25996
   0.46437 -0.04783 -0.25923
   0.47199 -0.04749 -0.25752
   0.47960 -0.04713 -0.25565
   0.48720 -0.04674 -0.25433
   0.49478 -0.04634 -0.25260
   0.50235 -0.04590 -0.25020
   0.50991 -0.04545 -0.24897
   0.51745 -0.04497 -0.24633
   0.52498 -0.04447 -0.24390
   0.53250 -0.04395 -0.24178
   0.54000 -0.04340 -0.23920
   0.54749 -0.04282 -0.23636
   0.55497 -0.04222 -0.23321
   0.56243 -0.04159 -0.22956
   0.56987 -0.04093 -0.22622
   0.57730 -0.04025 -0.22253
   0.58471 -0.03954 -0.21839
   0.59210 -0.03881 -0.21419
   0.59948 -0.03804 -0.20976
   0.60683 -0.03724 -0.20516
   0.61417 -0.03642 -0.19892
   0.62149 -0.03556 -0.19420
   0.62879 -0.03468 -0.18693
   0.63608 -0.03376 -0.18124
   0.64335 -0.03281 -0.17310
   0.65061 -0.03183 -0.16600
   0.65786 -0.03081 -0.15744
   0.66510 -0.02976 -0.14854
   0.67232 -0.02867 -0.13876
   0.67954 -0.02755 -0.12866
   0.68676 -0.02640 -0.11810
   0.69397 -0.02520 -0.10689
   0.70117 -0.02398 -0.09413
   0.70838 -0.02271 -0.08142
   0.71559 -0.02141 -0.06791
   0.72281 -0.02007 -0.05355
   0.73004 -0.01870 -0.03880
   0.73728 -0.01729 -0.02270
   0.74453 -0.01584 -0.00513
   0.75180 -0.01436  0.01119
   0.75910 -0.01284  0.03119
   0.76642 -0.01128  0.04926
   0.77378 -0.00969  0.07106
   0.78118 -0.00807  0.08990
   0.78863 -0.00642  0.11337
   0.79611 -0.00475  0.13422
   0.80361 -0.00306  0.15863
   0.81108 -0.00138  0.18155
   0.81847  0.00029  0.20454
   0.82574  0.00191  0.22830
   0.83289  0.00348  0.25031
   0.83991  0.00499  0.27083
   0.84680  0.00644  0.29052
   0.85358  0.00782  0.30994
   0.86023  0.00913  0.32623
   0.86676  0.01036  0.34482
   0.87316  0.01151  0.35895
   0.87944  0.01258  0.37539
   0.88561  0.01356  0.38722
   0.89167  0.01445  0.39944
   0.89763  0.01526  0.41024
   0.90349  0.01599  0.41979
   0.90927  0.01663  0.42760
   0.91493  0.01718  0.43724
   0.92047  0.01765  0.44311
   0.92588  0.01803  0.45137
   0.93120  0.01832  0.45497
   0.93644  0.01853  0.45580
   0.94160  0.01868  0.45872
   0.94662  0.01876  0.46567
   0.95140  0.01879  0.48105
   0.95595  0.01872  0.49072
   0.96030  0.01853  0.49581
   0.96456  0.01820  0.48089
   0.96881  0.01775  0.45331
   0.97308  0.01723  0.42622
   0.97733  0.01672  0.41403
   0.98147  0.01621  0.42721
   0.98549  0.01562  0.43415
   0.98945  0.01488  0.38891
   0.99342  0.01406  0.32422
   0.99738  0.01325  0.29892
   1.00000  0.01271  0.25420
