GRUMMAN K-2 AIRFOIL                             
 Alfa =  -1.17500 Re =        0.000 Xflap,Yflap =     0.000000    0.000000
#    x        y        Cp  
   1.00000  0.01371  0.25416
   0.99740  0.01444  0.09908
   0.99329  0.01549  0.06128
   0.98889  0.01657  0.04581
   0.98423  0.01772  0.00535
   0.97929  0.01890 -0.02967
   0.97409  0.02011 -0.05570
   0.96867  0.02135 -0.08620
   0.96305  0.02259 -0.11280
   0.95727  0.02381 -0.13451
   0.95131  0.02502 -0.15554
   0.94520  0.02620 -0.17069
   0.93893  0.02735 -0.18384
   0.93253  0.02848 -0.19514
   0.92600  0.02957 -0.20236
   0.91932  0.03065 -0.20853
   0.91254  0.03170 -0.21551
   0.90568  0.03272 -0.22424
   0.89876  0.03372 -0.23171
   0.89181  0.03467 -0.23990
   0.88484  0.03559 -0.24593
   0.87782  0.03647 -0.24862
   0.87073  0.03731 -0.24982
   0.86355  0.03812 -0.25100
   0.85628  0.03891 -0.24979
   0.84891  0.03968 -0.24902
   0.84146  0.04044 -0.24901
   0.83396  0.04117 -0.24901
   0.82645  0.04190 -0.25478
   0.81896  0.04260 -0.25977
   0.81149  0.04327 -0.26341
   0.80402  0.04391 -0.26598
   0.79655  0.04452 -0.26850
   0.78909  0.04510 -0.27071
   0.78162  0.04565 -0.27154
   0.77414  0.04617 -0.27111
   0.76665  0.04666 -0.27157
   0.75914  0.04713 -0.27038
   0.75161  0.04756 -0.26862
   0.74405  0.04798 -0.26693
   0.73646  0.04837 -0.26408
   0.72884  0.04874 -0.26169
   0.72118  0.04909 -0.25888
   0.71350  0.04943 -0.25562
   0.70580  0.04974 -0.25387
   0.69806  0.05004 -0.25089
   0.69030  0.05033 -0.24891
   0.68252  0.05060 -0.24686
   0.67473  0.05086 -0.24514
   0.66693  0.05111 -0.24299
   0.65911  0.05135 -0.24179
   0.65129  0.05157 -0.24037
   0.64347  0.05178 -0.23837
   0.63563  0.05197 -0.23732
   0.62779  0.05216 -0.23586
   0.61994  0.05233 -0.23386
   0.61208  0.05249 -0.23339
   0.60421  0.05264 -0.23093
   0.59633  0.05278 -0.23017
   0.58846  0.05291 -0.22900
   0.58058  0.05303 -0.22844
   0.57270  0.05314 -0.22726
   0.56482  0.05324 -0.22641
   0.55693  0.05333 -0.22539
   0.54904  0.05340 -0.22480
   0.54115  0.05347 -0.22343
   0.53326  0.05353 -0.22315
   0.52537  0.05358 -0.22185
   0.51748  0.05361 -0.22102
   0.50958  0.05364 -0.22078
   0.50169  0.05366 -0.21923
   0.49380  0.05367 -0.21966
   0.48590  0.05367 -0.21804
   0.47801  0.05366 -0.21848
   0.47012  0.05363 -0.21752
   0.46224  0.05360 -0.21684
   0.45437  0.05356 -0.21629
   0.44650  0.05351 -0.21582
   0.43864  0.05345 -0.21478
   0.43079  0.05338 -0.21462
   0.42295  0.05330 -0.21438
   0.41514  0.05321 -0.21408
   0.40737  0.05312 -0.21478
   0.39966  0.05301 -0.21425
   0.39202  0.05289 -0.21552
   0.38445  0.05276 -0.21266
   0.37694  0.05262 -0.21008
   0.36954  0.05249 -0.20915
   0.36229  0.05236 -0.21638
   0.35524  0.05223 -0.22734
   0.34842  0.05207 -0.23664
   0.34179  0.05185 -0.22790
   0.33530  0.05159 -0.20092
   0.32892  0.05132 -0.17417
   0.32258  0.05111 -0.16047
   0.31625  0.05098 -0.17693
   0.30988  0.05089 -0.20644
   0.30343  0.05078 -0.23392
   0.29682  0.05061 -0.23629
   0.29002  0.05037 -0.22389
   0.28299  0.05009 -0.21208
   0.27579  0.04982 -0.21087
   0.26847  0.04954 -0.21503
   0.26108  0.04924 -0.21705
   0.25361  0.04892 -0.21602
   0.24607  0.04858 -0.21615
   0.23850  0.04823 -0.21724
   0.23092  0.04786 -0.21778
   0.22333  0.04747 -0.21868
   0.21574  0.04707 -0.21930
   0.20817  0.04664 -0.22122
   0.20063  0.04620 -0.22183
   0.19311  0.04574 -0.22274
   0.18563  0.04526 -0.22602
   0.17820  0.04475 -0.22586
   0.17081  0.04423 -0.22727
   0.16349  0.04368 -0.22981
   0.15624  0.04311 -0.23001
   0.14907  0.04251 -0.23260
   0.14200  0.04189 -0.23341
   0.13503  0.04125 -0.23458
   0.12818  0.04059 -0.23553
   0.12147  0.03990 -0.23599
   0.11493  0.03919 -0.23621
   0.10856  0.03847 -0.23649
   0.10240  0.03773 -0.23627
   0.09647  0.03699 -0.23749
   0.09078  0.03624 -0.23945
   0.08537  0.03550 -0.23836
   0.08024  0.03476 -0.24390
   0.07540  0.03403 -0.24594
   0.07085  0.03331 -0.25000
   0.06658  0.03261 -0.26302
   0.06257  0.03190 -0.26404
   0.05879  0.03120 -0.27554
   0.05523  0.03050 -0.28004
   0.05189  0.02978 -0.27845
   0.04873  0.02906 -0.27257
   0.04574  0.02833 -0.26189
   0.04291  0.02760 -0.25284
   0.04024  0.02687 -0.23816
   0.03771  0.02615 -0.22635
   0.03531  0.02543 -0.21869
   0.03305  0.02471 -0.19409
   0.03089  0.02399 -0.16416
   0.02884  0.02329 -0.14066
   0.02688  0.02260 -0.12533
   0.02502  0.02195 -0.12382
   0.02326  0.02131 -0.12246
   0.02159  0.02067 -0.12161
   0.02000  0.02005 -0.11603
   0.01849  0.01942 -0.10570
   0.01706  0.01880 -0.08791
   0.01569  0.01817 -0.06169
   0.01439  0.01754 -0.03968
   0.01314  0.01692 -0.01674
   0.01194  0.01630  0.00323
   0.01080  0.01568  0.02190
   0.00971  0.01507  0.03953
   0.00867  0.01445  0.06385
   0.00767  0.01383  0.08029
   0.00672  0.01321  0.10344
   0.00581  0.01258  0.12230
   0.00495  0.01194  0.15163
   0.00414  0.01128  0.17335
   0.00338  0.01061  0.19914
   0.00268  0.00990  0.23051
   0.00207  0.00914  0.34028
   0.00154  0.00835  0.42948
   0.00111  0.00752  0.54863
   0.00078  0.00665  0.68215
   0.00053  0.00577  0.78974
   0.00035  0.00489  0.86756
   0.00022  0.00400  0.92013
   0.00012  0.00312  0.95849
   0.00005  0.00224  0.98146
   0.00001  0.00137  0.99494
  -0.00000  0.00051  0.99995
   0.00001 -0.00034  0.99728
   0.00004 -0.00120  0.98731
   0.00010 -0.00206  0.96973
   0.00020 -0.00292  0.95431
   0.00027 -0.00380  0.91310
   0.00039 -0.00468  0.88105
   0.00054 -0.00556  0.83444
   0.00072 -0.00645  0.77743
   0.00092 -0.00735  0.71402
   0.00115 -0.00824  0.63935
   0.00142 -0.00914  0.54423
   0.00173 -0.01004  0.43858
   0.00207 -0.01094  0.31793
   0.00247 -0.01182  0.14796
   0.00292 -0.01269  0.06761
   0.00342 -0.01356 -0.26784
   0.00402 -0.01437 -0.33146
   0.00470 -0.01514 -0.43937
   0.00546 -0.01587 -0.47651
   0.00629 -0.01657 -0.50756
   0.00717 -0.01724 -0.52080
   0.00811 -0.01789 -0.53788
   0.00910 -0.01851 -0.53793
   0.01015 -0.01912 -0.53554
   0.01125 -0.01971 -0.53686
   0.01240 -0.02029 -0.53062
   0.01361 -0.02086 -0.52579
   0.01488 -0.02142 -0.51937
   0.01621 -0.02198 -0.50578
   0.01761 -0.02253 -0.49880
   0.01908 -0.02307 -0.48397
   0.02063 -0.02362 -0.47971
   0.02226 -0.02417 -0.46764
   0.02397 -0.02472 -0.45330
   0.02579 -0.02528 -0.44664
   0.02770 -0.02584 -0.43686
   0.02973 -0.02641 -0.42965
   0.03189 -0.02700 -0.42246
   0.03419 -0.02759 -0.41660
   0.03663 -0.02820 -0.40641
   0.03924 -0.02882 -0.40036
   0.04203 -0.02945 -0.39010
   0.04502 -0.03011 -0.38391
   0.04822 -0.03078 -0.37855
   0.05165 -0.03148 -0.37562
   0.05533 -0.03220 -0.37159
   0.05925 -0.03293 -0.36890
   0.06344 -0.03368 -0.36453
   0.06789 -0.03445 -0.36283
   0.07262 -0.03522 -0.35839
   0.07761 -0.03600 -0.35726
   0.08288 -0.03679 -0.35424
   0.08842 -0.03758 -0.35130
   0.09419 -0.03836 -0.34857
   0.10019 -0.03914 -0.34683
   0.10638 -0.03991 -0.34623
   0.11276 -0.04065 -0.34552
   0.11929 -0.04138 -0.34499
   0.12594 -0.04208 -0.34387
   0.13272 -0.04276 -0.34302
   0.13959 -0.04340 -0.34179
   0.14656 -0.04401 -0.33888
   0.15362 -0.04460 -0.33734
   0.16075 -0.04515 -0.33361
   0.16794 -0.04567 -0.33150
   0.17519 -0.04616 -0.32828
   0.18248 -0.04663 -0.32640
   0.18981 -0.04706 -0.32433
   0.19717 -0.04747 -0.32306
   0.20456 -0.04785 -0.31897
   0.21197 -0.04820 -0.31819
   0.21942 -0.04852 -0.31417
   0.22690 -0.04882 -0.31167
   0.23441 -0.04909 -0.30702
   0.24195 -0.04934 -0.30498
   0.24951 -0.04956 -0.30300
   0.25708 -0.04977 -0.29981
   0.26468 -0.04995 -0.29857
   0.27229 -0.05011 -0.29437
   0.27991 -0.05024 -0.29300
   0.28756 -0.05036 -0.28963
   0.29522 -0.05046 -0.28774
   0.30289 -0.05054 -0.28593
   0.31057 -0.05060 -0.28387
   0.31825 -0.05064 -0.28172
   0.32595 -0.05066 -0.28018
   0.33364 -0.05066 -0.27871
   0.34135 -0.05065 -0.27694
   0.34906 -0.05061 -0.27528
   0.35677 -0.05056 -0.27352
   0.36448 -0.05048 -0.27193
   0.37219 -0.05039 -0.27042
   0.37990 -0.05028 -0.26846
   0.38761 -0.05015 -0.26717
   0.39532 -0.05001 -0.26590
   0.40302 -0.04984 -0.26459
   0.41072 -0.04966 -0.26257
   0.41842 -0.04945 -0.26202
   0.42610 -0.04923 -0.26071
   0.43378 -0.04899 -0.26002
   0.44144 -0.04873 -0.25795
   0.44910 -0.04845 -0.25746
   0.45674 -0.04815 -0.25597
   0.46437 -0.04783 -0.25531
   0.47199 -0.04749 -0.25366
   0.47960 -0.04713 -0.25185
   0.48720 -0.04674 -0.25061
   0.49478 -0.04634 -0.24894
   0.50235 -0.04590 -0.24661
   0.50991 -0.04545 -0.24544
   0.51745 -0.04497 -0.24285
   0.52498 -0.04447 -0.24049
   0.53250 -0.04395 -0.23842
   0.54000 -0.04340 -0.23591
   0.54749 -0.04282 -0.23312
   0.55497 -0.04222 -0.23004
   0.56243 -0.04159 -0.22646
   0.56987 -0.04093 -0.22316
   0.57730 -0.04025 -0.21953
   0.58471 -0.03954 -0.21546
   0.59210 -0.03881 -0.21131
   0.59948 -0.03804 -0.20694
   0.60683 -0.03724 -0.20239
   0.61417 -0.03642 -0.19621
   0.62149 -0.03556 -0.19155
   0.62879 -0.03468 -0.18435
   0.63608 -0.03376 -0.17871
   0.64335 -0.03281 -0.17062
   0.65061 -0.03183 -0.16359
   0.65786 -0.03081 -0.15509
   0.66510 -0.02976 -0.14624
   0.67232 -0.02867 -0.13653
   0.67954 -0.02755 -0.12649
   0.68676 -0.02640 -0.11597
   0.69397 -0.02520 -0.10484
   0.70117 -0.02398 -0.09213
   0.70838 -0.02271 -0.07949
   0.71559 -0.02141 -0.06604
   0.72281 -0.02007 -0.05173
   0.73004 -0.01870 -0.03704
   0.73728 -0.01729 -0.02101
   0.74453 -0.01584 -0.00352
   0.75180 -0.01436  0.01277
   0.75910 -0.01284  0.03270
   0.76642 -0.01128  0.05069
   0.77378 -0.00969  0.07243
   0.78118 -0.00807  0.09122
   0.78863 -0.00642  0.11464
   0.79611 -0.00475  0.13541
   0.80361 -0.00306  0.15976
   0.81108 -0.00138  0.18262
   0.81847  0.00029  0.20556
   0.82574  0.00191  0.22926
   0.83289  0.00348  0.25122
   0.83991  0.00499  0.27169
   0.84680  0.00644  0.29134
   0.85358  0.00782  0.31072
   0.86023  0.00913  0.32696
   0.86676  0.01036  0.34550
   0.87316  0.01151  0.35964
   0.87944  0.01258  0.37601
   0.88561  0.01356  0.38781
   0.89167  0.01445  0.40001
   0.89763  0.01526  0.41077
   0.90349  0.01599  0.42031
   0.90927  0.01663  0.42809
   0.91493  0.01718  0.43769
   0.92047  0.01765  0.44358
   0.92588  0.01803  0.45179
   0.93120  0.01832  0.45538
   0.93644  0.01853  0.45619
   0.94160  0.01868  0.45909
   0.94662  0.01876  0.46605
   0.95140  0.01879  0.48137
   0.95595  0.01872  0.49104
   0.96030  0.01853  0.49611
   0.96456  0.01820  0.48117
   0.96881  0.01775  0.45362
   0.97308  0.01723  0.42651
   0.97733  0.01672  0.41431
   0.98147  0.01621  0.42745
   0.98549  0.01562  0.43436
   0.98945  0.01488  0.38913
   0.99342  0.01406  0.32443
   0.99738  0.01325  0.29909
   1.00000  0.01271  0.25416
