GRUMMAN K-2 AIRFOIL                             
 Alfa =  -1.32140 Re =        0.000 Xflap,Yflap =     0.000000    0.000000
#    x        y        Cp  
   1.00000  0.01371  0.25423
   0.99740  0.01444  0.09927
   0.99329  0.01549  0.06154
   0.98889  0.01657  0.04625
   0.98423  0.01772  0.00593
   0.97929  0.01890 -0.02900
   0.97409  0.02011 -0.05495
   0.96867  0.02135 -0.08528
   0.96305  0.02259 -0.11179
   0.95727  0.02381 -0.13342
   0.95131  0.02502 -0.15430
   0.94520  0.02620 -0.16935
   0.93893  0.02735 -0.18239
   0.93253  0.02848 -0.19358
   0.92600  0.02957 -0.20075
   0.91932  0.03065 -0.20676
   0.91254  0.03170 -0.21371
   0.90568  0.03272 -0.22229
   0.89876  0.03372 -0.22972
   0.89181  0.03467 -0.23778
   0.88484  0.03559 -0.24372
   0.87782  0.03647 -0.24635
   0.87073  0.03731 -0.24745
   0.86355  0.03812 -0.24854
   0.85628  0.03891 -0.24730
   0.84891  0.03968 -0.24638
   0.84146  0.04044 -0.24634
   0.83396  0.04117 -0.24624
   0.82645  0.04190 -0.25195
   0.81896  0.04260 -0.25683
   0.81149  0.04327 -0.26037
   0.80402  0.04391 -0.26289
   0.79655  0.04452 -0.26528
   0.78909  0.04510 -0.26748
   0.78162  0.04565 -0.26816
   0.77414  0.04617 -0.26769
   0.76665  0.04666 -0.26803
   0.75914  0.04713 -0.26681
   0.75161  0.04756 -0.26497
   0.74405  0.04798 -0.26325
   0.73646  0.04837 -0.26028
   0.72884  0.04874 -0.25785
   0.72118  0.04909 -0.25495
   0.71350  0.04943 -0.25161
   0.70580  0.04974 -0.24979
   0.69806  0.05004 -0.24679
   0.69030  0.05033 -0.24468
   0.68252  0.05060 -0.24261
   0.67473  0.05086 -0.24078
   0.66693  0.05111 -0.23857
   0.65911  0.05135 -0.23732
   0.65129  0.05157 -0.23579
   0.64347  0.05178 -0.23374
   0.63563  0.05197 -0.23261
   0.62779  0.05216 -0.23108
   0.61994  0.05233 -0.22899
   0.61208  0.05249 -0.22847
   0.60421  0.05264 -0.22592
   0.59633  0.05278 -0.22506
   0.58846  0.05291 -0.22383
   0.58058  0.05303 -0.22317
   0.57270  0.05314 -0.22192
   0.56482  0.05324 -0.22100
   0.55693  0.05333 -0.21989
   0.54904  0.05340 -0.21921
   0.54115  0.05347 -0.21776
   0.53326  0.05353 -0.21739
   0.52537  0.05358 -0.21601
   0.51748  0.05361 -0.21507
   0.50958  0.05364 -0.21475
   0.50169  0.05366 -0.21311
   0.49380  0.05367 -0.21344
   0.48590  0.05367 -0.21174
   0.47801  0.05366 -0.21207
   0.47012  0.05363 -0.21102
   0.46224  0.05360 -0.21023
   0.45437  0.05356 -0.20958
   0.44650  0.05351 -0.20901
   0.43864  0.05345 -0.20787
   0.43079  0.05338 -0.20759
   0.42295  0.05330 -0.20725
   0.41514  0.05321 -0.20684
   0.40737  0.05312 -0.20742
   0.39966  0.05301 -0.20675
   0.39202  0.05289 -0.20793
   0.38445  0.05276 -0.20493
   0.37694  0.05262 -0.20227
   0.36954  0.05249 -0.20122
   0.36229  0.05236 -0.20828
   0.35524  0.05223 -0.21903
   0.34842  0.05207 -0.22816
   0.34179  0.05185 -0.21934
   0.33530  0.05159 -0.19243
   0.32892  0.05132 -0.16576
   0.32258  0.05111 -0.15203
   0.31625  0.05098 -0.16826
   0.30988  0.05089 -0.19742
   0.30343  0.05078 -0.22454
   0.29682  0.05061 -0.22676
   0.29002  0.05037 -0.21429
   0.28299  0.05009 -0.20242
   0.27579  0.04982 -0.20104
   0.26847  0.04954 -0.20499
   0.26108  0.04924 -0.20682
   0.25361  0.04892 -0.20558
   0.24607  0.04858 -0.20550
   0.23850  0.04823 -0.20637
   0.23092  0.04786 -0.20667
   0.22333  0.04747 -0.20733
   0.21574  0.04707 -0.20770
   0.20817  0.04664 -0.20933
   0.20063  0.04620 -0.20966
   0.19311  0.04574 -0.21028
   0.18563  0.04526 -0.21322
   0.17820  0.04475 -0.21275
   0.17081  0.04423 -0.21381
   0.16349  0.04368 -0.21597
   0.15624  0.04311 -0.21580
   0.14907  0.04251 -0.21796
   0.14200  0.04189 -0.21835
   0.13503  0.04125 -0.21907
   0.12818  0.04059 -0.21955
   0.12147  0.03990 -0.21952
   0.11493  0.03919 -0.21923
   0.10856  0.03847 -0.21896
   0.10240  0.03773 -0.21818
   0.09647  0.03699 -0.21878
   0.09078  0.03624 -0.22011
   0.08537  0.03550 -0.21838
   0.08024  0.03476 -0.22318
   0.07540  0.03403 -0.22448
   0.07085  0.03331 -0.22776
   0.06658  0.03261 -0.23980
   0.06257  0.03190 -0.24006
   0.05879  0.03120 -0.25053
   0.05523  0.03050 -0.25412
   0.05189  0.02978 -0.25170
   0.04873  0.02906 -0.24506
   0.04574  0.02833 -0.23370
   0.04291  0.02760 -0.22392
   0.04024  0.02687 -0.20864
   0.03771  0.02615 -0.19612
   0.03531  0.02543 -0.18763
   0.03305  0.02471 -0.16263
   0.03089  0.02399 -0.13242
   0.02884  0.02329 -0.10853
   0.02688  0.02260 -0.09252
   0.02502  0.02195 -0.08992
   0.02326  0.02131 -0.08738
   0.02159  0.02067 -0.08531
   0.02000  0.02005 -0.07857
   0.01849  0.01942 -0.06716
   0.01706  0.01880 -0.04855
   0.01569  0.01817 -0.02171
   0.01439  0.01754  0.00101
   0.01314  0.01692  0.02476
   0.01194  0.01630  0.04572
   0.01080  0.01568  0.06551
   0.00971  0.01507  0.08432
   0.00867  0.01445  0.10978
   0.00767  0.01383  0.12770
   0.00672  0.01321  0.15238
   0.00581  0.01258  0.17308
   0.00495  0.01194  0.20408
   0.00414  0.01128  0.22806
   0.00338  0.01061  0.25660
   0.00268  0.00990  0.29073
   0.00207  0.00914  0.39752
   0.00154  0.00835  0.48486
   0.00111  0.00752  0.59860
   0.00078  0.00665  0.72290
   0.00053  0.00577  0.82155
   0.00035  0.00489  0.89174
   0.00022  0.00400  0.93818
   0.00012  0.00312  0.97093
   0.00005  0.00224  0.98927
   0.00001  0.00137  0.99847
  -0.00000  0.00051  0.99936
   0.00001 -0.00034  0.99302
   0.00004 -0.00120  0.97927
   0.00010 -0.00206  0.95764
   0.00020 -0.00292  0.94097
   0.00027 -0.00380  0.89321
   0.00039 -0.00468  0.85885
   0.00054 -0.00556  0.80827
   0.00072 -0.00645  0.74710
   0.00092 -0.00735  0.67966
   0.00115 -0.00824  0.60068
   0.00142 -0.00914  0.50046
   0.00173 -0.01004  0.38955
   0.00207 -0.01094  0.26362
   0.00247 -0.01182  0.08582
   0.00292 -0.01269  0.00462
   0.00342 -0.01356 -0.34711
   0.00402 -0.01437 -0.40856
   0.00470 -0.01514 -0.51753
   0.00546 -0.01587 -0.55168
   0.00629 -0.01657 -0.58008
   0.00717 -0.01724 -0.59012
   0.00811 -0.01789 -0.60455
   0.00910 -0.01851 -0.60162
   0.01015 -0.01912 -0.59637
   0.01125 -0.01971 -0.59519
   0.01240 -0.02029 -0.58649
   0.01361 -0.02086 -0.57937
   0.01488 -0.02142 -0.57074
   0.01621 -0.02198 -0.55492
   0.01761 -0.02253 -0.54599
   0.01908 -0.02307 -0.52922
   0.02063 -0.02362 -0.52328
   0.02226 -0.02417 -0.50949
   0.02397 -0.02472 -0.49347
   0.02579 -0.02528 -0.48532
   0.02770 -0.02584 -0.47412
   0.02973 -0.02641 -0.46557
   0.03189 -0.02700 -0.45712
   0.03419 -0.02759 -0.45003
   0.03663 -0.02820 -0.43861
   0.03924 -0.02882 -0.43141
   0.04203 -0.02945 -0.41998
   0.04502 -0.03011 -0.41273
   0.04822 -0.03078 -0.40635
   0.05165 -0.03148 -0.40247
   0.05533 -0.03220 -0.39750
   0.05925 -0.03293 -0.39393
   0.06344 -0.03368 -0.38867
   0.06789 -0.03445 -0.38614
   0.07262 -0.03522 -0.38088
   0.07761 -0.03600 -0.37899
   0.08288 -0.03679 -0.37522
   0.08842 -0.03758 -0.37155
   0.09419 -0.03836 -0.36814
   0.10019 -0.03914 -0.36575
   0.10638 -0.03991 -0.36455
   0.11276 -0.04065 -0.36328
   0.11929 -0.04138 -0.36221
   0.12594 -0.04208 -0.36058
   0.13272 -0.04276 -0.35924
   0.13959 -0.04340 -0.35754
   0.14656 -0.04401 -0.35418
   0.15362 -0.04460 -0.35221
   0.16075 -0.04515 -0.34806
   0.16794 -0.04567 -0.34556
   0.17519 -0.04616 -0.34197
   0.18248 -0.04663 -0.33974
   0.18981 -0.04706 -0.33735
   0.19717 -0.04747 -0.33574
   0.20456 -0.04785 -0.33136
   0.21197 -0.04820 -0.33030
   0.21942 -0.04852 -0.32598
   0.22690 -0.04882 -0.32320
   0.23441 -0.04909 -0.31828
   0.24195 -0.04934 -0.31599
   0.24951 -0.04956 -0.31377
   0.25708 -0.04977 -0.31034
   0.26468 -0.04995 -0.30889
   0.27229 -0.05011 -0.30447
   0.27991 -0.05024 -0.30288
   0.28756 -0.05036 -0.29932
   0.29522 -0.05046 -0.29723
   0.30289 -0.05054 -0.29523
   0.31057 -0.05060 -0.29299
   0.31825 -0.05064 -0.29067
   0.32595 -0.05066 -0.28895
   0.33364 -0.05066 -0.28733
   0.34135 -0.05065 -0.28539
   0.34906 -0.05061 -0.28359
   0.35677 -0.05056 -0.28166
   0.36448 -0.05048 -0.27992
   0.37219 -0.05039 -0.27830
   0.37990 -0.05028 -0.27616
   0.38761 -0.05015 -0.27477
   0.39532 -0.05001 -0.27334
   0.40302 -0.04984 -0.27191
   0.41072 -0.04966 -0.26977
   0.41842 -0.04945 -0.26909
   0.42610 -0.04923 -0.26765
   0.43378 -0.04899 -0.26686
   0.44144 -0.04873 -0.26468
   0.44910 -0.04845 -0.26405
   0.45674 -0.04815 -0.26247
   0.46437 -0.04783 -0.26169
   0.47199 -0.04749 -0.25994
   0.47960 -0.04713 -0.25803
   0.48720 -0.04674 -0.25667
   0.49478 -0.04634 -0.25490
   0.50235 -0.04590 -0.25247
   0.50991 -0.04545 -0.25119
   0.51745 -0.04497 -0.24852
   0.52498 -0.04447 -0.24604
   0.53250 -0.04395 -0.24389
   0.54000 -0.04340 -0.24127
   0.54749 -0.04282 -0.23839
   0.55497 -0.04222 -0.23521
   0.56243 -0.04159 -0.23152
   0.56987 -0.04093 -0.22814
   0.57730 -0.04025 -0.22441
   0.58471 -0.03954 -0.22023
   0.59210 -0.03881 -0.21601
   0.59948 -0.03804 -0.21153
   0.60683 -0.03724 -0.20690
   0.61417 -0.03642 -0.20063
   0.62149 -0.03556 -0.19586
   0.62879 -0.03468 -0.18856
   0.63608 -0.03376 -0.18283
   0.64335 -0.03281 -0.17466
   0.65061 -0.03183 -0.16752
   0.65786 -0.03081 -0.15892
   0.66510 -0.02976 -0.14998
   0.67232 -0.02867 -0.14016
   0.67954 -0.02755 -0.13002
   0.68676 -0.02640 -0.11944
   0.69397 -0.02520 -0.10818
   0.70117 -0.02398 -0.09539
   0.70838 -0.02271 -0.08263
   0.71559 -0.02141 -0.06909
   0.72281 -0.02007 -0.05469
   0.73004 -0.01870 -0.03991
   0.73728 -0.01729 -0.02376
   0.74453 -0.01584 -0.00614
   0.75180 -0.01436  0.01021
   0.75910 -0.01284  0.03024
   0.76642 -0.01128  0.04837
   0.77378 -0.00969  0.07020
   0.78118 -0.00807  0.08907
   0.78863 -0.00642  0.11258
   0.79611 -0.00475  0.13348
   0.80361 -0.00306  0.15793
   0.81108 -0.00138  0.18088
   0.81847  0.00029  0.20390
   0.82574  0.00191  0.22770
   0.83289  0.00348  0.24974
   0.83991  0.00499  0.27029
   0.84680  0.00644  0.29001
   0.85358  0.00782  0.30945
   0.86023  0.00913  0.32577
   0.86676  0.01036  0.34439
   0.87316  0.01151  0.35852
   0.87944  0.01258  0.37501
   0.88561  0.01356  0.38685
   0.89167  0.01445  0.39908
   0.89763  0.01526  0.40990
   0.90349  0.01599  0.41946
   0.90927  0.01663  0.42729
   0.91493  0.01718  0.43696
   0.92047  0.01765  0.44282
   0.92588  0.01803  0.45111
   0.93120  0.01832  0.45471
   0.93644  0.01853  0.45556
   0.94160  0.01868  0.45849
   0.94662  0.01876  0.46543
   0.95140  0.01879  0.48085
   0.95595  0.01872  0.49052
   0.96030  0.01853  0.49562
   0.96456  0.01820  0.48072
   0.96881  0.01775  0.45312
   0.97308  0.01723  0.42604
   0.97733  0.01672  0.41386
   0.98147  0.01621  0.42706
   0.98549  0.01562  0.43402
   0.98945  0.01488  0.38877
   0.99342  0.01406  0.32408
   0.99738  0.01325  0.29881
   1.00000  0.01271  0.25423
