GRUMMAN K-2 AIRFOIL                             
 Alfa =  -1.32800 Re =        0.000 Xflap,Yflap =     0.000000    0.000000
#    x        y        Cp  
   1.00000  0.01371  0.25218
   0.99739  0.01444  0.09676
   0.99327  0.01550  0.06277
   0.98886  0.01658  0.04442
   0.98418  0.01773  0.00275
   0.97923  0.01891 -0.02677
   0.97401  0.02013 -0.05679
   0.96856  0.02137 -0.08460
   0.96293  0.02261 -0.11242
   0.95713  0.02384 -0.13543
   0.95115  0.02505 -0.15413
   0.94501  0.02623 -0.16933
   0.93873  0.02739 -0.18289
   0.93231  0.02852 -0.19385
   0.92575  0.02962 -0.20119
   0.91905  0.03069 -0.20687
   0.91224  0.03174 -0.21407
   0.90536  0.03277 -0.22269
   0.89842  0.03376 -0.23014
   0.89145  0.03472 -0.23794
   0.88446  0.03564 -0.24327
   0.87741  0.03652 -0.24731
   0.87030  0.03736 -0.24779
   0.86310  0.03817 -0.24772
   0.85580  0.03897 -0.24729
   0.84840  0.03974 -0.24646
   0.84093  0.04049 -0.24654
   0.83341  0.04123 -0.24697
   0.82588  0.04195 -0.25153
   0.81837  0.04265 -0.25746
   0.81087  0.04332 -0.26001
   0.80338  0.04396 -0.26326
   0.79590  0.04457 -0.26574
   0.78841  0.04515 -0.26675
   0.78092  0.04570 -0.26827
   0.77342  0.04622 -0.26795
   0.76591  0.04671 -0.26796
   0.75838  0.04717 -0.26674
   0.75082  0.04761 -0.26545
   0.74324  0.04802 -0.26155
   0.73562  0.04841 -0.26022
   0.72798  0.04878 -0.25686
   0.72030  0.04913 -0.25465
   0.71260  0.04946 -0.25181
   0.70486  0.04978 -0.24919
   0.69710  0.05008 -0.24644
   0.68932  0.05037 -0.24420
   0.68152  0.05064 -0.24185
   0.67370  0.05090 -0.24088
   0.66588  0.05114 -0.23806
   0.65804  0.05138 -0.23693
   0.65020  0.05160 -0.23511
   0.64235  0.05180 -0.23345
   0.63449  0.05200 -0.23255
   0.62662  0.05218 -0.23026
   0.61875  0.05235 -0.22909
   0.61086  0.05251 -0.22746
   0.60297  0.05266 -0.22560
   0.59508  0.05280 -0.22492
   0.58718  0.05293 -0.22399
   0.57928  0.05305 -0.22258
   0.57138  0.05316 -0.22142
   0.56347  0.05325 -0.22050
   0.55556  0.05334 -0.21992
   0.54765  0.05342 -0.21854
   0.53974  0.05348 -0.21742
   0.53183  0.05354 -0.21652
   0.52391  0.05358 -0.21619
   0.51600  0.05362 -0.21462
   0.50808  0.05365 -0.21438
   0.50017  0.05366 -0.21332
   0.49225  0.05367 -0.21218
   0.48434  0.05366 -0.21209
   0.47642  0.05365 -0.21116
   0.46852  0.05363 -0.21064
   0.46062  0.05360 -0.20952
   0.45272  0.05355 -0.21000
   0.44483  0.05350 -0.20825
   0.43695  0.05344 -0.20779
   0.42908  0.05336 -0.20689
   0.42122  0.05328 -0.20699
   0.41340  0.05319 -0.20619
   0.40562  0.05309 -0.20721
   0.39791  0.05299 -0.20688
   0.39026  0.05286 -0.20712
   0.38268  0.05273 -0.20462
   0.37518  0.05259 -0.20107
   0.36779  0.05245 -0.20201
   0.36056  0.05233 -0.20985
   0.35355  0.05219 -0.22146
   0.34675  0.05202 -0.22818
   0.34015  0.05179 -0.21328
   0.33367  0.05152 -0.18501
   0.32729  0.05126 -0.15969
   0.32094  0.05107 -0.15262
   0.31459  0.05095 -0.17555
   0.30818  0.05086 -0.20577
   0.30168  0.05074 -0.22727
   0.29501  0.05055 -0.22335
   0.28812  0.05029 -0.20990
   0.28102  0.05002 -0.20049
   0.27376  0.04974 -0.20233
   0.26640  0.04946 -0.20509
   0.25896  0.04915 -0.20592
   0.25145  0.04883 -0.20563
   0.24388  0.04848 -0.20524
   0.23629  0.04812 -0.20583
   0.22868  0.04775 -0.20639
   0.22107  0.04735 -0.20735
   0.21346  0.04694 -0.20764
   0.20588  0.04651 -0.20870
   0.19832  0.04606 -0.20937
   0.19079  0.04559 -0.21068
   0.18331  0.04510 -0.21259
   0.17587  0.04459 -0.21208
   0.16848  0.04405 -0.21480
   0.16116  0.04350 -0.21498
   0.15392  0.04292 -0.21575
   0.14676  0.04231 -0.21826
   0.13969  0.04168 -0.21710
   0.13274  0.04103 -0.21903
   0.12592  0.04036 -0.21853
   0.11925  0.03966 -0.21899
   0.11274  0.03895 -0.21833
   0.10643  0.03821 -0.21791
   0.10032  0.03747 -0.21829
   0.09446  0.03673 -0.21749
   0.08886  0.03598 -0.21922
   0.08353  0.03523 -0.21946
   0.07849  0.03450 -0.22203
   0.07373  0.03377 -0.22674
   0.06927  0.03305 -0.22795
   0.06509  0.03235 -0.23960
   0.06115  0.03165 -0.24380
   0.05745  0.03095 -0.25044
   0.05396  0.03023 -0.25390
   0.05068  0.02952 -0.24877
   0.04758  0.02879 -0.24012
   0.04465  0.02805 -0.22902
   0.04187  0.02732 -0.21681
   0.03925  0.02659 -0.20194
   0.03676  0.02587 -0.19249
   0.03441  0.02515 -0.17737
   0.03218  0.02442 -0.14975
   0.03006  0.02371 -0.12161
   0.02804  0.02301 -0.09834
   0.02612  0.02234 -0.08995
   0.02429  0.02168 -0.08794
   0.02256  0.02105 -0.08396
   0.02092  0.02042 -0.08180
   0.01936  0.01979 -0.07381
   0.01788  0.01916 -0.05822
   0.01648  0.01853 -0.03639
   0.01513  0.01790 -0.01030
   0.01385  0.01728  0.01298
   0.01262  0.01665  0.03784
   0.01145  0.01603  0.05345
   0.01032  0.01542  0.07423
   0.00925  0.01480  0.09980
   0.00822  0.01418  0.11628
   0.00724  0.01356  0.14415
   0.00631  0.01293  0.16318
   0.00542  0.01229  0.18660
   0.00458  0.01164  0.21871
   0.00379  0.01098  0.24144
   0.00305  0.01029  0.27558
   0.00239  0.00956  0.32119
   0.00182  0.00878  0.45967
   0.00133  0.00797  0.52610
   0.00094  0.00712  0.66336
   0.00065  0.00624  0.77329
   0.00044  0.00536  0.85980
   0.00028  0.00447  0.91616
   0.00016  0.00358  0.95690
   0.00008  0.00270  0.98079
   0.00003  0.00182  0.99502
   0.00000  0.00095  0.99998
  -0.00000  0.00009  0.99686
   0.00003 -0.00076  0.98741
   0.00006 -0.00163  0.96775
   0.00015 -0.00249  0.95094
   0.00023 -0.00336  0.91700
   0.00032 -0.00424  0.87585
   0.00047 -0.00512  0.83342
   0.00063 -0.00601  0.77760
   0.00082 -0.00691  0.71322
   0.00104 -0.00781  0.63963
   0.00129 -0.00871  0.54691
   0.00157 -0.00961  0.44329
   0.00190 -0.01051  0.32506
   0.00227 -0.01140  0.17055
   0.00270 -0.01228  0.04067
   0.00318 -0.01315 -0.17081
   0.00373 -0.01400 -0.40384
   0.00438 -0.01479 -0.47630
   0.00511 -0.01554 -0.54413
   0.00590 -0.01626 -0.57010
   0.00676 -0.01694 -0.58895
   0.00768 -0.01760 -0.60001
   0.00865 -0.01823 -0.60367
   0.00967 -0.01885 -0.60871
   0.01075 -0.01945 -0.59279
   0.01188 -0.02004 -0.59698
   0.01307 -0.02061 -0.58325
   0.01432 -0.02118 -0.57639
   0.01563 -0.02174 -0.56694
   0.01700 -0.02229 -0.54877
   0.01845 -0.02284 -0.53883
   0.01996 -0.02339 -0.52819
   0.02156 -0.02394 -0.51585
   0.02324 -0.02449 -0.50213
   0.02502 -0.02504 -0.49077
   0.02690 -0.02561 -0.48145
   0.02888 -0.02618 -0.47011
   0.03099 -0.02676 -0.46114
   0.03324 -0.02735 -0.45417
   0.03563 -0.02795 -0.44418
   0.03818 -0.02857 -0.43551
   0.04090 -0.02920 -0.42597
   0.04382 -0.02985 -0.41691
   0.04694 -0.03052 -0.40917
   0.05029 -0.03121 -0.40625
   0.05388 -0.03192 -0.39955
   0.05772 -0.03265 -0.39658
   0.06181 -0.03340 -0.39174
   0.06618 -0.03416 -0.38754
   0.07081 -0.03493 -0.38404
   0.07572 -0.03571 -0.38031
   0.08090 -0.03650 -0.37697
   0.08636 -0.03729 -0.37410
   0.09206 -0.03808 -0.37039
   0.09799 -0.03886 -0.36685
   0.10414 -0.03963 -0.36630
   0.11047 -0.04039 -0.36392
   0.11696 -0.04113 -0.36332
   0.12360 -0.04184 -0.36211
   0.13035 -0.04253 -0.36064
   0.13721 -0.04318 -0.35860
   0.14417 -0.04381 -0.35610
   0.15121 -0.04440 -0.35294
   0.15834 -0.04497 -0.35012
   0.16553 -0.04550 -0.34714
   0.17278 -0.04600 -0.34399
   0.18008 -0.04648 -0.34076
   0.18742 -0.04692 -0.33914
   0.19479 -0.04734 -0.33624
   0.20219 -0.04773 -0.33405
   0.20962 -0.04809 -0.33017
   0.21707 -0.04842 -0.32824
   0.22456 -0.04873 -0.32420
   0.23208 -0.04901 -0.32059
   0.23964 -0.04926 -0.31685
   0.24721 -0.04950 -0.31481
   0.25481 -0.04971 -0.31206
   0.26241 -0.04990 -0.30933
   0.27004 -0.05006 -0.30629
   0.27768 -0.05021 -0.30388
   0.28534 -0.05033 -0.30060
   0.29302 -0.05043 -0.29826
   0.30071 -0.05052 -0.29593
   0.30841 -0.05058 -0.29392
   0.31611 -0.05063 -0.29219
   0.32382 -0.05066 -0.28996
   0.33154 -0.05066 -0.28752
   0.33927 -0.05065 -0.28650
   0.34699 -0.05062 -0.28386
   0.35472 -0.05057 -0.28250
   0.36246 -0.05051 -0.28081
   0.37019 -0.05042 -0.27924
   0.37793 -0.05031 -0.27676
   0.38566 -0.05019 -0.27587
   0.39339 -0.05004 -0.27388
   0.40111 -0.04988 -0.27230
   0.40883 -0.04970 -0.27058
   0.41655 -0.04951 -0.26966
   0.42426 -0.04929 -0.26819
   0.43196 -0.04905 -0.26715
   0.43965 -0.04880 -0.26560
   0.44733 -0.04852 -0.26451
   0.45499 -0.04823 -0.26330
   0.46265 -0.04791 -0.26154
   0.47029 -0.04757 -0.26061
   0.47793 -0.04721 -0.25871
   0.48555 -0.04683 -0.25706
   0.49315 -0.04642 -0.25537
   0.50075 -0.04600 -0.25378
   0.50833 -0.04555 -0.25116
   0.51589 -0.04507 -0.24952
   0.52345 -0.04458 -0.24667
   0.53099 -0.04405 -0.24471
   0.53851 -0.04351 -0.24158
   0.54603 -0.04293 -0.23910
   0.55353 -0.04234 -0.23639
   0.56101 -0.04171 -0.23221
   0.56848 -0.04106 -0.22923
   0.57593 -0.04038 -0.22518
   0.58337 -0.03967 -0.22123
   0.59078 -0.03894 -0.21719
   0.59818 -0.03818 -0.21225
   0.60556 -0.03738 -0.20761
   0.61292 -0.03656 -0.20238
   0.62026 -0.03571 -0.19640
   0.62759 -0.03483 -0.19046
   0.63490 -0.03391 -0.18284
   0.64220 -0.03296 -0.17681
   0.64948 -0.03198 -0.16863
   0.65674 -0.03097 -0.16059
   0.66400 -0.02992 -0.15128
   0.67125 -0.02883 -0.14175
   0.67849 -0.02772 -0.13202
   0.68572 -0.02656 -0.12076
   0.69295 -0.02537 -0.10998
   0.70018 -0.02415 -0.09693
   0.70741 -0.02288 -0.08461
   0.71464 -0.02159 -0.07122
   0.72188 -0.02025 -0.05623
   0.72912 -0.01888 -0.04217
   0.73638 -0.01747 -0.02521
   0.74365 -0.01602 -0.00952
   0.75094 -0.01453  0.00915
   0.75826 -0.01301  0.02712
   0.76560 -0.01146  0.04681
   0.77297 -0.00987  0.06645
   0.78039 -0.00825  0.08803
   0.78785 -0.00659  0.10917
   0.79535 -0.00492  0.13236
   0.80287 -0.00323  0.15523
   0.81037 -0.00154  0.17756
   0.81778  0.00013  0.20276
   0.82509  0.00176  0.22593
   0.83227  0.00334  0.24746
   0.83932  0.00486  0.26821
   0.84624  0.00632  0.28864
   0.85304  0.00771  0.30707
   0.85972  0.00903  0.32600
   0.86628  0.01027  0.34220
   0.87271  0.01143  0.35828
   0.87902  0.01251  0.37330
   0.88521  0.01350  0.38603
   0.89129  0.01440  0.39884
   0.89727  0.01522  0.40864
   0.90316  0.01595  0.41914
   0.90895  0.01659  0.42800
   0.91464  0.01715  0.43538
   0.92020  0.01763  0.44378
   0.92564  0.01802  0.44958
   0.93097  0.01831  0.45419
   0.93623  0.01853  0.45731
   0.94141  0.01867  0.45682
   0.94645  0.01876  0.46707
   0.95125  0.01879  0.47875
   0.95581  0.01873  0.49138
   0.96019  0.01854  0.49549
   0.96446  0.01821  0.48045
   0.96872  0.01776  0.45425
   0.97300  0.01724  0.42570
   0.97726  0.01672  0.41541
   0.98142  0.01621  0.42801
   0.98545  0.01563  0.43238
   0.98942  0.01489  0.38717
   0.99340  0.01406  0.32672
   0.99738  0.01325  0.29806
   1.00000  0.01271  0.25218
