GRUMMAN K-2 AIRFOIL                             
 Alfa =  -1.27870 Re =        0.000 Xflap,Yflap =     0.000000    0.000000
#    x        y        Cp  
   1.00000  0.01371  0.25421
   0.99740  0.01444  0.09921
   0.99329  0.01549  0.06146
   0.98889  0.01657  0.04612
   0.98423  0.01772  0.00576
   0.97929  0.01890 -0.02920
   0.97409  0.02011 -0.05517
   0.96867  0.02135 -0.08555
   0.96305  0.02259 -0.11209
   0.95727  0.02381 -0.13374
   0.95131  0.02502 -0.15466
   0.94520  0.02620 -0.16975
   0.93893  0.02735 -0.18281
   0.93253  0.02848 -0.19404
   0.92600  0.02957 -0.20122
   0.91932  0.03065 -0.20728
   0.91254  0.03170 -0.21423
   0.90568  0.03272 -0.22286
   0.89876  0.03372 -0.23030
   0.89181  0.03467 -0.23840
   0.88484  0.03559 -0.24436
   0.87782  0.03647 -0.24701
   0.87073  0.03731 -0.24814
   0.86355  0.03812 -0.24926
   0.85628  0.03891 -0.24803
   0.84891  0.03968 -0.24715
   0.84146  0.04044 -0.24712
   0.83396  0.04117 -0.24705
   0.82645  0.04190 -0.25277
   0.81896  0.04260 -0.25769
   0.81149  0.04327 -0.26126
   0.80402  0.04391 -0.26379
   0.79655  0.04452 -0.26623
   0.78909  0.04510 -0.26843
   0.78162  0.04565 -0.26915
   0.77414  0.04617 -0.26869
   0.76665  0.04666 -0.26907
   0.75914  0.04713 -0.26785
   0.75161  0.04756 -0.26604
   0.74405  0.04798 -0.26432
   0.73646  0.04837 -0.26139
   0.72884  0.04874 -0.25897
   0.72118  0.04909 -0.25610
   0.71350  0.04943 -0.25278
   0.70580  0.04974 -0.25098
   0.69806  0.05004 -0.24798
   0.69030  0.05033 -0.24592
   0.68252  0.05060 -0.24385
   0.67473  0.05086 -0.24205
   0.66693  0.05111 -0.23986
   0.65911  0.05135 -0.23862
   0.65129  0.05157 -0.23713
   0.64347  0.05178 -0.23509
   0.63563  0.05197 -0.23399
   0.62779  0.05216 -0.23247
   0.61994  0.05233 -0.23041
   0.61208  0.05249 -0.22990
   0.60421  0.05264 -0.22738
   0.59633  0.05278 -0.22655
   0.58846  0.05291 -0.22534
   0.58058  0.05303 -0.22471
   0.57270  0.05314 -0.22348
   0.56482  0.05324 -0.22258
   0.55693  0.05333 -0.22150
   0.54904  0.05340 -0.22084
   0.54115  0.05347 -0.21941
   0.53326  0.05353 -0.21907
   0.52537  0.05358 -0.21772
   0.51748  0.05361 -0.21680
   0.50958  0.05364 -0.21651
   0.50169  0.05366 -0.21490
   0.49380  0.05367 -0.21526
   0.48590  0.05367 -0.21358
   0.47801  0.05366 -0.21394
   0.47012  0.05363 -0.21291
   0.46224  0.05360 -0.21216
   0.45437  0.05356 -0.21153
   0.44650  0.05351 -0.21100
   0.43864  0.05345 -0.20989
   0.43079  0.05338 -0.20964
   0.42295  0.05330 -0.20933
   0.41514  0.05321 -0.20895
   0.40737  0.05312 -0.20957
   0.39966  0.05301 -0.20894
   0.39202  0.05289 -0.21014
   0.38445  0.05276 -0.20719
   0.37694  0.05262 -0.20454
   0.36954  0.05249 -0.20353
   0.36229  0.05236 -0.21064
   0.35524  0.05223 -0.22145
   0.34842  0.05207 -0.23063
   0.34179  0.05185 -0.22184
   0.33530  0.05159 -0.19491
   0.32892  0.05132 -0.16822
   0.32258  0.05111 -0.15449
   0.31625  0.05098 -0.17078
   0.30988  0.05089 -0.20005
   0.30343  0.05078 -0.22727
   0.29682  0.05061 -0.22954
   0.29002  0.05037 -0.21709
   0.28299  0.05009 -0.20524
   0.27579  0.04982 -0.20391
   0.26847  0.04954 -0.20791
   0.26108  0.04924 -0.20980
   0.25361  0.04892 -0.20862
   0.24607  0.04858 -0.20861
   0.23850  0.04823 -0.20954
   0.23092  0.04786 -0.20990
   0.22333  0.04747 -0.21064
   0.21574  0.04707 -0.21108
   0.20817  0.04664 -0.21280
   0.20063  0.04620 -0.21321
   0.19311  0.04574 -0.21391
   0.18563  0.04526 -0.21695
   0.17820  0.04475 -0.21657
   0.17081  0.04423 -0.21773
   0.16349  0.04368 -0.22000
   0.15624  0.04311 -0.21993
   0.14907  0.04251 -0.22222
   0.14200  0.04189 -0.22273
   0.13503  0.04125 -0.22359
   0.12818  0.04059 -0.22420
   0.12147  0.03990 -0.22431
   0.11493  0.03919 -0.22417
   0.10856  0.03847 -0.22406
   0.10240  0.03773 -0.22345
   0.09647  0.03699 -0.22423
   0.09078  0.03624 -0.22574
   0.08537  0.03550 -0.22419
   0.08024  0.03476 -0.22920
   0.07540  0.03403 -0.23072
   0.07085  0.03331 -0.23423
   0.06658  0.03261 -0.24655
   0.06257  0.03190 -0.24703
   0.05879  0.03120 -0.25780
   0.05523  0.03050 -0.26166
   0.05189  0.02978 -0.25948
   0.04873  0.02906 -0.25305
   0.04574  0.02833 -0.24189
   0.04291  0.02760 -0.23232
   0.04024  0.02687 -0.21721
   0.03771  0.02615 -0.20490
   0.03531  0.02543 -0.19665
   0.03305  0.02471 -0.17177
   0.03089  0.02399 -0.14164
   0.02884  0.02329 -0.11785
   0.02688  0.02260 -0.10204
   0.02502  0.02195 -0.09976
   0.02326  0.02131 -0.09756
   0.02159  0.02067 -0.09584
   0.02000  0.02005 -0.08943
   0.01849  0.01942 -0.07833
   0.01706  0.01880 -0.05995
   0.01569  0.01817 -0.03329
   0.01439  0.01754 -0.01078
   0.01314  0.01692  0.01275
   0.01194  0.01630  0.03342
   0.01080  0.01568  0.05289
   0.00971  0.01507  0.07136
   0.00867  0.01445  0.09650
   0.00767  0.01383  0.11400
   0.00672  0.01321  0.13825
   0.00581  0.01258  0.15843
   0.00495  0.01194  0.18895
   0.00414  0.01128  0.21229
   0.00338  0.01061  0.24006
   0.00268  0.00990  0.27342
   0.00207  0.00914  0.38110
   0.00154  0.00835  0.46900
   0.00111  0.00752  0.58433
   0.00078  0.00665  0.71130
   0.00053  0.00577  0.81254
   0.00035  0.00489  0.88494
   0.00022  0.00400  0.93315
   0.00012  0.00312  0.96753
   0.00005  0.00224  0.98721
   0.00001  0.00137  0.99765
  -0.00000  0.00051  0.99975
   0.00001 -0.00034  0.99447
   0.00004 -0.00120  0.98181
   0.00010 -0.00206  0.96137
   0.00020 -0.00292  0.94504
   0.00027 -0.00380  0.89922
   0.00039 -0.00468  0.86552
   0.00054 -0.00556  0.81610
   0.00072 -0.00645  0.75614
   0.00092 -0.00735  0.68988
   0.00115 -0.00824  0.61216
   0.00142 -0.00914  0.51343
   0.00173 -0.01004  0.40406
   0.00207 -0.01094  0.27968
   0.00247 -0.01182  0.10417
   0.00292 -0.01269  0.02321
   0.00342 -0.01356 -0.32374
   0.00402 -0.01437 -0.38585
   0.00470 -0.01514 -0.49452
   0.00546 -0.01587 -0.52957
   0.00629 -0.01657 -0.55875
   0.00717 -0.01724 -0.56975
   0.00811 -0.01789 -0.58496
   0.00910 -0.01851 -0.58292
   0.01015 -0.01912 -0.57851
   0.01125 -0.01971 -0.57807
   0.01240 -0.02029 -0.57009
   0.01361 -0.02086 -0.56365
   0.01488 -0.02142 -0.55567
   0.01621 -0.02198 -0.54051
   0.01761 -0.02253 -0.53215
   0.01908 -0.02307 -0.51596
   0.02063 -0.02362 -0.51051
   0.02226 -0.02417 -0.49722
   0.02397 -0.02472 -0.48170
   0.02579 -0.02528 -0.47399
   0.02770 -0.02584 -0.46320
   0.02973 -0.02641 -0.45505
   0.03189 -0.02700 -0.44697
   0.03419 -0.02759 -0.44024
   0.03663 -0.02820 -0.42918
   0.03924 -0.02882 -0.42232
   0.04203 -0.02945 -0.41123
   0.04502 -0.03011 -0.40429
   0.04822 -0.03078 -0.39821
   0.05165 -0.03148 -0.39462
   0.05533 -0.03220 -0.38992
   0.05925 -0.03293 -0.38661
   0.06344 -0.03368 -0.38161
   0.06789 -0.03445 -0.37932
   0.07262 -0.03522 -0.37431
   0.07761 -0.03600 -0.37264
   0.08288 -0.03679 -0.36909
   0.08842 -0.03758 -0.36563
   0.09419 -0.03836 -0.36242
   0.10019 -0.03914 -0.36022
   0.10638 -0.03991 -0.35920
   0.11276 -0.04065 -0.35809
   0.11929 -0.04138 -0.35718
   0.12594 -0.04208 -0.35570
   0.13272 -0.04276 -0.35450
   0.13959 -0.04340 -0.35294
   0.14656 -0.04401 -0.34971
   0.15362 -0.04460 -0.34787
   0.16075 -0.04515 -0.34384
   0.16794 -0.04567 -0.34145
   0.17519 -0.04616 -0.33797
   0.18248 -0.04663 -0.33585
   0.18981 -0.04706 -0.33355
   0.19717 -0.04747 -0.33204
   0.20456 -0.04785 -0.32774
   0.21197 -0.04820 -0.32676
   0.21942 -0.04852 -0.32253
   0.22690 -0.04882 -0.31984
   0.23441 -0.04909 -0.31500
   0.24195 -0.04934 -0.31277
   0.24951 -0.04956 -0.31063
   0.25708 -0.04977 -0.30727
   0.26468 -0.04995 -0.30587
   0.27229 -0.05011 -0.30152
   0.27991 -0.05024 -0.29999
   0.28756 -0.05036 -0.29649
   0.29522 -0.05046 -0.29446
   0.30289 -0.05054 -0.29251
   0.31057 -0.05060 -0.29033
   0.31825 -0.05064 -0.28806
   0.32595 -0.05066 -0.28639
   0.33364 -0.05066 -0.28481
   0.34135 -0.05065 -0.28293
   0.34906 -0.05061 -0.28116
   0.35677 -0.05056 -0.27929
   0.36448 -0.05048 -0.27759
   0.37219 -0.05039 -0.27600
   0.37990 -0.05028 -0.27391
   0.38761 -0.05015 -0.27255
   0.39532 -0.05001 -0.27117
   0.40302 -0.04984 -0.26977
   0.41072 -0.04966 -0.26767
   0.41842 -0.04945 -0.26702
   0.42610 -0.04923 -0.26562
   0.43378 -0.04899 -0.26487
   0.44144 -0.04873 -0.26272
   0.44910 -0.04845 -0.26213
   0.45674 -0.04815 -0.26057
   0.46437 -0.04783 -0.25983
   0.47199 -0.04749 -0.25811
   0.47960 -0.04713 -0.25623
   0.48720 -0.04674 -0.25490
   0.49478 -0.04634 -0.25316
   0.50235 -0.04590 -0.25076
   0.50991 -0.04545 -0.24951
   0.51745 -0.04497 -0.24687
   0.52498 -0.04447 -0.24443
   0.53250 -0.04395 -0.24229
   0.54000 -0.04340 -0.23970
   0.54749 -0.04282 -0.23685
   0.55497 -0.04222 -0.23370
   0.56243 -0.04159 -0.23004
   0.56987 -0.04093 -0.22669
   0.57730 -0.04025 -0.22299
   0.58471 -0.03954 -0.21884
   0.59210 -0.03881 -0.21464
   0.59948 -0.03804 -0.21020
   0.60683 -0.03724 -0.20559
   0.61417 -0.03642 -0.19934
   0.62149 -0.03556 -0.19461
   0.62879 -0.03468 -0.18733
   0.63608 -0.03376 -0.18163
   0.64335 -0.03281 -0.17348
   0.65061 -0.03183 -0.16637
   0.65786 -0.03081 -0.15780
   0.66510 -0.02976 -0.14889
   0.67232 -0.02867 -0.13911
   0.67954 -0.02755 -0.12899
   0.68676 -0.02640 -0.11843
   0.69397 -0.02520 -0.10721
   0.70117 -0.02398 -0.09444
   0.70838 -0.02271 -0.08171
   0.71559 -0.02141 -0.06820
   0.72281 -0.02007 -0.05383
   0.73004 -0.01870 -0.03907
   0.73728 -0.01729 -0.02296
   0.74453 -0.01584 -0.00538
   0.75180 -0.01436  0.01095
   0.75910 -0.01284  0.03096
   0.76642 -0.01128  0.04905
   0.77378 -0.00969  0.07085
   0.78118 -0.00807  0.08970
   0.78863 -0.00642  0.11318
   0.79611 -0.00475  0.13404
   0.80361 -0.00306  0.15846
   0.81108 -0.00138  0.18139
   0.81847  0.00029  0.20438
   0.82574  0.00191  0.22815
   0.83289  0.00348  0.25017
   0.83991  0.00499  0.27070
   0.84680  0.00644  0.29040
   0.85358  0.00782  0.30982
   0.86023  0.00913  0.32612
   0.86676  0.01036  0.34471
   0.87316  0.01151  0.35885
   0.87944  0.01258  0.37530
   0.88561  0.01356  0.38713
   0.89167  0.01445  0.39935
   0.89763  0.01526  0.41015
   0.90349  0.01599  0.41971
   0.90927  0.01663  0.42752
   0.91493  0.01718  0.43717
   0.92047  0.01765  0.44304
   0.92588  0.01803  0.45131
   0.93120  0.01832  0.45491
   0.93644  0.01853  0.45574
   0.94160  0.01868  0.45866
   0.94662  0.01876  0.46561
   0.95140  0.01879  0.48100
   0.95595  0.01872  0.49067
   0.96030  0.01853  0.49576
   0.96456  0.01820  0.48085
   0.96881  0.01775  0.45327
   0.97308  0.01723  0.42618
   0.97733  0.01672  0.41399
   0.98147  0.01621  0.42718
   0.98549  0.01562  0.43412
   0.98945  0.01488  0.38888
   0.99342  0.01406  0.32418
   0.99738  0.01325  0.29889
   1.00000  0.01271  0.25421
