GRUMMAN K-2 AIRFOIL                             
 Alfa =  -1.28380 Re =        0.000 Xflap,Yflap =     0.000000    0.000000
#    x        y        Cp  
   1.00000  0.01371  0.25421
   0.99740  0.01444  0.09922
   0.99329  0.01549  0.06147
   0.98889  0.01657  0.04613
   0.98423  0.01772  0.00578
   0.97929  0.01890 -0.02917
   0.97409  0.02011 -0.05514
   0.96867  0.02135 -0.08552
   0.96305  0.02259 -0.11205
   0.95727  0.02381 -0.13370
   0.95131  0.02502 -0.15462
   0.94520  0.02620 -0.16970
   0.93893  0.02735 -0.18276
   0.93253  0.02848 -0.19398
   0.92600  0.02957 -0.20116
   0.91932  0.03065 -0.20722
   0.91254  0.03170 -0.21417
   0.90568  0.03272 -0.22279
   0.89876  0.03372 -0.23023
   0.89181  0.03467 -0.23832
   0.88484  0.03559 -0.24429
   0.87782  0.03647 -0.24693
   0.87073  0.03731 -0.24806
   0.86355  0.03812 -0.24917
   0.85628  0.03891 -0.24794
   0.84891  0.03968 -0.24706
   0.84146  0.04044 -0.24702
   0.83396  0.04117 -0.24695
   0.82645  0.04190 -0.25268
   0.81896  0.04260 -0.25758
   0.81149  0.04327 -0.26116
   0.80402  0.04391 -0.26369
   0.79655  0.04452 -0.26611
   0.78909  0.04510 -0.26831
   0.78162  0.04565 -0.26903
   0.77414  0.04617 -0.26857
   0.76665  0.04666 -0.26894
   0.75914  0.04713 -0.26773
   0.75161  0.04756 -0.26591
   0.74405  0.04798 -0.26419
   0.73646  0.04837 -0.26126
   0.72884  0.04874 -0.25884
   0.72118  0.04909 -0.25596
   0.71350  0.04943 -0.25264
   0.70580  0.04974 -0.25084
   0.69806  0.05004 -0.24784
   0.69030  0.05033 -0.24577
   0.68252  0.05060 -0.24370
   0.67473  0.05086 -0.24190
   0.66693  0.05111 -0.23971
   0.65911  0.05135 -0.23847
   0.65129  0.05157 -0.23697
   0.64347  0.05178 -0.23493
   0.63563  0.05197 -0.23382
   0.62779  0.05216 -0.23231
   0.61994  0.05233 -0.23024
   0.61208  0.05249 -0.22973
   0.60421  0.05264 -0.22721
   0.59633  0.05278 -0.22637
   0.58846  0.05291 -0.22516
   0.58058  0.05303 -0.22453
   0.57270  0.05314 -0.22329
   0.56482  0.05324 -0.22239
   0.55693  0.05333 -0.22131
   0.54904  0.05340 -0.22065
   0.54115  0.05347 -0.21921
   0.53326  0.05353 -0.21887
   0.52537  0.05358 -0.21751
   0.51748  0.05361 -0.21659
   0.50958  0.05364 -0.21630
   0.50169  0.05366 -0.21468
   0.49380  0.05367 -0.21504
   0.48590  0.05367 -0.21336
   0.47801  0.05366 -0.21371
   0.47012  0.05363 -0.21269
   0.46224  0.05360 -0.21193
   0.45437  0.05356 -0.21130
   0.44650  0.05351 -0.21076
   0.43864  0.05345 -0.20965
   0.43079  0.05338 -0.20940
   0.42295  0.05330 -0.20908
   0.41514  0.05321 -0.20870
   0.40737  0.05312 -0.20931
   0.39966  0.05301 -0.20868
   0.39202  0.05289 -0.20988
   0.38445  0.05276 -0.20692
   0.37694  0.05262 -0.20427
   0.36954  0.05249 -0.20326
   0.36229  0.05236 -0.21036
   0.35524  0.05223 -0.22116
   0.34842  0.05207 -0.23033
   0.34179  0.05185 -0.22154
   0.33530  0.05159 -0.19461
   0.32892  0.05132 -0.16792
   0.32258  0.05111 -0.15420
   0.31625  0.05098 -0.17048
   0.30988  0.05089 -0.19974
   0.30343  0.05078 -0.22695
   0.29682  0.05061 -0.22921
   0.29002  0.05037 -0.21675
   0.28299  0.05009 -0.20490
   0.27579  0.04982 -0.20356
   0.26847  0.04954 -0.20756
   0.26108  0.04924 -0.20944
   0.25361  0.04892 -0.20826
   0.24607  0.04858 -0.20824
   0.23850  0.04823 -0.20916
   0.23092  0.04786 -0.20952
   0.22333  0.04747 -0.21024
   0.21574  0.04707 -0.21068
   0.20817  0.04664 -0.21238
   0.20063  0.04620 -0.21278
   0.19311  0.04574 -0.21348
   0.18563  0.04526 -0.21650
   0.17820  0.04475 -0.21611
   0.17081  0.04423 -0.21726
   0.16349  0.04368 -0.21952
   0.15624  0.04311 -0.21944
   0.14907  0.04251 -0.22171
   0.14200  0.04189 -0.22221
   0.13503  0.04125 -0.22305
   0.12818  0.04059 -0.22364
   0.12147  0.03990 -0.22374
   0.11493  0.03919 -0.22358
   0.10856  0.03847 -0.22345
   0.10240  0.03773 -0.22282
   0.09647  0.03699 -0.22358
   0.09078  0.03624 -0.22506
   0.08537  0.03550 -0.22350
   0.08024  0.03476 -0.22848
   0.07540  0.03403 -0.22997
   0.07085  0.03331 -0.23345
   0.06658  0.03261 -0.24574
   0.06257  0.03190 -0.24620
   0.05879  0.03120 -0.25693
   0.05523  0.03050 -0.26076
   0.05189  0.02978 -0.25855
   0.04873  0.02906 -0.25210
   0.04574  0.02833 -0.24091
   0.04291  0.02760 -0.23132
   0.04024  0.02687 -0.21619
   0.03771  0.02615 -0.20385
   0.03531  0.02543 -0.19557
   0.03305  0.02471 -0.17068
   0.03089  0.02399 -0.14053
   0.02884  0.02329 -0.11674
   0.02688  0.02260 -0.10090
   0.02502  0.02195 -0.09858
   0.02326  0.02131 -0.09634
   0.02159  0.02067 -0.09458
   0.02000  0.02005 -0.08813
   0.01849  0.01942 -0.07699
   0.01706  0.01880 -0.05859
   0.01569  0.01817 -0.03190
   0.01439  0.01754 -0.00936
   0.01314  0.01692  0.01419
   0.01194  0.01630  0.03489
   0.01080  0.01568  0.05440
   0.00971  0.01507  0.07292
   0.00867  0.01445  0.09810
   0.00767  0.01383  0.11564
   0.00672  0.01321  0.13994
   0.00581  0.01258  0.16018
   0.00495  0.01194  0.19076
   0.00414  0.01128  0.21418
   0.00338  0.01061  0.24205
   0.00268  0.00990  0.27550
   0.00207  0.00914  0.38307
   0.00154  0.00835  0.47090
   0.00111  0.00752  0.58605
   0.00078  0.00665  0.71270
   0.00053  0.00577  0.81363
   0.00035  0.00489  0.88577
   0.00022  0.00400  0.93376
   0.00012  0.00312  0.96795
   0.00005  0.00224  0.98747
   0.00001  0.00137  0.99776
  -0.00000  0.00051  0.99971
   0.00001 -0.00034  0.99430
   0.00004 -0.00120  0.98152
   0.00010 -0.00206  0.96094
   0.00020 -0.00292  0.94456
   0.00027 -0.00380  0.89851
   0.00039 -0.00468  0.86473
   0.00054 -0.00556  0.81518
   0.00072 -0.00645  0.75507
   0.00092 -0.00735  0.68867
   0.00115 -0.00824  0.61080
   0.00142 -0.00914  0.51189
   0.00173 -0.01004  0.40234
   0.00207 -0.01094  0.27777
   0.00247 -0.01182  0.10199
   0.00292 -0.01269  0.02100
   0.00342 -0.01356 -0.32652
   0.00402 -0.01437 -0.38855
   0.00470 -0.01514 -0.49726
   0.00546 -0.01587 -0.53220
   0.00629 -0.01657 -0.56129
   0.00717 -0.01724 -0.57217
   0.00811 -0.01789 -0.58729
   0.00910 -0.01851 -0.58514
   0.01015 -0.01912 -0.58063
   0.01125 -0.01971 -0.58011
   0.01240 -0.02029 -0.57204
   0.01361 -0.02086 -0.56552
   0.01488 -0.02142 -0.55747
   0.01621 -0.02198 -0.54223
   0.01761 -0.02253 -0.53380
   0.01908 -0.02307 -0.51754
   0.02063 -0.02362 -0.51203
   0.02226 -0.02417 -0.49868
   0.02397 -0.02472 -0.48310
   0.02579 -0.02528 -0.47534
   0.02770 -0.02584 -0.46451
   0.02973 -0.02641 -0.45631
   0.03189 -0.02700 -0.44818
   0.03419 -0.02759 -0.44141
   0.03663 -0.02820 -0.43031
   0.03924 -0.02882 -0.42341
   0.04203 -0.02945 -0.41228
   0.04502 -0.03011 -0.40530
   0.04822 -0.03078 -0.39918
   0.05165 -0.03148 -0.39555
   0.05533 -0.03220 -0.39083
   0.05925 -0.03293 -0.38748
   0.06344 -0.03368 -0.38245
   0.06789 -0.03445 -0.38014
   0.07262 -0.03522 -0.37509
   0.07761 -0.03600 -0.37340
   0.08288 -0.03679 -0.36982
   0.08842 -0.03758 -0.36634
   0.09419 -0.03836 -0.36310
   0.10019 -0.03914 -0.36088
   0.10638 -0.03991 -0.35984
   0.11276 -0.04065 -0.35871
   0.11929 -0.04138 -0.35778
   0.12594 -0.04208 -0.35628
   0.13272 -0.04276 -0.35507
   0.13959 -0.04340 -0.35348
   0.14656 -0.04401 -0.35025
   0.15362 -0.04460 -0.34839
   0.16075 -0.04515 -0.34434
   0.16794 -0.04567 -0.34194
   0.17519 -0.04616 -0.33845
   0.18248 -0.04663 -0.33631
   0.18981 -0.04706 -0.33400
   0.19717 -0.04747 -0.33248
   0.20456 -0.04785 -0.32817
   0.21197 -0.04820 -0.32718
   0.21942 -0.04852 -0.32294
   0.22690 -0.04882 -0.32024
   0.23441 -0.04909 -0.31539
   0.24195 -0.04934 -0.31316
   0.24951 -0.04956 -0.31100
   0.25708 -0.04977 -0.30764
   0.26468 -0.04995 -0.30623
   0.27229 -0.05011 -0.30187
   0.27991 -0.05024 -0.30034
   0.28756 -0.05036 -0.29683
   0.29522 -0.05046 -0.29479
   0.30289 -0.05054 -0.29284
   0.31057 -0.05060 -0.29065
   0.31825 -0.05064 -0.28837
   0.32595 -0.05066 -0.28670
   0.33364 -0.05066 -0.28511
   0.34135 -0.05065 -0.28322
   0.34906 -0.05061 -0.28145
   0.35677 -0.05056 -0.27957
   0.36448 -0.05048 -0.27787
   0.37219 -0.05039 -0.27627
   0.37990 -0.05028 -0.27418
   0.38761 -0.05015 -0.27282
   0.39532 -0.05001 -0.27143
   0.40302 -0.04984 -0.27003
   0.41072 -0.04966 -0.26792
   0.41842 -0.04945 -0.26727
   0.42610 -0.04923 -0.26587
   0.43378 -0.04899 -0.26510
   0.44144 -0.04873 -0.26295
   0.44910 -0.04845 -0.26236
   0.45674 -0.04815 -0.26080
   0.46437 -0.04783 -0.26005
   0.47199 -0.04749 -0.25833
   0.47960 -0.04713 -0.25644
   0.48720 -0.04674 -0.25511
   0.49478 -0.04634 -0.25337
   0.50235 -0.04590 -0.25096
   0.50991 -0.04545 -0.24971
   0.51745 -0.04497 -0.24707
   0.52498 -0.04447 -0.24462
   0.53250 -0.04395 -0.24249
   0.54000 -0.04340 -0.23989
   0.54749 -0.04282 -0.23704
   0.55497 -0.04222 -0.23388
   0.56243 -0.04159 -0.23022
   0.56987 -0.04093 -0.22686
   0.57730 -0.04025 -0.22316
   0.58471 -0.03954 -0.21901
   0.59210 -0.03881 -0.21480
   0.59948 -0.03804 -0.21036
   0.60683 -0.03724 -0.20574
   0.61417 -0.03642 -0.19949
   0.62149 -0.03556 -0.19476
   0.62879 -0.03468 -0.18748
   0.63608 -0.03376 -0.18177
   0.64335 -0.03281 -0.17362
   0.65061 -0.03183 -0.16651
   0.65786 -0.03081 -0.15794
   0.66510 -0.02976 -0.14902
   0.67232 -0.02867 -0.13923
   0.67954 -0.02755 -0.12911
   0.68676 -0.02640 -0.11855
   0.69397 -0.02520 -0.10733
   0.70117 -0.02398 -0.09455
   0.70838 -0.02271 -0.08182
   0.71559 -0.02141 -0.06831
   0.72281 -0.02007 -0.05393
   0.73004 -0.01870 -0.03917
   0.73728 -0.01729 -0.02305
   0.74453 -0.01584 -0.00547
   0.75180 -0.01436  0.01086
   0.75910 -0.01284  0.03087
   0.76642 -0.01128  0.04896
   0.77378 -0.00969  0.07077
   0.78118 -0.00807  0.08962
   0.78863 -0.00642  0.11311
   0.79611 -0.00475  0.13398
   0.80361 -0.00306  0.15840
   0.81108 -0.00138  0.18133
   0.81847  0.00029  0.20432
   0.82574  0.00191  0.22810
   0.83289  0.00348  0.25012
   0.83991  0.00499  0.27065
   0.84680  0.00644  0.29035
   0.85358  0.00782  0.30978
   0.86023  0.00913  0.32608
   0.86676  0.01036  0.34467
   0.87316  0.01151  0.35881
   0.87944  0.01258  0.37526
   0.88561  0.01356  0.38709
   0.89167  0.01445  0.39932
   0.89763  0.01526  0.41012
   0.90349  0.01599  0.41968
   0.90927  0.01663  0.42749
   0.91493  0.01718  0.43714
   0.92047  0.01765  0.44302
   0.92588  0.01803  0.45128
   0.93120  0.01832  0.45488
   0.93644  0.01853  0.45572
   0.94160  0.01868  0.45864
   0.94662  0.01876  0.46559
   0.95140  0.01879  0.48098
   0.95595  0.01872  0.49065
   0.96030  0.01853  0.49574
   0.96456  0.01820  0.48083
   0.96881  0.01775  0.45325
   0.97308  0.01723  0.42616
   0.97733  0.01672  0.41397
   0.98147  0.01621  0.42716
   0.98549  0.01562  0.43411
   0.98945  0.01488  0.38886
   0.99342  0.01406  0.32417
   0.99738  0.01325  0.29888
   1.00000  0.01271  0.25421
