GRUMMAN K-2 AIRFOIL                             
 Alfa =  -1.16000 Re =        0.000 Xflap,Yflap =     0.000000    0.000000
#    x        y        Cp  
   1.00000  0.01371  0.25415
   0.99740  0.01444  0.09906
   0.99329  0.01549  0.06125
   0.98889  0.01657  0.04577
   0.98423  0.01772  0.00529
   0.97929  0.01890 -0.02974
   0.97409  0.02011 -0.05578
   0.96867  0.02135 -0.08629
   0.96305  0.02259 -0.11290
   0.95727  0.02381 -0.13462
   0.95131  0.02502 -0.15566
   0.94520  0.02620 -0.17083
   0.93893  0.02735 -0.18399
   0.93253  0.02848 -0.19530
   0.92600  0.02957 -0.20253
   0.91932  0.03065 -0.20871
   0.91254  0.03170 -0.21570
   0.90568  0.03272 -0.22444
   0.89876  0.03372 -0.23191
   0.89181  0.03467 -0.24012
   0.88484  0.03559 -0.24616
   0.87782  0.03647 -0.24886
   0.87073  0.03731 -0.25006
   0.86355  0.03812 -0.25126
   0.85628  0.03891 -0.25005
   0.84891  0.03968 -0.24929
   0.84146  0.04044 -0.24928
   0.83396  0.04117 -0.24930
   0.82645  0.04190 -0.25507
   0.81896  0.04260 -0.26007
   0.81149  0.04327 -0.26372
   0.80402  0.04391 -0.26630
   0.79655  0.04452 -0.26883
   0.78909  0.04510 -0.27104
   0.78162  0.04565 -0.27189
   0.77414  0.04617 -0.27146
   0.76665  0.04666 -0.27194
   0.75914  0.04713 -0.27075
   0.75161  0.04756 -0.26900
   0.74405  0.04798 -0.26731
   0.73646  0.04837 -0.26447
   0.72884  0.04874 -0.26209
   0.72118  0.04909 -0.25928
   0.71350  0.04943 -0.25603
   0.70580  0.04974 -0.25428
   0.69806  0.05004 -0.25131
   0.69030  0.05033 -0.24934
   0.68252  0.05060 -0.24729
   0.67473  0.05086 -0.24559
   0.66693  0.05111 -0.24344
   0.65911  0.05135 -0.24225
   0.65129  0.05157 -0.24084
   0.64347  0.05178 -0.23885
   0.63563  0.05197 -0.23780
   0.62779  0.05216 -0.23635
   0.61994  0.05233 -0.23436
   0.61208  0.05249 -0.23389
   0.60421  0.05264 -0.23144
   0.59633  0.05278 -0.23069
   0.58846  0.05291 -0.22953
   0.58058  0.05303 -0.22898
   0.57270  0.05314 -0.22780
   0.56482  0.05324 -0.22696
   0.55693  0.05333 -0.22595
   0.54904  0.05340 -0.22537
   0.54115  0.05347 -0.22401
   0.53326  0.05353 -0.22374
   0.52537  0.05358 -0.22245
   0.51748  0.05361 -0.22163
   0.50958  0.05364 -0.22140
   0.50169  0.05366 -0.21986
   0.49380  0.05367 -0.22029
   0.48590  0.05367 -0.21869
   0.47801  0.05366 -0.21913
   0.47012  0.05363 -0.21818
   0.46224  0.05360 -0.21752
   0.45437  0.05356 -0.21697
   0.44650  0.05351 -0.21652
   0.43864  0.05345 -0.21548
   0.43079  0.05338 -0.21534
   0.42295  0.05330 -0.21511
   0.41514  0.05321 -0.21482
   0.40737  0.05312 -0.21554
   0.39966  0.05301 -0.21502
   0.39202  0.05289 -0.21630
   0.38445  0.05276 -0.21345
   0.37694  0.05262 -0.21088
   0.36954  0.05249 -0.20996
   0.36229  0.05236 -0.21721
   0.35524  0.05223 -0.22819
   0.34842  0.05207 -0.23750
   0.34179  0.05185 -0.22878
   0.33530  0.05159 -0.20179
   0.32892  0.05132 -0.17504
   0.32258  0.05111 -0.16134
   0.31625  0.05098 -0.17782
   0.30988  0.05089 -0.20737
   0.30343  0.05078 -0.23488
   0.29682  0.05061 -0.23727
   0.29002  0.05037 -0.22487
   0.28299  0.05009 -0.21308
   0.27579  0.04982 -0.21188
   0.26847  0.04954 -0.21606
   0.26108  0.04924 -0.21810
   0.25361  0.04892 -0.21709
   0.24607  0.04858 -0.21725
   0.23850  0.04823 -0.21836
   0.23092  0.04786 -0.21892
   0.22333  0.04747 -0.21985
   0.21574  0.04707 -0.22050
   0.20817  0.04664 -0.22245
   0.20063  0.04620 -0.22308
   0.19311  0.04574 -0.22402
   0.18563  0.04526 -0.22733
   0.17820  0.04475 -0.22721
   0.17081  0.04423 -0.22866
   0.16349  0.04368 -0.23123
   0.15624  0.04311 -0.23147
   0.14907  0.04251 -0.23410
   0.14200  0.04189 -0.23496
   0.13503  0.04125 -0.23617
   0.12818  0.04059 -0.23717
   0.12147  0.03990 -0.23768
   0.11493  0.03919 -0.23796
   0.10856  0.03847 -0.23829
   0.10240  0.03773 -0.23813
   0.09647  0.03699 -0.23941
   0.09078  0.03624 -0.24144
   0.08537  0.03550 -0.24042
   0.08024  0.03476 -0.24603
   0.07540  0.03403 -0.24815
   0.07085  0.03331 -0.25228
   0.06658  0.03261 -0.26541
   0.06257  0.03190 -0.26651
   0.05879  0.03120 -0.27812
   0.05523  0.03050 -0.28271
   0.05189  0.02978 -0.28121
   0.04873  0.02906 -0.27540
   0.04574  0.02833 -0.26479
   0.04291  0.02760 -0.25582
   0.04024  0.02687 -0.24121
   0.03771  0.02615 -0.22946
   0.03531  0.02543 -0.22189
   0.03305  0.02471 -0.19734
   0.03089  0.02399 -0.16743
   0.02884  0.02329 -0.14398
   0.02688  0.02260 -0.12872
   0.02502  0.02195 -0.12732
   0.02326  0.02131 -0.12608
   0.02159  0.02067 -0.12536
   0.02000  0.02005 -0.11990
   0.01849  0.01942 -0.10969
   0.01706  0.01880 -0.09198
   0.01569  0.01817 -0.06582
   0.01439  0.01754 -0.04390
   0.01314  0.01692 -0.02104
   0.01194  0.01630 -0.00118
   0.01080  0.01568  0.01738
   0.00971  0.01507  0.03488
   0.00867  0.01445  0.05908
   0.00767  0.01383  0.07536
   0.00672  0.01321  0.09835
   0.00581  0.01258  0.11702
   0.00495  0.01194  0.14616
   0.00414  0.01128  0.16764
   0.00338  0.01061  0.19313
   0.00268  0.00990  0.22420
   0.00207  0.00914  0.33427
   0.00154  0.00835  0.42365
   0.00111  0.00752  0.54334
   0.00078  0.00665  0.67782
   0.00053  0.00577  0.78633
   0.00035  0.00489  0.86495
   0.00022  0.00400  0.91815
   0.00012  0.00312  0.95709
   0.00005  0.00224  0.98053
   0.00001  0.00137  0.99446
  -0.00000  0.00051  0.99990
   0.00001 -0.00034  0.99761
   0.00004 -0.00120  0.98802
   0.00010 -0.00206  0.97085
   0.00020 -0.00292  0.95558
   0.00027 -0.00380  0.91502
   0.00039 -0.00468  0.88322
   0.00054 -0.00556  0.83701
   0.00072 -0.00645  0.78042
   0.00092 -0.00735  0.71743
   0.00115 -0.00824  0.64320
   0.00142 -0.00914  0.54860
   0.00173 -0.01004  0.44349
   0.00207 -0.01094  0.32338
   0.00247 -0.01182  0.15420
   0.00292 -0.01269  0.07394
   0.00342 -0.01356 -0.25986
   0.00402 -0.01437 -0.32368
   0.00470 -0.01514 -0.43148
   0.00546 -0.01587 -0.46891
   0.00629 -0.01657 -0.50022
   0.00717 -0.01724 -0.51379
   0.00811 -0.01789 -0.53112
   0.00910 -0.01851 -0.53148
   0.01015 -0.01912 -0.52938
   0.01125 -0.01971 -0.53094
   0.01240 -0.02029 -0.52495
   0.01361 -0.02086 -0.52036
   0.01488 -0.02142 -0.51416
   0.01621 -0.02198 -0.50079
   0.01761 -0.02253 -0.49401
   0.01908 -0.02307 -0.47938
   0.02063 -0.02362 -0.47528
   0.02226 -0.02417 -0.46338
   0.02397 -0.02472 -0.44921
   0.02579 -0.02528 -0.44270
   0.02770 -0.02584 -0.43307
   0.02973 -0.02641 -0.42599
   0.03189 -0.02700 -0.41894
   0.03419 -0.02759 -0.41319
   0.03663 -0.02820 -0.40313
   0.03924 -0.02882 -0.39720
   0.04203 -0.02945 -0.38705
   0.04502 -0.03011 -0.38098
   0.04822 -0.03078 -0.37572
   0.05165 -0.03148 -0.37288
   0.05533 -0.03220 -0.36894
   0.05925 -0.03293 -0.36635
   0.06344 -0.03368 -0.36206
   0.06789 -0.03445 -0.36045
   0.07262 -0.03522 -0.35610
   0.07761 -0.03600 -0.35504
   0.08288 -0.03679 -0.35210
   0.08842 -0.03758 -0.34923
   0.09419 -0.03836 -0.34657
   0.10019 -0.03914 -0.34489
   0.10638 -0.03991 -0.34436
   0.11276 -0.04065 -0.34371
   0.11929 -0.04138 -0.34323
   0.12594 -0.04208 -0.34217
   0.13272 -0.04276 -0.34137
   0.13959 -0.04340 -0.34018
   0.14656 -0.04401 -0.33732
   0.15362 -0.04460 -0.33582
   0.16075 -0.04515 -0.33213
   0.16794 -0.04567 -0.33006
   0.17519 -0.04616 -0.32688
   0.18248 -0.04663 -0.32504
   0.18981 -0.04706 -0.32300
   0.19717 -0.04747 -0.32176
   0.20456 -0.04785 -0.31771
   0.21197 -0.04820 -0.31696
   0.21942 -0.04852 -0.31296
   0.22690 -0.04882 -0.31049
   0.23441 -0.04909 -0.30587
   0.24195 -0.04934 -0.30386
   0.24951 -0.04956 -0.30190
   0.25708 -0.04977 -0.29873
   0.26468 -0.04995 -0.29751
   0.27229 -0.05011 -0.29334
   0.27991 -0.05024 -0.29198
   0.28756 -0.05036 -0.28864
   0.29522 -0.05046 -0.28677
   0.30289 -0.05054 -0.28497
   0.31057 -0.05060 -0.28294
   0.31825 -0.05064 -0.28080
   0.32595 -0.05066 -0.27928
   0.33364 -0.05066 -0.27783
   0.34135 -0.05065 -0.27608
   0.34906 -0.05061 -0.27443
   0.35677 -0.05056 -0.27268
   0.36448 -0.05048 -0.27111
   0.37219 -0.05039 -0.26961
   0.37990 -0.05028 -0.26767
   0.38761 -0.05015 -0.26640
   0.39532 -0.05001 -0.26514
   0.40302 -0.04984 -0.26384
   0.41072 -0.04966 -0.26183
   0.41842 -0.04945 -0.26129
   0.42610 -0.04923 -0.25999
   0.43378 -0.04899 -0.25932
   0.44144 -0.04873 -0.25726
   0.44910 -0.04845 -0.25678
   0.45674 -0.04815 -0.25531
   0.46437 -0.04783 -0.25465
   0.47199 -0.04749 -0.25302
   0.47960 -0.04713 -0.25122
   0.48720 -0.04674 -0.24999
   0.49478 -0.04634 -0.24833
   0.50235 -0.04590 -0.24600
   0.50991 -0.04545 -0.24485
   0.51745 -0.04497 -0.24227
   0.52498 -0.04447 -0.23993
   0.53250 -0.04395 -0.23787
   0.54000 -0.04340 -0.23536
   0.54749 -0.04282 -0.23258
   0.55497 -0.04222 -0.22951
   0.56243 -0.04159 -0.22594
   0.56987 -0.04093 -0.22265
   0.57730 -0.04025 -0.21903
   0.58471 -0.03954 -0.21497
   0.59210 -0.03881 -0.21083
   0.59948 -0.03804 -0.20647
   0.60683 -0.03724 -0.20193
   0.61417 -0.03642 -0.19576
   0.62149 -0.03556 -0.19111
   0.62879 -0.03468 -0.18392
   0.63608 -0.03376 -0.17829
   0.64335 -0.03281 -0.17021
   0.65061 -0.03183 -0.16319
   0.65786 -0.03081 -0.15469
   0.66510 -0.02976 -0.14585
   0.67232 -0.02867 -0.13616
   0.67954 -0.02755 -0.12613
   0.68676 -0.02640 -0.11562
   0.69397 -0.02520 -0.10449
   0.70117 -0.02398 -0.09180
   0.70838 -0.02271 -0.07916
   0.71559 -0.02141 -0.06573
   0.72281 -0.02007 -0.05143
   0.73004 -0.01870 -0.03674
   0.73728 -0.01729 -0.02072
   0.74453 -0.01584 -0.00325
   0.75180 -0.01436  0.01303
   0.75910 -0.01284  0.03295
   0.76642 -0.01128  0.05093
   0.77378 -0.00969  0.07266
   0.78118 -0.00807  0.09144
   0.78863 -0.00642  0.11485
   0.79611 -0.00475  0.13561
   0.80361 -0.00306  0.15995
   0.81108 -0.00138  0.18280
   0.81847  0.00029  0.20573
   0.82574  0.00191  0.22942
   0.83289  0.00348  0.25137
   0.83991  0.00499  0.27183
   0.84680  0.00644  0.29147
   0.85358  0.00782  0.31085
   0.86023  0.00913  0.32709
   0.86676  0.01036  0.34561
   0.87316  0.01151  0.35975
   0.87944  0.01258  0.37611
   0.88561  0.01356  0.38791
   0.89167  0.01445  0.40011
   0.89763  0.01526  0.41086
   0.90349  0.01599  0.42040
   0.90927  0.01663  0.42817
   0.91493  0.01718  0.43777
   0.92047  0.01765  0.44366
   0.92588  0.01803  0.45185
   0.93120  0.01832  0.45545
   0.93644  0.01853  0.45626
   0.94160  0.01868  0.45915
   0.94662  0.01876  0.46611
   0.95140  0.01879  0.48143
   0.95595  0.01872  0.49110
   0.96030  0.01853  0.49616
   0.96456  0.01820  0.48122
   0.96881  0.01775  0.45367
   0.97308  0.01723  0.42656
   0.97733  0.01672  0.41436
   0.98147  0.01621  0.42749
   0.98549  0.01562  0.43440
   0.98945  0.01488  0.38917
   0.99342  0.01406  0.32447
   0.99738  0.01325  0.29912
   1.00000  0.01271  0.25415
