GRUMMAN K-2 AIRFOIL                             
 Alfa =  -1.31600 Re =        0.000 Xflap,Yflap =     0.000000    0.000000
#    x        y        Cp  
   1.00000  0.01371  0.25423
   0.99740  0.01444  0.09926
   0.99329  0.01549  0.06153
   0.98889  0.01657  0.04623
   0.98423  0.01772  0.00591
   0.97929  0.01890 -0.02902
   0.97409  0.02011 -0.05497
   0.96867  0.02135 -0.08532
   0.96305  0.02259 -0.11183
   0.95727  0.02381 -0.13346
   0.95131  0.02502 -0.15434
   0.94520  0.02620 -0.16940
   0.93893  0.02735 -0.18244
   0.93253  0.02848 -0.19364
   0.92600  0.02957 -0.20081
   0.91932  0.03065 -0.20683
   0.91254  0.03170 -0.21377
   0.90568  0.03272 -0.22236
   0.89876  0.03372 -0.22979
   0.89181  0.03467 -0.23785
   0.88484  0.03559 -0.24380
   0.87782  0.03647 -0.24643
   0.87073  0.03731 -0.24753
   0.86355  0.03812 -0.24863
   0.85628  0.03891 -0.24739
   0.84891  0.03968 -0.24648
   0.84146  0.04044 -0.24644
   0.83396  0.04117 -0.24634
   0.82645  0.04190 -0.25205
   0.81896  0.04260 -0.25693
   0.81149  0.04327 -0.26049
   0.80402  0.04391 -0.26300
   0.79655  0.04452 -0.26540
   0.78909  0.04510 -0.26760
   0.78162  0.04565 -0.26829
   0.77414  0.04617 -0.26781
   0.76665  0.04666 -0.26817
   0.75914  0.04713 -0.26694
   0.75161  0.04756 -0.26511
   0.74405  0.04798 -0.26338
   0.73646  0.04837 -0.26042
   0.72884  0.04874 -0.25799
   0.72118  0.04909 -0.25510
   0.71350  0.04943 -0.25176
   0.70580  0.04974 -0.24995
   0.69806  0.05004 -0.24694
   0.69030  0.05033 -0.24484
   0.68252  0.05060 -0.24276
   0.67473  0.05086 -0.24094
   0.66693  0.05111 -0.23874
   0.65911  0.05135 -0.23748
   0.65129  0.05157 -0.23596
   0.64347  0.05178 -0.23391
   0.63563  0.05197 -0.23279
   0.62779  0.05216 -0.23125
   0.61994  0.05233 -0.22917
   0.61208  0.05249 -0.22865
   0.60421  0.05264 -0.22610
   0.59633  0.05278 -0.22525
   0.58846  0.05291 -0.22402
   0.58058  0.05303 -0.22337
   0.57270  0.05314 -0.22212
   0.56482  0.05324 -0.22120
   0.55693  0.05333 -0.22010
   0.54904  0.05340 -0.21942
   0.54115  0.05347 -0.21797
   0.53326  0.05353 -0.21760
   0.52537  0.05358 -0.21623
   0.51748  0.05361 -0.21529
   0.50958  0.05364 -0.21498
   0.50169  0.05366 -0.21334
   0.49380  0.05367 -0.21367
   0.48590  0.05367 -0.21198
   0.47801  0.05366 -0.21230
   0.47012  0.05363 -0.21126
   0.46224  0.05360 -0.21047
   0.45437  0.05356 -0.20982
   0.44650  0.05351 -0.20926
   0.43864  0.05345 -0.20813
   0.43079  0.05338 -0.20785
   0.42295  0.05330 -0.20751
   0.41514  0.05321 -0.20710
   0.40737  0.05312 -0.20770
   0.39966  0.05301 -0.20703
   0.39202  0.05289 -0.20821
   0.38445  0.05276 -0.20522
   0.37694  0.05262 -0.20255
   0.36954  0.05249 -0.20151
   0.36229  0.05236 -0.20858
   0.35524  0.05223 -0.21933
   0.34842  0.05207 -0.22847
   0.34179  0.05185 -0.21966
   0.33530  0.05159 -0.19274
   0.32892  0.05132 -0.16607
   0.32258  0.05111 -0.15234
   0.31625  0.05098 -0.16858
   0.30988  0.05089 -0.19775
   0.30343  0.05078 -0.22489
   0.29682  0.05061 -0.22711
   0.29002  0.05037 -0.21464
   0.28299  0.05009 -0.20278
   0.27579  0.04982 -0.20140
   0.26847  0.04954 -0.20536
   0.26108  0.04924 -0.20719
   0.25361  0.04892 -0.20596
   0.24607  0.04858 -0.20590
   0.23850  0.04823 -0.20678
   0.23092  0.04786 -0.20708
   0.22333  0.04747 -0.20775
   0.21574  0.04707 -0.20813
   0.20817  0.04664 -0.20977
   0.20063  0.04620 -0.21011
   0.19311  0.04574 -0.21074
   0.18563  0.04526 -0.21369
   0.17820  0.04475 -0.21323
   0.17081  0.04423 -0.21431
   0.16349  0.04368 -0.21648
   0.15624  0.04311 -0.21632
   0.14907  0.04251 -0.21850
   0.14200  0.04189 -0.21890
   0.13503  0.04125 -0.21964
   0.12818  0.04059 -0.22014
   0.12147  0.03990 -0.22012
   0.11493  0.03919 -0.21985
   0.10856  0.03847 -0.21960
   0.10240  0.03773 -0.21885
   0.09647  0.03699 -0.21947
   0.09078  0.03624 -0.22082
   0.08537  0.03550 -0.21912
   0.08024  0.03476 -0.22394
   0.07540  0.03403 -0.22527
   0.07085  0.03331 -0.22858
   0.06658  0.03261 -0.24065
   0.06257  0.03190 -0.24094
   0.05879  0.03120 -0.25144
   0.05523  0.03050 -0.25507
   0.05189  0.02978 -0.25268
   0.04873  0.02906 -0.24607
   0.04574  0.02833 -0.23473
   0.04291  0.02760 -0.22498
   0.04024  0.02687 -0.20972
   0.03771  0.02615 -0.19723
   0.03531  0.02543 -0.18877
   0.03305  0.02471 -0.16379
   0.03089  0.02399 -0.13359
   0.02884  0.02329 -0.10971
   0.02688  0.02260 -0.09372
   0.02502  0.02195 -0.09116
   0.02326  0.02131 -0.08867
   0.02159  0.02067 -0.08664
   0.02000  0.02005 -0.07994
   0.01849  0.01942 -0.06857
   0.01706  0.01880 -0.04999
   0.01569  0.01817 -0.02317
   0.01439  0.01754 -0.00048
   0.01314  0.01692  0.02325
   0.01194  0.01630  0.04417
   0.01080  0.01568  0.06392
   0.00971  0.01507  0.08269
   0.00867  0.01445  0.10811
   0.00767  0.01383  0.12598
   0.00672  0.01321  0.15060
   0.00581  0.01258  0.17123
   0.00495  0.01194  0.20217
   0.00414  0.01128  0.22607
   0.00338  0.01061  0.25452
   0.00268  0.00990  0.28855
   0.00207  0.00914  0.39546
   0.00154  0.00835  0.48286
   0.00111  0.00752  0.59681
   0.00078  0.00665  0.72145
   0.00053  0.00577  0.82043
   0.00035  0.00489  0.89089
   0.00022  0.00400  0.93755
   0.00012  0.00312  0.97051
   0.00005  0.00224  0.98902
   0.00001  0.00137  0.99838
  -0.00000  0.00051  0.99942
   0.00001 -0.00034  0.99321
   0.00004 -0.00120  0.97960
   0.00010 -0.00206  0.95812
   0.00020 -0.00292  0.94149
   0.00027 -0.00380  0.89398
   0.00039 -0.00468  0.85970
   0.00054 -0.00556  0.80927
   0.00072 -0.00645  0.74825
   0.00092 -0.00735  0.68096
   0.00115 -0.00824  0.60214
   0.00142 -0.00914  0.50211
   0.00173 -0.01004  0.39140
   0.00207 -0.01094  0.26566
   0.00247 -0.01182  0.08815
   0.00292 -0.01269  0.00698
   0.00342 -0.01356 -0.34414
   0.00402 -0.01437 -0.40568
   0.00470 -0.01514 -0.51461
   0.00546 -0.01587 -0.54888
   0.00629 -0.01657 -0.57737
   0.00717 -0.01724 -0.58754
   0.00811 -0.01789 -0.60206
   0.00910 -0.01851 -0.59925
   0.01015 -0.01912 -0.59410
   0.01125 -0.01971 -0.59302
   0.01240 -0.02029 -0.58441
   0.01361 -0.02086 -0.57738
   0.01488 -0.02142 -0.56883
   0.01621 -0.02198 -0.55310
   0.01761 -0.02253 -0.54423
   0.01908 -0.02307 -0.52754
   0.02063 -0.02362 -0.52166
   0.02226 -0.02417 -0.50793
   0.02397 -0.02472 -0.49198
   0.02579 -0.02528 -0.48389
   0.02770 -0.02584 -0.47274
   0.02973 -0.02641 -0.46424
   0.03189 -0.02700 -0.45583
   0.03419 -0.02759 -0.44879
   0.03663 -0.02820 -0.43742
   0.03924 -0.02882 -0.43026
   0.04203 -0.02945 -0.41887
   0.04502 -0.03011 -0.41166
   0.04822 -0.03078 -0.40532
   0.05165 -0.03148 -0.40148
   0.05533 -0.03220 -0.39654
   0.05925 -0.03293 -0.39300
   0.06344 -0.03368 -0.38777
   0.06789 -0.03445 -0.38528
   0.07262 -0.03522 -0.38005
   0.07761 -0.03600 -0.37819
   0.08288 -0.03679 -0.37444
   0.08842 -0.03758 -0.37080
   0.09419 -0.03836 -0.36741
   0.10019 -0.03914 -0.36505
   0.10638 -0.03991 -0.36387
   0.11276 -0.04065 -0.36262
   0.11929 -0.04138 -0.36157
   0.12594 -0.04208 -0.35996
   0.13272 -0.04276 -0.35864
   0.13959 -0.04340 -0.35695
   0.14656 -0.04401 -0.35362
   0.15362 -0.04460 -0.35166
   0.16075 -0.04515 -0.34752
   0.16794 -0.04567 -0.34504
   0.17519 -0.04616 -0.34146
   0.18248 -0.04663 -0.33925
   0.18981 -0.04706 -0.33687
   0.19717 -0.04747 -0.33528
   0.20456 -0.04785 -0.33090
   0.21197 -0.04820 -0.32985
   0.21942 -0.04852 -0.32554
   0.22690 -0.04882 -0.32278
   0.23441 -0.04909 -0.31787
   0.24195 -0.04934 -0.31558
   0.24951 -0.04956 -0.31338
   0.25708 -0.04977 -0.30996
   0.26468 -0.04995 -0.30851
   0.27229 -0.05011 -0.30410
   0.27991 -0.05024 -0.30252
   0.28756 -0.05036 -0.29896
   0.29522 -0.05046 -0.29688
   0.30289 -0.05054 -0.29489
   0.31057 -0.05060 -0.29265
   0.31825 -0.05064 -0.29034
   0.32595 -0.05066 -0.28863
   0.33364 -0.05066 -0.28701
   0.34135 -0.05065 -0.28508
   0.34906 -0.05061 -0.28328
   0.35677 -0.05056 -0.28136
   0.36448 -0.05048 -0.27962
   0.37219 -0.05039 -0.27800
   0.37990 -0.05028 -0.27588
   0.38761 -0.05015 -0.27449
   0.39532 -0.05001 -0.27307
   0.40302 -0.04984 -0.27164
   0.41072 -0.04966 -0.26950
   0.41842 -0.04945 -0.26883
   0.42610 -0.04923 -0.26739
   0.43378 -0.04899 -0.26661
   0.44144 -0.04873 -0.26443
   0.44910 -0.04845 -0.26381
   0.45674 -0.04815 -0.26223
   0.46437 -0.04783 -0.26146
   0.47199 -0.04749 -0.25971
   0.47960 -0.04713 -0.25780
   0.48720 -0.04674 -0.25645
   0.49478 -0.04634 -0.25468
   0.50235 -0.04590 -0.25225
   0.50991 -0.04545 -0.25097
   0.51745 -0.04497 -0.24831
   0.52498 -0.04447 -0.24584
   0.53250 -0.04395 -0.24369
   0.54000 -0.04340 -0.24107
   0.54749 -0.04282 -0.23819
   0.55497 -0.04222 -0.23502
   0.56243 -0.04159 -0.23133
   0.56987 -0.04093 -0.22796
   0.57730 -0.04025 -0.22423
   0.58471 -0.03954 -0.22005
   0.59210 -0.03881 -0.21583
   0.59948 -0.03804 -0.21137
   0.60683 -0.03724 -0.20674
   0.61417 -0.03642 -0.20046
   0.62149 -0.03556 -0.19570
   0.62879 -0.03468 -0.18840
   0.63608 -0.03376 -0.18268
   0.64335 -0.03281 -0.17451
   0.65061 -0.03183 -0.16737
   0.65786 -0.03081 -0.15878
   0.66510 -0.02976 -0.14985
   0.67232 -0.02867 -0.14003
   0.67954 -0.02755 -0.12989
   0.68676 -0.02640 -0.11931
   0.69397 -0.02520 -0.10806
   0.70117 -0.02398 -0.09527
   0.70838 -0.02271 -0.08251
   0.71559 -0.02141 -0.06897
   0.72281 -0.02007 -0.05458
   0.73004 -0.01870 -0.03980
   0.73728 -0.01729 -0.02366
   0.74453 -0.01584 -0.00605
   0.75180 -0.01436  0.01030
   0.75910 -0.01284  0.03033
   0.76642 -0.01128  0.04845
   0.77378 -0.00969  0.07028
   0.78118 -0.00807  0.08915
   0.78863 -0.00642  0.11266
   0.79611 -0.00475  0.13355
   0.80361 -0.00306  0.15799
   0.81108 -0.00138  0.18094
   0.81847  0.00029  0.20396
   0.82574  0.00191  0.22776
   0.83289  0.00348  0.24979
   0.83991  0.00499  0.27035
   0.84680  0.00644  0.29006
   0.85358  0.00782  0.30950
   0.86023  0.00913  0.32582
   0.86676  0.01036  0.34443
   0.87316  0.01151  0.35856
   0.87944  0.01258  0.37504
   0.88561  0.01356  0.38688
   0.89167  0.01445  0.39912
   0.89763  0.01526  0.40993
   0.90349  0.01599  0.41949
   0.90927  0.01663  0.42732
   0.91493  0.01718  0.43698
   0.92047  0.01765  0.44285
   0.92588  0.01803  0.45114
   0.93120  0.01832  0.45474
   0.93644  0.01853  0.45558
   0.94160  0.01868  0.45851
   0.94662  0.01876  0.46545
   0.95140  0.01879  0.48087
   0.95595  0.01872  0.49054
   0.96030  0.01853  0.49564
   0.96456  0.01820  0.48073
   0.96881  0.01775  0.45314
   0.97308  0.01723  0.42606
   0.97733  0.01672  0.41387
   0.98147  0.01621  0.42708
   0.98549  0.01562  0.43403
   0.98945  0.01488  0.38879
   0.99342  0.01406  0.32410
   0.99738  0.01325  0.29882
   1.00000  0.01271  0.25423
