GRUMMAN K-2 AIRFOIL                             
 Alfa =  -1.32600 Re =        0.000 Xflap,Yflap =     0.000000    0.000000
#    x        y        Cp  
   1.00000  0.01371  0.25423
   0.99740  0.01444  0.09928
   0.99329  0.01549  0.06155
   0.98889  0.01657  0.04626
   0.98423  0.01772  0.00595
   0.97929  0.01890 -0.02898
   0.97409  0.02011 -0.05492
   0.96867  0.02135 -0.08525
   0.96305  0.02259 -0.11176
   0.95727  0.02381 -0.13338
   0.95131  0.02502 -0.15426
   0.94520  0.02620 -0.16931
   0.93893  0.02735 -0.18234
   0.93253  0.02848 -0.19353
   0.92600  0.02957 -0.20070
   0.91932  0.03065 -0.20671
   0.91254  0.03170 -0.21365
   0.90568  0.03272 -0.22223
   0.89876  0.03372 -0.22965
   0.89181  0.03467 -0.23771
   0.88484  0.03559 -0.24365
   0.87782  0.03647 -0.24628
   0.87073  0.03731 -0.24737
   0.86355  0.03812 -0.24846
   0.85628  0.03891 -0.24722
   0.84891  0.03968 -0.24630
   0.84146  0.04044 -0.24625
   0.83396  0.04117 -0.24615
   0.82645  0.04190 -0.25186
   0.81896  0.04260 -0.25673
   0.81149  0.04327 -0.26028
   0.80402  0.04391 -0.26279
   0.79655  0.04452 -0.26518
   0.78909  0.04510 -0.26738
   0.78162  0.04565 -0.26805
   0.77414  0.04617 -0.26758
   0.76665  0.04666 -0.26792
   0.75914  0.04713 -0.26669
   0.75161  0.04756 -0.26486
   0.74405  0.04798 -0.26313
   0.73646  0.04837 -0.26016
   0.72884  0.04874 -0.25773
   0.72118  0.04909 -0.25483
   0.71350  0.04943 -0.25149
   0.70580  0.04974 -0.24967
   0.69806  0.05004 -0.24666
   0.69030  0.05033 -0.24455
   0.68252  0.05060 -0.24247
   0.67473  0.05086 -0.24064
   0.66693  0.05111 -0.23844
   0.65911  0.05135 -0.23718
   0.65129  0.05157 -0.23564
   0.64347  0.05178 -0.23359
   0.63563  0.05197 -0.23246
   0.62779  0.05216 -0.23092
   0.61994  0.05233 -0.22883
   0.61208  0.05249 -0.22831
   0.60421  0.05264 -0.22576
   0.59633  0.05278 -0.22490
   0.58846  0.05291 -0.22366
   0.58058  0.05303 -0.22301
   0.57270  0.05314 -0.22175
   0.56482  0.05324 -0.22083
   0.55693  0.05333 -0.21972
   0.54904  0.05340 -0.21904
   0.54115  0.05347 -0.21758
   0.53326  0.05353 -0.21721
   0.52537  0.05358 -0.21583
   0.51748  0.05361 -0.21488
   0.50958  0.05364 -0.21457
   0.50169  0.05366 -0.21292
   0.49380  0.05367 -0.21325
   0.48590  0.05367 -0.21155
   0.47801  0.05366 -0.21187
   0.47012  0.05363 -0.21081
   0.46224  0.05360 -0.21002
   0.45437  0.05356 -0.20937
   0.44650  0.05351 -0.20880
   0.43864  0.05345 -0.20766
   0.43079  0.05338 -0.20737
   0.42295  0.05330 -0.20703
   0.41514  0.05321 -0.20661
   0.40737  0.05312 -0.20719
   0.39966  0.05301 -0.20651
   0.39202  0.05289 -0.20769
   0.38445  0.05276 -0.20469
   0.37694  0.05262 -0.20202
   0.36954  0.05249 -0.20097
   0.36229  0.05236 -0.20802
   0.35524  0.05223 -0.21876
   0.34842  0.05207 -0.22789
   0.34179  0.05185 -0.21907
   0.33530  0.05159 -0.19216
   0.32892  0.05132 -0.16550
   0.32258  0.05111 -0.15176
   0.31625  0.05098 -0.16798
   0.30988  0.05089 -0.19714
   0.30343  0.05078 -0.22425
   0.29682  0.05061 -0.22646
   0.29002  0.05037 -0.21399
   0.28299  0.05009 -0.20212
   0.27579  0.04982 -0.20073
   0.26847  0.04954 -0.20467
   0.26108  0.04924 -0.20649
   0.25361  0.04892 -0.20525
   0.24607  0.04858 -0.20517
   0.23850  0.04823 -0.20603
   0.23092  0.04786 -0.20632
   0.22333  0.04747 -0.20697
   0.21574  0.04707 -0.20733
   0.20817  0.04664 -0.20896
   0.20063  0.04620 -0.20928
   0.19311  0.04574 -0.20989
   0.18563  0.04526 -0.21282
   0.17820  0.04475 -0.21234
   0.17081  0.04423 -0.21339
   0.16349  0.04368 -0.21554
   0.15624  0.04311 -0.21535
   0.14907  0.04251 -0.21750
   0.14200  0.04189 -0.21788
   0.13503  0.04125 -0.21859
   0.12818  0.04059 -0.21905
   0.12147  0.03990 -0.21900
   0.11493  0.03919 -0.21869
   0.10856  0.03847 -0.21841
   0.10240  0.03773 -0.21761
   0.09647  0.03699 -0.21820
   0.09078  0.03624 -0.21950
   0.08537  0.03550 -0.21776
   0.08024  0.03476 -0.22253
   0.07540  0.03403 -0.22380
   0.07085  0.03331 -0.22707
   0.06658  0.03261 -0.23907
   0.06257  0.03190 -0.23930
   0.05879  0.03120 -0.24974
   0.05523  0.03050 -0.25331
   0.05189  0.02978 -0.25086
   0.04873  0.02906 -0.24420
   0.04574  0.02833 -0.23282
   0.04291  0.02760 -0.22302
   0.04024  0.02687 -0.20771
   0.03771  0.02615 -0.19518
   0.03531  0.02543 -0.18666
   0.03305  0.02471 -0.16165
   0.03089  0.02399 -0.13143
   0.02884  0.02329 -0.10753
   0.02688  0.02260 -0.09149
   0.02502  0.02195 -0.08886
   0.02326  0.02131 -0.08629
   0.02159  0.02067 -0.08418
   0.02000  0.02005 -0.07740
   0.01849  0.01942 -0.06596
   0.01706  0.01880 -0.04732
   0.01569  0.01817 -0.02046
   0.01439  0.01754  0.00228
   0.01314  0.01692  0.02605
   0.01194  0.01630  0.04704
   0.01080  0.01568  0.06686
   0.00971  0.01507  0.08571
   0.00867  0.01445  0.11121
   0.00767  0.01383  0.12917
   0.00672  0.01321  0.15390
   0.00581  0.01258  0.17465
   0.00495  0.01194  0.20570
   0.00414  0.01128  0.22975
   0.00338  0.01061  0.25837
   0.00268  0.00990  0.29258
   0.00207  0.00914  0.39928
   0.00154  0.00835  0.48655
   0.00111  0.00752  0.60013
   0.00078  0.00665  0.72413
   0.00053  0.00577  0.82251
   0.00035  0.00489  0.89246
   0.00022  0.00400  0.93871
   0.00012  0.00312  0.97128
   0.00005  0.00224  0.98948
   0.00001  0.00137  0.99855
  -0.00000  0.00051  0.99931
   0.00001 -0.00034  0.99285
   0.00004 -0.00120  0.97898
   0.00010 -0.00206  0.95722
   0.00020 -0.00292  0.94052
   0.00027 -0.00380  0.89255
   0.00039 -0.00468  0.85812
   0.00054 -0.00556  0.80742
   0.00072 -0.00645  0.74611
   0.00092 -0.00735  0.67855
   0.00115 -0.00824  0.59943
   0.00142 -0.00914  0.49905
   0.00173 -0.01004  0.38798
   0.00207 -0.01094  0.26188
   0.00247 -0.01182  0.08383
   0.00292 -0.01269  0.00261
   0.00342 -0.01356 -0.34964
   0.00402 -0.01437 -0.41102
   0.00470 -0.01514 -0.52002
   0.00546 -0.01587 -0.55407
   0.00629 -0.01657 -0.58239
   0.00717 -0.01724 -0.59232
   0.00811 -0.01789 -0.60667
   0.00910 -0.01851 -0.60365
   0.01015 -0.01912 -0.59830
   0.01125 -0.01971 -0.59704
   0.01240 -0.02029 -0.58826
   0.01361 -0.02086 -0.58107
   0.01488 -0.02142 -0.57237
   0.01621 -0.02198 -0.55648
   0.01761 -0.02253 -0.54748
   0.01908 -0.02307 -0.53065
   0.02063 -0.02362 -0.52465
   0.02226 -0.02417 -0.51081
   0.02397 -0.02472 -0.49474
   0.02579 -0.02528 -0.48655
   0.02770 -0.02584 -0.47530
   0.02973 -0.02641 -0.46671
   0.03189 -0.02700 -0.45821
   0.03419 -0.02759 -0.45108
   0.03663 -0.02820 -0.43963
   0.03924 -0.02882 -0.43239
   0.04203 -0.02945 -0.42092
   0.04502 -0.03011 -0.41364
   0.04822 -0.03078 -0.40723
   0.05165 -0.03148 -0.40332
   0.05533 -0.03220 -0.39832
   0.05925 -0.03293 -0.39472
   0.06344 -0.03368 -0.38943
   0.06789 -0.03445 -0.38688
   0.07262 -0.03522 -0.38159
   0.07761 -0.03600 -0.37968
   0.08288 -0.03679 -0.37588
   0.08842 -0.03758 -0.37219
   0.09419 -0.03836 -0.36875
   0.10019 -0.03914 -0.36635
   0.10638 -0.03991 -0.36513
   0.11276 -0.04065 -0.36384
   0.11929 -0.04138 -0.36275
   0.12594 -0.04208 -0.36110
   0.13272 -0.04276 -0.35975
   0.13959 -0.04340 -0.35803
   0.14656 -0.04401 -0.35466
   0.15362 -0.04460 -0.35268
   0.16075 -0.04515 -0.34851
   0.16794 -0.04567 -0.34601
   0.17519 -0.04616 -0.34240
   0.18248 -0.04663 -0.34016
   0.18981 -0.04706 -0.33776
   0.19717 -0.04747 -0.33614
   0.20456 -0.04785 -0.33175
   0.21197 -0.04820 -0.33068
   0.21942 -0.04852 -0.32635
   0.22690 -0.04882 -0.32356
   0.23441 -0.04909 -0.31864
   0.24195 -0.04934 -0.31633
   0.24951 -0.04956 -0.31411
   0.25708 -0.04977 -0.31068
   0.26468 -0.04995 -0.30921
   0.27229 -0.05011 -0.30479
   0.27991 -0.05024 -0.30319
   0.28756 -0.05036 -0.29962
   0.29522 -0.05046 -0.29753
   0.30289 -0.05054 -0.29552
   0.31057 -0.05060 -0.29328
   0.31825 -0.05064 -0.29096
   0.32595 -0.05066 -0.28923
   0.33364 -0.05066 -0.28760
   0.34135 -0.05065 -0.28566
   0.34906 -0.05061 -0.28385
   0.35677 -0.05056 -0.28192
   0.36448 -0.05048 -0.28017
   0.37219 -0.05039 -0.27854
   0.37990 -0.05028 -0.27640
   0.38761 -0.05015 -0.27501
   0.39532 -0.05001 -0.27358
   0.40302 -0.04984 -0.27214
   0.41072 -0.04966 -0.27000
   0.41842 -0.04945 -0.26931
   0.42610 -0.04923 -0.26787
   0.43378 -0.04899 -0.26707
   0.44144 -0.04873 -0.26489
   0.44910 -0.04845 -0.26426
   0.45674 -0.04815 -0.26267
   0.46437 -0.04783 -0.26189
   0.47199 -0.04749 -0.26014
   0.47960 -0.04713 -0.25822
   0.48720 -0.04674 -0.25686
   0.49478 -0.04634 -0.25509
   0.50235 -0.04590 -0.25265
   0.50991 -0.04545 -0.25137
   0.51745 -0.04497 -0.24870
   0.52498 -0.04447 -0.24622
   0.53250 -0.04395 -0.24406
   0.54000 -0.04340 -0.24143
   0.54749 -0.04282 -0.23855
   0.55497 -0.04222 -0.23537
   0.56243 -0.04159 -0.23167
   0.56987 -0.04093 -0.22830
   0.57730 -0.04025 -0.22457
   0.58471 -0.03954 -0.22038
   0.59210 -0.03881 -0.21615
   0.59948 -0.03804 -0.21168
   0.60683 -0.03724 -0.20704
   0.61417 -0.03642 -0.20076
   0.62149 -0.03556 -0.19600
   0.62879 -0.03468 -0.18869
   0.63608 -0.03376 -0.18296
   0.64335 -0.03281 -0.17478
   0.65061 -0.03183 -0.16764
   0.65786 -0.03081 -0.15904
   0.66510 -0.02976 -0.15010
   0.67232 -0.02867 -0.14028
   0.67954 -0.02755 -0.13013
   0.68676 -0.02640 -0.11955
   0.69397 -0.02520 -0.10829
   0.70117 -0.02398 -0.09549
   0.70838 -0.02271 -0.08273
   0.71559 -0.02141 -0.06918
   0.72281 -0.02007 -0.05478
   0.73004 -0.01870 -0.04000
   0.73728 -0.01729 -0.02384
   0.74453 -0.01584 -0.00622
   0.75180 -0.01436  0.01013
   0.75910 -0.01284  0.03016
   0.76642 -0.01128  0.04829
   0.77378 -0.00969  0.07013
   0.78118 -0.00807  0.08900
   0.78863 -0.00642  0.11252
   0.79611 -0.00475  0.13342
   0.80361 -0.00306  0.15787
   0.81108 -0.00138  0.18083
   0.81847  0.00029  0.20384
   0.82574  0.00191  0.22765
   0.83289  0.00348  0.24969
   0.83991  0.00499  0.27025
   0.84680  0.00644  0.28997
   0.85358  0.00782  0.30941
   0.86023  0.00913  0.32574
   0.86676  0.01036  0.34436
   0.87316  0.01151  0.35849
   0.87944  0.01258  0.37497
   0.88561  0.01356  0.38682
   0.89167  0.01445  0.39905
   0.89763  0.01526  0.40988
   0.90349  0.01599  0.41943
   0.90927  0.01663  0.42726
   0.91493  0.01718  0.43693
   0.92047  0.01765  0.44280
   0.92588  0.01803  0.45109
   0.93120  0.01832  0.45469
   0.93644  0.01853  0.45554
   0.94160  0.01868  0.45847
   0.94662  0.01876  0.46541
   0.95140  0.01879  0.48083
   0.95595  0.01872  0.49050
   0.96030  0.01853  0.49560
   0.96456  0.01820  0.48070
   0.96881  0.01775  0.45311
   0.97308  0.01723  0.42603
   0.97733  0.01672  0.41384
   0.98147  0.01621  0.42705
   0.98549  0.01562  0.43401
   0.98945  0.01488  0.38876
   0.99342  0.01406  0.32407
   0.99738  0.01325  0.29880
   1.00000  0.01271  0.25423
