GRUMMAN K-2 AIRFOIL                             
 Alfa =  -1.28930 Re =        0.000 Xflap,Yflap =     0.000000    0.000000
#    x        y        Cp  
   1.00000  0.01371  0.25421
   0.99740  0.01444  0.09923
   0.99329  0.01549  0.06148
   0.98889  0.01657  0.04615
   0.98423  0.01772  0.00580
   0.97929  0.01890 -0.02915
   0.97409  0.02011 -0.05511
   0.96867  0.02135 -0.08548
   0.96305  0.02259 -0.11201
   0.95727  0.02381 -0.13366
   0.95131  0.02502 -0.15457
   0.94520  0.02620 -0.16965
   0.93893  0.02735 -0.18271
   0.93253  0.02848 -0.19393
   0.92600  0.02957 -0.20110
   0.91932  0.03065 -0.20715
   0.91254  0.03170 -0.21410
   0.90568  0.03272 -0.22272
   0.89876  0.03372 -0.23015
   0.89181  0.03467 -0.23824
   0.88484  0.03559 -0.24420
   0.87782  0.03647 -0.24685
   0.87073  0.03731 -0.24797
   0.86355  0.03812 -0.24908
   0.85628  0.03891 -0.24785
   0.84891  0.03968 -0.24696
   0.84146  0.04044 -0.24692
   0.83396  0.04117 -0.24685
   0.82645  0.04190 -0.25257
   0.81896  0.04260 -0.25747
   0.81149  0.04327 -0.26104
   0.80402  0.04391 -0.26357
   0.79655  0.04452 -0.26599
   0.78909  0.04510 -0.26819
   0.78162  0.04565 -0.26890
   0.77414  0.04617 -0.26844
   0.76665  0.04666 -0.26881
   0.75914  0.04713 -0.26759
   0.75161  0.04756 -0.26577
   0.74405  0.04798 -0.26405
   0.73646  0.04837 -0.26111
   0.72884  0.04874 -0.25869
   0.72118  0.04909 -0.25581
   0.71350  0.04943 -0.25249
   0.70580  0.04974 -0.25069
   0.69806  0.05004 -0.24769
   0.69030  0.05033 -0.24561
   0.68252  0.05060 -0.24354
   0.67473  0.05086 -0.24173
   0.66693  0.05111 -0.23954
   0.65911  0.05135 -0.23830
   0.65129  0.05157 -0.23679
   0.64347  0.05178 -0.23475
   0.63563  0.05197 -0.23364
   0.62779  0.05216 -0.23213
   0.61994  0.05233 -0.23005
   0.61208  0.05249 -0.22955
   0.60421  0.05264 -0.22702
   0.59633  0.05278 -0.22618
   0.58846  0.05291 -0.22496
   0.58058  0.05303 -0.22433
   0.57270  0.05314 -0.22309
   0.56482  0.05324 -0.22219
   0.55693  0.05333 -0.22110
   0.54904  0.05340 -0.22044
   0.54115  0.05347 -0.21900
   0.53326  0.05353 -0.21865
   0.52537  0.05358 -0.21729
   0.51748  0.05361 -0.21637
   0.50958  0.05364 -0.21608
   0.50169  0.05366 -0.21445
   0.49380  0.05367 -0.21481
   0.48590  0.05367 -0.21313
   0.47801  0.05366 -0.21347
   0.47012  0.05363 -0.21244
   0.46224  0.05360 -0.21168
   0.45437  0.05356 -0.21105
   0.44650  0.05351 -0.21050
   0.43864  0.05345 -0.20939
   0.43079  0.05338 -0.20913
   0.42295  0.05330 -0.20881
   0.41514  0.05321 -0.20842
   0.40737  0.05312 -0.20904
   0.39966  0.05301 -0.20839
   0.39202  0.05289 -0.20959
   0.38445  0.05276 -0.20663
   0.37694  0.05262 -0.20398
   0.36954  0.05249 -0.20296
   0.36229  0.05236 -0.21005
   0.35524  0.05223 -0.22085
   0.34842  0.05207 -0.23001
   0.34179  0.05185 -0.22122
   0.33530  0.05159 -0.19429
   0.32892  0.05132 -0.16761
   0.32258  0.05111 -0.15388
   0.31625  0.05098 -0.17016
   0.30988  0.05089 -0.19940
   0.30343  0.05078 -0.22660
   0.29682  0.05061 -0.22885
   0.29002  0.05037 -0.21639
   0.28299  0.05009 -0.20454
   0.27579  0.04982 -0.20320
   0.26847  0.04954 -0.20719
   0.26108  0.04924 -0.20906
   0.25361  0.04892 -0.20787
   0.24607  0.04858 -0.20784
   0.23850  0.04823 -0.20876
   0.23092  0.04786 -0.20910
   0.22333  0.04747 -0.20981
   0.21574  0.04707 -0.21024
   0.20817  0.04664 -0.21194
   0.20063  0.04620 -0.21233
   0.19311  0.04574 -0.21301
   0.18563  0.04526 -0.21602
   0.17820  0.04475 -0.21562
   0.17081  0.04423 -0.21676
   0.16349  0.04368 -0.21900
   0.15624  0.04311 -0.21891
   0.14907  0.04251 -0.22117
   0.14200  0.04189 -0.22165
   0.13503  0.04125 -0.22246
   0.12818  0.04059 -0.22305
   0.12147  0.03990 -0.22312
   0.11493  0.03919 -0.22294
   0.10856  0.03847 -0.22279
   0.10240  0.03773 -0.22214
   0.09647  0.03699 -0.22287
   0.09078  0.03624 -0.22434
   0.08537  0.03550 -0.22275
   0.08024  0.03476 -0.22771
   0.07540  0.03403 -0.22917
   0.07085  0.03331 -0.23262
   0.06658  0.03261 -0.24487
   0.06257  0.03190 -0.24530
   0.05879  0.03120 -0.25599
   0.05523  0.03050 -0.25978
   0.05189  0.02978 -0.25754
   0.04873  0.02906 -0.25107
   0.04574  0.02833 -0.23985
   0.04291  0.02760 -0.23023
   0.04024  0.02687 -0.21508
   0.03771  0.02615 -0.20272
   0.03531  0.02543 -0.19441
   0.03305  0.02471 -0.16950
   0.03089  0.02399 -0.13935
   0.02884  0.02329 -0.11554
   0.02688  0.02260 -0.09967
   0.02502  0.02195 -0.09731
   0.02326  0.02131 -0.09503
   0.02159  0.02067 -0.09322
   0.02000  0.02005 -0.08673
   0.01849  0.01942 -0.07555
   0.01706  0.01880 -0.05712
   0.01569  0.01817 -0.03041
   0.01439  0.01754 -0.00784
   0.01314  0.01692  0.01574
   0.01194  0.01630  0.03648
   0.01080  0.01568  0.05603
   0.00971  0.01507  0.07459
   0.00867  0.01445  0.09981
   0.00767  0.01383  0.11741
   0.00672  0.01321  0.14177
   0.00581  0.01258  0.16208
   0.00495  0.01194  0.19272
   0.00414  0.01128  0.21622
   0.00338  0.01061  0.24419
   0.00268  0.00990  0.27774
   0.00207  0.00914  0.38519
   0.00154  0.00835  0.47296
   0.00111  0.00752  0.58790
   0.00078  0.00665  0.71420
   0.00053  0.00577  0.81480
   0.00035  0.00489  0.88665
   0.00022  0.00400  0.93442
   0.00012  0.00312  0.96839
   0.00005  0.00224  0.98774
   0.00001  0.00137  0.99787
  -0.00000  0.00051  0.99967
   0.00001 -0.00034  0.99412
   0.00004 -0.00120  0.98120
   0.00010 -0.00206  0.96046
   0.00020 -0.00292  0.94404
   0.00027 -0.00380  0.89775
   0.00039 -0.00468  0.86388
   0.00054 -0.00556  0.81417
   0.00072 -0.00645  0.75391
   0.00092 -0.00735  0.68736
   0.00115 -0.00824  0.60933
   0.00142 -0.00914  0.51023
   0.00173 -0.01004  0.40048
   0.00207 -0.01094  0.27571
   0.00247 -0.01182  0.09963
   0.00292 -0.01269  0.01861
   0.00342 -0.01356 -0.32953
   0.00402 -0.01437 -0.39147
   0.00470 -0.01514 -0.50021
   0.00546 -0.01587 -0.53504
   0.00629 -0.01657 -0.56403
   0.00717 -0.01724 -0.57479
   0.00811 -0.01789 -0.58981
   0.00910 -0.01851 -0.58755
   0.01015 -0.01912 -0.58293
   0.01125 -0.01971 -0.58231
   0.01240 -0.02029 -0.57415
   0.01361 -0.02086 -0.56754
   0.01488 -0.02142 -0.55941
   0.01621 -0.02198 -0.54408
   0.01761 -0.02253 -0.53558
   0.01908 -0.02307 -0.51924
   0.02063 -0.02362 -0.51367
   0.02226 -0.02417 -0.50026
   0.02397 -0.02472 -0.48462
   0.02579 -0.02528 -0.47680
   0.02770 -0.02584 -0.46591
   0.02973 -0.02641 -0.45766
   0.03189 -0.02700 -0.44948
   0.03419 -0.02759 -0.44267
   0.03663 -0.02820 -0.43152
   0.03924 -0.02882 -0.42457
   0.04203 -0.02945 -0.41340
   0.04502 -0.03011 -0.40639
   0.04822 -0.03078 -0.40023
   0.05165 -0.03148 -0.39656
   0.05533 -0.03220 -0.39180
   0.05925 -0.03293 -0.38842
   0.06344 -0.03368 -0.38336
   0.06789 -0.03445 -0.38101
   0.07262 -0.03522 -0.37594
   0.07761 -0.03600 -0.37421
   0.08288 -0.03679 -0.37061
   0.08842 -0.03758 -0.36710
   0.09419 -0.03836 -0.36384
   0.10019 -0.03914 -0.36159
   0.10638 -0.03991 -0.36053
   0.11276 -0.04065 -0.35938
   0.11929 -0.04138 -0.35843
   0.12594 -0.04208 -0.35691
   0.13272 -0.04276 -0.35568
   0.13959 -0.04340 -0.35408
   0.14656 -0.04401 -0.35082
   0.15362 -0.04460 -0.34895
   0.16075 -0.04515 -0.34488
   0.16794 -0.04567 -0.34247
   0.17519 -0.04616 -0.33896
   0.18248 -0.04663 -0.33681
   0.18981 -0.04706 -0.33449
   0.19717 -0.04747 -0.33296
   0.20456 -0.04785 -0.32864
   0.21197 -0.04820 -0.32764
   0.21942 -0.04852 -0.32339
   0.22690 -0.04882 -0.32067
   0.23441 -0.04909 -0.31581
   0.24195 -0.04934 -0.31357
   0.24951 -0.04956 -0.31141
   0.25708 -0.04977 -0.30803
   0.26468 -0.04995 -0.30662
   0.27229 -0.05011 -0.30225
   0.27991 -0.05024 -0.30071
   0.28756 -0.05036 -0.29719
   0.29522 -0.05046 -0.29515
   0.30289 -0.05054 -0.29319
   0.31057 -0.05060 -0.29099
   0.31825 -0.05064 -0.28871
   0.32595 -0.05066 -0.28703
   0.33364 -0.05066 -0.28544
   0.34135 -0.05065 -0.28354
   0.34906 -0.05061 -0.28176
   0.35677 -0.05056 -0.27988
   0.36448 -0.05048 -0.27817
   0.37219 -0.05039 -0.27657
   0.37990 -0.05028 -0.27447
   0.38761 -0.05015 -0.27310
   0.39532 -0.05001 -0.27171
   0.40302 -0.04984 -0.27030
   0.41072 -0.04966 -0.26819
   0.41842 -0.04945 -0.26754
   0.42610 -0.04923 -0.26613
   0.43378 -0.04899 -0.26536
   0.44144 -0.04873 -0.26320
   0.44910 -0.04845 -0.26260
   0.45674 -0.04815 -0.26104
   0.46437 -0.04783 -0.26029
   0.47199 -0.04749 -0.25857
   0.47960 -0.04713 -0.25668
   0.48720 -0.04674 -0.25534
   0.49478 -0.04634 -0.25360
   0.50235 -0.04590 -0.25118
   0.50991 -0.04545 -0.24993
   0.51745 -0.04497 -0.24728
   0.52498 -0.04447 -0.24483
   0.53250 -0.04395 -0.24269
   0.54000 -0.04340 -0.24009
   0.54749 -0.04282 -0.23723
   0.55497 -0.04222 -0.23407
   0.56243 -0.04159 -0.23041
   0.56987 -0.04093 -0.22705
   0.57730 -0.04025 -0.22334
   0.58471 -0.03954 -0.21919
   0.59210 -0.03881 -0.21498
   0.59948 -0.03804 -0.21053
   0.60683 -0.03724 -0.20591
   0.61417 -0.03642 -0.19966
   0.62149 -0.03556 -0.19492
   0.62879 -0.03468 -0.18764
   0.63608 -0.03376 -0.18193
   0.64335 -0.03281 -0.17377
   0.65061 -0.03183 -0.16666
   0.65786 -0.03081 -0.15808
   0.66510 -0.02976 -0.14916
   0.67232 -0.02867 -0.13937
   0.67954 -0.02755 -0.12925
   0.68676 -0.02640 -0.11868
   0.69397 -0.02520 -0.10745
   0.70117 -0.02398 -0.09468
   0.70838 -0.02271 -0.08194
   0.71559 -0.02141 -0.06842
   0.72281 -0.02007 -0.05404
   0.73004 -0.01870 -0.03928
   0.73728 -0.01729 -0.02315
   0.74453 -0.01584 -0.00557
   0.75180 -0.01436  0.01077
   0.75910 -0.01284  0.03078
   0.76642 -0.01128  0.04888
   0.77378 -0.00969  0.07069
   0.78118 -0.00807  0.08954
   0.78863 -0.00642  0.11303
   0.79611 -0.00475  0.13390
   0.80361 -0.00306  0.15833
   0.81108 -0.00138  0.18126
   0.81847  0.00029  0.20426
   0.82574  0.00191  0.22804
   0.83289  0.00348  0.25006
   0.83991  0.00499  0.27060
   0.84680  0.00644  0.29030
   0.85358  0.00782  0.30973
   0.86023  0.00913  0.32603
   0.86676  0.01036  0.34463
   0.87316  0.01151  0.35877
   0.87944  0.01258  0.37523
   0.88561  0.01356  0.38706
   0.89167  0.01445  0.39929
   0.89763  0.01526  0.41009
   0.90349  0.01599  0.41965
   0.90927  0.01663  0.42746
   0.91493  0.01718  0.43712
   0.92047  0.01765  0.44299
   0.92588  0.01803  0.45126
   0.93120  0.01832  0.45486
   0.93644  0.01853  0.45570
   0.94160  0.01868  0.45862
   0.94662  0.01876  0.46557
   0.95140  0.01879  0.48096
   0.95595  0.01872  0.49063
   0.96030  0.01853  0.49572
   0.96456  0.01820  0.48081
   0.96881  0.01775  0.45323
   0.97308  0.01723  0.42615
   0.97733  0.01672  0.41396
   0.98147  0.01621  0.42715
   0.98549  0.01562  0.43409
   0.98945  0.01488  0.38885
   0.99342  0.01406  0.32416
   0.99738  0.01325  0.29887
   1.00000  0.01271  0.25421
