GRUMMAN K-2 AIRFOIL                             
 Alfa =  -1.26420 Re =        0.000 Xflap,Yflap =     0.000000    0.000000
#    x        y        Cp  
   1.00000  0.01371  0.25420
   0.99740  0.01444  0.09919
   0.99329  0.01549  0.06144
   0.98889  0.01657  0.04608
   0.98423  0.01772  0.00570
   0.97929  0.01890 -0.02926
   0.97409  0.02011 -0.05524
   0.96867  0.02135 -0.08564
   0.96305  0.02259 -0.11219
   0.95727  0.02381 -0.13385
   0.95131  0.02502 -0.15478
   0.94520  0.02620 -0.16988
   0.93893  0.02735 -0.18296
   0.93253  0.02848 -0.19419
   0.92600  0.02957 -0.20138
   0.91932  0.03065 -0.20745
   0.91254  0.03170 -0.21441
   0.90568  0.03272 -0.22305
   0.89876  0.03372 -0.23050
   0.89181  0.03467 -0.23861
   0.88484  0.03559 -0.24458
   0.87782  0.03647 -0.24724
   0.87073  0.03731 -0.24837
   0.86355  0.03812 -0.24950
   0.85628  0.03891 -0.24827
   0.84891  0.03968 -0.24741
   0.84146  0.04044 -0.24738
   0.83396  0.04117 -0.24732
   0.82645  0.04190 -0.25306
   0.81896  0.04260 -0.25798
   0.81149  0.04327 -0.26156
   0.80402  0.04391 -0.26410
   0.79655  0.04452 -0.26654
   0.78909  0.04510 -0.26875
   0.78162  0.04565 -0.26948
   0.77414  0.04617 -0.26903
   0.76665  0.04666 -0.26942
   0.75914  0.04713 -0.26821
   0.75161  0.04756 -0.26640
   0.74405  0.04798 -0.26469
   0.73646  0.04837 -0.26177
   0.72884  0.04874 -0.25935
   0.72118  0.04909 -0.25649
   0.71350  0.04943 -0.25318
   0.70580  0.04974 -0.25139
   0.69806  0.05004 -0.24839
   0.69030  0.05033 -0.24633
   0.68252  0.05060 -0.24427
   0.67473  0.05086 -0.24248
   0.66693  0.05111 -0.24030
   0.65911  0.05135 -0.23907
   0.65129  0.05157 -0.23758
   0.64347  0.05178 -0.23555
   0.63563  0.05197 -0.23445
   0.62779  0.05216 -0.23295
   0.61994  0.05233 -0.23089
   0.61208  0.05249 -0.23039
   0.60421  0.05264 -0.22788
   0.59633  0.05278 -0.22706
   0.58846  0.05291 -0.22585
   0.58058  0.05303 -0.22523
   0.57270  0.05314 -0.22401
   0.56482  0.05324 -0.22312
   0.55693  0.05333 -0.22204
   0.54904  0.05340 -0.22139
   0.54115  0.05347 -0.21997
   0.53326  0.05353 -0.21964
   0.52537  0.05358 -0.21829
   0.51748  0.05361 -0.21739
   0.50958  0.05364 -0.21711
   0.50169  0.05366 -0.21550
   0.49380  0.05367 -0.21587
   0.48590  0.05367 -0.21421
   0.47801  0.05366 -0.21457
   0.47012  0.05363 -0.21356
   0.46224  0.05360 -0.21281
   0.45437  0.05356 -0.21220
   0.44650  0.05351 -0.21167
   0.43864  0.05345 -0.21057
   0.43079  0.05338 -0.21034
   0.42295  0.05330 -0.21003
   0.41514  0.05321 -0.20967
   0.40737  0.05312 -0.21030
   0.39966  0.05301 -0.20968
   0.39202  0.05289 -0.21089
   0.38445  0.05276 -0.20795
   0.37694  0.05262 -0.20532
   0.36954  0.05249 -0.20432
   0.36229  0.05236 -0.21144
   0.35524  0.05223 -0.22227
   0.34842  0.05207 -0.23147
   0.34179  0.05185 -0.22268
   0.33530  0.05159 -0.19575
   0.32892  0.05132 -0.16905
   0.32258  0.05111 -0.15533
   0.31625  0.05098 -0.17164
   0.30988  0.05089 -0.20094
   0.30343  0.05078 -0.22820
   0.29682  0.05061 -0.23048
   0.29002  0.05037 -0.21804
   0.28299  0.05009 -0.20619
   0.27579  0.04982 -0.20488
   0.26847  0.04954 -0.20891
   0.26108  0.04924 -0.21081
   0.25361  0.04892 -0.20965
   0.24607  0.04858 -0.20966
   0.23850  0.04823 -0.21062
   0.23092  0.04786 -0.21100
   0.22333  0.04747 -0.21176
   0.21574  0.04707 -0.21223
   0.20817  0.04664 -0.21398
   0.20063  0.04620 -0.21441
   0.19311  0.04574 -0.21514
   0.18563  0.04526 -0.21822
   0.17820  0.04475 -0.21787
   0.17081  0.04423 -0.21907
   0.16349  0.04368 -0.22137
   0.15624  0.04311 -0.22134
   0.14907  0.04251 -0.22367
   0.14200  0.04189 -0.22422
   0.13503  0.04125 -0.22512
   0.12818  0.04059 -0.22578
   0.12147  0.03990 -0.22594
   0.11493  0.03919 -0.22585
   0.10856  0.03847 -0.22579
   0.10240  0.03773 -0.22524
   0.09647  0.03699 -0.22608
   0.09078  0.03624 -0.22765
   0.08537  0.03550 -0.22617
   0.08024  0.03476 -0.23125
   0.07540  0.03403 -0.23284
   0.07085  0.03331 -0.23643
   0.06658  0.03261 -0.24885
   0.06257  0.03190 -0.24940
   0.05879  0.03120 -0.26027
   0.05523  0.03050 -0.26422
   0.05189  0.02978 -0.26212
   0.04873  0.02906 -0.25577
   0.04574  0.02833 -0.24468
   0.04291  0.02760 -0.23518
   0.04024  0.02687 -0.22013
   0.03771  0.02615 -0.20789
   0.03531  0.02543 -0.19972
   0.03305  0.02471 -0.17488
   0.03089  0.02399 -0.14477
   0.02884  0.02329 -0.12103
   0.02688  0.02260 -0.10528
   0.02502  0.02195 -0.10311
   0.02326  0.02131 -0.10102
   0.02159  0.02067 -0.09943
   0.02000  0.02005 -0.09313
   0.01849  0.01942 -0.08214
   0.01706  0.01880 -0.06384
   0.01569  0.01817 -0.03724
   0.01439  0.01754 -0.01479
   0.01314  0.01692  0.00865
   0.01194  0.01630  0.02922
   0.01080  0.01568  0.04859
   0.00971  0.01507  0.06694
   0.00867  0.01445  0.09197
   0.00767  0.01383  0.10932
   0.00672  0.01321  0.13342
   0.00581  0.01258  0.15342
   0.00495  0.01194  0.18378
   0.00414  0.01128  0.20690
   0.00338  0.01061  0.23441
   0.00268  0.00990  0.26749
   0.00207  0.00914  0.37547
   0.00154  0.00835  0.46356
   0.00111  0.00752  0.57942
   0.00078  0.00665  0.70731
   0.00053  0.00577  0.80943
   0.00035  0.00489  0.88259
   0.00022  0.00400  0.93140
   0.00012  0.00312  0.96633
   0.00005  0.00224  0.98647
   0.00001  0.00137  0.99734
  -0.00000  0.00051  0.99984
   0.00001 -0.00034  0.99492
   0.00004 -0.00120  0.98264
   0.00010 -0.00206  0.96260
   0.00020 -0.00292  0.94639
   0.00027 -0.00380  0.90122
   0.00039 -0.00468  0.86775
   0.00054 -0.00556  0.81872
   0.00072 -0.00645  0.75918
   0.00092 -0.00735  0.69332
   0.00115 -0.00824  0.61602
   0.00142 -0.00914  0.51780
   0.00173 -0.01004  0.40895
   0.00207 -0.01094  0.28509
   0.00247 -0.01182  0.11036
   0.00292 -0.01269  0.02948
   0.00342 -0.01356 -0.31586
   0.00402 -0.01437 -0.37818
   0.00470 -0.01514 -0.48675
   0.00546 -0.01587 -0.52209
   0.00629 -0.01657 -0.55154
   0.00717 -0.01724 -0.56286
   0.00811 -0.01789 -0.57833
   0.00910 -0.01851 -0.57659
   0.01015 -0.01912 -0.57246
   0.01125 -0.01971 -0.57227
   0.01240 -0.02029 -0.56454
   0.01361 -0.02086 -0.55833
   0.01488 -0.02142 -0.55057
   0.01621 -0.02198 -0.53563
   0.01761 -0.02253 -0.52747
   0.01908 -0.02307 -0.51146
   0.02063 -0.02362 -0.50618
   0.02226 -0.02417 -0.49307
   0.02397 -0.02472 -0.47771
   0.02579 -0.02528 -0.47015
   0.02770 -0.02584 -0.45951
   0.02973 -0.02641 -0.45149
   0.03189 -0.02700 -0.44353
   0.03419 -0.02759 -0.43692
   0.03663 -0.02820 -0.42599
   0.03924 -0.02882 -0.41924
   0.04203 -0.02945 -0.40827
   0.04502 -0.03011 -0.40144
   0.04822 -0.03078 -0.39546
   0.05165 -0.03148 -0.39195
   0.05533 -0.03220 -0.38735
   0.05925 -0.03293 -0.38412
   0.06344 -0.03368 -0.37921
   0.06789 -0.03445 -0.37701
   0.07262 -0.03522 -0.37208
   0.07761 -0.03600 -0.37048
   0.08288 -0.03679 -0.36701
   0.08842 -0.03758 -0.36362
   0.09419 -0.03836 -0.36048
   0.10019 -0.03914 -0.35834
   0.10638 -0.03991 -0.35738
   0.11276 -0.04065 -0.35633
   0.11929 -0.04138 -0.35547
   0.12594 -0.04208 -0.35404
   0.13272 -0.04276 -0.35289
   0.13959 -0.04340 -0.35137
   0.14656 -0.04401 -0.34820
   0.15362 -0.04460 -0.34640
   0.16075 -0.04515 -0.34240
   0.16794 -0.04567 -0.34006
   0.17519 -0.04616 -0.33661
   0.18248 -0.04663 -0.33452
   0.18981 -0.04706 -0.33226
   0.19717 -0.04747 -0.33078
   0.20456 -0.04785 -0.32651
   0.21197 -0.04820 -0.32556
   0.21942 -0.04852 -0.32136
   0.22690 -0.04882 -0.31869
   0.23441 -0.04909 -0.31388
   0.24195 -0.04934 -0.31168
   0.24951 -0.04956 -0.30956
   0.25708 -0.04977 -0.30622
   0.26468 -0.04995 -0.30485
   0.27229 -0.05011 -0.30052
   0.27991 -0.05024 -0.29902
   0.28756 -0.05036 -0.29553
   0.29522 -0.05046 -0.29352
   0.30289 -0.05054 -0.29159
   0.31057 -0.05060 -0.28943
   0.31825 -0.05064 -0.28717
   0.32595 -0.05066 -0.28552
   0.33364 -0.05066 -0.28396
   0.34135 -0.05065 -0.28209
   0.34906 -0.05061 -0.28034
   0.35677 -0.05056 -0.27848
   0.36448 -0.05048 -0.27680
   0.37219 -0.05039 -0.27522
   0.37990 -0.05028 -0.27315
   0.38761 -0.05015 -0.27180
   0.39532 -0.05001 -0.27044
   0.40302 -0.04984 -0.26905
   0.41072 -0.04966 -0.26696
   0.41842 -0.04945 -0.26632
   0.42610 -0.04923 -0.26494
   0.43378 -0.04899 -0.26419
   0.44144 -0.04873 -0.26205
   0.44910 -0.04845 -0.26147
   0.45674 -0.04815 -0.25993
   0.46437 -0.04783 -0.25920
   0.47199 -0.04749 -0.25749
   0.47960 -0.04713 -0.25562
   0.48720 -0.04674 -0.25430
   0.49478 -0.04634 -0.25257
   0.50235 -0.04590 -0.25018
   0.50991 -0.04545 -0.24894
   0.51745 -0.04497 -0.24631
   0.52498 -0.04447 -0.24388
   0.53250 -0.04395 -0.24175
   0.54000 -0.04340 -0.23917
   0.54749 -0.04282 -0.23633
   0.55497 -0.04222 -0.23319
   0.56243 -0.04159 -0.22954
   0.56987 -0.04093 -0.22620
   0.57730 -0.04025 -0.22251
   0.58471 -0.03954 -0.21837
   0.59210 -0.03881 -0.21417
   0.59948 -0.03804 -0.20974
   0.60683 -0.03724 -0.20514
   0.61417 -0.03642 -0.19890
   0.62149 -0.03556 -0.19418
   0.62879 -0.03468 -0.18691
   0.63608 -0.03376 -0.18122
   0.64335 -0.03281 -0.17308
   0.65061 -0.03183 -0.16598
   0.65786 -0.03081 -0.15742
   0.66510 -0.02976 -0.14852
   0.67232 -0.02867 -0.13875
   0.67954 -0.02755 -0.12864
   0.68676 -0.02640 -0.11808
   0.69397 -0.02520 -0.10688
   0.70117 -0.02398 -0.09412
   0.70838 -0.02271 -0.08140
   0.71559 -0.02141 -0.06790
   0.72281 -0.02007 -0.05354
   0.73004 -0.01870 -0.03879
   0.73728 -0.01729 -0.02268
   0.74453 -0.01584 -0.00512
   0.75180 -0.01436  0.01121
   0.75910 -0.01284  0.03120
   0.76642 -0.01128  0.04928
   0.77378 -0.00969  0.07107
   0.78118 -0.00807  0.08991
   0.78863 -0.00642  0.11338
   0.79611 -0.00475  0.13423
   0.80361 -0.00306  0.15864
   0.81108 -0.00138  0.18156
   0.81847  0.00029  0.20455
   0.82574  0.00191  0.22831
   0.83289  0.00348  0.25032
   0.83991  0.00499  0.27084
   0.84680  0.00644  0.29053
   0.85358  0.00782  0.30995
   0.86023  0.00913  0.32624
   0.86676  0.01036  0.34482
   0.87316  0.01151  0.35896
   0.87944  0.01258  0.37540
   0.88561  0.01356  0.38722
   0.89167  0.01445  0.39945
   0.89763  0.01526  0.41024
   0.90349  0.01599  0.41979
   0.90927  0.01663  0.42760
   0.91493  0.01718  0.43724
   0.92047  0.01765  0.44312
   0.92588  0.01803  0.45137
   0.93120  0.01832  0.45497
   0.93644  0.01853  0.45581
   0.94160  0.01868  0.45872
   0.94662  0.01876  0.46567
   0.95140  0.01879  0.48105
   0.95595  0.01872  0.49072
   0.96030  0.01853  0.49581
   0.96456  0.01820  0.48089
   0.96881  0.01775  0.45332
   0.97308  0.01723  0.42623
   0.97733  0.01672  0.41403
   0.98147  0.01621  0.42721
   0.98549  0.01562  0.43415
   0.98945  0.01488  0.38891
   0.99342  0.01406  0.32422
   0.99738  0.01325  0.29892
   1.00000  0.01271  0.25420
