GRUMMAN K-2 AIRFOIL                             
 Alfa =  -1.31760 Re =        0.000 Xflap,Yflap =     0.000000    0.000000
#    x        y        Cp  
   1.00000  0.01371  0.25423
   0.99740  0.01444  0.09926
   0.99329  0.01549  0.06153
   0.98889  0.01657  0.04623
   0.98423  0.01772  0.00592
   0.97929  0.01890 -0.02902
   0.97409  0.02011 -0.05497
   0.96867  0.02135 -0.08531
   0.96305  0.02259 -0.11182
   0.95727  0.02381 -0.13345
   0.95131  0.02502 -0.15433
   0.94520  0.02620 -0.16939
   0.93893  0.02735 -0.18243
   0.93253  0.02848 -0.19362
   0.92600  0.02957 -0.20079
   0.91932  0.03065 -0.20681
   0.91254  0.03170 -0.21375
   0.90568  0.03272 -0.22234
   0.89876  0.03372 -0.22977
   0.89181  0.03467 -0.23783
   0.88484  0.03559 -0.24377
   0.87782  0.03647 -0.24641
   0.87073  0.03731 -0.24751
   0.86355  0.03812 -0.24860
   0.85628  0.03891 -0.24736
   0.84891  0.03968 -0.24645
   0.84146  0.04044 -0.24641
   0.83396  0.04117 -0.24631
   0.82645  0.04190 -0.25202
   0.81896  0.04260 -0.25690
   0.81149  0.04327 -0.26045
   0.80402  0.04391 -0.26297
   0.79655  0.04452 -0.26537
   0.78909  0.04510 -0.26757
   0.78162  0.04565 -0.26825
   0.77414  0.04617 -0.26778
   0.76665  0.04666 -0.26813
   0.75914  0.04713 -0.26690
   0.75161  0.04756 -0.26507
   0.74405  0.04798 -0.26334
   0.73646  0.04837 -0.26038
   0.72884  0.04874 -0.25795
   0.72118  0.04909 -0.25505
   0.71350  0.04943 -0.25172
   0.70580  0.04974 -0.24990
   0.69806  0.05004 -0.24689
   0.69030  0.05033 -0.24479
   0.68252  0.05060 -0.24272
   0.67473  0.05086 -0.24089
   0.66693  0.05111 -0.23869
   0.65911  0.05135 -0.23743
   0.65129  0.05157 -0.23591
   0.64347  0.05178 -0.23386
   0.63563  0.05197 -0.23273
   0.62779  0.05216 -0.23120
   0.61994  0.05233 -0.22911
   0.61208  0.05249 -0.22859
   0.60421  0.05264 -0.22605
   0.59633  0.05278 -0.22519
   0.58846  0.05291 -0.22396
   0.58058  0.05303 -0.22331
   0.57270  0.05314 -0.22206
   0.56482  0.05324 -0.22114
   0.55693  0.05333 -0.22004
   0.54904  0.05340 -0.21936
   0.54115  0.05347 -0.21790
   0.53326  0.05353 -0.21754
   0.52537  0.05358 -0.21616
   0.51748  0.05361 -0.21522
   0.50958  0.05364 -0.21491
   0.50169  0.05366 -0.21327
   0.49380  0.05367 -0.21360
   0.48590  0.05367 -0.21191
   0.47801  0.05366 -0.21223
   0.47012  0.05363 -0.21119
   0.46224  0.05360 -0.21040
   0.45437  0.05356 -0.20975
   0.44650  0.05351 -0.20919
   0.43864  0.05345 -0.20805
   0.43079  0.05338 -0.20778
   0.42295  0.05330 -0.20743
   0.41514  0.05321 -0.20702
   0.40737  0.05312 -0.20761
   0.39966  0.05301 -0.20694
   0.39202  0.05289 -0.20812
   0.38445  0.05276 -0.20513
   0.37694  0.05262 -0.20247
   0.36954  0.05249 -0.20142
   0.36229  0.05236 -0.20849
   0.35524  0.05223 -0.21924
   0.34842  0.05207 -0.22838
   0.34179  0.05185 -0.21956
   0.33530  0.05159 -0.19265
   0.32892  0.05132 -0.16598
   0.32258  0.05111 -0.15225
   0.31625  0.05098 -0.16848
   0.30988  0.05089 -0.19765
   0.30343  0.05078 -0.22478
   0.29682  0.05061 -0.22701
   0.29002  0.05037 -0.21454
   0.28299  0.05009 -0.20267
   0.27579  0.04982 -0.20130
   0.26847  0.04954 -0.20525
   0.26108  0.04924 -0.20708
   0.25361  0.04892 -0.20585
   0.24607  0.04858 -0.20578
   0.23850  0.04823 -0.20666
   0.23092  0.04786 -0.20695
   0.22333  0.04747 -0.20762
   0.21574  0.04707 -0.20800
   0.20817  0.04664 -0.20964
   0.20063  0.04620 -0.20998
   0.19311  0.04574 -0.21061
   0.18563  0.04526 -0.21355
   0.17820  0.04475 -0.21309
   0.17081  0.04423 -0.21416
   0.16349  0.04368 -0.21633
   0.15624  0.04311 -0.21616
   0.14907  0.04251 -0.21834
   0.14200  0.04189 -0.21874
   0.13503  0.04125 -0.21947
   0.12818  0.04059 -0.21996
   0.12147  0.03990 -0.21994
   0.11493  0.03919 -0.21967
   0.10856  0.03847 -0.21941
   0.10240  0.03773 -0.21865
   0.09647  0.03699 -0.21927
   0.09078  0.03624 -0.22061
   0.08537  0.03550 -0.21890
   0.08024  0.03476 -0.22371
   0.07540  0.03403 -0.22503
   0.07085  0.03331 -0.22834
   0.06658  0.03261 -0.24040
   0.06257  0.03190 -0.24068
   0.05879  0.03120 -0.25117
   0.05523  0.03050 -0.25479
   0.05189  0.02978 -0.25239
   0.04873  0.02906 -0.24577
   0.04574  0.02833 -0.23443
   0.04291  0.02760 -0.22467
   0.04024  0.02687 -0.20940
   0.03771  0.02615 -0.19690
   0.03531  0.02543 -0.18843
   0.03305  0.02471 -0.16345
   0.03089  0.02399 -0.13324
   0.02884  0.02329 -0.10936
   0.02688  0.02260 -0.09336
   0.02502  0.02195 -0.09079
   0.02326  0.02131 -0.08829
   0.02159  0.02067 -0.08625
   0.02000  0.02005 -0.07953
   0.01849  0.01942 -0.06815
   0.01706  0.01880 -0.04956
   0.01569  0.01817 -0.02274
   0.01439  0.01754 -0.00003
   0.01314  0.01692  0.02370
   0.01194  0.01630  0.04463
   0.01080  0.01568  0.06439
   0.00971  0.01507  0.08317
   0.00867  0.01445  0.10860
   0.00767  0.01383  0.12649
   0.00672  0.01321  0.15113
   0.00581  0.01258  0.17178
   0.00495  0.01194  0.20274
   0.00414  0.01128  0.22666
   0.00338  0.01061  0.25514
   0.00268  0.00990  0.28920
   0.00207  0.00914  0.39607
   0.00154  0.00835  0.48346
   0.00111  0.00752  0.59734
   0.00078  0.00665  0.72188
   0.00053  0.00577  0.82076
   0.00035  0.00489  0.89115
   0.00022  0.00400  0.93774
   0.00012  0.00312  0.97063
   0.00005  0.00224  0.98910
   0.00001  0.00137  0.99841
  -0.00000  0.00051  0.99940
   0.00001 -0.00034  0.99315
   0.00004 -0.00120  0.97950
   0.00010 -0.00206  0.95798
   0.00020 -0.00292  0.94134
   0.00027 -0.00380  0.89375
   0.00039 -0.00468  0.85945
   0.00054 -0.00556  0.80898
   0.00072 -0.00645  0.74791
   0.00092 -0.00735  0.68058
   0.00115 -0.00824  0.60171
   0.00142 -0.00914  0.50162
   0.00173 -0.01004  0.39085
   0.00207 -0.01094  0.26506
   0.00247 -0.01182  0.08746
   0.00292 -0.01269  0.00628
   0.00342 -0.01356 -0.34502
   0.00402 -0.01437 -0.40653
   0.00470 -0.01514 -0.51547
   0.00546 -0.01587 -0.54971
   0.00629 -0.01657 -0.57818
   0.00717 -0.01724 -0.58830
   0.00811 -0.01789 -0.60280
   0.00910 -0.01851 -0.59996
   0.01015 -0.01912 -0.59477
   0.01125 -0.01971 -0.59366
   0.01240 -0.02029 -0.58502
   0.01361 -0.02086 -0.57797
   0.01488 -0.02142 -0.56940
   0.01621 -0.02198 -0.55364
   0.01761 -0.02253 -0.54475
   0.01908 -0.02307 -0.52804
   0.02063 -0.02362 -0.52214
   0.02226 -0.02417 -0.50839
   0.02397 -0.02472 -0.49242
   0.02579 -0.02528 -0.48431
   0.02770 -0.02584 -0.47315
   0.02973 -0.02641 -0.46464
   0.03189 -0.02700 -0.45621
   0.03419 -0.02759 -0.44916
   0.03663 -0.02820 -0.43777
   0.03924 -0.02882 -0.43060
   0.04203 -0.02945 -0.41920
   0.04502 -0.03011 -0.41198
   0.04822 -0.03078 -0.40562
   0.05165 -0.03148 -0.40177
   0.05533 -0.03220 -0.39683
   0.05925 -0.03293 -0.39327
   0.06344 -0.03368 -0.38804
   0.06789 -0.03445 -0.38553
   0.07262 -0.03522 -0.38030
   0.07761 -0.03600 -0.37842
   0.08288 -0.03679 -0.37467
   0.08842 -0.03758 -0.37102
   0.09419 -0.03836 -0.36763
   0.10019 -0.03914 -0.36526
   0.10638 -0.03991 -0.36407
   0.11276 -0.04065 -0.36282
   0.11929 -0.04138 -0.36176
   0.12594 -0.04208 -0.36014
   0.13272 -0.04276 -0.35882
   0.13959 -0.04340 -0.35713
   0.14656 -0.04401 -0.35378
   0.15362 -0.04460 -0.35183
   0.16075 -0.04515 -0.34768
   0.16794 -0.04567 -0.34520
   0.17519 -0.04616 -0.34161
   0.18248 -0.04663 -0.33940
   0.18981 -0.04706 -0.33701
   0.19717 -0.04747 -0.33541
   0.20456 -0.04785 -0.33103
   0.21197 -0.04820 -0.32998
   0.21942 -0.04852 -0.32567
   0.22690 -0.04882 -0.32290
   0.23441 -0.04909 -0.31799
   0.24195 -0.04934 -0.31570
   0.24951 -0.04956 -0.31349
   0.25708 -0.04977 -0.31007
   0.26468 -0.04995 -0.30862
   0.27229 -0.05011 -0.30421
   0.27991 -0.05024 -0.30262
   0.28756 -0.05036 -0.29906
   0.29522 -0.05046 -0.29698
   0.30289 -0.05054 -0.29499
   0.31057 -0.05060 -0.29275
   0.31825 -0.05064 -0.29044
   0.32595 -0.05066 -0.28872
   0.33364 -0.05066 -0.28711
   0.34135 -0.05065 -0.28517
   0.34906 -0.05061 -0.28337
   0.35677 -0.05056 -0.28145
   0.36448 -0.05048 -0.27971
   0.37219 -0.05039 -0.27809
   0.37990 -0.05028 -0.27596
   0.38761 -0.05015 -0.27457
   0.39532 -0.05001 -0.27315
   0.40302 -0.04984 -0.27172
   0.41072 -0.04966 -0.26958
   0.41842 -0.04945 -0.26890
   0.42610 -0.04923 -0.26747
   0.43378 -0.04899 -0.26668
   0.44144 -0.04873 -0.26450
   0.44910 -0.04845 -0.26388
   0.45674 -0.04815 -0.26230
   0.46437 -0.04783 -0.26153
   0.47199 -0.04749 -0.25978
   0.47960 -0.04713 -0.25787
   0.48720 -0.04674 -0.25651
   0.49478 -0.04634 -0.25475
   0.50235 -0.04590 -0.25231
   0.50991 -0.04545 -0.25104
   0.51745 -0.04497 -0.24837
   0.52498 -0.04447 -0.24590
   0.53250 -0.04395 -0.24375
   0.54000 -0.04340 -0.24113
   0.54749 -0.04282 -0.23825
   0.55497 -0.04222 -0.23507
   0.56243 -0.04159 -0.23138
   0.56987 -0.04093 -0.22801
   0.57730 -0.04025 -0.22429
   0.58471 -0.03954 -0.22011
   0.59210 -0.03881 -0.21588
   0.59948 -0.03804 -0.21142
   0.60683 -0.03724 -0.20678
   0.61417 -0.03642 -0.20051
   0.62149 -0.03556 -0.19575
   0.62879 -0.03468 -0.18845
   0.63608 -0.03376 -0.18272
   0.64335 -0.03281 -0.17455
   0.65061 -0.03183 -0.16741
   0.65786 -0.03081 -0.15882
   0.66510 -0.02976 -0.14989
   0.67232 -0.02867 -0.14007
   0.67954 -0.02755 -0.12993
   0.68676 -0.02640 -0.11935
   0.69397 -0.02520 -0.10810
   0.70117 -0.02398 -0.09530
   0.70838 -0.02271 -0.08255
   0.71559 -0.02141 -0.06901
   0.72281 -0.02007 -0.05462
   0.73004 -0.01870 -0.03983
   0.73728 -0.01729 -0.02369
   0.74453 -0.01584 -0.00607
   0.75180 -0.01436  0.01027
   0.75910 -0.01284  0.03030
   0.76642 -0.01128  0.04843
   0.77378 -0.00969  0.07025
   0.78118 -0.00807  0.08913
   0.78863 -0.00642  0.11264
   0.79611 -0.00475  0.13353
   0.80361 -0.00306  0.15797
   0.81108 -0.00138  0.18092
   0.81847  0.00029  0.20394
   0.82574  0.00191  0.22774
   0.83289  0.00348  0.24978
   0.83991  0.00499  0.27033
   0.84680  0.00644  0.29005
   0.85358  0.00782  0.30948
   0.86023  0.00913  0.32580
   0.86676  0.01036  0.34442
   0.87316  0.01151  0.35855
   0.87944  0.01258  0.37503
   0.88561  0.01356  0.38687
   0.89167  0.01445  0.39911
   0.89763  0.01526  0.40993
   0.90349  0.01599  0.41948
   0.90927  0.01663  0.42731
   0.91493  0.01718  0.43697
   0.92047  0.01765  0.44284
   0.92588  0.01803  0.45113
   0.93120  0.01832  0.45473
   0.93644  0.01853  0.45558
   0.94160  0.01868  0.45851
   0.94662  0.01876  0.46545
   0.95140  0.01879  0.48086
   0.95595  0.01872  0.49053
   0.96030  0.01853  0.49563
   0.96456  0.01820  0.48073
   0.96881  0.01775  0.45314
   0.97308  0.01723  0.42606
   0.97733  0.01672  0.41387
   0.98147  0.01621  0.42707
   0.98549  0.01562  0.43403
   0.98945  0.01488  0.38878
   0.99342  0.01406  0.32409
   0.99738  0.01325  0.29882
   1.00000  0.01271  0.25423
