GRUMMAN K-2 AIRFOIL                             
 Alfa =  -1.28440 Re =        0.000 Xflap,Yflap =     0.000000    0.000000
#    x        y        Cp  
   1.00000  0.01371  0.25221
   0.99739  0.01444  0.09670
   0.99327  0.01550  0.06268
   0.98886  0.01658  0.04427
   0.98418  0.01773  0.00257
   0.97923  0.01891 -0.02697
   0.97401  0.02013 -0.05701
   0.96856  0.02137 -0.08488
   0.96293  0.02261 -0.11271
   0.95713  0.02384 -0.13578
   0.95115  0.02505 -0.15450
   0.94501  0.02623 -0.16972
   0.93873  0.02739 -0.18333
   0.93231  0.02852 -0.19432
   0.92575  0.02962 -0.20168
   0.91905  0.03069 -0.20738
   0.91224  0.03174 -0.21462
   0.90536  0.03277 -0.22327
   0.89842  0.03376 -0.23075
   0.89145  0.03472 -0.23857
   0.88446  0.03564 -0.24393
   0.87741  0.03652 -0.24800
   0.87030  0.03736 -0.24850
   0.86310  0.03817 -0.24845
   0.85580  0.03897 -0.24805
   0.84840  0.03974 -0.24724
   0.84093  0.04049 -0.24735
   0.83341  0.04123 -0.24779
   0.82588  0.04195 -0.25238
   0.81837  0.04265 -0.25834
   0.81087  0.04332 -0.26093
   0.80338  0.04396 -0.26419
   0.79590  0.04457 -0.26670
   0.78841  0.04515 -0.26772
   0.78092  0.04570 -0.26928
   0.77342  0.04622 -0.26897
   0.76591  0.04671 -0.26901
   0.75838  0.04717 -0.26781
   0.75082  0.04761 -0.26654
   0.74324  0.04802 -0.26266
   0.73562  0.04841 -0.26135
   0.72798  0.04878 -0.25801
   0.72030  0.04913 -0.25582
   0.71260  0.04946 -0.25300
   0.70486  0.04978 -0.25040
   0.69710  0.05008 -0.24767
   0.68932  0.05037 -0.24545
   0.68152  0.05064 -0.24313
   0.67370  0.05090 -0.24217
   0.66588  0.05114 -0.23938
   0.65804  0.05138 -0.23827
   0.65020  0.05160 -0.23647
   0.64235  0.05180 -0.23483
   0.63449  0.05200 -0.23396
   0.62662  0.05218 -0.23169
   0.61875  0.05235 -0.23054
   0.61086  0.05251 -0.22892
   0.60297  0.05266 -0.22711
   0.59508  0.05280 -0.22644
   0.58718  0.05293 -0.22553
   0.57928  0.05305 -0.22414
   0.57138  0.05316 -0.22302
   0.56347  0.05325 -0.22213
   0.55556  0.05334 -0.22156
   0.54765  0.05342 -0.22022
   0.53974  0.05348 -0.21911
   0.53183  0.05354 -0.21824
   0.52391  0.05358 -0.21793
   0.51600  0.05362 -0.21640
   0.50808  0.05365 -0.21618
   0.50017  0.05366 -0.21514
   0.49225  0.05367 -0.21404
   0.48434  0.05366 -0.21397
   0.47642  0.05365 -0.21307
   0.46852  0.05363 -0.21258
   0.46062  0.05360 -0.21149
   0.45272  0.05355 -0.21201
   0.44483  0.05350 -0.21029
   0.43695  0.05344 -0.20986
   0.42908  0.05336 -0.20899
   0.42122  0.05328 -0.20912
   0.41340  0.05319 -0.20835
   0.40562  0.05309 -0.20941
   0.39791  0.05299 -0.20911
   0.39026  0.05286 -0.20939
   0.38268  0.05273 -0.20693
   0.37518  0.05259 -0.20340
   0.36779  0.05245 -0.20438
   0.36056  0.05233 -0.21228
   0.35355  0.05219 -0.22395
   0.34675  0.05202 -0.23072
   0.34015  0.05179 -0.21582
   0.33367  0.05152 -0.18754
   0.32729  0.05126 -0.16220
   0.32094  0.05107 -0.15514
   0.31459  0.05095 -0.17816
   0.30818  0.05086 -0.20848
   0.30168  0.05074 -0.23008
   0.29501  0.05055 -0.22620
   0.28812  0.05029 -0.21276
   0.28102  0.05002 -0.20337
   0.27376  0.04974 -0.20527
   0.26640  0.04946 -0.20809
   0.25896  0.04915 -0.20899
   0.25145  0.04883 -0.20875
   0.24388  0.04848 -0.20843
   0.23629  0.04812 -0.20909
   0.22868  0.04775 -0.20972
   0.22107  0.04735 -0.21075
   0.21346  0.04694 -0.21112
   0.20588  0.04651 -0.21226
   0.19832  0.04606 -0.21301
   0.19079  0.04559 -0.21442
   0.18331  0.04510 -0.21642
   0.17587  0.04459 -0.21601
   0.16848  0.04405 -0.21884
   0.16116  0.04350 -0.21913
   0.15392  0.04292 -0.22001
   0.14676  0.04231 -0.22265
   0.13969  0.04168 -0.22162
   0.13274  0.04103 -0.22369
   0.12592  0.04036 -0.22333
   0.11925  0.03966 -0.22393
   0.11274  0.03895 -0.22343
   0.10643  0.03821 -0.22317
   0.10032  0.03747 -0.22373
   0.09446  0.03673 -0.22310
   0.08886  0.03598 -0.22504
   0.08353  0.03523 -0.22546
   0.07849  0.03450 -0.22826
   0.07373  0.03377 -0.23321
   0.06927  0.03305 -0.23463
   0.06509  0.03235 -0.24657
   0.06115  0.03165 -0.25103
   0.05745  0.03095 -0.25796
   0.05396  0.03023 -0.26169
   0.05068  0.02952 -0.25680
   0.04758  0.02879 -0.24836
   0.04465  0.02805 -0.23746
   0.04187  0.02732 -0.22545
   0.03925  0.02659 -0.21077
   0.03676  0.02587 -0.20155
   0.03441  0.02515 -0.18662
   0.03218  0.02442 -0.15910
   0.03006  0.02371 -0.13105
   0.02804  0.02301 -0.10791
   0.02612  0.02234 -0.09979
   0.02429  0.02168 -0.09812
   0.02256  0.02105 -0.09448
   0.02092  0.02042 -0.09268
   0.01936  0.01979 -0.08503
   0.01788  0.01916 -0.06973
   0.01648  0.01853 -0.04810
   0.01513  0.01790 -0.02220
   0.01385  0.01728  0.00087
   0.01262  0.01665  0.02547
   0.01145  0.01603  0.04075
   0.01032  0.01542  0.06121
   0.00925  0.01480  0.08646
   0.00822  0.01418  0.10253
   0.00724  0.01356  0.13002
   0.00631  0.01293  0.14853
   0.00542  0.01229  0.17142
   0.00458  0.01164  0.20304
   0.00379  0.01098  0.22500
   0.00305  0.01029  0.25841
   0.00239  0.00956  0.30341
   0.00182  0.00878  0.44374
   0.00133  0.00797  0.51016
   0.00094  0.00712  0.65016
   0.00065  0.00624  0.76272
   0.00044  0.00536  0.85177
   0.00028  0.00447  0.91012
   0.00016  0.00358  0.95264
   0.00008  0.00270  0.97797
   0.00003  0.00182  0.99356
   0.00000  0.00095  0.99980
  -0.00000  0.00009  0.99784
   0.00003 -0.00076  0.98939
   0.00006 -0.00163  0.97112
   0.00015 -0.00249  0.95477
   0.00023 -0.00336  0.92222
   0.00032 -0.00424  0.88237
   0.00047 -0.00512  0.84081
   0.00063 -0.00601  0.78624
   0.00082 -0.00691  0.72307
   0.00104 -0.00781  0.65073
   0.00129 -0.00871  0.55945
   0.00157 -0.00961  0.45737
   0.00190 -0.01051  0.34067
   0.00227 -0.01140  0.18821
   0.00270 -0.01228  0.05954
   0.00318 -0.01315 -0.14940
   0.00373 -0.01400 -0.37996
   0.00438 -0.01479 -0.45285
   0.00511 -0.01554 -0.52107
   0.00590 -0.01626 -0.54793
   0.00676 -0.01694 -0.56769
   0.00768 -0.01760 -0.57965
   0.00865 -0.01823 -0.58416
   0.00967 -0.01885 -0.59005
   0.01075 -0.01945 -0.57499
   0.01188 -0.02004 -0.57989
   0.01307 -0.02061 -0.56690
   0.01432 -0.02118 -0.56071
   0.01563 -0.02174 -0.55192
   0.01700 -0.02229 -0.53440
   0.01845 -0.02284 -0.52503
   0.01996 -0.02339 -0.51493
   0.02156 -0.02394 -0.50311
   0.02324 -0.02449 -0.48990
   0.02502 -0.02504 -0.47901
   0.02690 -0.02561 -0.47012
   0.02888 -0.02618 -0.45920
   0.03099 -0.02676 -0.45062
   0.03324 -0.02735 -0.44402
   0.03563 -0.02795 -0.43441
   0.03818 -0.02857 -0.42609
   0.04090 -0.02920 -0.41690
   0.04382 -0.02985 -0.40818
   0.04694 -0.03052 -0.40075
   0.05029 -0.03121 -0.39812
   0.05388 -0.03192 -0.39170
   0.05772 -0.03265 -0.38900
   0.06181 -0.03340 -0.38443
   0.06618 -0.03416 -0.38048
   0.07081 -0.03493 -0.37723
   0.07572 -0.03571 -0.37374
   0.08090 -0.03650 -0.37063
   0.08636 -0.03729 -0.36797
   0.09206 -0.03808 -0.36447
   0.09799 -0.03886 -0.36114
   0.10414 -0.03963 -0.36077
   0.11047 -0.04039 -0.35857
   0.11696 -0.04113 -0.35812
   0.12360 -0.04184 -0.35707
   0.13035 -0.04253 -0.35575
   0.13721 -0.04318 -0.35385
   0.14417 -0.04381 -0.35149
   0.15121 -0.04440 -0.34846
   0.15834 -0.04497 -0.34577
   0.16553 -0.04550 -0.34291
   0.17278 -0.04600 -0.33987
   0.18008 -0.04648 -0.33675
   0.18742 -0.04692 -0.33523
   0.19479 -0.04734 -0.33242
   0.20219 -0.04773 -0.33033
   0.20962 -0.04809 -0.32654
   0.21707 -0.04842 -0.32469
   0.22456 -0.04873 -0.32074
   0.23208 -0.04901 -0.31721
   0.23964 -0.04926 -0.31354
   0.24721 -0.04950 -0.31158
   0.25481 -0.04971 -0.30890
   0.26241 -0.04990 -0.30623
   0.27004 -0.05006 -0.30326
   0.27768 -0.05021 -0.30091
   0.28534 -0.05033 -0.29770
   0.29302 -0.05043 -0.29541
   0.30071 -0.05052 -0.29314
   0.30841 -0.05058 -0.29118
   0.31611 -0.05063 -0.28951
   0.32382 -0.05066 -0.28733
   0.33154 -0.05066 -0.28494
   0.33927 -0.05065 -0.28397
   0.34699 -0.05062 -0.28138
   0.35472 -0.05057 -0.28006
   0.36246 -0.05051 -0.27841
   0.37019 -0.05042 -0.27689
   0.37793 -0.05031 -0.27445
   0.38566 -0.05019 -0.27360
   0.39339 -0.05004 -0.27165
   0.40111 -0.04988 -0.27011
   0.40883 -0.04970 -0.26842
   0.41655 -0.04951 -0.26754
   0.42426 -0.04929 -0.26610
   0.43196 -0.04905 -0.26511
   0.43965 -0.04880 -0.26359
   0.44733 -0.04852 -0.26253
   0.45499 -0.04823 -0.26135
   0.46265 -0.04791 -0.25963
   0.47029 -0.04757 -0.25873
   0.47793 -0.04721 -0.25687
   0.48555 -0.04683 -0.25524
   0.49315 -0.04642 -0.25359
   0.50075 -0.04600 -0.25203
   0.50833 -0.04555 -0.24944
   0.51589 -0.04507 -0.24783
   0.52345 -0.04458 -0.24501
   0.53099 -0.04405 -0.24308
   0.53851 -0.04351 -0.23998
   0.54603 -0.04293 -0.23752
   0.55353 -0.04234 -0.23485
   0.56101 -0.04171 -0.23069
   0.56848 -0.04106 -0.22775
   0.57593 -0.04038 -0.22372
   0.58337 -0.03967 -0.21981
   0.59078 -0.03894 -0.21579
   0.59818 -0.03818 -0.21087
   0.60556 -0.03738 -0.20627
   0.61292 -0.03656 -0.20106
   0.62026 -0.03571 -0.19511
   0.62759 -0.03483 -0.18919
   0.63490 -0.03391 -0.18162
   0.64220 -0.03296 -0.17561
   0.64948 -0.03198 -0.16746
   0.65674 -0.03097 -0.15944
   0.66400 -0.02992 -0.15017
   0.67125 -0.02883 -0.14065
   0.67849 -0.02772 -0.13096
   0.68572 -0.02656 -0.11974
   0.69295 -0.02537 -0.10897
   0.70018 -0.02415 -0.09596
   0.70741 -0.02288 -0.08366
   0.71464 -0.02159 -0.07030
   0.72188 -0.02025 -0.05535
   0.72912 -0.01888 -0.04132
   0.73638 -0.01747 -0.02439
   0.74365 -0.01602 -0.00872
   0.75094 -0.01453  0.00991
   0.75826 -0.01301  0.02786
   0.76560 -0.01146  0.04750
   0.77297 -0.00987  0.06713
   0.78039 -0.00825  0.08866
   0.78785 -0.00659  0.10979
   0.79535 -0.00492  0.13293
   0.80287 -0.00323  0.15578
   0.81037 -0.00154  0.17808
   0.81778  0.00013  0.20326
   0.82509  0.00176  0.22639
   0.83227  0.00334  0.24790
   0.83932  0.00486  0.26863
   0.84624  0.00632  0.28904
   0.85304  0.00771  0.30744
   0.85972  0.00903  0.32635
   0.86628  0.01027  0.34254
   0.87271  0.01143  0.35859
   0.87902  0.01251  0.37361
   0.88521  0.01350  0.38632
   0.89129  0.01440  0.39911
   0.89727  0.01522  0.40889
   0.90316  0.01595  0.41939
   0.90895  0.01659  0.42823
   0.91464  0.01715  0.43560
   0.92020  0.01763  0.44399
   0.92564  0.01802  0.44979
   0.93097  0.01831  0.45438
   0.93623  0.01853  0.45749
   0.94141  0.01867  0.45701
   0.94645  0.01876  0.46724
   0.95125  0.01879  0.47891
   0.95581  0.01873  0.49153
   0.96019  0.01854  0.49563
   0.96446  0.01821  0.48058
   0.96872  0.01776  0.45439
   0.97300  0.01724  0.42585
   0.97726  0.01672  0.41553
   0.98142  0.01621  0.42813
   0.98545  0.01563  0.43246
   0.98942  0.01489  0.38727
   0.99340  0.01406  0.32681
   0.99738  0.01325  0.29813
   1.00000  0.01271  0.25221
