GRUMMAN K-2 AIRFOIL                             
 Alfa =  -1.29950 Re =        0.000 Xflap,Yflap =     0.000000    0.000000
#    x        y        Cp  
   1.00000  0.01371  0.25220
   0.99739  0.01444  0.09672
   0.99327  0.01550  0.06271
   0.98886  0.01658  0.04432
   0.98418  0.01773  0.00264
   0.97923  0.01891 -0.02690
   0.97401  0.02013 -0.05693
   0.96856  0.02137 -0.08478
   0.96293  0.02261 -0.11261
   0.95713  0.02384 -0.13566
   0.95115  0.02505 -0.15437
   0.94501  0.02623 -0.16958
   0.93873  0.02739 -0.18318
   0.93231  0.02852 -0.19416
   0.92575  0.02962 -0.20151
   0.91905  0.03069 -0.20720
   0.91224  0.03174 -0.21443
   0.90536  0.03277 -0.22307
   0.89842  0.03376 -0.23053
   0.89145  0.03472 -0.23835
   0.88446  0.03564 -0.24370
   0.87741  0.03652 -0.24776
   0.87030  0.03736 -0.24825
   0.86310  0.03817 -0.24820
   0.85580  0.03897 -0.24778
   0.84840  0.03974 -0.24697
   0.84093  0.04049 -0.24707
   0.83341  0.04123 -0.24750
   0.82588  0.04195 -0.25209
   0.81837  0.04265 -0.25803
   0.81087  0.04332 -0.26061
   0.80338  0.04396 -0.26387
   0.79590  0.04457 -0.26637
   0.78841  0.04515 -0.26738
   0.78092  0.04570 -0.26893
   0.77342  0.04622 -0.26862
   0.76591  0.04671 -0.26864
   0.75838  0.04717 -0.26744
   0.75082  0.04761 -0.26616
   0.74324  0.04802 -0.26228
   0.73562  0.04841 -0.26095
   0.72798  0.04878 -0.25761
   0.72030  0.04913 -0.25542
   0.71260  0.04946 -0.25259
   0.70486  0.04978 -0.24998
   0.69710  0.05008 -0.24724
   0.68932  0.05037 -0.24502
   0.68152  0.05064 -0.24269
   0.67370  0.05090 -0.24172
   0.66588  0.05114 -0.23892
   0.65804  0.05138 -0.23780
   0.65020  0.05160 -0.23600
   0.64235  0.05180 -0.23435
   0.63449  0.05200 -0.23347
   0.62662  0.05218 -0.23120
   0.61875  0.05235 -0.23004
   0.61086  0.05251 -0.22841
   0.60297  0.05266 -0.22659
   0.59508  0.05280 -0.22591
   0.58718  0.05293 -0.22500
   0.57928  0.05305 -0.22360
   0.57138  0.05316 -0.22246
   0.56347  0.05325 -0.22156
   0.55556  0.05334 -0.22099
   0.54765  0.05342 -0.21964
   0.53974  0.05348 -0.21852
   0.53183  0.05354 -0.21765
   0.52391  0.05358 -0.21733
   0.51600  0.05362 -0.21578
   0.50808  0.05365 -0.21556
   0.50017  0.05366 -0.21451
   0.49225  0.05367 -0.21339
   0.48434  0.05366 -0.21332
   0.47642  0.05365 -0.21241
   0.46852  0.05363 -0.21191
   0.46062  0.05360 -0.21081
   0.45272  0.05355 -0.21132
   0.44483  0.05350 -0.20958
   0.43695  0.05344 -0.20914
   0.42908  0.05336 -0.20826
   0.42122  0.05328 -0.20838
   0.41340  0.05319 -0.20760
   0.40562  0.05309 -0.20865
   0.39791  0.05299 -0.20834
   0.39026  0.05286 -0.20861
   0.38268  0.05273 -0.20613
   0.37518  0.05259 -0.20259
   0.36779  0.05245 -0.20356
   0.36056  0.05233 -0.21144
   0.35355  0.05219 -0.22309
   0.34675  0.05202 -0.22984
   0.34015  0.05179 -0.21494
   0.33367  0.05152 -0.18666
   0.32729  0.05126 -0.16133
   0.32094  0.05107 -0.15427
   0.31459  0.05095 -0.17726
   0.30818  0.05086 -0.20754
   0.30168  0.05074 -0.22911
   0.29501  0.05055 -0.22521
   0.28812  0.05029 -0.21177
   0.28102  0.05002 -0.20237
   0.27376  0.04974 -0.20425
   0.26640  0.04946 -0.20705
   0.25896  0.04915 -0.20793
   0.25145  0.04883 -0.20767
   0.24388  0.04848 -0.20733
   0.23629  0.04812 -0.20796
   0.22868  0.04775 -0.20857
   0.22107  0.04735 -0.20957
   0.21346  0.04694 -0.20991
   0.20588  0.04651 -0.21103
   0.19832  0.04606 -0.21175
   0.19079  0.04559 -0.21312
   0.18331  0.04510 -0.21510
   0.17587  0.04459 -0.21465
   0.16848  0.04405 -0.21744
   0.16116  0.04350 -0.21769
   0.15392  0.04292 -0.21854
   0.14676  0.04231 -0.22113
   0.13969  0.04168 -0.22005
   0.13274  0.04103 -0.22208
   0.12592  0.04036 -0.22166
   0.11925  0.03966 -0.22222
   0.11274  0.03895 -0.22166
   0.10643  0.03821 -0.22135
   0.10032  0.03747 -0.22185
   0.09446  0.03673 -0.22116
   0.08886  0.03598 -0.22302
   0.08353  0.03523 -0.22338
   0.07849  0.03450 -0.22610
   0.07373  0.03377 -0.23097
   0.06927  0.03305 -0.23231
   0.06509  0.03235 -0.24416
   0.06115  0.03165 -0.24852
   0.05745  0.03095 -0.25535
   0.05396  0.03023 -0.25899
   0.05068  0.02952 -0.25401
   0.04758  0.02879 -0.24551
   0.04465  0.02805 -0.23453
   0.04187  0.02732 -0.22246
   0.03925  0.02659 -0.20771
   0.03676  0.02587 -0.19841
   0.03441  0.02515 -0.18341
   0.03218  0.02442 -0.15586
   0.03006  0.02371 -0.12778
   0.02804  0.02301 -0.10459
   0.02612  0.02234 -0.09638
   0.02429  0.02168 -0.09459
   0.02256  0.02105 -0.09083
   0.02092  0.02042 -0.08891
   0.01936  0.01979 -0.08114
   0.01788  0.01916 -0.06574
   0.01648  0.01853 -0.04404
   0.01513  0.01790 -0.01807
   0.01385  0.01728  0.00507
   0.01262  0.01665  0.02976
   0.01145  0.01603  0.04516
   0.01032  0.01542  0.06573
   0.00925  0.01480  0.09109
   0.00822  0.01418  0.10730
   0.00724  0.01356  0.13493
   0.00631  0.01293  0.15362
   0.00542  0.01229  0.17669
   0.00458  0.01164  0.20848
   0.00379  0.01098  0.23071
   0.00305  0.01029  0.26437
   0.00239  0.00956  0.30960
   0.00182  0.00878  0.44928
   0.00133  0.00797  0.51571
   0.00094  0.00712  0.65476
   0.00065  0.00624  0.76641
   0.00044  0.00536  0.85458
   0.00028  0.00447  0.91223
   0.00016  0.00358  0.95414
   0.00008  0.00270  0.97897
   0.00003  0.00182  0.99409
   0.00000  0.00095  0.99988
  -0.00000  0.00009  0.99752
   0.00003 -0.00076  0.98872
   0.00006 -0.00163  0.96997
   0.00015 -0.00249  0.95346
   0.00023 -0.00336  0.92043
   0.00032 -0.00424  0.88013
   0.00047 -0.00512  0.83827
   0.00063 -0.00601  0.78326
   0.00082 -0.00691  0.71968
   0.00104 -0.00781  0.64690
   0.00129 -0.00871  0.55513
   0.00157 -0.00961  0.45251
   0.00190 -0.01051  0.33529
   0.00227 -0.01140  0.18211
   0.00270 -0.01228  0.05302
   0.00318 -0.01315 -0.15679
   0.00373 -0.01400 -0.38821
   0.00438 -0.01479 -0.46095
   0.00511 -0.01554 -0.52904
   0.00590 -0.01626 -0.55559
   0.00676 -0.01694 -0.57504
   0.00768 -0.01760 -0.58669
   0.00865 -0.01823 -0.59090
   0.00967 -0.01885 -0.59650
   0.01075 -0.01945 -0.58115
   0.01188 -0.02004 -0.58580
   0.01307 -0.02061 -0.57255
   0.01432 -0.02118 -0.56614
   0.01563 -0.02174 -0.55711
   0.01700 -0.02229 -0.53937
   0.01845 -0.02284 -0.52980
   0.01996 -0.02339 -0.51951
   0.02156 -0.02394 -0.50752
   0.02324 -0.02449 -0.49413
   0.02502 -0.02504 -0.48308
   0.02690 -0.02561 -0.47404
   0.02888 -0.02618 -0.46297
   0.03099 -0.02676 -0.45426
   0.03324 -0.02735 -0.44753
   0.03563 -0.02795 -0.43779
   0.03818 -0.02857 -0.42935
   0.04090 -0.02920 -0.42004
   0.04382 -0.02985 -0.41120
   0.04694 -0.03052 -0.40366
   0.05029 -0.03121 -0.40093
   0.05388 -0.03192 -0.39442
   0.05772 -0.03265 -0.39162
   0.06181 -0.03340 -0.38696
   0.06618 -0.03416 -0.38292
   0.07081 -0.03493 -0.37959
   0.07572 -0.03571 -0.37601
   0.08090 -0.03650 -0.37282
   0.08636 -0.03729 -0.37009
   0.09206 -0.03808 -0.36652
   0.09799 -0.03886 -0.36312
   0.10414 -0.03963 -0.36268
   0.11047 -0.04039 -0.36042
   0.11696 -0.04113 -0.35992
   0.12360 -0.04184 -0.35882
   0.13035 -0.04253 -0.35744
   0.13721 -0.04318 -0.35549
   0.14417 -0.04381 -0.35309
   0.15121 -0.04440 -0.35001
   0.15834 -0.04497 -0.34727
   0.16553 -0.04550 -0.34438
   0.17278 -0.04600 -0.34129
   0.18008 -0.04648 -0.33814
   0.18742 -0.04692 -0.33658
   0.19479 -0.04734 -0.33374
   0.20219 -0.04773 -0.33162
   0.20962 -0.04809 -0.32780
   0.21707 -0.04842 -0.32592
   0.22456 -0.04873 -0.32194
   0.23208 -0.04901 -0.31838
   0.23964 -0.04926 -0.31469
   0.24721 -0.04950 -0.31270
   0.25481 -0.04971 -0.31000
   0.26241 -0.04990 -0.30730
   0.27004 -0.05006 -0.30431
   0.27768 -0.05021 -0.30194
   0.28534 -0.05033 -0.29871
   0.29302 -0.05043 -0.29640
   0.30071 -0.05052 -0.29410
   0.30841 -0.05058 -0.29213
   0.31611 -0.05063 -0.29044
   0.32382 -0.05066 -0.28824
   0.33154 -0.05066 -0.28584
   0.33927 -0.05065 -0.28484
   0.34699 -0.05062 -0.28224
   0.35472 -0.05057 -0.28091
   0.36246 -0.05051 -0.27924
   0.37019 -0.05042 -0.27770
   0.37793 -0.05031 -0.27525
   0.38566 -0.05019 -0.27439
   0.39339 -0.05004 -0.27242
   0.40111 -0.04988 -0.27087
   0.40883 -0.04970 -0.26917
   0.41655 -0.04951 -0.26827
   0.42426 -0.04929 -0.26683
   0.43196 -0.04905 -0.26582
   0.43965 -0.04880 -0.26429
   0.44733 -0.04852 -0.26321
   0.45499 -0.04823 -0.26203
   0.46265 -0.04791 -0.26029
   0.47029 -0.04757 -0.25938
   0.47793 -0.04721 -0.25751
   0.48555 -0.04683 -0.25587
   0.49315 -0.04642 -0.25421
   0.50075 -0.04600 -0.25264
   0.50833 -0.04555 -0.25004
   0.51589 -0.04507 -0.24842
   0.52345 -0.04458 -0.24559
   0.53099 -0.04405 -0.24365
   0.53851 -0.04351 -0.24054
   0.54603 -0.04293 -0.23807
   0.55353 -0.04234 -0.23539
   0.56101 -0.04171 -0.23122
   0.56848 -0.04106 -0.22827
   0.57593 -0.04038 -0.22422
   0.58337 -0.03967 -0.22030
   0.59078 -0.03894 -0.21627
   0.59818 -0.03818 -0.21135
   0.60556 -0.03738 -0.20674
   0.61292 -0.03656 -0.20152
   0.62026 -0.03571 -0.19556
   0.62759 -0.03483 -0.18963
   0.63490 -0.03391 -0.18204
   0.64220 -0.03296 -0.17603
   0.64948 -0.03198 -0.16787
   0.65674 -0.03097 -0.15984
   0.66400 -0.02992 -0.15055
   0.67125 -0.02883 -0.14103
   0.67849 -0.02772 -0.13133
   0.68572 -0.02656 -0.12009
   0.69295 -0.02537 -0.10932
   0.70018 -0.02415 -0.09629
   0.70741 -0.02288 -0.08399
   0.71464 -0.02159 -0.07062
   0.72188 -0.02025 -0.05566
   0.72912 -0.01888 -0.04161
   0.73638 -0.01747 -0.02467
   0.74365 -0.01602 -0.00900
   0.75094 -0.01453  0.00965
   0.75826 -0.01301  0.02760
   0.76560 -0.01146  0.04726
   0.77297 -0.00987  0.06689
   0.78039 -0.00825  0.08845
   0.78785 -0.00659  0.10957
   0.79535 -0.00492  0.13274
   0.80287 -0.00323  0.15559
   0.81037 -0.00154  0.17790
   0.81778  0.00013  0.20309
   0.82509  0.00176  0.22623
   0.83227  0.00334  0.24775
   0.83932  0.00486  0.26848
   0.84624  0.00632  0.28890
   0.85304  0.00771  0.30731
   0.85972  0.00903  0.32623
   0.86628  0.01027  0.34242
   0.87271  0.01143  0.35848
   0.87902  0.01251  0.37350
   0.88521  0.01350  0.38622
   0.89129  0.01440  0.39902
   0.89727  0.01522  0.40881
   0.90316  0.01595  0.41930
   0.90895  0.01659  0.42815
   0.91464  0.01715  0.43553
   0.92020  0.01763  0.44391
   0.92564  0.01802  0.44972
   0.93097  0.01831  0.45431
   0.93623  0.01853  0.45743
   0.94141  0.01867  0.45694
   0.94645  0.01876  0.46718
   0.95125  0.01879  0.47886
   0.95581  0.01873  0.49148
   0.96019  0.01854  0.49558
   0.96446  0.01821  0.48054
   0.96872  0.01776  0.45434
   0.97300  0.01724  0.42579
   0.97726  0.01672  0.41549
   0.98142  0.01621  0.42809
   0.98545  0.01563  0.43243
   0.98942  0.01489  0.38723
   0.99340  0.01406  0.32678
   0.99738  0.01325  0.29811
   1.00000  0.01271  0.25220
