GRUMMAN K-2 AIRFOIL                             
 Alfa =  -1.12800 Re =        0.000 Xflap,Yflap =     0.000000    0.000000
#    x        y        Cp  
   1.00000  0.01371  0.25413
   0.99740  0.01444  0.09902
   0.99329  0.01549  0.06120
   0.98889  0.01657  0.04568
   0.98423  0.01772  0.00516
   0.97929  0.01890 -0.02989
   0.97409  0.02011 -0.05594
   0.96867  0.02135 -0.08649
   0.96305  0.02259 -0.11311
   0.95727  0.02381 -0.13486
   0.95131  0.02502 -0.15593
   0.94520  0.02620 -0.17112
   0.93893  0.02735 -0.18430
   0.93253  0.02848 -0.19563
   0.92600  0.02957 -0.20288
   0.91932  0.03065 -0.20909
   0.91254  0.03170 -0.21609
   0.90568  0.03272 -0.22486
   0.89876  0.03372 -0.23235
   0.89181  0.03467 -0.24058
   0.88484  0.03559 -0.24664
   0.87782  0.03647 -0.24935
   0.87073  0.03731 -0.25058
   0.86355  0.03812 -0.25179
   0.85628  0.03891 -0.25059
   0.84891  0.03968 -0.24986
   0.84146  0.04044 -0.24986
   0.83396  0.04117 -0.24990
   0.82645  0.04190 -0.25569
   0.81896  0.04260 -0.26072
   0.81149  0.04327 -0.26439
   0.80402  0.04391 -0.26697
   0.79655  0.04452 -0.26954
   0.78909  0.04510 -0.27174
   0.78162  0.04565 -0.27262
   0.77414  0.04617 -0.27221
   0.76665  0.04666 -0.27271
   0.75914  0.04713 -0.27153
   0.75161  0.04756 -0.26980
   0.74405  0.04798 -0.26811
   0.73646  0.04837 -0.26530
   0.72884  0.04874 -0.26293
   0.72118  0.04909 -0.26013
   0.71350  0.04943 -0.25691
   0.70580  0.04974 -0.25517
   0.69806  0.05004 -0.25220
   0.69030  0.05033 -0.25026
   0.68252  0.05060 -0.24822
   0.67473  0.05086 -0.24654
   0.66693  0.05111 -0.24440
   0.65911  0.05135 -0.24322
   0.65129  0.05157 -0.24184
   0.64347  0.05178 -0.23986
   0.63563  0.05197 -0.23883
   0.62779  0.05216 -0.23740
   0.61994  0.05233 -0.23543
   0.61208  0.05249 -0.23497
   0.60421  0.05264 -0.23254
   0.59633  0.05278 -0.23180
   0.58846  0.05291 -0.23066
   0.58058  0.05303 -0.23013
   0.57270  0.05314 -0.22897
   0.56482  0.05324 -0.22815
   0.55693  0.05333 -0.22715
   0.54904  0.05340 -0.22659
   0.54115  0.05347 -0.22525
   0.53326  0.05353 -0.22500
   0.52537  0.05358 -0.22373
   0.51748  0.05361 -0.22293
   0.50958  0.05364 -0.22271
   0.50169  0.05366 -0.22119
   0.49380  0.05367 -0.22165
   0.48590  0.05367 -0.22007
   0.47801  0.05366 -0.22054
   0.47012  0.05363 -0.21960
   0.46224  0.05360 -0.21896
   0.45437  0.05356 -0.21844
   0.44650  0.05351 -0.21800
   0.43864  0.05345 -0.21699
   0.43079  0.05338 -0.21688
   0.42295  0.05330 -0.21666
   0.41514  0.05321 -0.21641
   0.40737  0.05312 -0.21715
   0.39966  0.05301 -0.21666
   0.39202  0.05289 -0.21796
   0.38445  0.05276 -0.21514
   0.37694  0.05262 -0.21259
   0.36954  0.05249 -0.21170
   0.36229  0.05236 -0.21899
   0.35524  0.05223 -0.23001
   0.34842  0.05207 -0.23936
   0.34179  0.05185 -0.23066
   0.33530  0.05159 -0.20365
   0.32892  0.05132 -0.17688
   0.32258  0.05111 -0.16319
   0.31625  0.05098 -0.17972
   0.30988  0.05089 -0.20934
   0.30343  0.05078 -0.23694
   0.29682  0.05061 -0.23936
   0.29002  0.05037 -0.22697
   0.28299  0.05009 -0.21519
   0.27579  0.04982 -0.21403
   0.26847  0.04954 -0.21826
   0.26108  0.04924 -0.22035
   0.25361  0.04892 -0.21938
   0.24607  0.04858 -0.21958
   0.23850  0.04823 -0.22074
   0.23092  0.04786 -0.22135
   0.22333  0.04747 -0.22234
   0.21574  0.04707 -0.22304
   0.20817  0.04664 -0.22505
   0.20063  0.04620 -0.22574
   0.19311  0.04574 -0.22675
   0.18563  0.04526 -0.23014
   0.17820  0.04475 -0.23008
   0.17081  0.04423 -0.23161
   0.16349  0.04368 -0.23427
   0.15624  0.04311 -0.23459
   0.14907  0.04251 -0.23731
   0.14200  0.04189 -0.23826
   0.13503  0.04125 -0.23957
   0.12818  0.04059 -0.24068
   0.12147  0.03990 -0.24129
   0.11493  0.03919 -0.24169
   0.10856  0.03847 -0.24214
   0.10240  0.03773 -0.24211
   0.09647  0.03699 -0.24352
   0.09078  0.03624 -0.24569
   0.08537  0.03550 -0.24481
   0.08024  0.03476 -0.25059
   0.07540  0.03403 -0.25287
   0.07085  0.03331 -0.25717
   0.06658  0.03261 -0.27051
   0.06257  0.03190 -0.27179
   0.05879  0.03120 -0.28363
   0.05523  0.03050 -0.28842
   0.05189  0.02978 -0.28710
   0.04873  0.02906 -0.28146
   0.04574  0.02833 -0.27100
   0.04291  0.02760 -0.26219
   0.04024  0.02687 -0.24772
   0.03771  0.02615 -0.23613
   0.03531  0.02543 -0.22874
   0.03305  0.02471 -0.20428
   0.03089  0.02399 -0.17443
   0.02884  0.02329 -0.15107
   0.02688  0.02260 -0.13597
   0.02502  0.02195 -0.13481
   0.02326  0.02131 -0.13383
   0.02159  0.02067 -0.13339
   0.02000  0.02005 -0.12819
   0.01849  0.01942 -0.11821
   0.01706  0.01880 -0.10070
   0.01569  0.01817 -0.07468
   0.01439  0.01754 -0.05292
   0.01314  0.01692 -0.03025
   0.01194  0.01630 -0.01061
   0.01080  0.01568  0.00769
   0.00971  0.01507  0.02492
   0.00867  0.01445  0.04886
   0.00767  0.01383  0.06480
   0.00672  0.01321  0.08744
   0.00581  0.01258  0.10569
   0.00495  0.01194  0.13444
   0.00414  0.01128  0.15539
   0.00338  0.01061  0.18024
   0.00268  0.00990  0.21066
   0.00207  0.00914  0.32135
   0.00154  0.00835  0.41111
   0.00111  0.00752  0.53196
   0.00078  0.00665  0.66847
   0.00053  0.00577  0.77897
   0.00035  0.00489  0.85928
   0.00022  0.00400  0.91384
   0.00012  0.00312  0.95403
   0.00005  0.00224  0.97849
   0.00001  0.00137  0.99336
  -0.00000  0.00051  0.99971
   0.00001 -0.00034  0.99823
   0.00004 -0.00120  0.98947
   0.00010 -0.00206  0.97318
   0.00020 -0.00292  0.95823
   0.00027 -0.00380  0.91905
   0.00039 -0.00468  0.88778
   0.00054 -0.00556  0.84243
   0.00072 -0.00645  0.78675
   0.00092 -0.00735  0.72464
   0.00115 -0.00824  0.65135
   0.00142 -0.00914  0.55786
   0.00173 -0.01004  0.45389
   0.00207 -0.01094  0.33493
   0.00247 -0.01182  0.16745
   0.00292 -0.01269  0.08739
   0.00342 -0.01356 -0.24290
   0.00402 -0.01437 -0.30717
   0.00470 -0.01514 -0.41471
   0.00546 -0.01587 -0.45277
   0.00629 -0.01657 -0.48463
   0.00717 -0.01724 -0.49887
   0.00811 -0.01789 -0.51677
   0.00910 -0.01851 -0.51775
   0.01015 -0.01912 -0.51626
   0.01125 -0.01971 -0.51836
   0.01240 -0.02029 -0.51289
   0.01361 -0.02086 -0.50879
   0.01488 -0.02142 -0.50306
   0.01621 -0.02198 -0.49017
   0.01761 -0.02253 -0.48381
   0.01908 -0.02307 -0.46959
   0.02063 -0.02362 -0.46586
   0.02226 -0.02417 -0.45432
   0.02397 -0.02472 -0.44052
   0.02579 -0.02528 -0.43432
   0.02770 -0.02584 -0.42499
   0.02973 -0.02641 -0.41820
   0.03189 -0.02700 -0.41142
   0.03419 -0.02759 -0.40594
   0.03663 -0.02820 -0.39615
   0.03924 -0.02882 -0.39046
   0.04203 -0.02945 -0.38057
   0.04502 -0.03011 -0.37472
   0.04822 -0.03078 -0.36968
   0.05165 -0.03148 -0.36705
   0.05533 -0.03220 -0.36331
   0.05925 -0.03293 -0.36091
   0.06344 -0.03368 -0.35682
   0.06789 -0.03445 -0.35538
   0.07262 -0.03522 -0.35121
   0.07761 -0.03600 -0.35032
   0.08288 -0.03679 -0.34754
   0.08842 -0.03758 -0.34482
   0.09419 -0.03836 -0.34232
   0.10019 -0.03914 -0.34078
   0.10638 -0.03991 -0.34037
   0.11276 -0.04065 -0.33984
   0.11929 -0.04138 -0.33948
   0.12594 -0.04208 -0.33853
   0.13272 -0.04276 -0.33783
   0.13959 -0.04340 -0.33675
   0.14656 -0.04401 -0.33399
   0.15362 -0.04460 -0.33258
   0.16075 -0.04515 -0.32898
   0.16794 -0.04567 -0.32699
   0.17519 -0.04616 -0.32389
   0.18248 -0.04663 -0.32213
   0.18981 -0.04706 -0.32016
   0.19717 -0.04747 -0.31899
   0.20456 -0.04785 -0.31501
   0.21197 -0.04820 -0.31432
   0.21942 -0.04852 -0.31039
   0.22690 -0.04882 -0.30798
   0.23441 -0.04909 -0.30342
   0.24195 -0.04934 -0.30146
   0.24951 -0.04956 -0.29954
   0.25708 -0.04977 -0.29643
   0.26468 -0.04995 -0.29526
   0.27229 -0.05011 -0.29114
   0.27991 -0.05024 -0.28983
   0.28756 -0.05036 -0.28652
   0.29522 -0.05046 -0.28470
   0.30289 -0.05054 -0.28294
   0.31057 -0.05060 -0.28095
   0.31825 -0.05064 -0.27884
   0.32595 -0.05066 -0.27736
   0.33364 -0.05066 -0.27595
   0.34135 -0.05065 -0.27423
   0.34906 -0.05061 -0.27262
   0.35677 -0.05056 -0.27090
   0.36448 -0.05048 -0.26937
   0.37219 -0.05039 -0.26789
   0.37990 -0.05028 -0.26599
   0.38761 -0.05015 -0.26474
   0.39532 -0.05001 -0.26351
   0.40302 -0.04984 -0.26224
   0.41072 -0.04966 -0.26026
   0.41842 -0.04945 -0.25975
   0.42610 -0.04923 -0.25848
   0.43378 -0.04899 -0.25783
   0.44144 -0.04873 -0.25579
   0.44910 -0.04845 -0.25534
   0.45674 -0.04815 -0.25389
   0.46437 -0.04783 -0.25326
   0.47199 -0.04749 -0.25165
   0.47960 -0.04713 -0.24987
   0.48720 -0.04674 -0.24866
   0.49478 -0.04634 -0.24702
   0.50235 -0.04590 -0.24472
   0.50991 -0.04545 -0.24360
   0.51745 -0.04497 -0.24103
   0.52498 -0.04447 -0.23871
   0.53250 -0.04395 -0.23667
   0.54000 -0.04340 -0.23419
   0.54749 -0.04282 -0.23143
   0.55497 -0.04222 -0.22838
   0.56243 -0.04159 -0.22483
   0.56987 -0.04093 -0.22156
   0.57730 -0.04025 -0.21796
   0.58471 -0.03954 -0.21393
   0.59210 -0.03881 -0.20980
   0.59948 -0.03804 -0.20547
   0.60683 -0.03724 -0.20094
   0.61417 -0.03642 -0.19479
   0.62149 -0.03556 -0.19016
   0.62879 -0.03468 -0.18299
   0.63608 -0.03376 -0.17739
   0.64335 -0.03281 -0.16932
   0.65061 -0.03183 -0.16233
   0.65786 -0.03081 -0.15385
   0.66510 -0.02976 -0.14503
   0.67232 -0.02867 -0.13537
   0.67954 -0.02755 -0.12536
   0.68676 -0.02640 -0.11486
   0.69397 -0.02520 -0.10376
   0.70117 -0.02398 -0.09109
   0.70838 -0.02271 -0.07847
   0.71559 -0.02141 -0.06507
   0.72281 -0.02007 -0.05078
   0.73004 -0.01870 -0.03612
   0.73728 -0.01729 -0.02012
   0.74453 -0.01584 -0.00268
   0.75180 -0.01436  0.01359
   0.75910 -0.01284  0.03349
   0.76642 -0.01128  0.05144
   0.77378 -0.00969  0.07315
   0.78118 -0.00807  0.09191
   0.78863 -0.00642  0.11530
   0.79611 -0.00475  0.13604
   0.80361 -0.00306  0.16036
   0.81108 -0.00138  0.18318
   0.81847  0.00029  0.20610
   0.82574  0.00191  0.22976
   0.83289  0.00348  0.25170
   0.83991  0.00499  0.27214
   0.84680  0.00644  0.29176
   0.85358  0.00782  0.31113
   0.86023  0.00913  0.32735
   0.86676  0.01036  0.34586
   0.87316  0.01151  0.35999
   0.87944  0.01258  0.37633
   0.88561  0.01356  0.38813
   0.89167  0.01445  0.40031
   0.89763  0.01526  0.41105
   0.90349  0.01599  0.42059
   0.90927  0.01663  0.42835
   0.91493  0.01718  0.43793
   0.92047  0.01765  0.44383
   0.92588  0.01803  0.45200
   0.93120  0.01832  0.45560
   0.93644  0.01853  0.45640
   0.94160  0.01868  0.45929
   0.94662  0.01876  0.46625
   0.95140  0.01879  0.48154
   0.95595  0.01872  0.49121
   0.96030  0.01853  0.49627
   0.96456  0.01820  0.48132
   0.96881  0.01775  0.45377
   0.97308  0.01723  0.42666
   0.97733  0.01672  0.41446
   0.98147  0.01621  0.42758
   0.98549  0.01562  0.43447
   0.98945  0.01488  0.38925
   0.99342  0.01406  0.32455
   0.99738  0.01325  0.29919
   1.00000  0.01271  0.25413
