GRUMMAN K-2 AIRFOIL                             
 Alfa =  -1.26950 Re =        0.000 Xflap,Yflap =     0.000000    0.000000
#    x        y        Cp  
   1.00000  0.01371  0.25222
   0.99739  0.01444  0.09668
   0.99327  0.01550  0.06265
   0.98886  0.01658  0.04422
   0.98418  0.01773  0.00251
   0.97923  0.01891 -0.02703
   0.97401  0.02013 -0.05709
   0.96856  0.02137 -0.08498
   0.96293  0.02261 -0.11281
   0.95713  0.02384 -0.13590
   0.95115  0.02505 -0.15463
   0.94501  0.02623 -0.16985
   0.93873  0.02739 -0.18348
   0.93231  0.02852 -0.19448
   0.92575  0.02962 -0.20184
   0.91905  0.03069 -0.20756
   0.91224  0.03174 -0.21481
   0.90536  0.03277 -0.22347
   0.89842  0.03376 -0.23095
   0.89145  0.03472 -0.23878
   0.88446  0.03564 -0.24416
   0.87741  0.03652 -0.24823
   0.87030  0.03736 -0.24874
   0.86310  0.03817 -0.24871
   0.85580  0.03897 -0.24830
   0.84840  0.03974 -0.24750
   0.84093  0.04049 -0.24762
   0.83341  0.04123 -0.24807
   0.82588  0.04195 -0.25267
   0.81837  0.04265 -0.25864
   0.81087  0.04332 -0.26124
   0.80338  0.04396 -0.26451
   0.79590  0.04457 -0.26703
   0.78841  0.04515 -0.26805
   0.78092  0.04570 -0.26963
   0.77342  0.04622 -0.26932
   0.76591  0.04671 -0.26936
   0.75838  0.04717 -0.26818
   0.75082  0.04761 -0.26691
   0.74324  0.04802 -0.26304
   0.73562  0.04841 -0.26173
   0.72798  0.04878 -0.25841
   0.72030  0.04913 -0.25622
   0.71260  0.04946 -0.25341
   0.70486  0.04978 -0.25082
   0.69710  0.05008 -0.24809
   0.68932  0.05037 -0.24588
   0.68152  0.05064 -0.24357
   0.67370  0.05090 -0.24261
   0.66588  0.05114 -0.23983
   0.65804  0.05138 -0.23872
   0.65020  0.05160 -0.23694
   0.64235  0.05180 -0.23531
   0.63449  0.05200 -0.23444
   0.62662  0.05218 -0.23218
   0.61875  0.05235 -0.23104
   0.61086  0.05251 -0.22942
   0.60297  0.05266 -0.22762
   0.59508  0.05280 -0.22696
   0.58718  0.05293 -0.22606
   0.57928  0.05305 -0.22468
   0.57138  0.05316 -0.22356
   0.56347  0.05325 -0.22268
   0.55556  0.05334 -0.22212
   0.54765  0.05342 -0.22079
   0.53974  0.05348 -0.21969
   0.53183  0.05354 -0.21883
   0.52391  0.05358 -0.21853
   0.51600  0.05362 -0.21700
   0.50808  0.05365 -0.21680
   0.50017  0.05366 -0.21577
   0.49225  0.05367 -0.21467
   0.48434  0.05366 -0.21461
   0.47642  0.05365 -0.21373
   0.46852  0.05363 -0.21325
   0.46062  0.05360 -0.21216
   0.45272  0.05355 -0.21269
   0.44483  0.05350 -0.21099
   0.43695  0.05344 -0.21056
   0.42908  0.05336 -0.20971
   0.42122  0.05328 -0.20985
   0.41340  0.05319 -0.20909
   0.40562  0.05309 -0.21017
   0.39791  0.05299 -0.20988
   0.39026  0.05286 -0.21017
   0.38268  0.05273 -0.20772
   0.37518  0.05259 -0.20420
   0.36779  0.05245 -0.20519
   0.36056  0.05233 -0.21311
   0.35355  0.05219 -0.22480
   0.34675  0.05202 -0.23159
   0.34015  0.05179 -0.21669
   0.33367  0.05152 -0.18840
   0.32729  0.05126 -0.16305
   0.32094  0.05107 -0.15600
   0.31459  0.05095 -0.17905
   0.30818  0.05086 -0.20941
   0.30168  0.05074 -0.23104
   0.29501  0.05055 -0.22717
   0.28812  0.05029 -0.21374
   0.28102  0.05002 -0.20436
   0.27376  0.04974 -0.20628
   0.26640  0.04946 -0.20912
   0.25896  0.04915 -0.21004
   0.25145  0.04883 -0.20982
   0.24388  0.04848 -0.20952
   0.23629  0.04812 -0.21020
   0.22868  0.04775 -0.21085
   0.22107  0.04735 -0.21191
   0.21346  0.04694 -0.21231
   0.20588  0.04651 -0.21348
   0.19832  0.04606 -0.21426
   0.19079  0.04559 -0.21570
   0.18331  0.04510 -0.21773
   0.17587  0.04459 -0.21736
   0.16848  0.04405 -0.22022
   0.16116  0.04350 -0.22054
   0.15392  0.04292 -0.22147
   0.14676  0.04231 -0.22415
   0.13969  0.04168 -0.22316
   0.13274  0.04103 -0.22528
   0.12592  0.04036 -0.22497
   0.11925  0.03966 -0.22563
   0.11274  0.03895 -0.22517
   0.10643  0.03821 -0.22498
   0.10032  0.03747 -0.22559
   0.09446  0.03673 -0.22503
   0.08886  0.03598 -0.22703
   0.08353  0.03523 -0.22752
   0.07849  0.03450 -0.23039
   0.07373  0.03377 -0.23542
   0.06927  0.03305 -0.23692
   0.06509  0.03235 -0.24896
   0.06115  0.03165 -0.25351
   0.05745  0.03095 -0.26054
   0.05396  0.03023 -0.26436
   0.05068  0.02952 -0.25954
   0.04758  0.02879 -0.25118
   0.04465  0.02805 -0.24035
   0.04187  0.02732 -0.22841
   0.03925  0.02659 -0.21380
   0.03676  0.02587 -0.20465
   0.03441  0.02515 -0.18980
   0.03218  0.02442 -0.16231
   0.03006  0.02371 -0.13429
   0.02804  0.02301 -0.11120
   0.02612  0.02234 -0.10316
   0.02429  0.02168 -0.10160
   0.02256  0.02105 -0.09808
   0.02092  0.02042 -0.09641
   0.01936  0.01979 -0.08888
   0.01788  0.01916 -0.07367
   0.01648  0.01853 -0.05212
   0.01513  0.01790 -0.02629
   0.01385  0.01728 -0.00329
   0.01262  0.01665  0.02123
   0.01145  0.01603  0.03639
   0.01032  0.01542  0.05673
   0.00925  0.01480  0.08188
   0.00822  0.01418  0.09780
   0.00724  0.01356  0.12517
   0.00631  0.01293  0.14349
   0.00542  0.01229  0.16620
   0.00458  0.01164  0.19765
   0.00379  0.01098  0.21933
   0.00305  0.01029  0.25249
   0.00239  0.00956  0.29729
   0.00182  0.00878  0.43824
   0.00133  0.00797  0.50465
   0.00094  0.00712  0.64560
   0.00065  0.00624  0.75906
   0.00044  0.00536  0.84898
   0.00028  0.00447  0.90800
   0.00016  0.00358  0.95114
   0.00008  0.00270  0.97697
   0.00003  0.00182  0.99303
   0.00000  0.00095  0.99969
  -0.00000  0.00009  0.99813
   0.00003 -0.00076  0.99003
   0.00006 -0.00163  0.97223
   0.00015 -0.00249  0.95605
   0.00023 -0.00336  0.92397
   0.00032 -0.00424  0.88456
   0.00047 -0.00512  0.84330
   0.00063 -0.00601  0.78915
   0.00082 -0.00691  0.72639
   0.00104 -0.00781  0.65448
   0.00129 -0.00871  0.56369
   0.00157 -0.00961  0.46214
   0.00190 -0.01051  0.34597
   0.00227 -0.01140  0.19420
   0.00270 -0.01228  0.06594
   0.00318 -0.01315 -0.14212
   0.00373 -0.01400 -0.37185
   0.00438 -0.01479 -0.44487
   0.00511 -0.01554 -0.51322
   0.00590 -0.01626 -0.54039
   0.00676 -0.01694 -0.56046
   0.00768 -0.01760 -0.57272
   0.00865 -0.01823 -0.57752
   0.00967 -0.01885 -0.58369
   0.01075 -0.01945 -0.56894
   0.01188 -0.02004 -0.57407
   0.01307 -0.02061 -0.56133
   0.01432 -0.02118 -0.55537
   0.01563 -0.02174 -0.54680
   0.01700 -0.02229 -0.52951
   0.01845 -0.02284 -0.52033
   0.01996 -0.02339 -0.51041
   0.02156 -0.02394 -0.49877
   0.02324 -0.02449 -0.48573
   0.02502 -0.02504 -0.47500
   0.02690 -0.02561 -0.46626
   0.02888 -0.02618 -0.45548
   0.03099 -0.02676 -0.44704
   0.03324 -0.02735 -0.44056
   0.03563 -0.02795 -0.43107
   0.03818 -0.02857 -0.42288
   0.04090 -0.02920 -0.41381
   0.04382 -0.02985 -0.40520
   0.04694 -0.03052 -0.39787
   0.05029 -0.03121 -0.39534
   0.05388 -0.03192 -0.38903
   0.05772 -0.03265 -0.38641
   0.06181 -0.03340 -0.38194
   0.06618 -0.03416 -0.37808
   0.07081 -0.03493 -0.37491
   0.07572 -0.03571 -0.37149
   0.08090 -0.03650 -0.36846
   0.08636 -0.03729 -0.36588
   0.09206 -0.03808 -0.36245
   0.09799 -0.03886 -0.35919
   0.10414 -0.03963 -0.35888
   0.11047 -0.04039 -0.35674
   0.11696 -0.04113 -0.35635
   0.12360 -0.04184 -0.35535
   0.13035 -0.04253 -0.35408
   0.13721 -0.04318 -0.35223
   0.14417 -0.04381 -0.34992
   0.15121 -0.04440 -0.34693
   0.15834 -0.04497 -0.34428
   0.16553 -0.04550 -0.34147
   0.17278 -0.04600 -0.33846
   0.18008 -0.04648 -0.33538
   0.18742 -0.04692 -0.33389
   0.19479 -0.04734 -0.33112
   0.20219 -0.04773 -0.32906
   0.20962 -0.04809 -0.32530
   0.21707 -0.04842 -0.32348
   0.22456 -0.04873 -0.31956
   0.23208 -0.04901 -0.31606
   0.23964 -0.04926 -0.31242
   0.24721 -0.04950 -0.31047
   0.25481 -0.04971 -0.30782
   0.26241 -0.04990 -0.30517
   0.27004 -0.05006 -0.30223
   0.27768 -0.05021 -0.29990
   0.28534 -0.05033 -0.29671
   0.29302 -0.05043 -0.29444
   0.30071 -0.05052 -0.29219
   0.30841 -0.05058 -0.29025
   0.31611 -0.05063 -0.28860
   0.32382 -0.05066 -0.28644
   0.33154 -0.05066 -0.28406
   0.33927 -0.05065 -0.28310
   0.34699 -0.05062 -0.28053
   0.35472 -0.05057 -0.27923
   0.36246 -0.05051 -0.27759
   0.37019 -0.05042 -0.27608
   0.37793 -0.05031 -0.27366
   0.38566 -0.05019 -0.27283
   0.39339 -0.05004 -0.27089
   0.40111 -0.04988 -0.26936
   0.40883 -0.04970 -0.26769
   0.41655 -0.04951 -0.26682
   0.42426 -0.04929 -0.26539
   0.43196 -0.04905 -0.26442
   0.43965 -0.04880 -0.26291
   0.44733 -0.04852 -0.26185
   0.45499 -0.04823 -0.26069
   0.46265 -0.04791 -0.25898
   0.47029 -0.04757 -0.25809
   0.47793 -0.04721 -0.25624
   0.48555 -0.04683 -0.25462
   0.49315 -0.04642 -0.25299
   0.50075 -0.04600 -0.25143
   0.50833 -0.04555 -0.24885
   0.51589 -0.04507 -0.24726
   0.52345 -0.04458 -0.24444
   0.53099 -0.04405 -0.24252
   0.53851 -0.04351 -0.23943
   0.54603 -0.04293 -0.23698
   0.55353 -0.04234 -0.23432
   0.56101 -0.04171 -0.23017
   0.56848 -0.04106 -0.22725
   0.57593 -0.04038 -0.22322
   0.58337 -0.03967 -0.21932
   0.59078 -0.03894 -0.21531
   0.59818 -0.03818 -0.21041
   0.60556 -0.03738 -0.20581
   0.61292 -0.03656 -0.20061
   0.62026 -0.03571 -0.19467
   0.62759 -0.03483 -0.18876
   0.63490 -0.03391 -0.18120
   0.64220 -0.03296 -0.17520
   0.64948 -0.03198 -0.16706
   0.65674 -0.03097 -0.15905
   0.66400 -0.02992 -0.14979
   0.67125 -0.02883 -0.14028
   0.67849 -0.02772 -0.13060
   0.68572 -0.02656 -0.11939
   0.69295 -0.02537 -0.10863
   0.70018 -0.02415 -0.09562
   0.70741 -0.02288 -0.08334
   0.71464 -0.02159 -0.06999
   0.72188 -0.02025 -0.05505
   0.72912 -0.01888 -0.04103
   0.73638 -0.01747 -0.02411
   0.74365 -0.01602 -0.00845
   0.75094 -0.01453  0.01017
   0.75826 -0.01301  0.02811
   0.76560 -0.01146  0.04774
   0.77297 -0.00987  0.06736
   0.78039 -0.00825  0.08888
   0.78785 -0.00659  0.11000
   0.79535 -0.00492  0.13313
   0.80287 -0.00323  0.15597
   0.81037 -0.00154  0.17825
   0.81778  0.00013  0.20343
   0.82509  0.00176  0.22655
   0.83227  0.00334  0.24805
   0.83932  0.00486  0.26877
   0.84624  0.00632  0.28918
   0.85304  0.00771  0.30757
   0.85972  0.00903  0.32647
   0.86628  0.01027  0.34265
   0.87271  0.01143  0.35870
   0.87902  0.01251  0.37371
   0.88521  0.01350  0.38642
   0.89129  0.01440  0.39921
   0.89727  0.01522  0.40898
   0.90316  0.01595  0.41948
   0.90895  0.01659  0.42832
   0.91464  0.01715  0.43568
   0.92020  0.01763  0.44406
   0.92564  0.01802  0.44987
   0.93097  0.01831  0.45445
   0.93623  0.01853  0.45755
   0.94141  0.01867  0.45708
   0.94645  0.01876  0.46730
   0.95125  0.01879  0.47896
   0.95581  0.01873  0.49159
   0.96019  0.01854  0.49568
   0.96446  0.01821  0.48063
   0.96872  0.01776  0.45443
   0.97300  0.01724  0.42590
   0.97726  0.01672  0.41557
   0.98142  0.01621  0.42818
   0.98545  0.01563  0.43249
   0.98942  0.01489  0.38730
   0.99340  0.01406  0.32684
   0.99738  0.01325  0.29815
   1.00000  0.01271  0.25222
