GRUMMAN K-2 AIRFOIL                             
 Alfa =  -1.27020 Re =        0.000 Xflap,Yflap =     0.000000    0.000000
#    x        y        Cp  
   1.00000  0.01371  0.25420
   0.99740  0.01444  0.09920
   0.99329  0.01549  0.06145
   0.98889  0.01657  0.04609
   0.98423  0.01772  0.00573
   0.97929  0.01890 -0.02924
   0.97409  0.02011 -0.05521
   0.96867  0.02135 -0.08560
   0.96305  0.02259 -0.11214
   0.95727  0.02381 -0.13380
   0.95131  0.02502 -0.15473
   0.94520  0.02620 -0.16982
   0.93893  0.02735 -0.18290
   0.93253  0.02848 -0.19413
   0.92600  0.02957 -0.20131
   0.91932  0.03065 -0.20738
   0.91254  0.03170 -0.21434
   0.90568  0.03272 -0.22297
   0.89876  0.03372 -0.23042
   0.89181  0.03467 -0.23852
   0.88484  0.03559 -0.24449
   0.87782  0.03647 -0.24714
   0.87073  0.03731 -0.24828
   0.86355  0.03812 -0.24940
   0.85628  0.03891 -0.24817
   0.84891  0.03968 -0.24731
   0.84146  0.04044 -0.24727
   0.83396  0.04117 -0.24721
   0.82645  0.04190 -0.25294
   0.81896  0.04260 -0.25786
   0.81149  0.04327 -0.26144
   0.80402  0.04391 -0.26397
   0.79655  0.04452 -0.26641
   0.78909  0.04510 -0.26861
   0.78162  0.04565 -0.26934
   0.77414  0.04617 -0.26889
   0.76665  0.04666 -0.26927
   0.75914  0.04713 -0.26806
   0.75161  0.04756 -0.26625
   0.74405  0.04798 -0.26454
   0.73646  0.04837 -0.26161
   0.72884  0.04874 -0.25919
   0.72118  0.04909 -0.25632
   0.71350  0.04943 -0.25302
   0.70580  0.04974 -0.25122
   0.69806  0.05004 -0.24822
   0.69030  0.05033 -0.24616
   0.68252  0.05060 -0.24409
   0.67473  0.05086 -0.24230
   0.66693  0.05111 -0.24012
   0.65911  0.05135 -0.23888
   0.65129  0.05157 -0.23739
   0.64347  0.05178 -0.23536
   0.63563  0.05197 -0.23426
   0.62779  0.05216 -0.23275
   0.61994  0.05233 -0.23069
   0.61208  0.05249 -0.23019
   0.60421  0.05264 -0.22767
   0.59633  0.05278 -0.22685
   0.58846  0.05291 -0.22564
   0.58058  0.05303 -0.22502
   0.57270  0.05314 -0.22379
   0.56482  0.05324 -0.22290
   0.55693  0.05333 -0.22182
   0.54904  0.05340 -0.22117
   0.54115  0.05347 -0.21974
   0.53326  0.05353 -0.21941
   0.52537  0.05358 -0.21805
   0.51748  0.05361 -0.21715
   0.50958  0.05364 -0.21686
   0.50169  0.05366 -0.21525
   0.49380  0.05367 -0.21562
   0.48590  0.05367 -0.21395
   0.47801  0.05366 -0.21431
   0.47012  0.05363 -0.21329
   0.46224  0.05360 -0.21254
   0.45437  0.05356 -0.21192
   0.44650  0.05351 -0.21139
   0.43864  0.05345 -0.21029
   0.43079  0.05338 -0.21005
   0.42295  0.05330 -0.20974
   0.41514  0.05321 -0.20937
   0.40737  0.05312 -0.21000
   0.39966  0.05301 -0.20937
   0.39202  0.05289 -0.21058
   0.38445  0.05276 -0.20763
   0.37694  0.05262 -0.20500
   0.36954  0.05249 -0.20399
   0.36229  0.05236 -0.21111
   0.35524  0.05223 -0.22193
   0.34842  0.05207 -0.23112
   0.34179  0.05185 -0.22233
   0.33530  0.05159 -0.19540
   0.32892  0.05132 -0.16870
   0.32258  0.05111 -0.15498
   0.31625  0.05098 -0.17129
   0.30988  0.05089 -0.20057
   0.30343  0.05078 -0.22782
   0.29682  0.05061 -0.23009
   0.29002  0.05037 -0.21764
   0.28299  0.05009 -0.20580
   0.27579  0.04982 -0.20448
   0.26847  0.04954 -0.20850
   0.26108  0.04924 -0.21039
   0.25361  0.04892 -0.20923
   0.24607  0.04858 -0.20923
   0.23850  0.04823 -0.21017
   0.23092  0.04786 -0.21055
   0.22333  0.04747 -0.21129
   0.21574  0.04707 -0.21175
   0.20817  0.04664 -0.21349
   0.20063  0.04620 -0.21391
   0.19311  0.04574 -0.21463
   0.18563  0.04526 -0.21769
   0.17820  0.04475 -0.21733
   0.17081  0.04423 -0.21851
   0.16349  0.04368 -0.22080
   0.15624  0.04311 -0.22076
   0.14907  0.04251 -0.22307
   0.14200  0.04189 -0.22361
   0.13503  0.04125 -0.22448
   0.12818  0.04059 -0.22513
   0.12147  0.03990 -0.22527
   0.11493  0.03919 -0.22516
   0.10856  0.03847 -0.22508
   0.10240  0.03773 -0.22450
   0.09647  0.03699 -0.22531
   0.09078  0.03624 -0.22686
   0.08537  0.03550 -0.22535
   0.08024  0.03476 -0.23041
   0.07540  0.03403 -0.23196
   0.07085  0.03331 -0.23552
   0.06658  0.03261 -0.24790
   0.06257  0.03190 -0.24842
   0.05879  0.03120 -0.25925
   0.05523  0.03050 -0.26316
   0.05189  0.02978 -0.26103
   0.04873  0.02906 -0.25465
   0.04574  0.02833 -0.24352
   0.04291  0.02760 -0.23400
   0.04024  0.02687 -0.21892
   0.03771  0.02615 -0.20665
   0.03531  0.02543 -0.19845
   0.03305  0.02471 -0.17359
   0.03089  0.02399 -0.14347
   0.02884  0.02329 -0.11971
   0.02688  0.02260 -0.10394
   0.02502  0.02195 -0.10172
   0.02326  0.02131 -0.09959
   0.02159  0.02067 -0.09794
   0.02000  0.02005 -0.09160
   0.01849  0.01942 -0.08056
   0.01706  0.01880 -0.06223
   0.01569  0.01817 -0.03560
   0.01439  0.01754 -0.01313
   0.01314  0.01692  0.01035
   0.01194  0.01630  0.03096
   0.01080  0.01568  0.05037
   0.00971  0.01507  0.06877
   0.00867  0.01445  0.09385
   0.00767  0.01383  0.11126
   0.00672  0.01321  0.13542
   0.00581  0.01258  0.15549
   0.00495  0.01194  0.18592
   0.00414  0.01128  0.20914
   0.00338  0.01061  0.23675
   0.00268  0.00990  0.26995
   0.00207  0.00914  0.37780
   0.00154  0.00835  0.46581
   0.00111  0.00752  0.58146
   0.00078  0.00665  0.70897
   0.00053  0.00577  0.81072
   0.00035  0.00489  0.88356
   0.00022  0.00400  0.93213
   0.00012  0.00312  0.96683
   0.00005  0.00224  0.98678
   0.00001  0.00137  0.99747
  -0.00000  0.00051  0.99980
   0.00001 -0.00034  0.99473
   0.00004 -0.00120  0.98230
   0.00010 -0.00206  0.96210
   0.00020 -0.00292  0.94583
   0.00027 -0.00380  0.90040
   0.00039 -0.00468  0.86683
   0.00054 -0.00556  0.81764
   0.00072 -0.00645  0.75793
   0.00092 -0.00735  0.69190
   0.00115 -0.00824  0.61443
   0.00142 -0.00914  0.51599
   0.00173 -0.01004  0.40693
   0.00207 -0.01094  0.28285
   0.00247 -0.01182  0.10780
   0.00292 -0.01269  0.02688
   0.00342 -0.01356 -0.31912
   0.00402 -0.01437 -0.38135
   0.00470 -0.01514 -0.48996
   0.00546 -0.01587 -0.52518
   0.00629 -0.01657 -0.55452
   0.00717 -0.01724 -0.56570
   0.00811 -0.01789 -0.58107
   0.00910 -0.01851 -0.57920
   0.01015 -0.01912 -0.57496
   0.01125 -0.01971 -0.57467
   0.01240 -0.02029 -0.56684
   0.01361 -0.02086 -0.56053
   0.01488 -0.02142 -0.55268
   0.01621 -0.02198 -0.53765
   0.01761 -0.02253 -0.52941
   0.01908 -0.02307 -0.51332
   0.02063 -0.02362 -0.50797
   0.02226 -0.02417 -0.49479
   0.02397 -0.02472 -0.47936
   0.02579 -0.02528 -0.47174
   0.02770 -0.02584 -0.46104
   0.02973 -0.02641 -0.45296
   0.03189 -0.02700 -0.44495
   0.03419 -0.02759 -0.43829
   0.03663 -0.02820 -0.42731
   0.03924 -0.02882 -0.42052
   0.04203 -0.02945 -0.40950
   0.04502 -0.03011 -0.40262
   0.04822 -0.03078 -0.39660
   0.05165 -0.03148 -0.39305
   0.05533 -0.03220 -0.38841
   0.05925 -0.03293 -0.38515
   0.06344 -0.03368 -0.38020
   0.06789 -0.03445 -0.37797
   0.07262 -0.03522 -0.37300
   0.07761 -0.03600 -0.37137
   0.08288 -0.03679 -0.36787
   0.08842 -0.03758 -0.36445
   0.09419 -0.03836 -0.36128
   0.10019 -0.03914 -0.35912
   0.10638 -0.03991 -0.35813
   0.11276 -0.04065 -0.35706
   0.11929 -0.04138 -0.35618
   0.12594 -0.04208 -0.35473
   0.13272 -0.04276 -0.35356
   0.13959 -0.04340 -0.35202
   0.14656 -0.04401 -0.34882
   0.15362 -0.04460 -0.34700
   0.16075 -0.04515 -0.34300
   0.16794 -0.04567 -0.34064
   0.17519 -0.04616 -0.33717
   0.18248 -0.04663 -0.33507
   0.18981 -0.04706 -0.33279
   0.19717 -0.04747 -0.33130
   0.20456 -0.04785 -0.32702
   0.21197 -0.04820 -0.32606
   0.21942 -0.04852 -0.32184
   0.22690 -0.04882 -0.31917
   0.23441 -0.04909 -0.31434
   0.24195 -0.04934 -0.31214
   0.24951 -0.04956 -0.31000
   0.25708 -0.04977 -0.30666
   0.26468 -0.04995 -0.30527
   0.27229 -0.05011 -0.30094
   0.27991 -0.05024 -0.29942
   0.28756 -0.05036 -0.29592
   0.29522 -0.05046 -0.29391
   0.30289 -0.05054 -0.29197
   0.31057 -0.05060 -0.28980
   0.31825 -0.05064 -0.28754
   0.32595 -0.05066 -0.28588
   0.33364 -0.05066 -0.28431
   0.34135 -0.05065 -0.28244
   0.34906 -0.05061 -0.28068
   0.35677 -0.05056 -0.27881
   0.36448 -0.05048 -0.27712
   0.37219 -0.05039 -0.27554
   0.37990 -0.05028 -0.27347
   0.38761 -0.05015 -0.27211
   0.39532 -0.05001 -0.27074
   0.40302 -0.04984 -0.26935
   0.41072 -0.04966 -0.26725
   0.41842 -0.04945 -0.26661
   0.42610 -0.04923 -0.26522
   0.43378 -0.04899 -0.26447
   0.44144 -0.04873 -0.26232
   0.44910 -0.04845 -0.26174
   0.45674 -0.04815 -0.26019
   0.46437 -0.04783 -0.25946
   0.47199 -0.04749 -0.25775
   0.47960 -0.04713 -0.25587
   0.48720 -0.04674 -0.25455
   0.49478 -0.04634 -0.25282
   0.50235 -0.04590 -0.25042
   0.50991 -0.04545 -0.24918
   0.51745 -0.04497 -0.24654
   0.52498 -0.04447 -0.24410
   0.53250 -0.04395 -0.24198
   0.54000 -0.04340 -0.23939
   0.54749 -0.04282 -0.23655
   0.55497 -0.04222 -0.23340
   0.56243 -0.04159 -0.22975
   0.56987 -0.04093 -0.22640
   0.57730 -0.04025 -0.22271
   0.58471 -0.03954 -0.21856
   0.59210 -0.03881 -0.21436
   0.59948 -0.03804 -0.20993
   0.60683 -0.03724 -0.20532
   0.61417 -0.03642 -0.19908
   0.62149 -0.03556 -0.19436
   0.62879 -0.03468 -0.18709
   0.63608 -0.03376 -0.18139
   0.64335 -0.03281 -0.17325
   0.65061 -0.03183 -0.16615
   0.65786 -0.03081 -0.15758
   0.66510 -0.02976 -0.14867
   0.67232 -0.02867 -0.13890
   0.67954 -0.02755 -0.12879
   0.68676 -0.02640 -0.11823
   0.69397 -0.02520 -0.10701
   0.70117 -0.02398 -0.09425
   0.70838 -0.02271 -0.08153
   0.71559 -0.02141 -0.06802
   0.72281 -0.02007 -0.05366
   0.73004 -0.01870 -0.03891
   0.73728 -0.01729 -0.02280
   0.74453 -0.01584 -0.00523
   0.75180 -0.01436  0.01110
   0.75910 -0.01284  0.03110
   0.76642 -0.01128  0.04918
   0.77378 -0.00969  0.07098
   0.78118 -0.00807  0.08982
   0.78863 -0.00642  0.11330
   0.79611 -0.00475  0.13415
   0.80361 -0.00306  0.15857
   0.81108 -0.00138  0.18149
   0.81847  0.00029  0.20448
   0.82574  0.00191  0.22824
   0.83289  0.00348  0.25025
   0.83991  0.00499  0.27078
   0.84680  0.00644  0.29047
   0.85358  0.00782  0.30989
   0.86023  0.00913  0.32619
   0.86676  0.01036  0.34478
   0.87316  0.01151  0.35891
   0.87944  0.01258  0.37536
   0.88561  0.01356  0.38718
   0.89167  0.01445  0.39941
   0.89763  0.01526  0.41020
   0.90349  0.01599  0.41976
   0.90927  0.01663  0.42757
   0.91493  0.01718  0.43721
   0.92047  0.01765  0.44309
   0.92588  0.01803  0.45135
   0.93120  0.01832  0.45495
   0.93644  0.01853  0.45578
   0.94160  0.01868  0.45870
   0.94662  0.01876  0.46565
   0.95140  0.01879  0.48103
   0.95595  0.01872  0.49070
   0.96030  0.01853  0.49579
   0.96456  0.01820  0.48087
   0.96881  0.01775  0.45330
   0.97308  0.01723  0.42621
   0.97733  0.01672  0.41402
   0.98147  0.01621  0.42720
   0.98549  0.01562  0.43414
   0.98945  0.01488  0.38890
   0.99342  0.01406  0.32420
   0.99738  0.01325  0.29891
   1.00000  0.01271  0.25420
