GRUMMAN K-2 AIRFOIL                             
 Alfa =  -1.31390 Re =        0.000 Xflap,Yflap =     0.000000    0.000000
#    x        y        Cp  
   1.00000  0.01371  0.25423
   0.99740  0.01444  0.09926
   0.99329  0.01549  0.06153
   0.98889  0.01657  0.04622
   0.98423  0.01772  0.00590
   0.97929  0.01890 -0.02903
   0.97409  0.02011 -0.05499
   0.96867  0.02135 -0.08533
   0.96305  0.02259 -0.11184
   0.95727  0.02381 -0.13347
   0.95131  0.02502 -0.15436
   0.94520  0.02620 -0.16942
   0.93893  0.02735 -0.18246
   0.93253  0.02848 -0.19366
   0.92600  0.02957 -0.20083
   0.91932  0.03065 -0.20685
   0.91254  0.03170 -0.21380
   0.90568  0.03272 -0.22239
   0.89876  0.03372 -0.22982
   0.89181  0.03467 -0.23789
   0.88484  0.03559 -0.24383
   0.87782  0.03647 -0.24646
   0.87073  0.03731 -0.24757
   0.86355  0.03812 -0.24866
   0.85628  0.03891 -0.24743
   0.84891  0.03968 -0.24652
   0.84146  0.04044 -0.24647
   0.83396  0.04117 -0.24638
   0.82645  0.04190 -0.25209
   0.81896  0.04260 -0.25698
   0.81149  0.04327 -0.26053
   0.80402  0.04391 -0.26305
   0.79655  0.04452 -0.26545
   0.78909  0.04510 -0.26765
   0.78162  0.04565 -0.26833
   0.77414  0.04617 -0.26786
   0.76665  0.04666 -0.26822
   0.75914  0.04713 -0.26699
   0.75161  0.04756 -0.26516
   0.74405  0.04798 -0.26343
   0.73646  0.04837 -0.26047
   0.72884  0.04874 -0.25804
   0.72118  0.04909 -0.25515
   0.71350  0.04943 -0.25182
   0.70580  0.04974 -0.25000
   0.69806  0.05004 -0.24700
   0.69030  0.05033 -0.24490
   0.68252  0.05060 -0.24282
   0.67473  0.05086 -0.24100
   0.66693  0.05111 -0.23880
   0.65911  0.05135 -0.23755
   0.65129  0.05157 -0.23602
   0.64347  0.05178 -0.23397
   0.63563  0.05197 -0.23285
   0.62779  0.05216 -0.23132
   0.61994  0.05233 -0.22924
   0.61208  0.05249 -0.22872
   0.60421  0.05264 -0.22618
   0.59633  0.05278 -0.22532
   0.58846  0.05291 -0.22409
   0.58058  0.05303 -0.22344
   0.57270  0.05314 -0.22220
   0.56482  0.05324 -0.22128
   0.55693  0.05333 -0.22017
   0.54904  0.05340 -0.21950
   0.54115  0.05347 -0.21805
   0.53326  0.05353 -0.21769
   0.52537  0.05358 -0.21631
   0.51748  0.05361 -0.21537
   0.50958  0.05364 -0.21506
   0.50169  0.05366 -0.21343
   0.49380  0.05367 -0.21376
   0.48590  0.05367 -0.21207
   0.47801  0.05366 -0.21240
   0.47012  0.05363 -0.21135
   0.46224  0.05360 -0.21057
   0.45437  0.05356 -0.20992
   0.44650  0.05351 -0.20936
   0.43864  0.05345 -0.20823
   0.43079  0.05338 -0.20795
   0.42295  0.05330 -0.20761
   0.41514  0.05321 -0.20721
   0.40737  0.05312 -0.20780
   0.39966  0.05301 -0.20713
   0.39202  0.05289 -0.20831
   0.38445  0.05276 -0.20533
   0.37694  0.05262 -0.20267
   0.36954  0.05249 -0.20163
   0.36229  0.05236 -0.20869
   0.35524  0.05223 -0.21945
   0.34842  0.05207 -0.22859
   0.34179  0.05185 -0.21978
   0.33530  0.05159 -0.19287
   0.32892  0.05132 -0.16619
   0.32258  0.05111 -0.15246
   0.31625  0.05098 -0.16870
   0.30988  0.05089 -0.19788
   0.30343  0.05078 -0.22502
   0.29682  0.05061 -0.22725
   0.29002  0.05037 -0.21478
   0.28299  0.05009 -0.20292
   0.27579  0.04982 -0.20154
   0.26847  0.04954 -0.20550
   0.26108  0.04924 -0.20734
   0.25361  0.04892 -0.20611
   0.24607  0.04858 -0.20605
   0.23850  0.04823 -0.20693
   0.23092  0.04786 -0.20723
   0.22333  0.04747 -0.20791
   0.21574  0.04707 -0.20829
   0.20817  0.04664 -0.20994
   0.20063  0.04620 -0.21028
   0.19311  0.04574 -0.21092
   0.18563  0.04526 -0.21388
   0.17820  0.04475 -0.21342
   0.17081  0.04423 -0.21450
   0.16349  0.04368 -0.21668
   0.15624  0.04311 -0.21652
   0.14907  0.04251 -0.21871
   0.14200  0.04189 -0.21912
   0.13503  0.04125 -0.21986
   0.12818  0.04059 -0.22037
   0.12147  0.03990 -0.22036
   0.11493  0.03919 -0.22009
   0.10856  0.03847 -0.21985
   0.10240  0.03773 -0.21911
   0.09647  0.03699 -0.21974
   0.09078  0.03624 -0.22110
   0.08537  0.03550 -0.21940
   0.08024  0.03476 -0.22423
   0.07540  0.03403 -0.22557
   0.07085  0.03331 -0.22890
   0.06658  0.03261 -0.24098
   0.06257  0.03190 -0.24128
   0.05879  0.03120 -0.25180
   0.05523  0.03050 -0.25544
   0.05189  0.02978 -0.25306
   0.04873  0.02906 -0.24646
   0.04574  0.02833 -0.23514
   0.04291  0.02760 -0.22539
   0.04024  0.02687 -0.21014
   0.03771  0.02615 -0.19766
   0.03531  0.02543 -0.18921
   0.03305  0.02471 -0.16424
   0.03089  0.02399 -0.13404
   0.02884  0.02329 -0.11016
   0.02688  0.02260 -0.09419
   0.02502  0.02195 -0.09165
   0.02326  0.02131 -0.08917
   0.02159  0.02067 -0.08716
   0.02000  0.02005 -0.08047
   0.01849  0.01942 -0.06912
   0.01706  0.01880 -0.05055
   0.01569  0.01817 -0.02374
   0.01439  0.01754 -0.00105
   0.01314  0.01692  0.02266
   0.01194  0.01630  0.04356
   0.01080  0.01568  0.06330
   0.00971  0.01507  0.08205
   0.00867  0.01445  0.10746
   0.00767  0.01383  0.12530
   0.00672  0.01321  0.14991
   0.00581  0.01258  0.17052
   0.00495  0.01194  0.20143
   0.00414  0.01128  0.22530
   0.00338  0.01061  0.25371
   0.00268  0.00990  0.28771
   0.00207  0.00914  0.39465
   0.00154  0.00835  0.48209
   0.00111  0.00752  0.59611
   0.00078  0.00665  0.72088
   0.00053  0.00577  0.81999
   0.00035  0.00489  0.89056
   0.00022  0.00400  0.93731
   0.00012  0.00312  0.97035
   0.00005  0.00224  0.98892
   0.00001  0.00137  0.99834
  -0.00000  0.00051  0.99944
   0.00001 -0.00034  0.99328
   0.00004 -0.00120  0.97973
   0.00010 -0.00206  0.95831
   0.00020 -0.00292  0.94170
   0.00027 -0.00380  0.89428
   0.00039 -0.00468  0.86003
   0.00054 -0.00556  0.80966
   0.00072 -0.00645  0.74870
   0.00092 -0.00735  0.68147
   0.00115 -0.00824  0.60271
   0.00142 -0.00914  0.50275
   0.00173 -0.01004  0.39211
   0.00207 -0.01094  0.26646
   0.00247 -0.01182  0.08906
   0.00292 -0.01269  0.00790
   0.00342 -0.01356 -0.34299
   0.00402 -0.01437 -0.40456
   0.00470 -0.01514 -0.51347
   0.00546 -0.01587 -0.54779
   0.00629 -0.01657 -0.57632
   0.00717 -0.01724 -0.58653
   0.00811 -0.01789 -0.60110
   0.00910 -0.01851 -0.59833
   0.01015 -0.01912 -0.59322
   0.01125 -0.01971 -0.59218
   0.01240 -0.02029 -0.58360
   0.01361 -0.02086 -0.57660
   0.01488 -0.02142 -0.56809
   0.01621 -0.02198 -0.55239
   0.01761 -0.02253 -0.54355
   0.01908 -0.02307 -0.52689
   0.02063 -0.02362 -0.52103
   0.02226 -0.02417 -0.50733
   0.02397 -0.02472 -0.49140
   0.02579 -0.02528 -0.48333
   0.02770 -0.02584 -0.47220
   0.02973 -0.02641 -0.46372
   0.03189 -0.02700 -0.45533
   0.03419 -0.02759 -0.44831
   0.03663 -0.02820 -0.43695
   0.03924 -0.02882 -0.42981
   0.04203 -0.02945 -0.41844
   0.04502 -0.03011 -0.41125
   0.04822 -0.03078 -0.40492
   0.05165 -0.03148 -0.40109
   0.05533 -0.03220 -0.39617
   0.05925 -0.03293 -0.39264
   0.06344 -0.03368 -0.38743
   0.06789 -0.03445 -0.38494
   0.07262 -0.03522 -0.37973
   0.07761 -0.03600 -0.37787
   0.08288 -0.03679 -0.37414
   0.08842 -0.03758 -0.37051
   0.09419 -0.03836 -0.36713
   0.10019 -0.03914 -0.36478
   0.10638 -0.03991 -0.36361
   0.11276 -0.04065 -0.36237
   0.11929 -0.04138 -0.36132
   0.12594 -0.04208 -0.35972
   0.13272 -0.04276 -0.35841
   0.13959 -0.04340 -0.35673
   0.14656 -0.04401 -0.35340
   0.15362 -0.04460 -0.35145
   0.16075 -0.04515 -0.34732
   0.16794 -0.04567 -0.34484
   0.17519 -0.04616 -0.34126
   0.18248 -0.04663 -0.33906
   0.18981 -0.04706 -0.33668
   0.19717 -0.04747 -0.33509
   0.20456 -0.04785 -0.33072
   0.21197 -0.04820 -0.32967
   0.21942 -0.04852 -0.32537
   0.22690 -0.04882 -0.32261
   0.23441 -0.04909 -0.31771
   0.24195 -0.04934 -0.31542
   0.24951 -0.04956 -0.31322
   0.25708 -0.04977 -0.30980
   0.26468 -0.04995 -0.30836
   0.27229 -0.05011 -0.30395
   0.27991 -0.05024 -0.30237
   0.28756 -0.05036 -0.29882
   0.29522 -0.05046 -0.29674
   0.30289 -0.05054 -0.29475
   0.31057 -0.05060 -0.29252
   0.31825 -0.05064 -0.29021
   0.32595 -0.05066 -0.28850
   0.33364 -0.05066 -0.28689
   0.34135 -0.05065 -0.28496
   0.34906 -0.05061 -0.28316
   0.35677 -0.05056 -0.28124
   0.36448 -0.05048 -0.27951
   0.37219 -0.05039 -0.27789
   0.37990 -0.05028 -0.27577
   0.38761 -0.05015 -0.27438
   0.39532 -0.05001 -0.27296
   0.40302 -0.04984 -0.27153
   0.41072 -0.04966 -0.26940
   0.41842 -0.04945 -0.26872
   0.42610 -0.04923 -0.26729
   0.43378 -0.04899 -0.26651
   0.44144 -0.04873 -0.26433
   0.44910 -0.04845 -0.26371
   0.45674 -0.04815 -0.26213
   0.46437 -0.04783 -0.26136
   0.47199 -0.04749 -0.25962
   0.47960 -0.04713 -0.25771
   0.48720 -0.04674 -0.25636
   0.49478 -0.04634 -0.25460
   0.50235 -0.04590 -0.25217
   0.50991 -0.04545 -0.25089
   0.51745 -0.04497 -0.24823
   0.52498 -0.04447 -0.24576
   0.53250 -0.04395 -0.24361
   0.54000 -0.04340 -0.24099
   0.54749 -0.04282 -0.23812
   0.55497 -0.04222 -0.23494
   0.56243 -0.04159 -0.23126
   0.56987 -0.04093 -0.22789
   0.57730 -0.04025 -0.22416
   0.58471 -0.03954 -0.21999
   0.59210 -0.03881 -0.21576
   0.59948 -0.03804 -0.21130
   0.60683 -0.03724 -0.20667
   0.61417 -0.03642 -0.20040
   0.62149 -0.03556 -0.19564
   0.62879 -0.03468 -0.18834
   0.63608 -0.03376 -0.18262
   0.64335 -0.03281 -0.17445
   0.65061 -0.03183 -0.16732
   0.65786 -0.03081 -0.15873
   0.66510 -0.02976 -0.14979
   0.67232 -0.02867 -0.13998
   0.67954 -0.02755 -0.12984
   0.68676 -0.02640 -0.11926
   0.69397 -0.02520 -0.10801
   0.70117 -0.02398 -0.09522
   0.70838 -0.02271 -0.08247
   0.71559 -0.02141 -0.06893
   0.72281 -0.02007 -0.05454
   0.73004 -0.01870 -0.03976
   0.73728 -0.01729 -0.02362
   0.74453 -0.01584 -0.00601
   0.75180 -0.01436  0.01034
   0.75910 -0.01284  0.03037
   0.76642 -0.01128  0.04849
   0.77378 -0.00969  0.07031
   0.78118 -0.00807  0.08918
   0.78863 -0.00642  0.11269
   0.79611 -0.00475  0.13358
   0.80361 -0.00306  0.15802
   0.81108 -0.00138  0.18097
   0.81847  0.00029  0.20398
   0.82574  0.00191  0.22778
   0.83289  0.00348  0.24981
   0.83991  0.00499  0.27037
   0.84680  0.00644  0.29008
   0.85358  0.00782  0.30952
   0.86023  0.00913  0.32583
   0.86676  0.01036  0.34445
   0.87316  0.01151  0.35858
   0.87944  0.01258  0.37506
   0.88561  0.01356  0.38690
   0.89167  0.01445  0.39913
   0.89763  0.01526  0.40995
   0.90349  0.01599  0.41950
   0.90927  0.01663  0.42733
   0.91493  0.01718  0.43699
   0.92047  0.01765  0.44286
   0.92588  0.01803  0.45115
   0.93120  0.01832  0.45474
   0.93644  0.01853  0.45559
   0.94160  0.01868  0.45852
   0.94662  0.01876  0.46546
   0.95140  0.01879  0.48088
   0.95595  0.01872  0.49054
   0.96030  0.01853  0.49564
   0.96456  0.01820  0.48074
   0.96881  0.01775  0.45315
   0.97308  0.01723  0.42607
   0.97733  0.01672  0.41388
   0.98147  0.01621  0.42708
   0.98549  0.01562  0.43404
   0.98945  0.01488  0.38879
   0.99342  0.01406  0.32410
   0.99738  0.01325  0.29882
   1.00000  0.01271  0.25423
