GRUMMAN K-2 AIRFOIL                             
 Alfa =  -1.29670 Re =        0.000 Xflap,Yflap =     0.000000    0.000000
#    x        y        Cp  
   1.00000  0.01371  0.25422
   0.99740  0.01444  0.09924
   0.99329  0.01549  0.06150
   0.98889  0.01657  0.04617
   0.98423  0.01772  0.00583
   0.97929  0.01890 -0.02911
   0.97409  0.02011 -0.05507
   0.96867  0.02135 -0.08544
   0.96305  0.02259 -0.11196
   0.95727  0.02381 -0.13360
   0.95131  0.02502 -0.15451
   0.94520  0.02620 -0.16958
   0.93893  0.02735 -0.18263
   0.93253  0.02848 -0.19385
   0.92600  0.02957 -0.20102
   0.91932  0.03065 -0.20706
   0.91254  0.03170 -0.21401
   0.90568  0.03272 -0.22262
   0.89876  0.03372 -0.23005
   0.89181  0.03467 -0.23814
   0.88484  0.03559 -0.24409
   0.87782  0.03647 -0.24673
   0.87073  0.03731 -0.24785
   0.86355  0.03812 -0.24896
   0.85628  0.03891 -0.24772
   0.84891  0.03968 -0.24683
   0.84146  0.04044 -0.24679
   0.83396  0.04117 -0.24671
   0.82645  0.04190 -0.25243
   0.81896  0.04260 -0.25732
   0.81149  0.04327 -0.26089
   0.80402  0.04391 -0.26341
   0.79655  0.04452 -0.26583
   0.78909  0.04510 -0.26803
   0.78162  0.04565 -0.26873
   0.77414  0.04617 -0.26827
   0.76665  0.04666 -0.26863
   0.75914  0.04713 -0.26741
   0.75161  0.04756 -0.26559
   0.74405  0.04798 -0.26387
   0.73646  0.04837 -0.26092
   0.72884  0.04874 -0.25850
   0.72118  0.04909 -0.25561
   0.71350  0.04943 -0.25229
   0.70580  0.04974 -0.25048
   0.69806  0.05004 -0.24748
   0.69030  0.05033 -0.24540
   0.68252  0.05060 -0.24332
   0.67473  0.05086 -0.24151
   0.66693  0.05111 -0.23932
   0.65911  0.05135 -0.23807
   0.65129  0.05157 -0.23656
   0.64347  0.05178 -0.23452
   0.63563  0.05197 -0.23341
   0.62779  0.05216 -0.23188
   0.61994  0.05233 -0.22981
   0.61208  0.05249 -0.22930
   0.60421  0.05264 -0.22677
   0.59633  0.05278 -0.22592
   0.58846  0.05291 -0.22470
   0.58058  0.05303 -0.22406
   0.57270  0.05314 -0.22282
   0.56482  0.05324 -0.22192
   0.55693  0.05333 -0.22082
   0.54904  0.05340 -0.22015
   0.54115  0.05347 -0.21871
   0.53326  0.05353 -0.21836
   0.52537  0.05358 -0.21700
   0.51748  0.05361 -0.21607
   0.50958  0.05364 -0.21577
   0.50169  0.05366 -0.21414
   0.49380  0.05367 -0.21449
   0.48590  0.05367 -0.21281
   0.47801  0.05366 -0.21315
   0.47012  0.05363 -0.21211
   0.46224  0.05360 -0.21135
   0.45437  0.05356 -0.21071
   0.44650  0.05351 -0.21016
   0.43864  0.05345 -0.20904
   0.43079  0.05338 -0.20878
   0.42295  0.05330 -0.20845
   0.41514  0.05321 -0.20806
   0.40737  0.05312 -0.20867
   0.39966  0.05301 -0.20801
   0.39202  0.05289 -0.20921
   0.38445  0.05276 -0.20624
   0.37694  0.05262 -0.20358
   0.36954  0.05249 -0.20256
   0.36229  0.05236 -0.20964
   0.35524  0.05223 -0.22043
   0.34842  0.05207 -0.22959
   0.34179  0.05185 -0.22078
   0.33530  0.05159 -0.19386
   0.32892  0.05132 -0.16718
   0.32258  0.05111 -0.15345
   0.31625  0.05098 -0.16972
   0.30988  0.05089 -0.19894
   0.30343  0.05078 -0.22612
   0.29682  0.05061 -0.22837
   0.29002  0.05037 -0.21591
   0.28299  0.05009 -0.20405
   0.27579  0.04982 -0.20270
   0.26847  0.04954 -0.20668
   0.26108  0.04924 -0.20854
   0.25361  0.04892 -0.20734
   0.24607  0.04858 -0.20730
   0.23850  0.04823 -0.20821
   0.23092  0.04786 -0.20854
   0.22333  0.04747 -0.20924
   0.21574  0.04707 -0.20965
   0.20817  0.04664 -0.21134
   0.20063  0.04620 -0.21171
   0.19311  0.04574 -0.21238
   0.18563  0.04526 -0.21538
   0.17820  0.04475 -0.21496
   0.17081  0.04423 -0.21608
   0.16349  0.04368 -0.21830
   0.15624  0.04311 -0.21819
   0.14907  0.04251 -0.22043
   0.14200  0.04189 -0.22089
   0.13503  0.04125 -0.22168
   0.12818  0.04059 -0.22224
   0.12147  0.03990 -0.22229
   0.11493  0.03919 -0.22209
   0.10856  0.03847 -0.22191
   0.10240  0.03773 -0.22123
   0.09647  0.03699 -0.22193
   0.09078  0.03624 -0.22336
   0.08537  0.03550 -0.22174
   0.08024  0.03476 -0.22666
   0.07540  0.03403 -0.22809
   0.07085  0.03331 -0.23150
   0.06658  0.03261 -0.24370
   0.06257  0.03190 -0.24409
   0.05879  0.03120 -0.25473
   0.05523  0.03050 -0.25848
   0.05189  0.02978 -0.25620
   0.04873  0.02906 -0.24968
   0.04574  0.02833 -0.23843
   0.04291  0.02760 -0.22878
   0.04024  0.02687 -0.21359
   0.03771  0.02615 -0.20119
   0.03531  0.02543 -0.19285
   0.03305  0.02471 -0.16791
   0.03089  0.02399 -0.13775
   0.02884  0.02329 -0.11392
   0.02688  0.02260 -0.09802
   0.02502  0.02195 -0.09561
   0.02326  0.02131 -0.09326
   0.02159  0.02067 -0.09140
   0.02000  0.02005 -0.08484
   0.01849  0.01942 -0.07361
   0.01706  0.01880 -0.05514
   0.01569  0.01817 -0.02840
   0.01439  0.01754 -0.00580
   0.01314  0.01692  0.01782
   0.01194  0.01630  0.03861
   0.01080  0.01568  0.05822
   0.00971  0.01507  0.07684
   0.00867  0.01445  0.10211
   0.00767  0.01383  0.11979
   0.00672  0.01321  0.14422
   0.00581  0.01258  0.16462
   0.00495  0.01194  0.19534
   0.00414  0.01128  0.21896
   0.00338  0.01061  0.24706
   0.00268  0.00990  0.28074
   0.00207  0.00914  0.38805
   0.00154  0.00835  0.47571
   0.00111  0.00752  0.59038
   0.00078  0.00665  0.71622
   0.00053  0.00577  0.81637
   0.00035  0.00489  0.88783
   0.00022  0.00400  0.93529
   0.00012  0.00312  0.96899
   0.00005  0.00224  0.98810
   0.00001  0.00137  0.99802
  -0.00000  0.00051  0.99960
   0.00001 -0.00034  0.99388
   0.00004 -0.00120  0.98076
   0.00010 -0.00206  0.95982
   0.00020 -0.00292  0.94334
   0.00027 -0.00380  0.89671
   0.00039 -0.00468  0.86273
   0.00054 -0.00556  0.81282
   0.00072 -0.00645  0.75235
   0.00092 -0.00735  0.68559
   0.00115 -0.00824  0.60734
   0.00142 -0.00914  0.50798
   0.00173 -0.01004  0.39797
   0.00207 -0.01094  0.27293
   0.00247 -0.01182  0.09646
   0.00292 -0.01269  0.01539
   0.00342 -0.01356 -0.33357
   0.00402 -0.01437 -0.39540
   0.00470 -0.01514 -0.50420
   0.00546 -0.01587 -0.53887
   0.00629 -0.01657 -0.56773
   0.00717 -0.01724 -0.57832
   0.00811 -0.01789 -0.59320
   0.00910 -0.01851 -0.59079
   0.01015 -0.01912 -0.58602
   0.01125 -0.01971 -0.58527
   0.01240 -0.02029 -0.57699
   0.01361 -0.02086 -0.57027
   0.01488 -0.02142 -0.56202
   0.01621 -0.02198 -0.54658
   0.01761 -0.02253 -0.53798
   0.01908 -0.02307 -0.52154
   0.02063 -0.02362 -0.51588
   0.02226 -0.02417 -0.50239
   0.02397 -0.02472 -0.48666
   0.02579 -0.02528 -0.47876
   0.02770 -0.02584 -0.46780
   0.02973 -0.02641 -0.45948
   0.03189 -0.02700 -0.45124
   0.03419 -0.02759 -0.44436
   0.03663 -0.02820 -0.43315
   0.03924 -0.02882 -0.42615
   0.04203 -0.02945 -0.41492
   0.04502 -0.03011 -0.40785
   0.04822 -0.03078 -0.40164
   0.05165 -0.03148 -0.39793
   0.05533 -0.03220 -0.39312
   0.05925 -0.03293 -0.38969
   0.06344 -0.03368 -0.38458
   0.06789 -0.03445 -0.38220
   0.07262 -0.03522 -0.37708
   0.07761 -0.03600 -0.37531
   0.08288 -0.03679 -0.37167
   0.08842 -0.03758 -0.36813
   0.09419 -0.03836 -0.36483
   0.10019 -0.03914 -0.36255
   0.10638 -0.03991 -0.36145
   0.11276 -0.04065 -0.36028
   0.11929 -0.04138 -0.35930
   0.12594 -0.04208 -0.35775
   0.13272 -0.04276 -0.35650
   0.13959 -0.04340 -0.35487
   0.14656 -0.04401 -0.35160
   0.15362 -0.04460 -0.34970
   0.16075 -0.04515 -0.34562
   0.16794 -0.04567 -0.34318
   0.17519 -0.04616 -0.33965
   0.18248 -0.04663 -0.33749
   0.18981 -0.04706 -0.33515
   0.19717 -0.04747 -0.33360
   0.20456 -0.04785 -0.32926
   0.21197 -0.04820 -0.32825
   0.21942 -0.04852 -0.32398
   0.22690 -0.04882 -0.32125
   0.23441 -0.04909 -0.31638
   0.24195 -0.04934 -0.31413
   0.24951 -0.04956 -0.31195
   0.25708 -0.04977 -0.30856
   0.26468 -0.04995 -0.30714
   0.27229 -0.05011 -0.30276
   0.27991 -0.05024 -0.30121
   0.28756 -0.05036 -0.29768
   0.29522 -0.05046 -0.29563
   0.30289 -0.05054 -0.29366
   0.31057 -0.05060 -0.29145
   0.31825 -0.05064 -0.28916
   0.32595 -0.05066 -0.28747
   0.33364 -0.05066 -0.28587
   0.34135 -0.05065 -0.28397
   0.34906 -0.05061 -0.28218
   0.35677 -0.05056 -0.28029
   0.36448 -0.05048 -0.27857
   0.37219 -0.05039 -0.27697
   0.37990 -0.05028 -0.27486
   0.38761 -0.05015 -0.27349
   0.39532 -0.05001 -0.27209
   0.40302 -0.04984 -0.27067
   0.41072 -0.04966 -0.26856
   0.41842 -0.04945 -0.26789
   0.42610 -0.04923 -0.26648
   0.43378 -0.04899 -0.26571
   0.44144 -0.04873 -0.26354
   0.44910 -0.04845 -0.26294
   0.45674 -0.04815 -0.26137
   0.46437 -0.04783 -0.26062
   0.47199 -0.04749 -0.25888
   0.47960 -0.04713 -0.25699
   0.48720 -0.04674 -0.25565
   0.49478 -0.04634 -0.25390
   0.50235 -0.04590 -0.25148
   0.50991 -0.04545 -0.25022
   0.51745 -0.04497 -0.24756
   0.52498 -0.04447 -0.24511
   0.53250 -0.04395 -0.24297
   0.54000 -0.04340 -0.24036
   0.54749 -0.04282 -0.23750
   0.55497 -0.04222 -0.23433
   0.56243 -0.04159 -0.23066
   0.56987 -0.04093 -0.22730
   0.57730 -0.04025 -0.22359
   0.58471 -0.03954 -0.21943
   0.59210 -0.03881 -0.21521
   0.59948 -0.03804 -0.21076
   0.60683 -0.03724 -0.20614
   0.61417 -0.03642 -0.19988
   0.62149 -0.03556 -0.19514
   0.62879 -0.03468 -0.18785
   0.63608 -0.03376 -0.18214
   0.64335 -0.03281 -0.17398
   0.65061 -0.03183 -0.16686
   0.65786 -0.03081 -0.15828
   0.66510 -0.02976 -0.14935
   0.67232 -0.02867 -0.13955
   0.67954 -0.02755 -0.12942
   0.68676 -0.02640 -0.11885
   0.69397 -0.02520 -0.10762
   0.70117 -0.02398 -0.09484
   0.70838 -0.02271 -0.08210
   0.71559 -0.02141 -0.06857
   0.72281 -0.02007 -0.05419
   0.73004 -0.01870 -0.03943
   0.73728 -0.01729 -0.02329
   0.74453 -0.01584 -0.00570
   0.75180 -0.01436  0.01064
   0.75910 -0.01284  0.03065
   0.76642 -0.01128  0.04876
   0.77378 -0.00969  0.07057
   0.78118 -0.00807  0.08943
   0.78863 -0.00642  0.11293
   0.79611 -0.00475  0.13380
   0.80361 -0.00306  0.15823
   0.81108 -0.00138  0.18117
   0.81847  0.00029  0.20418
   0.82574  0.00191  0.22796
   0.83289  0.00348  0.24999
   0.83991  0.00499  0.27053
   0.84680  0.00644  0.29023
   0.85358  0.00782  0.30966
   0.86023  0.00913  0.32597
   0.86676  0.01036  0.34458
   0.87316  0.01151  0.35871
   0.87944  0.01258  0.37517
   0.88561  0.01356  0.38701
   0.89167  0.01445  0.39924
   0.89763  0.01526  0.41005
   0.90349  0.01599  0.41960
   0.90927  0.01663  0.42742
   0.91493  0.01718  0.43708
   0.92047  0.01765  0.44295
   0.92588  0.01803  0.45123
   0.93120  0.01832  0.45482
   0.93644  0.01853  0.45567
   0.94160  0.01868  0.45859
   0.94662  0.01876  0.46553
   0.95140  0.01879  0.48094
   0.95595  0.01872  0.49060
   0.96030  0.01853  0.49570
   0.96456  0.01820  0.48079
   0.96881  0.01775  0.45321
   0.97308  0.01723  0.42612
   0.97733  0.01672  0.41393
   0.98147  0.01621  0.42713
   0.98549  0.01562  0.43408
   0.98945  0.01488  0.38883
   0.99342  0.01406  0.32414
   0.99738  0.01325  0.29886
   1.00000  0.01271  0.25422
