GRUMMAN K-2 AIRFOIL                             
 Alfa =  -1.30270 Re =        0.000 Xflap,Yflap =     0.000000    0.000000
#    x        y        Cp  
   1.00000  0.01371  0.25422
   0.99740  0.01444  0.09924
   0.99329  0.01549  0.06151
   0.98889  0.01657  0.04619
   0.98423  0.01772  0.00586
   0.97929  0.01890 -0.02909
   0.97409  0.02011 -0.05504
   0.96867  0.02135 -0.08540
   0.96305  0.02259 -0.11192
   0.95727  0.02381 -0.13356
   0.95131  0.02502 -0.15446
   0.94520  0.02620 -0.16953
   0.93893  0.02735 -0.18257
   0.93253  0.02848 -0.19378
   0.92600  0.02957 -0.20095
   0.91932  0.03065 -0.20699
   0.91254  0.03170 -0.21394
   0.90568  0.03272 -0.22254
   0.89876  0.03372 -0.22997
   0.89181  0.03467 -0.23805
   0.88484  0.03559 -0.24400
   0.87782  0.03647 -0.24664
   0.87073  0.03731 -0.24775
   0.86355  0.03812 -0.24885
   0.85628  0.03891 -0.24762
   0.84891  0.03968 -0.24672
   0.84146  0.04044 -0.24668
   0.83396  0.04117 -0.24659
   0.82645  0.04190 -0.25231
   0.81896  0.04260 -0.25720
   0.81149  0.04327 -0.26076
   0.80402  0.04391 -0.26329
   0.79655  0.04452 -0.26570
   0.78909  0.04510 -0.26790
   0.78162  0.04565 -0.26859
   0.77414  0.04617 -0.26813
   0.76665  0.04666 -0.26849
   0.75914  0.04713 -0.26726
   0.75161  0.04756 -0.26544
   0.74405  0.04798 -0.26372
   0.73646  0.04837 -0.26077
   0.72884  0.04874 -0.25834
   0.72118  0.04909 -0.25545
   0.71350  0.04943 -0.25213
   0.70580  0.04974 -0.25032
   0.69806  0.05004 -0.24731
   0.69030  0.05033 -0.24522
   0.68252  0.05060 -0.24315
   0.67473  0.05086 -0.24133
   0.66693  0.05111 -0.23914
   0.65911  0.05135 -0.23789
   0.65129  0.05157 -0.23637
   0.64347  0.05178 -0.23433
   0.63563  0.05197 -0.23321
   0.62779  0.05216 -0.23169
   0.61994  0.05233 -0.22961
   0.61208  0.05249 -0.22910
   0.60421  0.05264 -0.22656
   0.59633  0.05278 -0.22571
   0.58846  0.05291 -0.22449
   0.58058  0.05303 -0.22385
   0.57270  0.05314 -0.22260
   0.56482  0.05324 -0.22170
   0.55693  0.05333 -0.22060
   0.54904  0.05340 -0.21993
   0.54115  0.05347 -0.21848
   0.53326  0.05353 -0.21813
   0.52537  0.05358 -0.21676
   0.51748  0.05361 -0.21583
   0.50958  0.05364 -0.21552
   0.50169  0.05366 -0.21389
   0.49380  0.05367 -0.21424
   0.48590  0.05367 -0.21255
   0.47801  0.05366 -0.21289
   0.47012  0.05363 -0.21185
   0.46224  0.05360 -0.21107
   0.45437  0.05356 -0.21043
   0.44650  0.05351 -0.20988
   0.43864  0.05345 -0.20876
   0.43079  0.05338 -0.20849
   0.42295  0.05330 -0.20816
   0.41514  0.05321 -0.20776
   0.40737  0.05312 -0.20836
   0.39966  0.05301 -0.20771
   0.39202  0.05289 -0.20890
   0.38445  0.05276 -0.20592
   0.37694  0.05262 -0.20326
   0.36954  0.05249 -0.20223
   0.36229  0.05236 -0.20931
   0.35524  0.05223 -0.22009
   0.34842  0.05207 -0.22924
   0.34179  0.05185 -0.22043
   0.33530  0.05159 -0.19351
   0.32892  0.05132 -0.16684
   0.32258  0.05111 -0.15311
   0.31625  0.05098 -0.16936
   0.30988  0.05089 -0.19857
   0.30343  0.05078 -0.22574
   0.29682  0.05061 -0.22798
   0.29002  0.05037 -0.21551
   0.28299  0.05009 -0.20365
   0.27579  0.04982 -0.20230
   0.26847  0.04954 -0.20627
   0.26108  0.04924 -0.20812
   0.25361  0.04892 -0.20691
   0.24607  0.04858 -0.20686
   0.23850  0.04823 -0.20776
   0.23092  0.04786 -0.20808
   0.22333  0.04747 -0.20878
   0.21574  0.04707 -0.20918
   0.20817  0.04664 -0.21085
   0.20063  0.04620 -0.21121
   0.19311  0.04574 -0.21187
   0.18563  0.04526 -0.21485
   0.17820  0.04475 -0.21442
   0.17081  0.04423 -0.21553
   0.16349  0.04368 -0.21774
   0.15624  0.04311 -0.21761
   0.14907  0.04251 -0.21983
   0.14200  0.04189 -0.22027
   0.13503  0.04125 -0.22105
   0.12818  0.04059 -0.22159
   0.12147  0.03990 -0.22162
   0.11493  0.03919 -0.22139
   0.10856  0.03847 -0.22119
   0.10240  0.03773 -0.22049
   0.09647  0.03699 -0.22117
   0.09078  0.03624 -0.22257
   0.08537  0.03550 -0.22093
   0.08024  0.03476 -0.22581
   0.07540  0.03403 -0.22721
   0.07085  0.03331 -0.23059
   0.06658  0.03261 -0.24275
   0.06257  0.03190 -0.24311
   0.05879  0.03120 -0.25371
   0.05523  0.03050 -0.25742
   0.05189  0.02978 -0.25510
   0.04873  0.02906 -0.24856
   0.04574  0.02833 -0.23728
   0.04291  0.02760 -0.22760
   0.04024  0.02687 -0.21239
   0.03771  0.02615 -0.19996
   0.03531  0.02543 -0.19158
   0.03305  0.02471 -0.16663
   0.03089  0.02399 -0.13645
   0.02884  0.02329 -0.11261
   0.02688  0.02260 -0.09668
   0.02502  0.02195 -0.09422
   0.02326  0.02131 -0.09183
   0.02159  0.02067 -0.08992
   0.02000  0.02005 -0.08332
   0.01849  0.01942 -0.07204
   0.01706  0.01880 -0.05354
   0.01569  0.01817 -0.02677
   0.01439  0.01754 -0.00414
   0.01314  0.01692  0.01951
   0.01194  0.01630  0.04034
   0.01080  0.01568  0.05999
   0.00971  0.01507  0.07866
   0.00867  0.01445  0.10398
   0.00767  0.01383  0.12172
   0.00672  0.01321  0.14621
   0.00581  0.01258  0.16668
   0.00495  0.01194  0.19747
   0.00414  0.01128  0.22117
   0.00338  0.01061  0.24938
   0.00268  0.00990  0.28317
   0.00207  0.00914  0.39036
   0.00154  0.00835  0.47794
   0.00111  0.00752  0.59238
   0.00078  0.00665  0.71785
   0.00053  0.00577  0.81763
   0.00035  0.00489  0.88879
   0.00022  0.00400  0.93600
   0.00012  0.00312  0.96946
   0.00005  0.00224  0.98839
   0.00001  0.00137  0.99814
  -0.00000  0.00051  0.99955
   0.00001 -0.00034  0.99367
   0.00004 -0.00120  0.98040
   0.00010 -0.00206  0.95929
   0.00020 -0.00292  0.94277
   0.00027 -0.00380  0.89587
   0.00039 -0.00468  0.86179
   0.00054 -0.00556  0.81172
   0.00072 -0.00645  0.75108
   0.00092 -0.00735  0.68416
   0.00115 -0.00824  0.60573
   0.00142 -0.00914  0.50616
   0.00173 -0.01004  0.39593
   0.00207 -0.01094  0.27068
   0.00247 -0.01182  0.09388
   0.00292 -0.01269  0.01278
   0.00342 -0.01356 -0.33685
   0.00402 -0.01437 -0.39859
   0.00470 -0.01514 -0.50743
   0.00546 -0.01587 -0.54198
   0.00629 -0.01657 -0.57072
   0.00717 -0.01724 -0.58118
   0.00811 -0.01789 -0.59595
   0.00910 -0.01851 -0.59342
   0.01015 -0.01912 -0.58853
   0.01125 -0.01971 -0.58768
   0.01240 -0.02029 -0.57930
   0.01361 -0.02086 -0.57248
   0.01488 -0.02142 -0.56413
   0.01621 -0.02198 -0.54860
   0.01761 -0.02253 -0.53992
   0.01908 -0.02307 -0.52340
   0.02063 -0.02362 -0.51768
   0.02226 -0.02417 -0.50411
   0.02397 -0.02472 -0.48831
   0.02579 -0.02528 -0.48035
   0.02770 -0.02584 -0.46933
   0.02973 -0.02641 -0.46096
   0.03189 -0.02700 -0.45267
   0.03419 -0.02759 -0.44574
   0.03663 -0.02820 -0.43448
   0.03924 -0.02882 -0.42743
   0.04203 -0.02945 -0.41615
   0.04502 -0.03011 -0.40903
   0.04822 -0.03078 -0.40278
   0.05165 -0.03148 -0.39903
   0.05533 -0.03220 -0.39418
   0.05925 -0.03293 -0.39072
   0.06344 -0.03368 -0.38557
   0.06789 -0.03445 -0.38315
   0.07262 -0.03522 -0.37800
   0.07761 -0.03600 -0.37621
   0.08288 -0.03679 -0.37253
   0.08842 -0.03758 -0.36896
   0.09419 -0.03836 -0.36563
   0.10019 -0.03914 -0.36333
   0.10638 -0.03991 -0.36221
   0.11276 -0.04065 -0.36101
   0.11929 -0.04138 -0.36000
   0.12594 -0.04208 -0.35844
   0.13272 -0.04276 -0.35716
   0.13959 -0.04340 -0.35552
   0.14656 -0.04401 -0.35222
   0.15362 -0.04460 -0.35031
   0.16075 -0.04515 -0.34621
   0.16794 -0.04567 -0.34376
   0.17519 -0.04616 -0.34022
   0.18248 -0.04663 -0.33804
   0.18981 -0.04706 -0.33568
   0.19717 -0.04747 -0.33412
   0.20456 -0.04785 -0.32977
   0.21197 -0.04820 -0.32875
   0.21942 -0.04852 -0.32447
   0.22690 -0.04882 -0.32173
   0.23441 -0.04909 -0.31684
   0.24195 -0.04934 -0.31458
   0.24951 -0.04956 -0.31240
   0.25708 -0.04977 -0.30900
   0.26468 -0.04995 -0.30757
   0.27229 -0.05011 -0.30318
   0.27991 -0.05024 -0.30162
   0.28756 -0.05036 -0.29808
   0.29522 -0.05046 -0.29602
   0.30289 -0.05054 -0.29404
   0.31057 -0.05060 -0.29182
   0.31825 -0.05064 -0.28953
   0.32595 -0.05066 -0.28783
   0.33364 -0.05066 -0.28623
   0.34135 -0.05065 -0.28431
   0.34906 -0.05061 -0.28252
   0.35677 -0.05056 -0.28062
   0.36448 -0.05048 -0.27890
   0.37219 -0.05039 -0.27729
   0.37990 -0.05028 -0.27518
   0.38761 -0.05015 -0.27380
   0.39532 -0.05001 -0.27239
   0.40302 -0.04984 -0.27097
   0.41072 -0.04966 -0.26885
   0.41842 -0.04945 -0.26818
   0.42610 -0.04923 -0.26676
   0.43378 -0.04899 -0.26599
   0.44144 -0.04873 -0.26382
   0.44910 -0.04845 -0.26321
   0.45674 -0.04815 -0.26164
   0.46437 -0.04783 -0.26088
   0.47199 -0.04749 -0.25914
   0.47960 -0.04713 -0.25724
   0.48720 -0.04674 -0.25590
   0.49478 -0.04634 -0.25414
   0.50235 -0.04590 -0.25172
   0.50991 -0.04545 -0.25045
   0.51745 -0.04497 -0.24780
   0.52498 -0.04447 -0.24534
   0.53250 -0.04395 -0.24319
   0.54000 -0.04340 -0.24058
   0.54749 -0.04282 -0.23772
   0.55497 -0.04222 -0.23455
   0.56243 -0.04159 -0.23087
   0.56987 -0.04093 -0.22751
   0.57730 -0.04025 -0.22379
   0.58471 -0.03954 -0.21962
   0.59210 -0.03881 -0.21541
   0.59948 -0.03804 -0.21095
   0.60683 -0.03724 -0.20633
   0.61417 -0.03642 -0.20006
   0.62149 -0.03556 -0.19531
   0.62879 -0.03468 -0.18802
   0.63608 -0.03376 -0.18231
   0.64335 -0.03281 -0.17414
   0.65061 -0.03183 -0.16702
   0.65786 -0.03081 -0.15843
   0.66510 -0.02976 -0.14951
   0.67232 -0.02867 -0.13970
   0.67954 -0.02755 -0.12957
   0.68676 -0.02640 -0.11900
   0.69397 -0.02520 -0.10776
   0.70117 -0.02398 -0.09497
   0.70838 -0.02271 -0.08223
   0.71559 -0.02141 -0.06870
   0.72281 -0.02007 -0.05431
   0.73004 -0.01870 -0.03954
   0.73728 -0.01729 -0.02341
   0.74453 -0.01584 -0.00581
   0.75180 -0.01436  0.01053
   0.75910 -0.01284  0.03055
   0.76642 -0.01128  0.04866
   0.77378 -0.00969  0.07048
   0.78118 -0.00807  0.08935
   0.78863 -0.00642  0.11284
   0.79611 -0.00475  0.13373
   0.80361 -0.00306  0.15816
   0.81108 -0.00138  0.18110
   0.81847  0.00029  0.20411
   0.82574  0.00191  0.22790
   0.83289  0.00348  0.24993
   0.83991  0.00499  0.27047
   0.84680  0.00644  0.29018
   0.85358  0.00782  0.30961
   0.86023  0.00913  0.32593
   0.86676  0.01036  0.34453
   0.87316  0.01151  0.35866
   0.87944  0.01258  0.37513
   0.88561  0.01356  0.38697
   0.89167  0.01445  0.39920
   0.89763  0.01526  0.41001
   0.90349  0.01599  0.41957
   0.90927  0.01663  0.42739
   0.91493  0.01718  0.43705
   0.92047  0.01765  0.44292
   0.92588  0.01803  0.45120
   0.93120  0.01832  0.45480
   0.93644  0.01853  0.45564
   0.94160  0.01868  0.45857
   0.94662  0.01876  0.46551
   0.95140  0.01879  0.48092
   0.95595  0.01872  0.49058
   0.96030  0.01853  0.49568
   0.96456  0.01820  0.48077
   0.96881  0.01775  0.45319
   0.97308  0.01723  0.42610
   0.97733  0.01672  0.41392
   0.98147  0.01621  0.42711
   0.98549  0.01562  0.43406
   0.98945  0.01488  0.38882
   0.99342  0.01406  0.32413
   0.99738  0.01325  0.29885
   1.00000  0.01271  0.25422
