GRUMMAN K-2 AIRFOIL                             
 Alfa =  -1.27740 Re =        0.000 Xflap,Yflap =     0.000000    0.000000
#    x        y        Cp  
   1.00000  0.01371  0.25222
   0.99739  0.01444  0.09669
   0.99327  0.01550  0.06267
   0.98886  0.01658  0.04425
   0.98418  0.01773  0.00254
   0.97923  0.01891 -0.02700
   0.97401  0.02013 -0.05705
   0.96856  0.02137 -0.08493
   0.96293  0.02261 -0.11276
   0.95713  0.02384 -0.13584
   0.95115  0.02505 -0.15456
   0.94501  0.02623 -0.16978
   0.93873  0.02739 -0.18340
   0.93231  0.02852 -0.19440
   0.92575  0.02962 -0.20175
   0.91905  0.03069 -0.20746
   0.91224  0.03174 -0.21471
   0.90536  0.03277 -0.22336
   0.89842  0.03376 -0.23084
   0.89145  0.03472 -0.23867
   0.88446  0.03564 -0.24404
   0.87741  0.03652 -0.24811
   0.87030  0.03736 -0.24861
   0.86310  0.03817 -0.24857
   0.85580  0.03897 -0.24817
   0.84840  0.03974 -0.24736
   0.84093  0.04049 -0.24748
   0.83341  0.04123 -0.24792
   0.82588  0.04195 -0.25252
   0.81837  0.04265 -0.25848
   0.81087  0.04332 -0.26107
   0.80338  0.04396 -0.26434
   0.79590  0.04457 -0.26685
   0.78841  0.04515 -0.26787
   0.78092  0.04570 -0.26945
   0.77342  0.04622 -0.26914
   0.76591  0.04671 -0.26917
   0.75838  0.04717 -0.26798
   0.75082  0.04761 -0.26671
   0.74324  0.04802 -0.26284
   0.73562  0.04841 -0.26153
   0.72798  0.04878 -0.25820
   0.72030  0.04913 -0.25601
   0.71260  0.04946 -0.25319
   0.70486  0.04978 -0.25060
   0.69710  0.05008 -0.24787
   0.68932  0.05037 -0.24565
   0.68152  0.05064 -0.24334
   0.67370  0.05090 -0.24238
   0.66588  0.05114 -0.23959
   0.65804  0.05138 -0.23848
   0.65020  0.05160 -0.23669
   0.64235  0.05180 -0.23505
   0.63449  0.05200 -0.23419
   0.62662  0.05218 -0.23192
   0.61875  0.05235 -0.23078
   0.61086  0.05251 -0.22916
   0.60297  0.05266 -0.22735
   0.59508  0.05280 -0.22668
   0.58718  0.05293 -0.22578
   0.57928  0.05305 -0.22440
   0.57138  0.05316 -0.22327
   0.56347  0.05325 -0.22239
   0.55556  0.05334 -0.22182
   0.54765  0.05342 -0.22049
   0.53974  0.05348 -0.21938
   0.53183  0.05354 -0.21852
   0.52391  0.05358 -0.21821
   0.51600  0.05362 -0.21668
   0.50808  0.05365 -0.21647
   0.50017  0.05366 -0.21544
   0.49225  0.05367 -0.21433
   0.48434  0.05366 -0.21427
   0.47642  0.05365 -0.21338
   0.46852  0.05363 -0.21289
   0.46062  0.05360 -0.21181
   0.45272  0.05355 -0.21233
   0.44483  0.05350 -0.21062
   0.43695  0.05344 -0.21019
   0.42908  0.05336 -0.20933
   0.42122  0.05328 -0.20946
   0.41340  0.05319 -0.20870
   0.40562  0.05309 -0.20977
   0.39791  0.05299 -0.20947
   0.39026  0.05286 -0.20976
   0.38268  0.05273 -0.20730
   0.37518  0.05259 -0.20378
   0.36779  0.05245 -0.20476
   0.36056  0.05233 -0.21267
   0.35355  0.05219 -0.22435
   0.34675  0.05202 -0.23113
   0.34015  0.05179 -0.21623
   0.33367  0.05152 -0.18794
   0.32729  0.05126 -0.16260
   0.32094  0.05107 -0.15555
   0.31459  0.05095 -0.17858
   0.30818  0.05086 -0.20892
   0.30168  0.05074 -0.23053
   0.29501  0.05055 -0.22665
   0.28812  0.05029 -0.21322
   0.28102  0.05002 -0.20384
   0.27376  0.04974 -0.20574
   0.26640  0.04946 -0.20857
   0.25896  0.04915 -0.20948
   0.25145  0.04883 -0.20925
   0.24388  0.04848 -0.20894
   0.23629  0.04812 -0.20961
   0.22868  0.04775 -0.21025
   0.22107  0.04735 -0.21129
   0.21346  0.04694 -0.21168
   0.20588  0.04651 -0.21283
   0.19832  0.04606 -0.21360
   0.19079  0.04559 -0.21502
   0.18331  0.04510 -0.21704
   0.17587  0.04459 -0.21664
   0.16848  0.04405 -0.21948
   0.16116  0.04350 -0.21979
   0.15392  0.04292 -0.22070
   0.14676  0.04231 -0.22336
   0.13969  0.04168 -0.22234
   0.13274  0.04103 -0.22444
   0.12592  0.04036 -0.22410
   0.11925  0.03966 -0.22473
   0.11274  0.03895 -0.22425
   0.10643  0.03821 -0.22402
   0.10032  0.03747 -0.22460
   0.09446  0.03673 -0.22401
   0.08886  0.03598 -0.22597
   0.08353  0.03523 -0.22643
   0.07849  0.03450 -0.22926
   0.07373  0.03377 -0.23424
   0.06927  0.03305 -0.23571
   0.06509  0.03235 -0.24770
   0.06115  0.03165 -0.25219
   0.05745  0.03095 -0.25917
   0.05396  0.03023 -0.26295
   0.05068  0.02952 -0.25809
   0.04758  0.02879 -0.24968
   0.04465  0.02805 -0.23882
   0.04187  0.02732 -0.22684
   0.03925  0.02659 -0.21219
   0.03676  0.02587 -0.20301
   0.03441  0.02515 -0.18811
   0.03218  0.02442 -0.16061
   0.03006  0.02371 -0.13257
   0.02804  0.02301 -0.10946
   0.02612  0.02234 -0.10138
   0.02429  0.02168 -0.09975
   0.02256  0.02105 -0.09617
   0.02092  0.02042 -0.09444
   0.01936  0.01979 -0.08684
   0.01788  0.01916 -0.07158
   0.01648  0.01853 -0.04999
   0.01513  0.01790 -0.02412
   0.01385  0.01728 -0.00109
   0.01262  0.01665  0.02348
   0.01145  0.01603  0.03870
   0.01032  0.01542  0.05911
   0.00925  0.01480  0.08431
   0.00822  0.01418  0.10031
   0.00724  0.01356  0.12774
   0.00631  0.01293  0.14617
   0.00542  0.01229  0.16897
   0.00458  0.01164  0.20051
   0.00379  0.01098  0.22234
   0.00305  0.01029  0.25563
   0.00239  0.00956  0.30054
   0.00182  0.00878  0.44116
   0.00133  0.00797  0.50758
   0.00094  0.00712  0.64802
   0.00065  0.00624  0.76101
   0.00044  0.00536  0.85046
   0.00028  0.00447  0.90913
   0.00016  0.00358  0.95194
   0.00008  0.00270  0.97750
   0.00003  0.00182  0.99331
   0.00000  0.00095  0.99975
  -0.00000  0.00009  0.99798
   0.00003 -0.00076  0.98969
   0.00006 -0.00163  0.97164
   0.00015 -0.00249  0.95538
   0.00023 -0.00336  0.92305
   0.00032 -0.00424  0.88340
   0.00047 -0.00512  0.84198
   0.00063 -0.00601  0.78761
   0.00082 -0.00691  0.72463
   0.00104 -0.00781  0.65250
   0.00129 -0.00871  0.56145
   0.00157 -0.00961  0.45961
   0.00190 -0.01051  0.34316
   0.00227 -0.01140  0.19102
   0.00270 -0.01228  0.06255
   0.00318 -0.01315 -0.14598
   0.00373 -0.01400 -0.37615
   0.00438 -0.01479 -0.44910
   0.00511 -0.01554 -0.51738
   0.00590 -0.01626 -0.54439
   0.00676 -0.01694 -0.56429
   0.00768 -0.01760 -0.57639
   0.00865 -0.01823 -0.58104
   0.00967 -0.01885 -0.58706
   0.01075 -0.01945 -0.57215
   0.01188 -0.02004 -0.57715
   0.01307 -0.02061 -0.56428
   0.01432 -0.02118 -0.55820
   0.01563 -0.02174 -0.54951
   0.01700 -0.02229 -0.53210
   0.01845 -0.02284 -0.52282
   0.01996 -0.02339 -0.51280
   0.02156 -0.02394 -0.50107
   0.02324 -0.02449 -0.48794
   0.02502 -0.02504 -0.47713
   0.02690 -0.02561 -0.46831
   0.02888 -0.02618 -0.45745
   0.03099 -0.02676 -0.44894
   0.03324 -0.02735 -0.44239
   0.03563 -0.02795 -0.43284
   0.03818 -0.02857 -0.42458
   0.04090 -0.02920 -0.41545
   0.04382 -0.02985 -0.40678
   0.04694 -0.03052 -0.39940
   0.05029 -0.03121 -0.39681
   0.05388 -0.03192 -0.39045
   0.05772 -0.03265 -0.38778
   0.06181 -0.03340 -0.38326
   0.06618 -0.03416 -0.37935
   0.07081 -0.03493 -0.37614
   0.07572 -0.03571 -0.37268
   0.08090 -0.03650 -0.36961
   0.08636 -0.03729 -0.36699
   0.09206 -0.03808 -0.36352
   0.09799 -0.03886 -0.36022
   0.10414 -0.03963 -0.35988
   0.11047 -0.04039 -0.35771
   0.11696 -0.04113 -0.35729
   0.12360 -0.04184 -0.35626
   0.13035 -0.04253 -0.35497
   0.13721 -0.04318 -0.35309
   0.14417 -0.04381 -0.35076
   0.15121 -0.04440 -0.34774
   0.15834 -0.04497 -0.34507
   0.16553 -0.04550 -0.34223
   0.17278 -0.04600 -0.33921
   0.18008 -0.04648 -0.33610
   0.18742 -0.04692 -0.33460
   0.19479 -0.04734 -0.33181
   0.20219 -0.04773 -0.32974
   0.20962 -0.04809 -0.32596
   0.21707 -0.04842 -0.32412
   0.22456 -0.04873 -0.32018
   0.23208 -0.04901 -0.31667
   0.23964 -0.04926 -0.31301
   0.24721 -0.04950 -0.31106
   0.25481 -0.04971 -0.30840
   0.26241 -0.04990 -0.30573
   0.27004 -0.05006 -0.30278
   0.27768 -0.05021 -0.30044
   0.28534 -0.05033 -0.29724
   0.29302 -0.05043 -0.29496
   0.30071 -0.05052 -0.29269
   0.30841 -0.05058 -0.29074
   0.31611 -0.05063 -0.28908
   0.32382 -0.05066 -0.28691
   0.33154 -0.05066 -0.28453
   0.33927 -0.05065 -0.28356
   0.34699 -0.05062 -0.28098
   0.35472 -0.05057 -0.27967
   0.36246 -0.05051 -0.27802
   0.37019 -0.05042 -0.27651
   0.37793 -0.05031 -0.27408
   0.38566 -0.05019 -0.27324
   0.39339 -0.05004 -0.27130
   0.40111 -0.04988 -0.26976
   0.40883 -0.04970 -0.26808
   0.41655 -0.04951 -0.26720
   0.42426 -0.04929 -0.26577
   0.43196 -0.04905 -0.26478
   0.43965 -0.04880 -0.26327
   0.44733 -0.04852 -0.26221
   0.45499 -0.04823 -0.26104
   0.46265 -0.04791 -0.25933
   0.47029 -0.04757 -0.25843
   0.47793 -0.04721 -0.25657
   0.48555 -0.04683 -0.25495
   0.49315 -0.04642 -0.25331
   0.50075 -0.04600 -0.25175
   0.50833 -0.04555 -0.24916
   0.51589 -0.04507 -0.24756
   0.52345 -0.04458 -0.24474
   0.53099 -0.04405 -0.24282
   0.53851 -0.04351 -0.23973
   0.54603 -0.04293 -0.23727
   0.55353 -0.04234 -0.23460
   0.56101 -0.04171 -0.23045
   0.56848 -0.04106 -0.22751
   0.57593 -0.04038 -0.22348
   0.58337 -0.03967 -0.21958
   0.59078 -0.03894 -0.21556
   0.59818 -0.03818 -0.21065
   0.60556 -0.03738 -0.20606
   0.61292 -0.03656 -0.20085
   0.62026 -0.03571 -0.19491
   0.62759 -0.03483 -0.18899
   0.63490 -0.03391 -0.18142
   0.64220 -0.03296 -0.17542
   0.64948 -0.03198 -0.16727
   0.65674 -0.03097 -0.15925
   0.66400 -0.02992 -0.14999
   0.67125 -0.02883 -0.14048
   0.67849 -0.02772 -0.13079
   0.68572 -0.02656 -0.11957
   0.69295 -0.02537 -0.10881
   0.70018 -0.02415 -0.09580
   0.70741 -0.02288 -0.08351
   0.71464 -0.02159 -0.07016
   0.72188 -0.02025 -0.05521
   0.72912 -0.01888 -0.04118
   0.73638 -0.01747 -0.02426
   0.74365 -0.01602 -0.00859
   0.75094 -0.01453  0.01003
   0.75826 -0.01301  0.02797
   0.76560 -0.01146  0.04762
   0.77297 -0.00987  0.06724
   0.78039 -0.00825  0.08877
   0.78785 -0.00659  0.10989
   0.79535 -0.00492  0.13303
   0.80287 -0.00323  0.15587
   0.81037 -0.00154  0.17816
   0.81778  0.00013  0.20334
   0.82509  0.00176  0.22647
   0.83227  0.00334  0.24797
   0.83932  0.00486  0.26869
   0.84624  0.00632  0.28910
   0.85304  0.00771  0.30750
   0.85972  0.00903  0.32641
   0.86628  0.01027  0.34259
   0.87271  0.01143  0.35864
   0.87902  0.01251  0.37366
   0.88521  0.01350  0.38637
   0.89129  0.01440  0.39916
   0.89727  0.01522  0.40894
   0.90316  0.01595  0.41943
   0.90895  0.01659  0.42827
   0.91464  0.01715  0.43564
   0.92020  0.01763  0.44402
   0.92564  0.01802  0.44983
   0.93097  0.01831  0.45441
   0.93623  0.01853  0.45752
   0.94141  0.01867  0.45704
   0.94645  0.01876  0.46727
   0.95125  0.01879  0.47893
   0.95581  0.01873  0.49156
   0.96019  0.01854  0.49565
   0.96446  0.01821  0.48060
   0.96872  0.01776  0.45441
   0.97300  0.01724  0.42587
   0.97726  0.01672  0.41555
   0.98142  0.01621  0.42815
   0.98545  0.01563  0.43247
   0.98942  0.01489  0.38729
   0.99340  0.01406  0.32682
   0.99738  0.01325  0.29814
   1.00000  0.01271  0.25222
