GRUMMAN K-2 AIRFOIL                             
 Alfa =  -1.32310 Re =        0.000 Xflap,Yflap =     0.000000    0.000000
#    x        y        Cp  
   1.00000  0.01371  0.25423
   0.99740  0.01444  0.09927
   0.99329  0.01549  0.06154
   0.98889  0.01657  0.04625
   0.98423  0.01772  0.00594
   0.97929  0.01890 -0.02899
   0.97409  0.02011 -0.05494
   0.96867  0.02135 -0.08527
   0.96305  0.02259 -0.11178
   0.95727  0.02381 -0.13340
   0.95131  0.02502 -0.15428
   0.94520  0.02620 -0.16934
   0.93893  0.02735 -0.18237
   0.93253  0.02848 -0.19357
   0.92600  0.02957 -0.20073
   0.91932  0.03065 -0.20674
   0.91254  0.03170 -0.21369
   0.90568  0.03272 -0.22227
   0.89876  0.03372 -0.22969
   0.89181  0.03467 -0.23775
   0.88484  0.03559 -0.24369
   0.87782  0.03647 -0.24632
   0.87073  0.03731 -0.24742
   0.86355  0.03812 -0.24851
   0.85628  0.03891 -0.24727
   0.84891  0.03968 -0.24635
   0.84146  0.04044 -0.24631
   0.83396  0.04117 -0.24621
   0.82645  0.04190 -0.25191
   0.81896  0.04260 -0.25679
   0.81149  0.04327 -0.26034
   0.80402  0.04391 -0.26285
   0.79655  0.04452 -0.26525
   0.78909  0.04510 -0.26745
   0.78162  0.04565 -0.26812
   0.77414  0.04617 -0.26765
   0.76665  0.04666 -0.26799
   0.75914  0.04713 -0.26677
   0.75161  0.04756 -0.26493
   0.74405  0.04798 -0.26320
   0.73646  0.04837 -0.26024
   0.72884  0.04874 -0.25780
   0.72118  0.04909 -0.25491
   0.71350  0.04943 -0.25157
   0.70580  0.04974 -0.24975
   0.69806  0.05004 -0.24674
   0.69030  0.05033 -0.24463
   0.68252  0.05060 -0.24256
   0.67473  0.05086 -0.24072
   0.66693  0.05111 -0.23852
   0.65911  0.05135 -0.23727
   0.65129  0.05157 -0.23574
   0.64347  0.05178 -0.23368
   0.63563  0.05197 -0.23256
   0.62779  0.05216 -0.23102
   0.61994  0.05233 -0.22893
   0.61208  0.05249 -0.22841
   0.60421  0.05264 -0.22586
   0.59633  0.05278 -0.22500
   0.58846  0.05291 -0.22377
   0.58058  0.05303 -0.22311
   0.57270  0.05314 -0.22186
   0.56482  0.05324 -0.22094
   0.55693  0.05333 -0.21983
   0.54904  0.05340 -0.21915
   0.54115  0.05347 -0.21769
   0.53326  0.05353 -0.21732
   0.52537  0.05358 -0.21594
   0.51748  0.05361 -0.21500
   0.50958  0.05364 -0.21468
   0.50169  0.05366 -0.21304
   0.49380  0.05367 -0.21337
   0.48590  0.05367 -0.21167
   0.47801  0.05366 -0.21199
   0.47012  0.05363 -0.21094
   0.46224  0.05360 -0.21015
   0.45437  0.05356 -0.20950
   0.44650  0.05351 -0.20893
   0.43864  0.05345 -0.20779
   0.43079  0.05338 -0.20751
   0.42295  0.05330 -0.20717
   0.41514  0.05321 -0.20675
   0.40737  0.05312 -0.20734
   0.39966  0.05301 -0.20666
   0.39202  0.05289 -0.20784
   0.38445  0.05276 -0.20484
   0.37694  0.05262 -0.20218
   0.36954  0.05249 -0.20113
   0.36229  0.05236 -0.20818
   0.35524  0.05223 -0.21893
   0.34842  0.05207 -0.22806
   0.34179  0.05185 -0.21924
   0.33530  0.05159 -0.19233
   0.32892  0.05132 -0.16567
   0.32258  0.05111 -0.15193
   0.31625  0.05098 -0.16816
   0.30988  0.05089 -0.19732
   0.30343  0.05078 -0.22443
   0.29682  0.05061 -0.22665
   0.29002  0.05037 -0.21418
   0.28299  0.05009 -0.20231
   0.27579  0.04982 -0.20093
   0.26847  0.04954 -0.20487
   0.26108  0.04924 -0.20670
   0.25361  0.04892 -0.20546
   0.24607  0.04858 -0.20538
   0.23850  0.04823 -0.20625
   0.23092  0.04786 -0.20654
   0.22333  0.04747 -0.20720
   0.21574  0.04707 -0.20756
   0.20817  0.04664 -0.20920
   0.20063  0.04620 -0.20952
   0.19311  0.04574 -0.21014
   0.18563  0.04526 -0.21307
   0.17820  0.04475 -0.21260
   0.17081  0.04423 -0.21366
   0.16349  0.04368 -0.21581
   0.15624  0.04311 -0.21563
   0.14907  0.04251 -0.21779
   0.14200  0.04189 -0.21818
   0.13503  0.04125 -0.21889
   0.12818  0.04059 -0.21936
   0.12147  0.03990 -0.21933
   0.11493  0.03919 -0.21903
   0.10856  0.03847 -0.21875
   0.10240  0.03773 -0.21797
   0.09647  0.03699 -0.21857
   0.09078  0.03624 -0.21989
   0.08537  0.03550 -0.21815
   0.08024  0.03476 -0.22294
   0.07540  0.03403 -0.22423
   0.07085  0.03331 -0.22750
   0.06658  0.03261 -0.23953
   0.06257  0.03190 -0.23978
   0.05879  0.03120 -0.25024
   0.05523  0.03050 -0.25382
   0.05189  0.02978 -0.25139
   0.04873  0.02906 -0.24474
   0.04574  0.02833 -0.23337
   0.04291  0.02760 -0.22359
   0.04024  0.02687 -0.20829
   0.03771  0.02615 -0.19577
   0.03531  0.02543 -0.18728
   0.03305  0.02471 -0.16227
   0.03089  0.02399 -0.13206
   0.02884  0.02329 -0.10816
   0.02688  0.02260 -0.09214
   0.02502  0.02195 -0.08953
   0.02326  0.02131 -0.08698
   0.02159  0.02067 -0.08490
   0.02000  0.02005 -0.07814
   0.01849  0.01942 -0.06671
   0.01706  0.01880 -0.04809
   0.01569  0.01817 -0.02125
   0.01439  0.01754  0.00148
   0.01314  0.01692  0.02524
   0.01194  0.01630  0.04621
   0.01080  0.01568  0.06601
   0.00971  0.01507  0.08483
   0.00867  0.01445  0.11031
   0.00767  0.01383  0.12825
   0.00672  0.01321  0.15294
   0.00581  0.01258  0.17366
   0.00495  0.01194  0.20468
   0.00414  0.01128  0.22868
   0.00338  0.01061  0.25726
   0.00268  0.00990  0.29142
   0.00207  0.00914  0.39817
   0.00154  0.00835  0.48548
   0.00111  0.00752  0.59917
   0.00078  0.00665  0.72336
   0.00053  0.00577  0.82191
   0.00035  0.00489  0.89201
   0.00022  0.00400  0.93837
   0.00012  0.00312  0.97106
   0.00005  0.00224  0.98935
   0.00001  0.00137  0.99850
  -0.00000  0.00051  0.99934
   0.00001 -0.00034  0.99296
   0.00004 -0.00120  0.97916
   0.00010 -0.00206  0.95748
   0.00020 -0.00292  0.94081
   0.00027 -0.00380  0.89297
   0.00039 -0.00468  0.85858
   0.00054 -0.00556  0.80796
   0.00072 -0.00645  0.74674
   0.00092 -0.00735  0.67925
   0.00115 -0.00824  0.60022
   0.00142 -0.00914  0.49994
   0.00173 -0.01004  0.38897
   0.00207 -0.01094  0.26298
   0.00247 -0.01182  0.08509
   0.00292 -0.01269  0.00388
   0.00342 -0.01356 -0.34805
   0.00402 -0.01437 -0.40947
   0.00470 -0.01514 -0.51845
   0.00546 -0.01587 -0.55257
   0.00629 -0.01657 -0.58093
   0.00717 -0.01724 -0.59093
   0.00811 -0.01789 -0.60533
   0.00910 -0.01851 -0.60237
   0.01015 -0.01912 -0.59708
   0.01125 -0.01971 -0.59587
   0.01240 -0.02029 -0.58714
   0.01361 -0.02086 -0.58000
   0.01488 -0.02142 -0.57134
   0.01621 -0.02198 -0.55550
   0.01761 -0.02253 -0.54654
   0.01908 -0.02307 -0.52975
   0.02063 -0.02362 -0.52379
   0.02226 -0.02417 -0.50998
   0.02397 -0.02472 -0.49394
   0.02579 -0.02528 -0.48577
   0.02770 -0.02584 -0.47455
   0.02973 -0.02641 -0.46599
   0.03189 -0.02700 -0.45752
   0.03419 -0.02759 -0.45042
   0.03663 -0.02820 -0.43899
   0.03924 -0.02882 -0.43177
   0.04203 -0.02945 -0.42033
   0.04502 -0.03011 -0.41306
   0.04822 -0.03078 -0.40667
   0.05165 -0.03148 -0.40279
   0.05533 -0.03220 -0.39781
   0.05925 -0.03293 -0.39422
   0.06344 -0.03368 -0.38895
   0.06789 -0.03445 -0.38641
   0.07262 -0.03522 -0.38115
   0.07761 -0.03600 -0.37924
   0.08288 -0.03679 -0.37546
   0.08842 -0.03758 -0.37179
   0.09419 -0.03836 -0.36836
   0.10019 -0.03914 -0.36597
   0.10638 -0.03991 -0.36476
   0.11276 -0.04065 -0.36349
   0.11929 -0.04138 -0.36241
   0.12594 -0.04208 -0.36077
   0.13272 -0.04276 -0.35943
   0.13959 -0.04340 -0.35772
   0.14656 -0.04401 -0.35436
   0.15362 -0.04460 -0.35239
   0.16075 -0.04515 -0.34823
   0.16794 -0.04567 -0.34573
   0.17519 -0.04616 -0.34213
   0.18248 -0.04663 -0.33990
   0.18981 -0.04706 -0.33750
   0.19717 -0.04747 -0.33589
   0.20456 -0.04785 -0.33150
   0.21197 -0.04820 -0.33044
   0.21942 -0.04852 -0.32611
   0.22690 -0.04882 -0.32334
   0.23441 -0.04909 -0.31841
   0.24195 -0.04934 -0.31611
   0.24951 -0.04956 -0.31390
   0.25708 -0.04977 -0.31047
   0.26468 -0.04995 -0.30901
   0.27229 -0.05011 -0.30459
   0.27991 -0.05024 -0.30300
   0.28756 -0.05036 -0.29943
   0.29522 -0.05046 -0.29734
   0.30289 -0.05054 -0.29534
   0.31057 -0.05060 -0.29310
   0.31825 -0.05064 -0.29078
   0.32595 -0.05066 -0.28905
   0.33364 -0.05066 -0.28743
   0.34135 -0.05065 -0.28549
   0.34906 -0.05061 -0.28368
   0.35677 -0.05056 -0.28176
   0.36448 -0.05048 -0.28001
   0.37219 -0.05039 -0.27839
   0.37990 -0.05028 -0.27625
   0.38761 -0.05015 -0.27486
   0.39532 -0.05001 -0.27343
   0.40302 -0.04984 -0.27199
   0.41072 -0.04966 -0.26985
   0.41842 -0.04945 -0.26917
   0.42610 -0.04923 -0.26773
   0.43378 -0.04899 -0.26694
   0.44144 -0.04873 -0.26476
   0.44910 -0.04845 -0.26413
   0.45674 -0.04815 -0.26254
   0.46437 -0.04783 -0.26177
   0.47199 -0.04749 -0.26002
   0.47960 -0.04713 -0.25810
   0.48720 -0.04674 -0.25674
   0.49478 -0.04634 -0.25497
   0.50235 -0.04590 -0.25253
   0.50991 -0.04545 -0.25125
   0.51745 -0.04497 -0.24859
   0.52498 -0.04447 -0.24611
   0.53250 -0.04395 -0.24395
   0.54000 -0.04340 -0.24133
   0.54749 -0.04282 -0.23845
   0.55497 -0.04222 -0.23527
   0.56243 -0.04159 -0.23157
   0.56987 -0.04093 -0.22820
   0.57730 -0.04025 -0.22447
   0.58471 -0.03954 -0.22029
   0.59210 -0.03881 -0.21606
   0.59948 -0.03804 -0.21159
   0.60683 -0.03724 -0.20695
   0.61417 -0.03642 -0.20068
   0.62149 -0.03556 -0.19591
   0.62879 -0.03468 -0.18861
   0.63608 -0.03376 -0.18288
   0.64335 -0.03281 -0.17470
   0.65061 -0.03183 -0.16756
   0.65786 -0.03081 -0.15897
   0.66510 -0.02976 -0.15003
   0.67232 -0.02867 -0.14021
   0.67954 -0.02755 -0.13006
   0.68676 -0.02640 -0.11948
   0.69397 -0.02520 -0.10822
   0.70117 -0.02398 -0.09543
   0.70838 -0.02271 -0.08267
   0.71559 -0.02141 -0.06912
   0.72281 -0.02007 -0.05473
   0.73004 -0.01870 -0.03994
   0.73728 -0.01729 -0.02379
   0.74453 -0.01584 -0.00617
   0.75180 -0.01436  0.01018
   0.75910 -0.01284  0.03021
   0.76642 -0.01128  0.04834
   0.77378 -0.00969  0.07017
   0.78118 -0.00807  0.08905
   0.78863 -0.00642  0.11256
   0.79611 -0.00475  0.13346
   0.80361 -0.00306  0.15790
   0.81108 -0.00138  0.18086
   0.81847  0.00029  0.20388
   0.82574  0.00191  0.22768
   0.83289  0.00348  0.24972
   0.83991  0.00499  0.27028
   0.84680  0.00644  0.29000
   0.85358  0.00782  0.30944
   0.86023  0.00913  0.32576
   0.86676  0.01036  0.34438
   0.87316  0.01151  0.35851
   0.87944  0.01258  0.37499
   0.88561  0.01356  0.38684
   0.89167  0.01445  0.39907
   0.89763  0.01526  0.40989
   0.90349  0.01599  0.41945
   0.90927  0.01663  0.42728
   0.91493  0.01718  0.43695
   0.92047  0.01765  0.44281
   0.92588  0.01803  0.45111
   0.93120  0.01832  0.45470
   0.93644  0.01853  0.45555
   0.94160  0.01868  0.45848
   0.94662  0.01876  0.46542
   0.95140  0.01879  0.48084
   0.95595  0.01872  0.49051
   0.96030  0.01853  0.49561
   0.96456  0.01820  0.48071
   0.96881  0.01775  0.45312
   0.97308  0.01723  0.42604
   0.97733  0.01672  0.41385
   0.98147  0.01621  0.42706
   0.98549  0.01562  0.43401
   0.98945  0.01488  0.38877
   0.99342  0.01406  0.32408
   0.99738  0.01325  0.29881
   1.00000  0.01271  0.25423
