GRUMMAN K-2 AIRFOIL                             
 Alfa =  -1.26760 Re =        0.000 Xflap,Yflap =     0.000000    0.000000
#    x        y        Cp  
   1.00000  0.01371  0.25222
   0.99739  0.01444  0.09668
   0.99327  0.01550  0.06265
   0.98886  0.01658  0.04422
   0.98418  0.01773  0.00250
   0.97923  0.01891 -0.02704
   0.97401  0.02013 -0.05710
   0.96856  0.02137 -0.08499
   0.96293  0.02261 -0.11282
   0.95713  0.02384 -0.13591
   0.95115  0.02505 -0.15464
   0.94501  0.02623 -0.16987
   0.93873  0.02739 -0.18349
   0.93231  0.02852 -0.19450
   0.92575  0.02962 -0.20186
   0.91905  0.03069 -0.20758
   0.91224  0.03174 -0.21483
   0.90536  0.03277 -0.22349
   0.89842  0.03376 -0.23098
   0.89145  0.03472 -0.23881
   0.88446  0.03564 -0.24419
   0.87741  0.03652 -0.24826
   0.87030  0.03736 -0.24877
   0.86310  0.03817 -0.24874
   0.85580  0.03897 -0.24834
   0.84840  0.03974 -0.24753
   0.84093  0.04049 -0.24766
   0.83341  0.04123 -0.24811
   0.82588  0.04195 -0.25271
   0.81837  0.04265 -0.25867
   0.81087  0.04332 -0.26128
   0.80338  0.04396 -0.26455
   0.79590  0.04457 -0.26707
   0.78841  0.04515 -0.26809
   0.78092  0.04570 -0.26967
   0.77342  0.04622 -0.26937
   0.76591  0.04671 -0.26941
   0.75838  0.04717 -0.26822
   0.75082  0.04761 -0.26696
   0.74324  0.04802 -0.26309
   0.73562  0.04841 -0.26178
   0.72798  0.04878 -0.25846
   0.72030  0.04913 -0.25627
   0.71260  0.04946 -0.25346
   0.70486  0.04978 -0.25087
   0.69710  0.05008 -0.24815
   0.68932  0.05037 -0.24594
   0.68152  0.05064 -0.24363
   0.67370  0.05090 -0.24267
   0.66588  0.05114 -0.23989
   0.65804  0.05138 -0.23878
   0.65020  0.05160 -0.23700
   0.64235  0.05180 -0.23537
   0.63449  0.05200 -0.23450
   0.62662  0.05218 -0.23224
   0.61875  0.05235 -0.23110
   0.61086  0.05251 -0.22949
   0.60297  0.05266 -0.22769
   0.59508  0.05280 -0.22702
   0.58718  0.05293 -0.22613
   0.57928  0.05305 -0.22475
   0.57138  0.05316 -0.22363
   0.56347  0.05325 -0.22275
   0.55556  0.05334 -0.22219
   0.54765  0.05342 -0.22086
   0.53974  0.05348 -0.21976
   0.53183  0.05354 -0.21891
   0.52391  0.05358 -0.21860
   0.51600  0.05362 -0.21708
   0.50808  0.05365 -0.21688
   0.50017  0.05366 -0.21585
   0.49225  0.05367 -0.21475
   0.48434  0.05366 -0.21469
   0.47642  0.05365 -0.21381
   0.46852  0.05363 -0.21333
   0.46062  0.05360 -0.21225
   0.45272  0.05355 -0.21278
   0.44483  0.05350 -0.21107
   0.43695  0.05344 -0.21065
   0.42908  0.05336 -0.20980
   0.42122  0.05328 -0.20994
   0.41340  0.05319 -0.20918
   0.40562  0.05309 -0.21026
   0.39791  0.05299 -0.20997
   0.39026  0.05286 -0.21027
   0.38268  0.05273 -0.20782
   0.37518  0.05259 -0.20430
   0.36779  0.05245 -0.20529
   0.36056  0.05233 -0.21322
   0.35355  0.05219 -0.22491
   0.34675  0.05202 -0.23170
   0.34015  0.05179 -0.21680
   0.33367  0.05152 -0.18851
   0.32729  0.05126 -0.16316
   0.32094  0.05107 -0.15611
   0.31459  0.05095 -0.17917
   0.30818  0.05086 -0.20953
   0.30168  0.05074 -0.23116
   0.29501  0.05055 -0.22729
   0.28812  0.05029 -0.21386
   0.28102  0.05002 -0.20448
   0.27376  0.04974 -0.20640
   0.26640  0.04946 -0.20925
   0.25896  0.04915 -0.21017
   0.25145  0.04883 -0.20995
   0.24388  0.04848 -0.20966
   0.23629  0.04812 -0.21034
   0.22868  0.04775 -0.21100
   0.22107  0.04735 -0.21206
   0.21346  0.04694 -0.21246
   0.20588  0.04651 -0.21363
   0.19832  0.04606 -0.21442
   0.19079  0.04559 -0.21586
   0.18331  0.04510 -0.21790
   0.17587  0.04459 -0.21753
   0.16848  0.04405 -0.22039
   0.16116  0.04350 -0.22073
   0.15392  0.04292 -0.22166
   0.14676  0.04231 -0.22434
   0.13969  0.04168 -0.22336
   0.13274  0.04103 -0.22548
   0.12592  0.04036 -0.22518
   0.11925  0.03966 -0.22584
   0.11274  0.03895 -0.22540
   0.10643  0.03821 -0.22521
   0.10032  0.03747 -0.22583
   0.09446  0.03673 -0.22527
   0.08886  0.03598 -0.22728
   0.08353  0.03523 -0.22778
   0.07849  0.03450 -0.23066
   0.07373  0.03377 -0.23570
   0.06927  0.03305 -0.23721
   0.06509  0.03235 -0.24927
   0.06115  0.03165 -0.25382
   0.05745  0.03095 -0.26086
   0.05396  0.03023 -0.26470
   0.05068  0.02952 -0.25989
   0.04758  0.02879 -0.25154
   0.04465  0.02805 -0.24072
   0.04187  0.02732 -0.22879
   0.03925  0.02659 -0.21418
   0.03676  0.02587 -0.20505
   0.03441  0.02515 -0.19020
   0.03218  0.02442 -0.16272
   0.03006  0.02371 -0.13470
   0.02804  0.02301 -0.11161
   0.02612  0.02234 -0.10360
   0.02429  0.02168 -0.10205
   0.02256  0.02105 -0.09854
   0.02092  0.02042 -0.09689
   0.01936  0.01979 -0.08937
   0.01788  0.01916 -0.07418
   0.01648  0.01853 -0.05264
   0.01513  0.01790 -0.02681
   0.01385  0.01728 -0.00382
   0.01262  0.01665  0.02069
   0.01145  0.01603  0.03583
   0.01032  0.01542  0.05616
   0.00925  0.01480  0.08130
   0.00822  0.01418  0.09720
   0.00724  0.01356  0.12455
   0.00631  0.01293  0.14285
   0.00542  0.01229  0.16553
   0.00458  0.01164  0.19696
   0.00379  0.01098  0.21861
   0.00305  0.01029  0.25174
   0.00239  0.00956  0.29650
   0.00182  0.00878  0.43753
   0.00133  0.00797  0.50395
   0.00094  0.00712  0.64501
   0.00065  0.00624  0.75859
   0.00044  0.00536  0.84862
   0.00028  0.00447  0.90773
   0.00016  0.00358  0.95095
   0.00008  0.00270  0.97684
   0.00003  0.00182  0.99296
   0.00000  0.00095  0.99968
  -0.00000  0.00009  0.99816
   0.00003 -0.00076  0.99011
   0.00006 -0.00163  0.97237
   0.00015 -0.00249  0.95621
   0.00023 -0.00336  0.92419
   0.00032 -0.00424  0.88483
   0.00047 -0.00512  0.84362
   0.00063 -0.00601  0.78952
   0.00082 -0.00691  0.72682
   0.00104 -0.00781  0.65496
   0.00129 -0.00871  0.56423
   0.00157 -0.00961  0.46274
   0.00190 -0.01051  0.34664
   0.00227 -0.01140  0.19496
   0.00270 -0.01228  0.06676
   0.00318 -0.01315 -0.14120
   0.00373 -0.01400 -0.37082
   0.00438 -0.01479 -0.44386
   0.00511 -0.01554 -0.51222
   0.00590 -0.01626 -0.53943
   0.00676 -0.01694 -0.55954
   0.00768 -0.01760 -0.57184
   0.00865 -0.01823 -0.57667
   0.00967 -0.01885 -0.58289
   0.01075 -0.01945 -0.56816
   0.01188 -0.02004 -0.57333
   0.01307 -0.02061 -0.56062
   0.01432 -0.02118 -0.55469
   0.01563 -0.02174 -0.54615
   0.01700 -0.02229 -0.52888
   0.01845 -0.02284 -0.51973
   0.01996 -0.02339 -0.50983
   0.02156 -0.02394 -0.49822
   0.02324 -0.02449 -0.48520
   0.02502 -0.02504 -0.47449
   0.02690 -0.02561 -0.46577
   0.02888 -0.02618 -0.45501
   0.03099 -0.02676 -0.44658
   0.03324 -0.02735 -0.44012
   0.03563 -0.02795 -0.43065
   0.03818 -0.02857 -0.42247
   0.04090 -0.02920 -0.41341
   0.04382 -0.02985 -0.40482
   0.04694 -0.03052 -0.39751
   0.05029 -0.03121 -0.39499
   0.05388 -0.03192 -0.38868
   0.05772 -0.03265 -0.38608
   0.06181 -0.03340 -0.38162
   0.06618 -0.03416 -0.37777
   0.07081 -0.03493 -0.37461
   0.07572 -0.03571 -0.37121
   0.08090 -0.03650 -0.36819
   0.08636 -0.03729 -0.36562
   0.09206 -0.03808 -0.36220
   0.09799 -0.03886 -0.35894
   0.10414 -0.03963 -0.35864
   0.11047 -0.04039 -0.35651
   0.11696 -0.04113 -0.35612
   0.12360 -0.04184 -0.35513
   0.13035 -0.04253 -0.35387
   0.13721 -0.04318 -0.35202
   0.14417 -0.04381 -0.34972
   0.15121 -0.04440 -0.34674
   0.15834 -0.04497 -0.34409
   0.16553 -0.04550 -0.34128
   0.17278 -0.04600 -0.33828
   0.18008 -0.04648 -0.33520
   0.18742 -0.04692 -0.33372
   0.19479 -0.04734 -0.33095
   0.20219 -0.04773 -0.32890
   0.20962 -0.04809 -0.32515
   0.21707 -0.04842 -0.32332
   0.22456 -0.04873 -0.31941
   0.23208 -0.04901 -0.31591
   0.23964 -0.04926 -0.31227
   0.24721 -0.04950 -0.31033
   0.25481 -0.04971 -0.30769
   0.26241 -0.04990 -0.30504
   0.27004 -0.05006 -0.30210
   0.27768 -0.05021 -0.29977
   0.28534 -0.05033 -0.29658
   0.29302 -0.05043 -0.29432
   0.30071 -0.05052 -0.29207
   0.30841 -0.05058 -0.29013
   0.31611 -0.05063 -0.28848
   0.32382 -0.05066 -0.28632
   0.33154 -0.05066 -0.28395
   0.33927 -0.05065 -0.28299
   0.34699 -0.05062 -0.28042
   0.35472 -0.05057 -0.27913
   0.36246 -0.05051 -0.27749
   0.37019 -0.05042 -0.27598
   0.37793 -0.05031 -0.27356
   0.38566 -0.05019 -0.27273
   0.39339 -0.05004 -0.27079
   0.40111 -0.04988 -0.26927
   0.40883 -0.04970 -0.26759
   0.41655 -0.04951 -0.26673
   0.42426 -0.04929 -0.26530
   0.43196 -0.04905 -0.26433
   0.43965 -0.04880 -0.26282
   0.44733 -0.04852 -0.26177
   0.45499 -0.04823 -0.26061
   0.46265 -0.04791 -0.25890
   0.47029 -0.04757 -0.25801
   0.47793 -0.04721 -0.25616
   0.48555 -0.04683 -0.25454
   0.49315 -0.04642 -0.25291
   0.50075 -0.04600 -0.25135
   0.50833 -0.04555 -0.24877
   0.51589 -0.04507 -0.24718
   0.52345 -0.04458 -0.24437
   0.53099 -0.04405 -0.24245
   0.53851 -0.04351 -0.23936
   0.54603 -0.04293 -0.23691
   0.55353 -0.04234 -0.23426
   0.56101 -0.04171 -0.23011
   0.56848 -0.04106 -0.22718
   0.57593 -0.04038 -0.22316
   0.58337 -0.03967 -0.21926
   0.59078 -0.03894 -0.21525
   0.59818 -0.03818 -0.21035
   0.60556 -0.03738 -0.20576
   0.61292 -0.03656 -0.20056
   0.62026 -0.03571 -0.19462
   0.62759 -0.03483 -0.18871
   0.63490 -0.03391 -0.18114
   0.64220 -0.03296 -0.17515
   0.64948 -0.03198 -0.16701
   0.65674 -0.03097 -0.15900
   0.66400 -0.02992 -0.14974
   0.67125 -0.02883 -0.14023
   0.67849 -0.02772 -0.13056
   0.68572 -0.02656 -0.11934
   0.69295 -0.02537 -0.10859
   0.70018 -0.02415 -0.09558
   0.70741 -0.02288 -0.08330
   0.71464 -0.02159 -0.06995
   0.72188 -0.02025 -0.05501
   0.72912 -0.01888 -0.04099
   0.73638 -0.01747 -0.02407
   0.74365 -0.01602 -0.00841
   0.75094 -0.01453  0.01020
   0.75826 -0.01301  0.02814
   0.76560 -0.01146  0.04777
   0.77297 -0.00987  0.06739
   0.78039 -0.00825  0.08891
   0.78785 -0.00659  0.11002
   0.79535 -0.00492  0.13316
   0.80287 -0.00323  0.15599
   0.81037 -0.00154  0.17828
   0.81778  0.00013  0.20345
   0.82509  0.00176  0.22657
   0.83227  0.00334  0.24807
   0.83932  0.00486  0.26879
   0.84624  0.00632  0.28919
   0.85304  0.00771  0.30758
   0.85972  0.00903  0.32649
   0.86628  0.01027  0.34267
   0.87271  0.01143  0.35871
   0.87902  0.01251  0.37373
   0.88521  0.01350  0.38644
   0.89129  0.01440  0.39922
   0.89727  0.01522  0.40899
   0.90316  0.01595  0.41949
   0.90895  0.01659  0.42833
   0.91464  0.01715  0.43569
   0.92020  0.01763  0.44407
   0.92564  0.01802  0.44988
   0.93097  0.01831  0.45446
   0.93623  0.01853  0.45756
   0.94141  0.01867  0.45708
   0.94645  0.01876  0.46731
   0.95125  0.01879  0.47897
   0.95581  0.01873  0.49159
   0.96019  0.01854  0.49568
   0.96446  0.01821  0.48064
   0.96872  0.01776  0.45444
   0.97300  0.01724  0.42590
   0.97726  0.01672  0.41557
   0.98142  0.01621  0.42818
   0.98545  0.01563  0.43249
   0.98942  0.01489  0.38731
   0.99340  0.01406  0.32685
   0.99738  0.01325  0.29816
   1.00000  0.01271  0.25222
