GRUMMAN K-2 AIRFOIL                             
 Alfa =  -1.24600 Re =        0.000 Xflap,Yflap =     0.000000    0.000000
#    x        y        Cp  
   1.00000  0.01371  0.25419
   0.99740  0.01444  0.09917
   0.99329  0.01549  0.06140
   0.98889  0.01657  0.04602
   0.98423  0.01772  0.00563
   0.97929  0.01890 -0.02935
   0.97409  0.02011 -0.05534
   0.96867  0.02135 -0.08575
   0.96305  0.02259 -0.11231
   0.95727  0.02381 -0.13398
   0.95131  0.02502 -0.15494
   0.94520  0.02620 -0.17005
   0.93893  0.02735 -0.18314
   0.93253  0.02848 -0.19439
   0.92600  0.02957 -0.20158
   0.91932  0.03065 -0.20767
   0.91254  0.03170 -0.21464
   0.90568  0.03272 -0.22329
   0.89876  0.03372 -0.23074
   0.89181  0.03467 -0.23887
   0.88484  0.03559 -0.24486
   0.87782  0.03647 -0.24752
   0.87073  0.03731 -0.24867
   0.86355  0.03812 -0.24981
   0.85628  0.03891 -0.24858
   0.84891  0.03968 -0.24774
   0.84146  0.04044 -0.24771
   0.83396  0.04117 -0.24767
   0.82645  0.04190 -0.25341
   0.81896  0.04260 -0.25835
   0.81149  0.04327 -0.26194
   0.80402  0.04391 -0.26448
   0.79655  0.04452 -0.26694
   0.78909  0.04510 -0.26915
   0.78162  0.04565 -0.26990
   0.77414  0.04617 -0.26945
   0.76665  0.04666 -0.26986
   0.75914  0.04713 -0.26865
   0.75161  0.04756 -0.26685
   0.74405  0.04798 -0.26515
   0.73646  0.04837 -0.26224
   0.72884  0.04874 -0.25983
   0.72118  0.04909 -0.25697
   0.71350  0.04943 -0.25368
   0.70580  0.04974 -0.25189
   0.69806  0.05004 -0.24890
   0.69030  0.05033 -0.24686
   0.68252  0.05060 -0.24480
   0.67473  0.05086 -0.24302
   0.66693  0.05111 -0.24085
   0.65911  0.05135 -0.23962
   0.65129  0.05157 -0.23815
   0.64347  0.05178 -0.23613
   0.63563  0.05197 -0.23504
   0.62779  0.05216 -0.23354
   0.61994  0.05233 -0.23150
   0.61208  0.05249 -0.23100
   0.60421  0.05264 -0.22850
   0.59633  0.05278 -0.22769
   0.58846  0.05291 -0.22649
   0.58058  0.05303 -0.22589
   0.57270  0.05314 -0.22467
   0.56482  0.05324 -0.22379
   0.55693  0.05333 -0.22272
   0.54904  0.05340 -0.22209
   0.54115  0.05347 -0.22068
   0.53326  0.05353 -0.22036
   0.52537  0.05358 -0.21902
   0.51748  0.05361 -0.21813
   0.50958  0.05364 -0.21786
   0.50169  0.05366 -0.21626
   0.49380  0.05367 -0.21664
   0.48590  0.05367 -0.21499
   0.47801  0.05366 -0.21537
   0.47012  0.05363 -0.21436
   0.46224  0.05360 -0.21363
   0.45437  0.05356 -0.21303
   0.44650  0.05351 -0.21252
   0.43864  0.05345 -0.21143
   0.43079  0.05338 -0.21121
   0.42295  0.05330 -0.21092
   0.41514  0.05321 -0.21057
   0.40737  0.05312 -0.21121
   0.39966  0.05301 -0.21061
   0.39202  0.05289 -0.21184
   0.38445  0.05276 -0.20891
   0.37694  0.05262 -0.20629
   0.36954  0.05249 -0.20530
   0.36229  0.05236 -0.21245
   0.35524  0.05223 -0.22331
   0.34842  0.05207 -0.23252
   0.34179  0.05185 -0.22375
   0.33530  0.05159 -0.19680
   0.32892  0.05132 -0.17009
   0.32258  0.05111 -0.15638
   0.31625  0.05098 -0.17272
   0.30988  0.05089 -0.20206
   0.30343  0.05078 -0.22937
   0.29682  0.05061 -0.23167
   0.29002  0.05037 -0.21923
   0.28299  0.05009 -0.20740
   0.27579  0.04982 -0.20610
   0.26847  0.04954 -0.21016
   0.26108  0.04924 -0.21209
   0.25361  0.04892 -0.21095
   0.24607  0.04858 -0.21099
   0.23850  0.04823 -0.21197
   0.23092  0.04786 -0.21239
   0.22333  0.04747 -0.21317
   0.21574  0.04707 -0.21367
   0.20817  0.04664 -0.21545
   0.20063  0.04620 -0.21592
   0.19311  0.04574 -0.21669
   0.18563  0.04526 -0.21981
   0.17820  0.04475 -0.21950
   0.17081  0.04423 -0.22074
   0.16349  0.04368 -0.22309
   0.15624  0.04311 -0.22311
   0.14907  0.04251 -0.22549
   0.14200  0.04189 -0.22610
   0.13503  0.04125 -0.22705
   0.12818  0.04059 -0.22777
   0.12147  0.03990 -0.22799
   0.11493  0.03919 -0.22796
   0.10856  0.03847 -0.22797
   0.10240  0.03773 -0.22748
   0.09647  0.03699 -0.22840
   0.09078  0.03624 -0.23006
   0.08537  0.03550 -0.22865
   0.08024  0.03476 -0.23383
   0.07540  0.03403 -0.23551
   0.07085  0.03331 -0.23919
   0.06658  0.03261 -0.25173
   0.06257  0.03190 -0.25238
   0.05879  0.03120 -0.26338
   0.05523  0.03050 -0.26744
   0.05189  0.02978 -0.26545
   0.04873  0.02906 -0.25919
   0.04574  0.02833 -0.24818
   0.04291  0.02760 -0.23877
   0.04024  0.02687 -0.22380
   0.03771  0.02615 -0.21164
   0.03531  0.02543 -0.20358
   0.03305  0.02471 -0.17879
   0.03089  0.02399 -0.14871
   0.02884  0.02329 -0.12502
   0.02688  0.02260 -0.10936
   0.02502  0.02195 -0.10732
   0.02326  0.02131 -0.10538
   0.02159  0.02067 -0.10393
   0.02000  0.02005 -0.09778
   0.01849  0.01942 -0.08692
   0.01706  0.01880 -0.06873
   0.01569  0.01817 -0.04220
   0.01439  0.01754 -0.01985
   0.01314  0.01692  0.00349
   0.01194  0.01630  0.02395
   0.01080  0.01568  0.04317
   0.00971  0.01507  0.06138
   0.00867  0.01445  0.08627
   0.00767  0.01383  0.10344
   0.00672  0.01321  0.12735
   0.00581  0.01258  0.14712
   0.00495  0.01194  0.17727
   0.00414  0.01128  0.20011
   0.00338  0.01061  0.22727
   0.00268  0.00990  0.26002
   0.00207  0.00914  0.36836
   0.00154  0.00835  0.45669
   0.00111  0.00752  0.57323
   0.00078  0.00665  0.70226
   0.00053  0.00577  0.80549
   0.00035  0.00489  0.87959
   0.00022  0.00400  0.92917
   0.00012  0.00312  0.96480
   0.00005  0.00224  0.98551
   0.00001  0.00137  0.99691
  -0.00000  0.00051  0.99992
   0.00001 -0.00034  0.99546
   0.00004 -0.00120  0.98365
   0.00010 -0.00206  0.96412
   0.00020 -0.00292  0.94805
   0.00027 -0.00380  0.90371
   0.00039 -0.00468  0.87052
   0.00054 -0.00556  0.82199
   0.00072 -0.00645  0.76296
   0.00092 -0.00735  0.69760
   0.00115 -0.00824  0.62084
   0.00142 -0.00914  0.52325
   0.00173 -0.01004  0.41506
   0.00207 -0.01094  0.29185
   0.00247 -0.01182  0.11810
   0.00292 -0.01269  0.03732
   0.00342 -0.01356 -0.30599
   0.00402 -0.01437 -0.36858
   0.00470 -0.01514 -0.47702
   0.00546 -0.01587 -0.51274
   0.00629 -0.01657 -0.54252
   0.00717 -0.01724 -0.55423
   0.00811 -0.01789 -0.57004
   0.00910 -0.01851 -0.56866
   0.01015 -0.01912 -0.56490
   0.01125 -0.01971 -0.56501
   0.01240 -0.02029 -0.55759
   0.01361 -0.02086 -0.55166
   0.01488 -0.02142 -0.54418
   0.01621 -0.02198 -0.52952
   0.01761 -0.02253 -0.52160
   0.01908 -0.02307 -0.50584
   0.02063 -0.02362 -0.50076
   0.02226 -0.02417 -0.48786
   0.02397 -0.02472 -0.47272
   0.02579 -0.02528 -0.46534
   0.02770 -0.02584 -0.45487
   0.02973 -0.02641 -0.44702
   0.03189 -0.02700 -0.43922
   0.03419 -0.02759 -0.43276
   0.03663 -0.02820 -0.42198
   0.03924 -0.02882 -0.41538
   0.04203 -0.02945 -0.40455
   0.04502 -0.03011 -0.39785
   0.04822 -0.03078 -0.39200
   0.05165 -0.03148 -0.38861
   0.05533 -0.03220 -0.38413
   0.05925 -0.03293 -0.38101
   0.06344 -0.03368 -0.37621
   0.06789 -0.03445 -0.37411
   0.07262 -0.03522 -0.36928
   0.07761 -0.03600 -0.36778
   0.08288 -0.03679 -0.36440
   0.08842 -0.03758 -0.36110
   0.09419 -0.03836 -0.35804
   0.10019 -0.03914 -0.35599
   0.10638 -0.03991 -0.35510
   0.11276 -0.04065 -0.35412
   0.11929 -0.04138 -0.35333
   0.12594 -0.04208 -0.35196
   0.13272 -0.04276 -0.35088
   0.13959 -0.04340 -0.34942
   0.14656 -0.04401 -0.34629
   0.15362 -0.04460 -0.34455
   0.16075 -0.04515 -0.34061
   0.16794 -0.04567 -0.33831
   0.17519 -0.04616 -0.33491
   0.18248 -0.04663 -0.33287
   0.18981 -0.04706 -0.33064
   0.19717 -0.04747 -0.32920
   0.20456 -0.04785 -0.32497
   0.21197 -0.04820 -0.32406
   0.21942 -0.04852 -0.31989
   0.22690 -0.04882 -0.31726
   0.23441 -0.04909 -0.31248
   0.24195 -0.04934 -0.31032
   0.24951 -0.04956 -0.30822
   0.25708 -0.04977 -0.30491
   0.26468 -0.04995 -0.30357
   0.27229 -0.05011 -0.29927
   0.27991 -0.05024 -0.29779
   0.28756 -0.05036 -0.29432
   0.29522 -0.05046 -0.29234
   0.30289 -0.05054 -0.29044
   0.31057 -0.05060 -0.28829
   0.31825 -0.05064 -0.28606
   0.32595 -0.05066 -0.28443
   0.33364 -0.05066 -0.28289
   0.34135 -0.05065 -0.28104
   0.34906 -0.05061 -0.27931
   0.35677 -0.05056 -0.27747
   0.36448 -0.05048 -0.27580
   0.37219 -0.05039 -0.27424
   0.37990 -0.05028 -0.27219
   0.38761 -0.05015 -0.27086
   0.39532 -0.05001 -0.26951
   0.40302 -0.04984 -0.26814
   0.41072 -0.04966 -0.26606
   0.41842 -0.04945 -0.26545
   0.42610 -0.04923 -0.26407
   0.43378 -0.04899 -0.26334
   0.44144 -0.04873 -0.26121
   0.44910 -0.04845 -0.26065
   0.45674 -0.04815 -0.25912
   0.46437 -0.04783 -0.25840
   0.47199 -0.04749 -0.25671
   0.47960 -0.04713 -0.25485
   0.48720 -0.04674 -0.25355
   0.49478 -0.04634 -0.25183
   0.50235 -0.04590 -0.24945
   0.50991 -0.04545 -0.24823
   0.51745 -0.04497 -0.24560
   0.52498 -0.04447 -0.24319
   0.53250 -0.04395 -0.24107
   0.54000 -0.04340 -0.23851
   0.54749 -0.04282 -0.23568
   0.55497 -0.04222 -0.23254
   0.56243 -0.04159 -0.22891
   0.56987 -0.04093 -0.22558
   0.57730 -0.04025 -0.22190
   0.58471 -0.03954 -0.21777
   0.59210 -0.03881 -0.21359
   0.59948 -0.03804 -0.20917
   0.60683 -0.03724 -0.20458
   0.61417 -0.03642 -0.19835
   0.62149 -0.03556 -0.19364
   0.62879 -0.03468 -0.18639
   0.63608 -0.03376 -0.18071
   0.64335 -0.03281 -0.17258
   0.65061 -0.03183 -0.16550
   0.65786 -0.03081 -0.15695
   0.66510 -0.02976 -0.14805
   0.67232 -0.02867 -0.13830
   0.67954 -0.02755 -0.12820
   0.68676 -0.02640 -0.11765
   0.69397 -0.02520 -0.10646
   0.70117 -0.02398 -0.09371
   0.70838 -0.02271 -0.08101
   0.71559 -0.02141 -0.06752
   0.72281 -0.02007 -0.05317
   0.73004 -0.01870 -0.03843
   0.73728 -0.01729 -0.02234
   0.74453 -0.01584 -0.00479
   0.75180 -0.01436  0.01152
   0.75910 -0.01284  0.03150
   0.76642 -0.01128  0.04956
   0.77378 -0.00969  0.07135
   0.78118 -0.00807  0.09018
   0.78863 -0.00642  0.11364
   0.79611 -0.00475  0.13447
   0.80361 -0.00306  0.15887
   0.81108 -0.00138  0.18177
   0.81847  0.00029  0.20475
   0.82574  0.00191  0.22850
   0.83289  0.00348  0.25050
   0.83991  0.00499  0.27101
   0.84680  0.00644  0.29069
   0.85358  0.00782  0.31010
   0.86023  0.00913  0.32639
   0.86676  0.01036  0.34496
   0.87316  0.01151  0.35909
   0.87944  0.01258  0.37552
   0.88561  0.01356  0.38734
   0.89167  0.01445  0.39956
   0.89763  0.01526  0.41035
   0.90349  0.01599  0.41990
   0.90927  0.01663  0.42770
   0.91493  0.01718  0.43733
   0.92047  0.01765  0.44321
   0.92588  0.01803  0.45146
   0.93120  0.01832  0.45506
   0.93644  0.01853  0.45589
   0.94160  0.01868  0.45880
   0.94662  0.01876  0.46575
   0.95140  0.01879  0.48112
   0.95595  0.01872  0.49079
   0.96030  0.01853  0.49587
   0.96456  0.01820  0.48095
   0.96881  0.01775  0.45338
   0.97308  0.01723  0.42628
   0.97733  0.01672  0.41409
   0.98147  0.01621  0.42726
   0.98549  0.01562  0.43419
   0.98945  0.01488  0.38896
   0.99342  0.01406  0.32426
   0.99738  0.01325  0.29895
   1.00000  0.01271  0.25419
