GRUMMAN K-2 AIRFOIL                             
 Alfa =  -1.26770 Re =        0.000 Xflap,Yflap =     0.000000    0.000000
#    x        y        Cp  
   1.00000  0.01371  0.25420
   0.99740  0.01444  0.09920
   0.99329  0.01549  0.06144
   0.98889  0.01657  0.04609
   0.98423  0.01772  0.00572
   0.97929  0.01890 -0.02925
   0.97409  0.02011 -0.05523
   0.96867  0.02135 -0.08562
   0.96305  0.02259 -0.11216
   0.95727  0.02381 -0.13382
   0.95131  0.02502 -0.15475
   0.94520  0.02620 -0.16985
   0.93893  0.02735 -0.18292
   0.93253  0.02848 -0.19416
   0.92600  0.02957 -0.20134
   0.91932  0.03065 -0.20741
   0.91254  0.03170 -0.21437
   0.90568  0.03272 -0.22300
   0.89876  0.03372 -0.23045
   0.89181  0.03467 -0.23856
   0.88484  0.03559 -0.24453
   0.87782  0.03647 -0.24718
   0.87073  0.03731 -0.24832
   0.86355  0.03812 -0.24944
   0.85628  0.03891 -0.24821
   0.84891  0.03968 -0.24735
   0.84146  0.04044 -0.24732
   0.83396  0.04117 -0.24726
   0.82645  0.04190 -0.25299
   0.81896  0.04260 -0.25791
   0.81149  0.04327 -0.26149
   0.80402  0.04391 -0.26403
   0.79655  0.04452 -0.26647
   0.78909  0.04510 -0.26867
   0.78162  0.04565 -0.26940
   0.77414  0.04617 -0.26895
   0.76665  0.04666 -0.26933
   0.75914  0.04713 -0.26812
   0.75161  0.04756 -0.26631
   0.74405  0.04798 -0.26460
   0.73646  0.04837 -0.26168
   0.72884  0.04874 -0.25926
   0.72118  0.04909 -0.25639
   0.71350  0.04943 -0.25308
   0.70580  0.04974 -0.25129
   0.69806  0.05004 -0.24829
   0.69030  0.05033 -0.24623
   0.68252  0.05060 -0.24417
   0.67473  0.05086 -0.24238
   0.66693  0.05111 -0.24019
   0.65911  0.05135 -0.23896
   0.65129  0.05157 -0.23747
   0.64347  0.05178 -0.23544
   0.63563  0.05197 -0.23434
   0.62779  0.05216 -0.23283
   0.61994  0.05233 -0.23077
   0.61208  0.05249 -0.23027
   0.60421  0.05264 -0.22776
   0.59633  0.05278 -0.22694
   0.58846  0.05291 -0.22572
   0.58058  0.05303 -0.22511
   0.57270  0.05314 -0.22388
   0.56482  0.05324 -0.22299
   0.55693  0.05333 -0.22191
   0.54904  0.05340 -0.22126
   0.54115  0.05347 -0.21984
   0.53326  0.05353 -0.21950
   0.52537  0.05358 -0.21815
   0.51748  0.05361 -0.21725
   0.50958  0.05364 -0.21696
   0.50169  0.05366 -0.21536
   0.49380  0.05367 -0.21572
   0.48590  0.05367 -0.21406
   0.47801  0.05366 -0.21442
   0.47012  0.05363 -0.21340
   0.46224  0.05360 -0.21265
   0.45437  0.05356 -0.21204
   0.44650  0.05351 -0.21151
   0.43864  0.05345 -0.21041
   0.43079  0.05338 -0.21017
   0.42295  0.05330 -0.20986
   0.41514  0.05321 -0.20949
   0.40737  0.05312 -0.21012
   0.39966  0.05301 -0.20950
   0.39202  0.05289 -0.21071
   0.38445  0.05276 -0.20777
   0.37694  0.05262 -0.20513
   0.36954  0.05249 -0.20413
   0.36229  0.05236 -0.21125
   0.35524  0.05223 -0.22207
   0.34842  0.05207 -0.23127
   0.34179  0.05185 -0.22248
   0.33530  0.05159 -0.19554
   0.32892  0.05132 -0.16885
   0.32258  0.05111 -0.15513
   0.31625  0.05098 -0.17144
   0.30988  0.05089 -0.20073
   0.30343  0.05078 -0.22798
   0.29682  0.05061 -0.23026
   0.29002  0.05037 -0.21781
   0.28299  0.05009 -0.20596
   0.27579  0.04982 -0.20464
   0.26847  0.04954 -0.20867
   0.26108  0.04924 -0.21057
   0.25361  0.04892 -0.20940
   0.24607  0.04858 -0.20941
   0.23850  0.04823 -0.21036
   0.23092  0.04786 -0.21074
   0.22333  0.04747 -0.21149
   0.21574  0.04707 -0.21195
   0.20817  0.04664 -0.21369
   0.20063  0.04620 -0.21412
   0.19311  0.04574 -0.21485
   0.18563  0.04526 -0.21791
   0.17820  0.04475 -0.21756
   0.17081  0.04423 -0.21874
   0.16349  0.04368 -0.22104
   0.15624  0.04311 -0.22100
   0.14907  0.04251 -0.22332
   0.14200  0.04189 -0.22386
   0.13503  0.04125 -0.22475
   0.12818  0.04059 -0.22540
   0.12147  0.03990 -0.22555
   0.11493  0.03919 -0.22545
   0.10856  0.03847 -0.22537
   0.10240  0.03773 -0.22480
   0.09647  0.03699 -0.22563
   0.09078  0.03624 -0.22719
   0.08537  0.03550 -0.22569
   0.08024  0.03476 -0.23076
   0.07540  0.03403 -0.23233
   0.07085  0.03331 -0.23590
   0.06658  0.03261 -0.24829
   0.06257  0.03190 -0.24883
   0.05879  0.03120 -0.25968
   0.05523  0.03050 -0.26360
   0.05189  0.02978 -0.26148
   0.04873  0.02906 -0.25512
   0.04574  0.02833 -0.24400
   0.04291  0.02760 -0.23449
   0.04024  0.02687 -0.21943
   0.03771  0.02615 -0.20717
   0.03531  0.02543 -0.19898
   0.03305  0.02471 -0.17413
   0.03089  0.02399 -0.14401
   0.02884  0.02329 -0.12026
   0.02688  0.02260 -0.10450
   0.02502  0.02195 -0.10230
   0.02326  0.02131 -0.10019
   0.02159  0.02067 -0.09856
   0.02000  0.02005 -0.09224
   0.01849  0.01942 -0.08122
   0.01706  0.01880 -0.06290
   0.01569  0.01817 -0.03628
   0.01439  0.01754 -0.01382
   0.01314  0.01692  0.00964
   0.01194  0.01630  0.03024
   0.01080  0.01568  0.04963
   0.00971  0.01507  0.06801
   0.00867  0.01445  0.09307
   0.00767  0.01383  0.11045
   0.00672  0.01321  0.13459
   0.00581  0.01258  0.15463
   0.00495  0.01194  0.18503
   0.00414  0.01128  0.20821
   0.00338  0.01061  0.23577
   0.00268  0.00990  0.26893
   0.00207  0.00914  0.37683
   0.00154  0.00835  0.46487
   0.00111  0.00752  0.58061
   0.00078  0.00665  0.70828
   0.00053  0.00577  0.81019
   0.00035  0.00489  0.88316
   0.00022  0.00400  0.93182
   0.00012  0.00312  0.96662
   0.00005  0.00224  0.98665
   0.00001  0.00137  0.99741
  -0.00000  0.00051  0.99982
   0.00001 -0.00034  0.99481
   0.00004 -0.00120  0.98244
   0.00010 -0.00206  0.96231
   0.00020 -0.00292  0.94606
   0.00027 -0.00380  0.90074
   0.00039 -0.00468  0.86721
   0.00054 -0.00556  0.81809
   0.00072 -0.00645  0.75845
   0.00092 -0.00735  0.69249
   0.00115 -0.00824  0.61509
   0.00142 -0.00914  0.51675
   0.00173 -0.01004  0.40777
   0.00207 -0.01094  0.28379
   0.00247 -0.01182  0.10887
   0.00292 -0.01269  0.02796
   0.00342 -0.01356 -0.31776
   0.00402 -0.01437 -0.38003
   0.00470 -0.01514 -0.48862
   0.00546 -0.01587 -0.52389
   0.00629 -0.01657 -0.55328
   0.00717 -0.01724 -0.56452
   0.00811 -0.01789 -0.57993
   0.00910 -0.01851 -0.57811
   0.01015 -0.01912 -0.57392
   0.01125 -0.01971 -0.57367
   0.01240 -0.02029 -0.56588
   0.01361 -0.02086 -0.55961
   0.01488 -0.02142 -0.55180
   0.01621 -0.02198 -0.53681
   0.01761 -0.02253 -0.52860
   0.01908 -0.02307 -0.51255
   0.02063 -0.02362 -0.50723
   0.02226 -0.02417 -0.49407
   0.02397 -0.02472 -0.47868
   0.02579 -0.02528 -0.47108
   0.02770 -0.02584 -0.46040
   0.02973 -0.02641 -0.45235
   0.03189 -0.02700 -0.44436
   0.03419 -0.02759 -0.43772
   0.03663 -0.02820 -0.42676
   0.03924 -0.02882 -0.41998
   0.04203 -0.02945 -0.40898
   0.04502 -0.03011 -0.40213
   0.04822 -0.03078 -0.39612
   0.05165 -0.03148 -0.39259
   0.05533 -0.03220 -0.38797
   0.05925 -0.03293 -0.38472
   0.06344 -0.03368 -0.37979
   0.06789 -0.03445 -0.37757
   0.07262 -0.03522 -0.37261
   0.07761 -0.03600 -0.37100
   0.08288 -0.03679 -0.36751
   0.08842 -0.03758 -0.36411
   0.09419 -0.03836 -0.36095
   0.10019 -0.03914 -0.35880
   0.10638 -0.03991 -0.35782
   0.11276 -0.04065 -0.35676
   0.11929 -0.04138 -0.35588
   0.12594 -0.04208 -0.35444
   0.13272 -0.04276 -0.35328
   0.13959 -0.04340 -0.35175
   0.14656 -0.04401 -0.34856
   0.15362 -0.04460 -0.34675
   0.16075 -0.04515 -0.34275
   0.16794 -0.04567 -0.34040
   0.17519 -0.04616 -0.33694
   0.18248 -0.04663 -0.33484
   0.18981 -0.04706 -0.33257
   0.19717 -0.04747 -0.33108
   0.20456 -0.04785 -0.32681
   0.21197 -0.04820 -0.32585
   0.21942 -0.04852 -0.32164
   0.22690 -0.04882 -0.31897
   0.23441 -0.04909 -0.31415
   0.24195 -0.04934 -0.31195
   0.24951 -0.04956 -0.30982
   0.25708 -0.04977 -0.30648
   0.26468 -0.04995 -0.30510
   0.27229 -0.05011 -0.30076
   0.27991 -0.05024 -0.29925
   0.28756 -0.05036 -0.29576
   0.29522 -0.05046 -0.29375
   0.30289 -0.05054 -0.29182
   0.31057 -0.05060 -0.28964
   0.31825 -0.05064 -0.28739
   0.32595 -0.05066 -0.28573
   0.33364 -0.05066 -0.28417
   0.34135 -0.05065 -0.28229
   0.34906 -0.05061 -0.28054
   0.35677 -0.05056 -0.27867
   0.36448 -0.05048 -0.27699
   0.37219 -0.05039 -0.27541
   0.37990 -0.05028 -0.27333
   0.38761 -0.05015 -0.27198
   0.39532 -0.05001 -0.27061
   0.40302 -0.04984 -0.26922
   0.41072 -0.04966 -0.26713
   0.41842 -0.04945 -0.26649
   0.42610 -0.04923 -0.26510
   0.43378 -0.04899 -0.26435
   0.44144 -0.04873 -0.26221
   0.44910 -0.04845 -0.26163
   0.45674 -0.04815 -0.26008
   0.46437 -0.04783 -0.25935
   0.47199 -0.04749 -0.25764
   0.47960 -0.04713 -0.25576
   0.48720 -0.04674 -0.25445
   0.49478 -0.04634 -0.25272
   0.50235 -0.04590 -0.25032
   0.50991 -0.04545 -0.24908
   0.51745 -0.04497 -0.24644
   0.52498 -0.04447 -0.24401
   0.53250 -0.04395 -0.24188
   0.54000 -0.04340 -0.23930
   0.54749 -0.04282 -0.23646
   0.55497 -0.04222 -0.23331
   0.56243 -0.04159 -0.22966
   0.56987 -0.04093 -0.22632
   0.57730 -0.04025 -0.22262
   0.58471 -0.03954 -0.21848
   0.59210 -0.03881 -0.21428
   0.59948 -0.03804 -0.20985
   0.60683 -0.03724 -0.20525
   0.61417 -0.03642 -0.19901
   0.62149 -0.03556 -0.19428
   0.62879 -0.03468 -0.18702
   0.63608 -0.03376 -0.18132
   0.64335 -0.03281 -0.17318
   0.65061 -0.03183 -0.16608
   0.65786 -0.03081 -0.15752
   0.66510 -0.02976 -0.14861
   0.67232 -0.02867 -0.13883
   0.67954 -0.02755 -0.12873
   0.68676 -0.02640 -0.11817
   0.69397 -0.02520 -0.10696
   0.70117 -0.02398 -0.09420
   0.70838 -0.02271 -0.08148
   0.71559 -0.02141 -0.06797
   0.72281 -0.02007 -0.05361
   0.73004 -0.01870 -0.03886
   0.73728 -0.01729 -0.02275
   0.74453 -0.01584 -0.00518
   0.75180 -0.01436  0.01114
   0.75910 -0.01284  0.03114
   0.76642 -0.01128  0.04922
   0.77378 -0.00969  0.07101
   0.78118 -0.00807  0.08986
   0.78863 -0.00642  0.11333
   0.79611 -0.00475  0.13419
   0.80361 -0.00306  0.15860
   0.81108 -0.00138  0.18152
   0.81847  0.00029  0.20451
   0.82574  0.00191  0.22827
   0.83289  0.00348  0.25028
   0.83991  0.00499  0.27080
   0.84680  0.00644  0.29050
   0.85358  0.00782  0.30991
   0.86023  0.00913  0.32621
   0.86676  0.01036  0.34480
   0.87316  0.01151  0.35893
   0.87944  0.01258  0.37537
   0.88561  0.01356  0.38720
   0.89167  0.01445  0.39942
   0.89763  0.01526  0.41022
   0.90349  0.01599  0.41977
   0.90927  0.01663  0.42758
   0.91493  0.01718  0.43723
   0.92047  0.01765  0.44310
   0.92588  0.01803  0.45136
   0.93120  0.01832  0.45496
   0.93644  0.01853  0.45579
   0.94160  0.01868  0.45871
   0.94662  0.01876  0.46566
   0.95140  0.01879  0.48104
   0.95595  0.01872  0.49071
   0.96030  0.01853  0.49580
   0.96456  0.01820  0.48088
   0.96881  0.01775  0.45330
   0.97308  0.01723  0.42621
   0.97733  0.01672  0.41402
   0.98147  0.01621  0.42720
   0.98549  0.01562  0.43414
   0.98945  0.01488  0.38890
   0.99342  0.01406  0.32421
   0.99738  0.01325  0.29891
   1.00000  0.01271  0.25420
