GRUMMAN K-2 AIRFOIL                             
 Alfa =  -1.28750 Re =        0.000 Xflap,Yflap =     0.000000    0.000000
#    x        y        Cp  
   1.00000  0.01371  0.25221
   0.99739  0.01444  0.09670
   0.99327  0.01550  0.06269
   0.98886  0.01658  0.04428
   0.98418  0.01773  0.00259
   0.97923  0.01891 -0.02695
   0.97401  0.02013 -0.05700
   0.96856  0.02137 -0.08486
   0.96293  0.02261 -0.11269
   0.95713  0.02384 -0.13575
   0.95115  0.02505 -0.15448
   0.94501  0.02623 -0.16969
   0.93873  0.02739 -0.18330
   0.93231  0.02852 -0.19429
   0.92575  0.02962 -0.20164
   0.91905  0.03069 -0.20735
   0.91224  0.03174 -0.21458
   0.90536  0.03277 -0.22323
   0.89842  0.03376 -0.23070
   0.89145  0.03472 -0.23852
   0.88446  0.03564 -0.24388
   0.87741  0.03652 -0.24795
   0.87030  0.03736 -0.24845
   0.86310  0.03817 -0.24840
   0.85580  0.03897 -0.24799
   0.84840  0.03974 -0.24718
   0.84093  0.04049 -0.24729
   0.83341  0.04123 -0.24773
   0.82588  0.04195 -0.25232
   0.81837  0.04265 -0.25828
   0.81087  0.04332 -0.26086
   0.80338  0.04396 -0.26412
   0.79590  0.04457 -0.26663
   0.78841  0.04515 -0.26765
   0.78092  0.04570 -0.26921
   0.77342  0.04622 -0.26890
   0.76591  0.04671 -0.26893
   0.75838  0.04717 -0.26773
   0.75082  0.04761 -0.26646
   0.74324  0.04802 -0.26258
   0.73562  0.04841 -0.26127
   0.72798  0.04878 -0.25793
   0.72030  0.04913 -0.25574
   0.71260  0.04946 -0.25292
   0.70486  0.04978 -0.25032
   0.69710  0.05008 -0.24758
   0.68932  0.05037 -0.24536
   0.68152  0.05064 -0.24304
   0.67370  0.05090 -0.24208
   0.66588  0.05114 -0.23929
   0.65804  0.05138 -0.23817
   0.65020  0.05160 -0.23638
   0.64235  0.05180 -0.23473
   0.63449  0.05200 -0.23386
   0.62662  0.05218 -0.23159
   0.61875  0.05235 -0.23044
   0.61086  0.05251 -0.22882
   0.60297  0.05266 -0.22700
   0.59508  0.05280 -0.22633
   0.58718  0.05293 -0.22542
   0.57928  0.05305 -0.22403
   0.57138  0.05316 -0.22290
   0.56347  0.05325 -0.22201
   0.55556  0.05334 -0.22144
   0.54765  0.05342 -0.22010
   0.53974  0.05348 -0.21899
   0.53183  0.05354 -0.21812
   0.52391  0.05358 -0.21781
   0.51600  0.05362 -0.21627
   0.50808  0.05365 -0.21606
   0.50017  0.05366 -0.21501
   0.49225  0.05367 -0.21390
   0.48434  0.05366 -0.21383
   0.47642  0.05365 -0.21293
   0.46852  0.05363 -0.21244
   0.46062  0.05360 -0.21135
   0.45272  0.05355 -0.21187
   0.44483  0.05350 -0.21015
   0.43695  0.05344 -0.20971
   0.42908  0.05336 -0.20884
   0.42122  0.05328 -0.20897
   0.41340  0.05319 -0.20819
   0.40562  0.05309 -0.20926
   0.39791  0.05299 -0.20895
   0.39026  0.05286 -0.20923
   0.38268  0.05273 -0.20677
   0.37518  0.05259 -0.20324
   0.36779  0.05245 -0.20421
   0.36056  0.05233 -0.21211
   0.35355  0.05219 -0.22378
   0.34675  0.05202 -0.23054
   0.34015  0.05179 -0.21564
   0.33367  0.05152 -0.18736
   0.32729  0.05126 -0.16202
   0.32094  0.05107 -0.15496
   0.31459  0.05095 -0.17798
   0.30818  0.05086 -0.20829
   0.30168  0.05074 -0.22988
   0.29501  0.05055 -0.22599
   0.28812  0.05029 -0.21256
   0.28102  0.05002 -0.20317
   0.27376  0.04974 -0.20506
   0.26640  0.04946 -0.20788
   0.25896  0.04915 -0.20877
   0.25145  0.04883 -0.20853
   0.24388  0.04848 -0.20820
   0.23629  0.04812 -0.20886
   0.22868  0.04775 -0.20948
   0.22107  0.04735 -0.21050
   0.21346  0.04694 -0.21087
   0.20588  0.04651 -0.21200
   0.19832  0.04606 -0.21275
   0.19079  0.04559 -0.21415
   0.18331  0.04510 -0.21615
   0.17587  0.04459 -0.21573
   0.16848  0.04405 -0.21855
   0.16116  0.04350 -0.21883
   0.15392  0.04292 -0.21971
   0.14676  0.04231 -0.22234
   0.13969  0.04168 -0.22129
   0.13274  0.04103 -0.22336
   0.12592  0.04036 -0.22298
   0.11925  0.03966 -0.22358
   0.11274  0.03895 -0.22307
   0.10643  0.03821 -0.22280
   0.10032  0.03747 -0.22334
   0.09446  0.03673 -0.22270
   0.08886  0.03598 -0.22462
   0.08353  0.03523 -0.22504
   0.07849  0.03450 -0.22782
   0.07373  0.03377 -0.23275
   0.06927  0.03305 -0.23416
   0.06509  0.03235 -0.24608
   0.06115  0.03165 -0.25051
   0.05745  0.03095 -0.25743
   0.05396  0.03023 -0.26114
   0.05068  0.02952 -0.25622
   0.04758  0.02879 -0.24777
   0.04465  0.02805 -0.23686
   0.04187  0.02732 -0.22484
   0.03925  0.02659 -0.21014
   0.03676  0.02587 -0.20090
   0.03441  0.02515 -0.18596
   0.03218  0.02442 -0.15844
   0.03006  0.02371 -0.13038
   0.02804  0.02301 -0.10723
   0.02612  0.02234 -0.09909
   0.02429  0.02168 -0.09739
   0.02256  0.02105 -0.09373
   0.02092  0.02042 -0.09191
   0.01936  0.01979 -0.08423
   0.01788  0.01916 -0.06891
   0.01648  0.01853 -0.04727
   0.01513  0.01790 -0.02135
   0.01385  0.01728  0.00173
   0.01262  0.01665  0.02635
   0.01145  0.01603  0.04166
   0.01032  0.01542  0.06214
   0.00925  0.01480  0.08741
   0.00822  0.01418  0.10351
   0.00724  0.01356  0.13103
   0.00631  0.01293  0.14958
   0.00542  0.01229  0.17250
   0.00458  0.01164  0.20416
   0.00379  0.01098  0.22617
   0.00305  0.01029  0.25963
   0.00239  0.00956  0.30469
   0.00182  0.00878  0.44488
   0.00133  0.00797  0.51130
   0.00094  0.00712  0.65111
   0.00065  0.00624  0.76348
   0.00044  0.00536  0.85235
   0.00028  0.00447  0.91055
   0.00016  0.00358  0.95295
   0.00008  0.00270  0.97818
   0.00003  0.00182  0.99367
   0.00000  0.00095  0.99982
  -0.00000  0.00009  0.99777
   0.00003 -0.00076  0.98925
   0.00006 -0.00163  0.97089
   0.00015 -0.00249  0.95451
   0.00023 -0.00336  0.92186
   0.00032 -0.00424  0.88191
   0.00047 -0.00512  0.84029
   0.00063 -0.00601  0.78563
   0.00082 -0.00691  0.72237
   0.00104 -0.00781  0.64995
   0.00129 -0.00871  0.55856
   0.00157 -0.00961  0.45637
   0.00190 -0.01051  0.33957
   0.00227 -0.01140  0.18696
   0.00270 -0.01228  0.05820
   0.00318 -0.01315 -0.15091
   0.00373 -0.01400 -0.38165
   0.00438 -0.01479 -0.45451
   0.00511 -0.01554 -0.52270
   0.00590 -0.01626 -0.54950
   0.00676 -0.01694 -0.56920
   0.00768 -0.01760 -0.58109
   0.00865 -0.01823 -0.58554
   0.00967 -0.01885 -0.59137
   0.01075 -0.01945 -0.57626
   0.01188 -0.02004 -0.58110
   0.01307 -0.02061 -0.56806
   0.01432 -0.02118 -0.56183
   0.01563 -0.02174 -0.55298
   0.01700 -0.02229 -0.53542
   0.01845 -0.02284 -0.52601
   0.01996 -0.02339 -0.51587
   0.02156 -0.02394 -0.50402
   0.02324 -0.02449 -0.49076
   0.02502 -0.02504 -0.47985
   0.02690 -0.02561 -0.47093
   0.02888 -0.02618 -0.45998
   0.03099 -0.02676 -0.45137
   0.03324 -0.02735 -0.44474
   0.03563 -0.02795 -0.43510
   0.03818 -0.02857 -0.42676
   0.04090 -0.02920 -0.41755
   0.04382 -0.02985 -0.40880
   0.04694 -0.03052 -0.40135
   0.05029 -0.03121 -0.39869
   0.05388 -0.03192 -0.39226
   0.05772 -0.03265 -0.38954
   0.06181 -0.03340 -0.38495
   0.06618 -0.03416 -0.38098
   0.07081 -0.03493 -0.37771
   0.07572 -0.03571 -0.37420
   0.08090 -0.03650 -0.37108
   0.08636 -0.03729 -0.36841
   0.09206 -0.03808 -0.36489
   0.09799 -0.03886 -0.36155
   0.10414 -0.03963 -0.36116
   0.11047 -0.04039 -0.35895
   0.11696 -0.04113 -0.35849
   0.12360 -0.04184 -0.35743
   0.13035 -0.04253 -0.35610
   0.13721 -0.04318 -0.35419
   0.14417 -0.04381 -0.35182
   0.15121 -0.04440 -0.34878
   0.15834 -0.04497 -0.34608
   0.16553 -0.04550 -0.34321
   0.17278 -0.04600 -0.34016
   0.18008 -0.04648 -0.33703
   0.18742 -0.04692 -0.33550
   0.19479 -0.04734 -0.33269
   0.20219 -0.04773 -0.33060
   0.20962 -0.04809 -0.32680
   0.21707 -0.04842 -0.32494
   0.22456 -0.04873 -0.32098
   0.23208 -0.04901 -0.31745
   0.23964 -0.04926 -0.31378
   0.24721 -0.04950 -0.31181
   0.25481 -0.04971 -0.30913
   0.26241 -0.04990 -0.30645
   0.27004 -0.05006 -0.30348
   0.27768 -0.05021 -0.30112
   0.28534 -0.05033 -0.29791
   0.29302 -0.05043 -0.29562
   0.30071 -0.05052 -0.29334
   0.30841 -0.05058 -0.29138
   0.31611 -0.05063 -0.28970
   0.32382 -0.05066 -0.28752
   0.33154 -0.05066 -0.28513
   0.33927 -0.05065 -0.28415
   0.34699 -0.05062 -0.28156
   0.35472 -0.05057 -0.28024
   0.36246 -0.05051 -0.27858
   0.37019 -0.05042 -0.27705
   0.37793 -0.05031 -0.27461
   0.38566 -0.05019 -0.27376
   0.39339 -0.05004 -0.27181
   0.40111 -0.04988 -0.27027
   0.40883 -0.04970 -0.26858
   0.41655 -0.04951 -0.26769
   0.42426 -0.04929 -0.26625
   0.43196 -0.04905 -0.26526
   0.43965 -0.04880 -0.26374
   0.44733 -0.04852 -0.26267
   0.45499 -0.04823 -0.26149
   0.46265 -0.04791 -0.25977
   0.47029 -0.04757 -0.25887
   0.47793 -0.04721 -0.25700
   0.48555 -0.04683 -0.25537
   0.49315 -0.04642 -0.25372
   0.50075 -0.04600 -0.25215
   0.50833 -0.04555 -0.24956
   0.51589 -0.04507 -0.24795
   0.52345 -0.04458 -0.24513
   0.53099 -0.04405 -0.24320
   0.53851 -0.04351 -0.24010
   0.54603 -0.04293 -0.23763
   0.55353 -0.04234 -0.23496
   0.56101 -0.04171 -0.23080
   0.56848 -0.04106 -0.22786
   0.57593 -0.04038 -0.22382
   0.58337 -0.03967 -0.21991
   0.59078 -0.03894 -0.21589
   0.59818 -0.03818 -0.21097
   0.60556 -0.03738 -0.20637
   0.61292 -0.03656 -0.20116
   0.62026 -0.03571 -0.19520
   0.62759 -0.03483 -0.18928
   0.63490 -0.03391 -0.18170
   0.64220 -0.03296 -0.17570
   0.64948 -0.03198 -0.16754
   0.65674 -0.03097 -0.15952
   0.66400 -0.02992 -0.15025
   0.67125 -0.02883 -0.14073
   0.67849 -0.02772 -0.13104
   0.68572 -0.02656 -0.11981
   0.69295 -0.02537 -0.10904
   0.70018 -0.02415 -0.09602
   0.70741 -0.02288 -0.08373
   0.71464 -0.02159 -0.07037
   0.72188 -0.02025 -0.05541
   0.72912 -0.01888 -0.04138
   0.73638 -0.01747 -0.02445
   0.74365 -0.01602 -0.00878
   0.75094 -0.01453  0.00985
   0.75826 -0.01301  0.02781
   0.76560 -0.01146  0.04745
   0.77297 -0.00987  0.06708
   0.78039 -0.00825  0.08862
   0.78785 -0.00659  0.10974
   0.79535 -0.00492  0.13289
   0.80287 -0.00323  0.15574
   0.81037 -0.00154  0.17804
   0.81778  0.00013  0.20322
   0.82509  0.00176  0.22636
   0.83227  0.00334  0.24787
   0.83932  0.00486  0.26860
   0.84624  0.00632  0.28901
   0.85304  0.00771  0.30741
   0.85972  0.00903  0.32633
   0.86628  0.01027  0.34251
   0.87271  0.01143  0.35857
   0.87902  0.01251  0.37359
   0.88521  0.01350  0.38630
   0.89129  0.01440  0.39909
   0.89727  0.01522  0.40888
   0.90316  0.01595  0.41937
   0.90895  0.01659  0.42822
   0.91464  0.01715  0.43559
   0.92020  0.01763  0.44397
   0.92564  0.01802  0.44978
   0.93097  0.01831  0.45437
   0.93623  0.01853  0.45748
   0.94141  0.01867  0.45700
   0.94645  0.01876  0.46723
   0.95125  0.01879  0.47890
   0.95581  0.01873  0.49152
   0.96019  0.01854  0.49562
   0.96446  0.01821  0.48057
   0.96872  0.01776  0.45438
   0.97300  0.01724  0.42584
   0.97726  0.01672  0.41552
   0.98142  0.01621  0.42813
   0.98545  0.01563  0.43246
   0.98942  0.01489  0.38726
   0.99340  0.01406  0.32680
   0.99738  0.01325  0.29812
   1.00000  0.01271  0.25221
