GRUMMAN K-2 AIRFOIL                             
 Alfa =  -1.11700 Re =        0.000 Xflap,Yflap =     0.000000    0.000000
#    x        y        Cp  
   1.00000  0.01371  0.25413
   0.99740  0.01444  0.09901
   0.99329  0.01549  0.06118
   0.98889  0.01657  0.04565
   0.98423  0.01772  0.00512
   0.97929  0.01890 -0.02994
   0.97409  0.02011 -0.05600
   0.96867  0.02135 -0.08655
   0.96305  0.02259 -0.11319
   0.95727  0.02381 -0.13494
   0.95131  0.02502 -0.15602
   0.94520  0.02620 -0.17122
   0.93893  0.02735 -0.18441
   0.93253  0.02848 -0.19575
   0.92600  0.02957 -0.20300
   0.91932  0.03065 -0.20922
   0.91254  0.03170 -0.21622
   0.90568  0.03272 -0.22501
   0.89876  0.03372 -0.23249
   0.89181  0.03467 -0.24074
   0.88484  0.03559 -0.24681
   0.87782  0.03647 -0.24952
   0.87073  0.03731 -0.25075
   0.86355  0.03812 -0.25198
   0.85628  0.03891 -0.25078
   0.84891  0.03968 -0.25006
   0.84146  0.04044 -0.25006
   0.83396  0.04117 -0.25011
   0.82645  0.04190 -0.25590
   0.81896  0.04260 -0.26094
   0.81149  0.04327 -0.26461
   0.80402  0.04391 -0.26720
   0.79655  0.04452 -0.26978
   0.78909  0.04510 -0.27198
   0.78162  0.04565 -0.27288
   0.77414  0.04617 -0.27247
   0.76665  0.04666 -0.27297
   0.75914  0.04713 -0.27180
   0.75161  0.04756 -0.27007
   0.74405  0.04798 -0.26839
   0.73646  0.04837 -0.26559
   0.72884  0.04874 -0.26322
   0.72118  0.04909 -0.26043
   0.71350  0.04943 -0.25721
   0.70580  0.04974 -0.25548
   0.69806  0.05004 -0.25251
   0.69030  0.05033 -0.25058
   0.68252  0.05060 -0.24854
   0.67473  0.05086 -0.24687
   0.66693  0.05111 -0.24473
   0.65911  0.05135 -0.24356
   0.65129  0.05157 -0.24218
   0.64347  0.05178 -0.24021
   0.63563  0.05197 -0.23918
   0.62779  0.05216 -0.23776
   0.61994  0.05233 -0.23579
   0.61208  0.05249 -0.23534
   0.60421  0.05264 -0.23292
   0.59633  0.05278 -0.23219
   0.58846  0.05291 -0.23105
   0.58058  0.05303 -0.23052
   0.57270  0.05314 -0.22937
   0.56482  0.05324 -0.22855
   0.55693  0.05333 -0.22757
   0.54904  0.05340 -0.22701
   0.54115  0.05347 -0.22568
   0.53326  0.05353 -0.22543
   0.52537  0.05358 -0.22417
   0.51748  0.05361 -0.22337
   0.50958  0.05364 -0.22317
   0.50169  0.05366 -0.22165
   0.49380  0.05367 -0.22212
   0.48590  0.05367 -0.22054
   0.47801  0.05366 -0.22102
   0.47012  0.05363 -0.22009
   0.46224  0.05360 -0.21946
   0.45437  0.05356 -0.21895
   0.44650  0.05351 -0.21852
   0.43864  0.05345 -0.21751
   0.43079  0.05338 -0.21741
   0.42295  0.05330 -0.21720
   0.41514  0.05321 -0.21695
   0.40737  0.05312 -0.21770
   0.39966  0.05301 -0.21722
   0.39202  0.05289 -0.21853
   0.38445  0.05276 -0.21572
   0.37694  0.05262 -0.21318
   0.36954  0.05249 -0.21230
   0.36229  0.05236 -0.21960
   0.35524  0.05223 -0.23064
   0.34842  0.05207 -0.24000
   0.34179  0.05185 -0.23130
   0.33530  0.05159 -0.20429
   0.32892  0.05132 -0.17751
   0.32258  0.05111 -0.16382
   0.31625  0.05098 -0.18037
   0.30988  0.05089 -0.21002
   0.30343  0.05078 -0.23764
   0.29682  0.05061 -0.24007
   0.29002  0.05037 -0.22769
   0.28299  0.05009 -0.21592
   0.27579  0.04982 -0.21477
   0.26847  0.04954 -0.21902
   0.26108  0.04924 -0.22112
   0.25361  0.04892 -0.22016
   0.24607  0.04858 -0.22038
   0.23850  0.04823 -0.22156
   0.23092  0.04786 -0.22219
   0.22333  0.04747 -0.22319
   0.21574  0.04707 -0.22391
   0.20817  0.04664 -0.22595
   0.20063  0.04620 -0.22666
   0.19311  0.04574 -0.22769
   0.18563  0.04526 -0.23111
   0.17820  0.04475 -0.23107
   0.17081  0.04423 -0.23262
   0.16349  0.04368 -0.23531
   0.15624  0.04311 -0.23566
   0.14907  0.04251 -0.23842
   0.14200  0.04189 -0.23939
   0.13503  0.04125 -0.24074
   0.12818  0.04059 -0.24189
   0.12147  0.03990 -0.24254
   0.11493  0.03919 -0.24297
   0.10856  0.03847 -0.24346
   0.10240  0.03773 -0.24347
   0.09647  0.03699 -0.24493
   0.09078  0.03624 -0.24716
   0.08537  0.03550 -0.24632
   0.08024  0.03476 -0.25215
   0.07540  0.03403 -0.25449
   0.07085  0.03331 -0.25885
   0.06658  0.03261 -0.27227
   0.06257  0.03190 -0.27361
   0.05879  0.03120 -0.28552
   0.05523  0.03050 -0.29038
   0.05189  0.02978 -0.28913
   0.04873  0.02906 -0.28354
   0.04574  0.02833 -0.27314
   0.04291  0.02760 -0.26438
   0.04024  0.02687 -0.24996
   0.03771  0.02615 -0.23842
   0.03531  0.02543 -0.23110
   0.03305  0.02471 -0.20667
   0.03089  0.02399 -0.17685
   0.02884  0.02329 -0.15351
   0.02688  0.02260 -0.13846
   0.02502  0.02195 -0.13739
   0.02326  0.02131 -0.13650
   0.02159  0.02067 -0.13615
   0.02000  0.02005 -0.13104
   0.01849  0.01942 -0.12115
   0.01706  0.01880 -0.10370
   0.01569  0.01817 -0.07773
   0.01439  0.01754 -0.05603
   0.01314  0.01692 -0.03342
   0.01194  0.01630 -0.01386
   0.01080  0.01568  0.00435
   0.00971  0.01507  0.02149
   0.00867  0.01445  0.04534
   0.00767  0.01383  0.06116
   0.00672  0.01321  0.08367
   0.00581  0.01258  0.10177
   0.00495  0.01194  0.13039
   0.00414  0.01128  0.15116
   0.00338  0.01061  0.17579
   0.00268  0.00990  0.20597
   0.00207  0.00914  0.31688
   0.00154  0.00835  0.40676
   0.00111  0.00752  0.52802
   0.00078  0.00665  0.66523
   0.00053  0.00577  0.77641
   0.00035  0.00489  0.85731
   0.00022  0.00400  0.91234
   0.00012  0.00312  0.95295
   0.00005  0.00224  0.97777
   0.00001  0.00137  0.99296
  -0.00000  0.00051  0.99962
   0.00001 -0.00034  0.99842
   0.00004 -0.00120  0.98995
   0.00010 -0.00206  0.97396
   0.00020 -0.00292  0.95912
   0.00027 -0.00380  0.92041
   0.00039 -0.00468  0.88932
   0.00054 -0.00556  0.84427
   0.00072 -0.00645  0.78891
   0.00092 -0.00735  0.72709
   0.00115 -0.00824  0.65412
   0.00142 -0.00914  0.56102
   0.00173 -0.01004  0.45744
   0.00207 -0.01094  0.33888
   0.00247 -0.01182  0.17198
   0.00292 -0.01269  0.09199
   0.00342 -0.01356 -0.23710
   0.00402 -0.01437 -0.30151
   0.00470 -0.01514 -0.40897
   0.00546 -0.01587 -0.44724
   0.00629 -0.01657 -0.47929
   0.00717 -0.01724 -0.49376
   0.00811 -0.01789 -0.51185
   0.00910 -0.01851 -0.51305
   0.01015 -0.01912 -0.51177
   0.01125 -0.01971 -0.51404
   0.01240 -0.02029 -0.50876
   0.01361 -0.02086 -0.50482
   0.01488 -0.02142 -0.49926
   0.01621 -0.02198 -0.48652
   0.01761 -0.02253 -0.48031
   0.01908 -0.02307 -0.46623
   0.02063 -0.02362 -0.46262
   0.02226 -0.02417 -0.45121
   0.02397 -0.02472 -0.43753
   0.02579 -0.02528 -0.43145
   0.02770 -0.02584 -0.42222
   0.02973 -0.02641 -0.41553
   0.03189 -0.02700 -0.40884
   0.03419 -0.02759 -0.40345
   0.03663 -0.02820 -0.39375
   0.03924 -0.02882 -0.38815
   0.04203 -0.02945 -0.37834
   0.04502 -0.03011 -0.37258
   0.04822 -0.03078 -0.36761
   0.05165 -0.03148 -0.36505
   0.05533 -0.03220 -0.36138
   0.05925 -0.03293 -0.35904
   0.06344 -0.03368 -0.35502
   0.06789 -0.03445 -0.35364
   0.07262 -0.03522 -0.34953
   0.07761 -0.03600 -0.34870
   0.08288 -0.03679 -0.34597
   0.08842 -0.03758 -0.34331
   0.09419 -0.03836 -0.34086
   0.10019 -0.03914 -0.33936
   0.10638 -0.03991 -0.33900
   0.11276 -0.04065 -0.33852
   0.11929 -0.04138 -0.33819
   0.12594 -0.04208 -0.33728
   0.13272 -0.04276 -0.33662
   0.13959 -0.04340 -0.33557
   0.14656 -0.04401 -0.33284
   0.15362 -0.04460 -0.33147
   0.16075 -0.04515 -0.32790
   0.16794 -0.04567 -0.32594
   0.17519 -0.04616 -0.32287
   0.18248 -0.04663 -0.32113
   0.18981 -0.04706 -0.31919
   0.19717 -0.04747 -0.31804
   0.20456 -0.04785 -0.31408
   0.21197 -0.04820 -0.31341
   0.21942 -0.04852 -0.30950
   0.22690 -0.04882 -0.30711
   0.23441 -0.04909 -0.30257
   0.24195 -0.04934 -0.30063
   0.24951 -0.04956 -0.29874
   0.25708 -0.04977 -0.29564
   0.26468 -0.04995 -0.29449
   0.27229 -0.05011 -0.29038
   0.27991 -0.05024 -0.28909
   0.28756 -0.05036 -0.28579
   0.29522 -0.05046 -0.28399
   0.30289 -0.05054 -0.28225
   0.31057 -0.05060 -0.28026
   0.31825 -0.05064 -0.27817
   0.32595 -0.05066 -0.27671
   0.33364 -0.05066 -0.27530
   0.34135 -0.05065 -0.27360
   0.34906 -0.05061 -0.27199
   0.35677 -0.05056 -0.27029
   0.36448 -0.05048 -0.26877
   0.37219 -0.05039 -0.26730
   0.37990 -0.05028 -0.26541
   0.38761 -0.05015 -0.26417
   0.39532 -0.05001 -0.26296
   0.40302 -0.04984 -0.26169
   0.41072 -0.04966 -0.25971
   0.41842 -0.04945 -0.25922
   0.42610 -0.04923 -0.25795
   0.43378 -0.04899 -0.25732
   0.44144 -0.04873 -0.25529
   0.44910 -0.04845 -0.25484
   0.45674 -0.04815 -0.25340
   0.46437 -0.04783 -0.25278
   0.47199 -0.04749 -0.25118
   0.47960 -0.04713 -0.24941
   0.48720 -0.04674 -0.24821
   0.49478 -0.04634 -0.24657
   0.50235 -0.04590 -0.24428
   0.50991 -0.04545 -0.24317
   0.51745 -0.04497 -0.24060
   0.52498 -0.04447 -0.23830
   0.53250 -0.04395 -0.23626
   0.54000 -0.04340 -0.23379
   0.54749 -0.04282 -0.23103
   0.55497 -0.04222 -0.22799
   0.56243 -0.04159 -0.22445
   0.56987 -0.04093 -0.22119
   0.57730 -0.04025 -0.21759
   0.58471 -0.03954 -0.21357
   0.59210 -0.03881 -0.20945
   0.59948 -0.03804 -0.20512
   0.60683 -0.03724 -0.20060
   0.61417 -0.03642 -0.19446
   0.62149 -0.03556 -0.18984
   0.62879 -0.03468 -0.18268
   0.63608 -0.03376 -0.17708
   0.64335 -0.03281 -0.16902
   0.65061 -0.03183 -0.16204
   0.65786 -0.03081 -0.15356
   0.66510 -0.02976 -0.14475
   0.67232 -0.02867 -0.13509
   0.67954 -0.02755 -0.12509
   0.68676 -0.02640 -0.11460
   0.69397 -0.02520 -0.10351
   0.70117 -0.02398 -0.09084
   0.70838 -0.02271 -0.07824
   0.71559 -0.02141 -0.06484
   0.72281 -0.02007 -0.05056
   0.73004 -0.01870 -0.03590
   0.73728 -0.01729 -0.01991
   0.74453 -0.01584 -0.00248
   0.75180 -0.01436  0.01379
   0.75910 -0.01284  0.03367
   0.76642 -0.01128  0.05162
   0.77378 -0.00969  0.07332
   0.78118 -0.00807  0.09207
   0.78863 -0.00642  0.11545
   0.79611 -0.00475  0.13618
   0.80361 -0.00306  0.16050
   0.81108 -0.00138  0.18331
   0.81847  0.00029  0.20623
   0.82574  0.00191  0.22988
   0.83289  0.00348  0.25181
   0.83991  0.00499  0.27224
   0.84680  0.00644  0.29186
   0.85358  0.00782  0.31122
   0.86023  0.00913  0.32744
   0.86676  0.01036  0.34594
   0.87316  0.01151  0.36008
   0.87944  0.01258  0.37641
   0.88561  0.01356  0.38820
   0.89167  0.01445  0.40038
   0.89763  0.01526  0.41111
   0.90349  0.01599  0.42065
   0.90927  0.01663  0.42841
   0.91493  0.01718  0.43799
   0.92047  0.01765  0.44389
   0.92588  0.01803  0.45205
   0.93120  0.01832  0.45565
   0.93644  0.01853  0.45645
   0.94160  0.01868  0.45933
   0.94662  0.01876  0.46629
   0.95140  0.01879  0.48158
   0.95595  0.01872  0.49125
   0.96030  0.01853  0.49630
   0.96456  0.01820  0.48135
   0.96881  0.01775  0.45381
   0.97308  0.01723  0.42670
   0.97733  0.01672  0.41450
   0.98147  0.01621  0.42761
   0.98549  0.01562  0.43450
   0.98945  0.01488  0.38927
   0.99342  0.01406  0.32457
   0.99738  0.01325  0.29921
   1.00000  0.01271  0.25413
