GRUMMAN K-2 AIRFOIL                             
 Alfa =  -1.28430 Re =        0.000 Xflap,Yflap =     0.000000    0.000000
#    x        y        Cp  
   1.00000  0.01371  0.25421
   0.99740  0.01444  0.09922
   0.99329  0.01549  0.06147
   0.98889  0.01657  0.04613
   0.98423  0.01772  0.00578
   0.97929  0.01890 -0.02917
   0.97409  0.02011 -0.05514
   0.96867  0.02135 -0.08552
   0.96305  0.02259 -0.11205
   0.95727  0.02381 -0.13370
   0.95131  0.02502 -0.15461
   0.94520  0.02620 -0.16969
   0.93893  0.02735 -0.18276
   0.93253  0.02848 -0.19398
   0.92600  0.02957 -0.20116
   0.91932  0.03065 -0.20721
   0.91254  0.03170 -0.21417
   0.90568  0.03272 -0.22278
   0.89876  0.03372 -0.23022
   0.89181  0.03467 -0.23832
   0.88484  0.03559 -0.24428
   0.87782  0.03647 -0.24693
   0.87073  0.03731 -0.24805
   0.86355  0.03812 -0.24916
   0.85628  0.03891 -0.24793
   0.84891  0.03968 -0.24705
   0.84146  0.04044 -0.24702
   0.83396  0.04117 -0.24694
   0.82645  0.04190 -0.25267
   0.81896  0.04260 -0.25757
   0.81149  0.04327 -0.26115
   0.80402  0.04391 -0.26367
   0.79655  0.04452 -0.26610
   0.78909  0.04510 -0.26830
   0.78162  0.04565 -0.26902
   0.77414  0.04617 -0.26856
   0.76665  0.04666 -0.26893
   0.75914  0.04713 -0.26771
   0.75161  0.04756 -0.26590
   0.74405  0.04798 -0.26418
   0.73646  0.04837 -0.26124
   0.72884  0.04874 -0.25882
   0.72118  0.04909 -0.25595
   0.71350  0.04943 -0.25263
   0.70580  0.04974 -0.25083
   0.69806  0.05004 -0.24783
   0.69030  0.05033 -0.24575
   0.68252  0.05060 -0.24368
   0.67473  0.05086 -0.24188
   0.66693  0.05111 -0.23969
   0.65911  0.05135 -0.23845
   0.65129  0.05157 -0.23695
   0.64347  0.05178 -0.23491
   0.63563  0.05197 -0.23380
   0.62779  0.05216 -0.23229
   0.61994  0.05233 -0.23022
   0.61208  0.05249 -0.22971
   0.60421  0.05264 -0.22719
   0.59633  0.05278 -0.22636
   0.58846  0.05291 -0.22514
   0.58058  0.05303 -0.22451
   0.57270  0.05314 -0.22327
   0.56482  0.05324 -0.22237
   0.55693  0.05333 -0.22129
   0.54904  0.05340 -0.22063
   0.54115  0.05347 -0.21919
   0.53326  0.05353 -0.21885
   0.52537  0.05358 -0.21749
   0.51748  0.05361 -0.21657
   0.50958  0.05364 -0.21628
   0.50169  0.05366 -0.21466
   0.49380  0.05367 -0.21502
   0.48590  0.05367 -0.21334
   0.47801  0.05366 -0.21369
   0.47012  0.05363 -0.21266
   0.46224  0.05360 -0.21190
   0.45437  0.05356 -0.21128
   0.44650  0.05351 -0.21074
   0.43864  0.05345 -0.20962
   0.43079  0.05338 -0.20937
   0.42295  0.05330 -0.20905
   0.41514  0.05321 -0.20867
   0.40737  0.05312 -0.20929
   0.39966  0.05301 -0.20865
   0.39202  0.05289 -0.20985
   0.38445  0.05276 -0.20689
   0.37694  0.05262 -0.20425
   0.36954  0.05249 -0.20323
   0.36229  0.05236 -0.21033
   0.35524  0.05223 -0.22113
   0.34842  0.05207 -0.23030
   0.34179  0.05185 -0.22151
   0.33530  0.05159 -0.19458
   0.32892  0.05132 -0.16789
   0.32258  0.05111 -0.15417
   0.31625  0.05098 -0.17045
   0.30988  0.05089 -0.19970
   0.30343  0.05078 -0.22692
   0.29682  0.05061 -0.22918
   0.29002  0.05037 -0.21672
   0.28299  0.05009 -0.20487
   0.27579  0.04982 -0.20353
   0.26847  0.04954 -0.20753
   0.26108  0.04924 -0.20941
   0.25361  0.04892 -0.20822
   0.24607  0.04858 -0.20820
   0.23850  0.04823 -0.20913
   0.23092  0.04786 -0.20948
   0.22333  0.04747 -0.21020
   0.21574  0.04707 -0.21064
   0.20817  0.04664 -0.21234
   0.20063  0.04620 -0.21274
   0.19311  0.04574 -0.21344
   0.18563  0.04526 -0.21646
   0.17820  0.04475 -0.21607
   0.17081  0.04423 -0.21722
   0.16349  0.04368 -0.21947
   0.15624  0.04311 -0.21939
   0.14907  0.04251 -0.22166
   0.14200  0.04189 -0.22216
   0.13503  0.04125 -0.22299
   0.12818  0.04059 -0.22359
   0.12147  0.03990 -0.22368
   0.11493  0.03919 -0.22352
   0.10856  0.03847 -0.22339
   0.10240  0.03773 -0.22275
   0.09647  0.03699 -0.22351
   0.09078  0.03624 -0.22500
   0.08537  0.03550 -0.22343
   0.08024  0.03476 -0.22841
   0.07540  0.03403 -0.22990
   0.07085  0.03331 -0.23338
   0.06658  0.03261 -0.24566
   0.06257  0.03190 -0.24611
   0.05879  0.03120 -0.25684
   0.05523  0.03050 -0.26067
   0.05189  0.02978 -0.25845
   0.04873  0.02906 -0.25200
   0.04574  0.02833 -0.24081
   0.04291  0.02760 -0.23122
   0.04024  0.02687 -0.21609
   0.03771  0.02615 -0.20375
   0.03531  0.02543 -0.19547
   0.03305  0.02471 -0.17057
   0.03089  0.02399 -0.14043
   0.02884  0.02329 -0.11663
   0.02688  0.02260 -0.10079
   0.02502  0.02195 -0.09846
   0.02326  0.02131 -0.09622
   0.02159  0.02067 -0.09446
   0.02000  0.02005 -0.08800
   0.01849  0.01942 -0.07686
   0.01706  0.01880 -0.05846
   0.01569  0.01817 -0.03177
   0.01439  0.01754 -0.00923
   0.01314  0.01692  0.01433
   0.01194  0.01630  0.03504
   0.01080  0.01568  0.05455
   0.00971  0.01507  0.07307
   0.00867  0.01445  0.09825
   0.00767  0.01383  0.11580
   0.00672  0.01321  0.14011
   0.00581  0.01258  0.16036
   0.00495  0.01194  0.19094
   0.00414  0.01128  0.21437
   0.00338  0.01061  0.24224
   0.00268  0.00990  0.27570
   0.00207  0.00914  0.38326
   0.00154  0.00835  0.47109
   0.00111  0.00752  0.58621
   0.00078  0.00665  0.71284
   0.00053  0.00577  0.81374
   0.00035  0.00489  0.88585
   0.00022  0.00400  0.93382
   0.00012  0.00312  0.96799
   0.00005  0.00224  0.98749
   0.00001  0.00137  0.99777
  -0.00000  0.00051  0.99971
   0.00001 -0.00034  0.99429
   0.00004 -0.00120  0.98149
   0.00010 -0.00206  0.96089
   0.00020 -0.00292  0.94451
   0.00027 -0.00380  0.89844
   0.00039 -0.00468  0.86465
   0.00054 -0.00556  0.81508
   0.00072 -0.00645  0.75497
   0.00092 -0.00735  0.68855
   0.00115 -0.00824  0.61067
   0.00142 -0.00914  0.51174
   0.00173 -0.01004  0.40217
   0.00207 -0.01094  0.27758
   0.00247 -0.01182  0.10177
   0.00292 -0.01269  0.02078
   0.00342 -0.01356 -0.32680
   0.00402 -0.01437 -0.38882
   0.00470 -0.01514 -0.49753
   0.00546 -0.01587 -0.53246
   0.00629 -0.01657 -0.56154
   0.00717 -0.01724 -0.57241
   0.00811 -0.01789 -0.58752
   0.00910 -0.01851 -0.58536
   0.01015 -0.01912 -0.58084
   0.01125 -0.01971 -0.58031
   0.01240 -0.02029 -0.57224
   0.01361 -0.02086 -0.56571
   0.01488 -0.02142 -0.55765
   0.01621 -0.02198 -0.54240
   0.01761 -0.02253 -0.53396
   0.01908 -0.02307 -0.51769
   0.02063 -0.02362 -0.51218
   0.02226 -0.02417 -0.49883
   0.02397 -0.02472 -0.48324
   0.02579 -0.02528 -0.47547
   0.02770 -0.02584 -0.46463
   0.02973 -0.02641 -0.45643
   0.03189 -0.02700 -0.44830
   0.03419 -0.02759 -0.44152
   0.03663 -0.02820 -0.43042
   0.03924 -0.02882 -0.42351
   0.04203 -0.02945 -0.41238
   0.04502 -0.03011 -0.40540
   0.04822 -0.03078 -0.39928
   0.05165 -0.03148 -0.39564
   0.05533 -0.03220 -0.39091
   0.05925 -0.03293 -0.38756
   0.06344 -0.03368 -0.38253
   0.06789 -0.03445 -0.38022
   0.07262 -0.03522 -0.37517
   0.07761 -0.03600 -0.37347
   0.08288 -0.03679 -0.36989
   0.08842 -0.03758 -0.36641
   0.09419 -0.03836 -0.36317
   0.10019 -0.03914 -0.36094
   0.10638 -0.03991 -0.35990
   0.11276 -0.04065 -0.35877
   0.11929 -0.04138 -0.35784
   0.12594 -0.04208 -0.35634
   0.13272 -0.04276 -0.35512
   0.13959 -0.04340 -0.35354
   0.14656 -0.04401 -0.35030
   0.15362 -0.04460 -0.34844
   0.16075 -0.04515 -0.34439
   0.16794 -0.04567 -0.34199
   0.17519 -0.04616 -0.33849
   0.18248 -0.04663 -0.33636
   0.18981 -0.04706 -0.33404
   0.19717 -0.04747 -0.33252
   0.20456 -0.04785 -0.32821
   0.21197 -0.04820 -0.32722
   0.21942 -0.04852 -0.32298
   0.22690 -0.04882 -0.32028
   0.23441 -0.04909 -0.31543
   0.24195 -0.04934 -0.31320
   0.24951 -0.04956 -0.31104
   0.25708 -0.04977 -0.30767
   0.26468 -0.04995 -0.30627
   0.27229 -0.05011 -0.30191
   0.27991 -0.05024 -0.30037
   0.28756 -0.05036 -0.29686
   0.29522 -0.05046 -0.29482
   0.30289 -0.05054 -0.29287
   0.31057 -0.05060 -0.29068
   0.31825 -0.05064 -0.28840
   0.32595 -0.05066 -0.28673
   0.33364 -0.05066 -0.28514
   0.34135 -0.05065 -0.28325
   0.34906 -0.05061 -0.28148
   0.35677 -0.05056 -0.27960
   0.36448 -0.05048 -0.27789
   0.37219 -0.05039 -0.27630
   0.37990 -0.05028 -0.27421
   0.38761 -0.05015 -0.27284
   0.39532 -0.05001 -0.27146
   0.40302 -0.04984 -0.27005
   0.41072 -0.04966 -0.26794
   0.41842 -0.04945 -0.26729
   0.42610 -0.04923 -0.26589
   0.43378 -0.04899 -0.26513
   0.44144 -0.04873 -0.26297
   0.44910 -0.04845 -0.26238
   0.45674 -0.04815 -0.26082
   0.46437 -0.04783 -0.26007
   0.47199 -0.04749 -0.25835
   0.47960 -0.04713 -0.25646
   0.48720 -0.04674 -0.25514
   0.49478 -0.04634 -0.25339
   0.50235 -0.04590 -0.25098
   0.50991 -0.04545 -0.24973
   0.51745 -0.04497 -0.24708
   0.52498 -0.04447 -0.24464
   0.53250 -0.04395 -0.24250
   0.54000 -0.04340 -0.23991
   0.54749 -0.04282 -0.23705
   0.55497 -0.04222 -0.23390
   0.56243 -0.04159 -0.23023
   0.56987 -0.04093 -0.22688
   0.57730 -0.04025 -0.22318
   0.58471 -0.03954 -0.21902
   0.59210 -0.03881 -0.21482
   0.59948 -0.03804 -0.21037
   0.60683 -0.03724 -0.20576
   0.61417 -0.03642 -0.19951
   0.62149 -0.03556 -0.19477
   0.62879 -0.03468 -0.18749
   0.63608 -0.03376 -0.18179
   0.64335 -0.03281 -0.17363
   0.65061 -0.03183 -0.16652
   0.65786 -0.03081 -0.15795
   0.66510 -0.02976 -0.14903
   0.67232 -0.02867 -0.13925
   0.67954 -0.02755 -0.12913
   0.68676 -0.02640 -0.11856
   0.69397 -0.02520 -0.10734
   0.70117 -0.02398 -0.09456
   0.70838 -0.02271 -0.08183
   0.71559 -0.02141 -0.06832
   0.72281 -0.02007 -0.05394
   0.73004 -0.01870 -0.03918
   0.73728 -0.01729 -0.02306
   0.74453 -0.01584 -0.00548
   0.75180 -0.01436  0.01085
   0.75910 -0.01284  0.03086
   0.76642 -0.01128  0.04896
   0.77378 -0.00969  0.07076
   0.78118 -0.00807  0.08962
   0.78863 -0.00642  0.11310
   0.79611 -0.00475  0.13397
   0.80361 -0.00306  0.15839
   0.81108 -0.00138  0.18132
   0.81847  0.00029  0.20432
   0.82574  0.00191  0.22809
   0.83289  0.00348  0.25011
   0.83991  0.00499  0.27065
   0.84680  0.00644  0.29035
   0.85358  0.00782  0.30977
   0.86023  0.00913  0.32607
   0.86676  0.01036  0.34467
   0.87316  0.01151  0.35880
   0.87944  0.01258  0.37526
   0.88561  0.01356  0.38709
   0.89167  0.01445  0.39932
   0.89763  0.01526  0.41012
   0.90349  0.01599  0.41967
   0.90927  0.01663  0.42749
   0.91493  0.01718  0.43714
   0.92047  0.01765  0.44301
   0.92588  0.01803  0.45128
   0.93120  0.01832  0.45488
   0.93644  0.01853  0.45572
   0.94160  0.01868  0.45864
   0.94662  0.01876  0.46559
   0.95140  0.01879  0.48098
   0.95595  0.01872  0.49065
   0.96030  0.01853  0.49574
   0.96456  0.01820  0.48083
   0.96881  0.01775  0.45325
   0.97308  0.01723  0.42616
   0.97733  0.01672  0.41397
   0.98147  0.01621  0.42716
   0.98549  0.01562  0.43410
   0.98945  0.01488  0.38886
   0.99342  0.01406  0.32417
   0.99738  0.01325  0.29888
   1.00000  0.01271  0.25421
