GRUMMAN K-2 AIRFOIL                             
 Alfa =  -1.29600 Re =        0.000 Xflap,Yflap =     0.000000    0.000000
#    x        y        Cp  
   1.00000  0.01371  0.25422
   0.99740  0.01444  0.09924
   0.99329  0.01549  0.06149
   0.98889  0.01657  0.04617
   0.98423  0.01772  0.00583
   0.97929  0.01890 -0.02912
   0.97409  0.02011 -0.05508
   0.96867  0.02135 -0.08544
   0.96305  0.02259 -0.11197
   0.95727  0.02381 -0.13361
   0.95131  0.02502 -0.15451
   0.94520  0.02620 -0.16959
   0.93893  0.02735 -0.18264
   0.93253  0.02848 -0.19385
   0.92600  0.02957 -0.20103
   0.91932  0.03065 -0.20707
   0.91254  0.03170 -0.21402
   0.90568  0.03272 -0.22263
   0.89876  0.03372 -0.23006
   0.89181  0.03467 -0.23815
   0.88484  0.03559 -0.24410
   0.87782  0.03647 -0.24674
   0.87073  0.03731 -0.24786
   0.86355  0.03812 -0.24897
   0.85628  0.03891 -0.24773
   0.84891  0.03968 -0.24684
   0.84146  0.04044 -0.24680
   0.83396  0.04117 -0.24672
   0.82645  0.04190 -0.25244
   0.81896  0.04260 -0.25734
   0.81149  0.04327 -0.26090
   0.80402  0.04391 -0.26343
   0.79655  0.04452 -0.26584
   0.78909  0.04510 -0.26804
   0.78162  0.04565 -0.26875
   0.77414  0.04617 -0.26828
   0.76665  0.04666 -0.26865
   0.75914  0.04713 -0.26743
   0.75161  0.04756 -0.26560
   0.74405  0.04798 -0.26389
   0.73646  0.04837 -0.26094
   0.72884  0.04874 -0.25851
   0.72118  0.04909 -0.25563
   0.71350  0.04943 -0.25231
   0.70580  0.04974 -0.25050
   0.69806  0.05004 -0.24750
   0.69030  0.05033 -0.24542
   0.68252  0.05060 -0.24334
   0.67473  0.05086 -0.24153
   0.66693  0.05111 -0.23934
   0.65911  0.05135 -0.23809
   0.65129  0.05157 -0.23658
   0.64347  0.05178 -0.23454
   0.63563  0.05197 -0.23343
   0.62779  0.05216 -0.23191
   0.61994  0.05233 -0.22983
   0.61208  0.05249 -0.22932
   0.60421  0.05264 -0.22679
   0.59633  0.05278 -0.22595
   0.58846  0.05291 -0.22472
   0.58058  0.05303 -0.22409
   0.57270  0.05314 -0.22285
   0.56482  0.05324 -0.22194
   0.55693  0.05333 -0.22085
   0.54904  0.05340 -0.22018
   0.54115  0.05347 -0.21874
   0.53326  0.05353 -0.21839
   0.52537  0.05358 -0.21702
   0.51748  0.05361 -0.21610
   0.50958  0.05364 -0.21580
   0.50169  0.05366 -0.21417
   0.49380  0.05367 -0.21452
   0.48590  0.05367 -0.21284
   0.47801  0.05366 -0.21318
   0.47012  0.05363 -0.21215
   0.46224  0.05360 -0.21138
   0.45437  0.05356 -0.21074
   0.44650  0.05351 -0.21019
   0.43864  0.05345 -0.20907
   0.43079  0.05338 -0.20881
   0.42295  0.05330 -0.20849
   0.41514  0.05321 -0.20809
   0.40737  0.05312 -0.20870
   0.39966  0.05301 -0.20805
   0.39202  0.05289 -0.20924
   0.38445  0.05276 -0.20627
   0.37694  0.05262 -0.20362
   0.36954  0.05249 -0.20259
   0.36229  0.05236 -0.20968
   0.35524  0.05223 -0.22047
   0.34842  0.05207 -0.22963
   0.34179  0.05185 -0.22082
   0.33530  0.05159 -0.19390
   0.32892  0.05132 -0.16722
   0.32258  0.05111 -0.15349
   0.31625  0.05098 -0.16976
   0.30988  0.05089 -0.19898
   0.30343  0.05078 -0.22617
   0.29682  0.05061 -0.22841
   0.29002  0.05037 -0.21595
   0.28299  0.05009 -0.20410
   0.27579  0.04982 -0.20275
   0.26847  0.04954 -0.20673
   0.26108  0.04924 -0.20859
   0.25361  0.04892 -0.20739
   0.24607  0.04858 -0.20735
   0.23850  0.04823 -0.20826
   0.23092  0.04786 -0.20859
   0.22333  0.04747 -0.20929
   0.21574  0.04707 -0.20971
   0.20817  0.04664 -0.21139
   0.20063  0.04620 -0.21177
   0.19311  0.04574 -0.21244
   0.18563  0.04526 -0.21544
   0.17820  0.04475 -0.21502
   0.17081  0.04423 -0.21614
   0.16349  0.04368 -0.21837
   0.15624  0.04311 -0.21826
   0.14907  0.04251 -0.22050
   0.14200  0.04189 -0.22096
   0.13503  0.04125 -0.22176
   0.12818  0.04059 -0.22231
   0.12147  0.03990 -0.22237
   0.11493  0.03919 -0.22217
   0.10856  0.03847 -0.22199
   0.10240  0.03773 -0.22131
   0.09647  0.03699 -0.22202
   0.09078  0.03624 -0.22346
   0.08537  0.03550 -0.22184
   0.08024  0.03476 -0.22676
   0.07540  0.03403 -0.22819
   0.07085  0.03331 -0.23161
   0.06658  0.03261 -0.24381
   0.06257  0.03190 -0.24420
   0.05879  0.03120 -0.25485
   0.05523  0.03050 -0.25860
   0.05189  0.02978 -0.25632
   0.04873  0.02906 -0.24981
   0.04574  0.02833 -0.23857
   0.04291  0.02760 -0.22891
   0.04024  0.02687 -0.21373
   0.03771  0.02615 -0.20134
   0.03531  0.02543 -0.19299
   0.03305  0.02471 -0.16806
   0.03089  0.02399 -0.13790
   0.02884  0.02329 -0.11407
   0.02688  0.02260 -0.09818
   0.02502  0.02195 -0.09577
   0.02326  0.02131 -0.09343
   0.02159  0.02067 -0.09157
   0.02000  0.02005 -0.08502
   0.01849  0.01942 -0.07380
   0.01706  0.01880 -0.05533
   0.01569  0.01817 -0.02859
   0.01439  0.01754 -0.00599
   0.01314  0.01692  0.01762
   0.01194  0.01630  0.03841
   0.01080  0.01568  0.05801
   0.00971  0.01507  0.07662
   0.00867  0.01445  0.10190
   0.00767  0.01383  0.11957
   0.00672  0.01321  0.14399
   0.00581  0.01258  0.16438
   0.00495  0.01194  0.19510
   0.00414  0.01128  0.21870
   0.00338  0.01061  0.24679
   0.00268  0.00990  0.28046
   0.00207  0.00914  0.38778
   0.00154  0.00835  0.47545
   0.00111  0.00752  0.59014
   0.00078  0.00665  0.71603
   0.00053  0.00577  0.81622
   0.00035  0.00489  0.88772
   0.00022  0.00400  0.93521
   0.00012  0.00312  0.96893
   0.00005  0.00224  0.98807
   0.00001  0.00137  0.99801
  -0.00000  0.00051  0.99961
   0.00001 -0.00034  0.99390
   0.00004 -0.00120  0.98080
   0.00010 -0.00206  0.95988
   0.00020 -0.00292  0.94341
   0.00027 -0.00380  0.89681
   0.00039 -0.00468  0.86284
   0.00054 -0.00556  0.81295
   0.00072 -0.00645  0.75250
   0.00092 -0.00735  0.68576
   0.00115 -0.00824  0.60753
   0.00142 -0.00914  0.50820
   0.00173 -0.01004  0.39821
   0.00207 -0.01094  0.27320
   0.00247 -0.01182  0.09676
   0.00292 -0.01269  0.01570
   0.00342 -0.01356 -0.33319
   0.00402 -0.01437 -0.39503
   0.00470 -0.01514 -0.50382
   0.00546 -0.01587 -0.53851
   0.00629 -0.01657 -0.56738
   0.00717 -0.01724 -0.57798
   0.00811 -0.01789 -0.59288
   0.00910 -0.01851 -0.59048
   0.01015 -0.01912 -0.58573
   0.01125 -0.01971 -0.58499
   0.01240 -0.02029 -0.57672
   0.01361 -0.02086 -0.57001
   0.01488 -0.02142 -0.56177
   0.01621 -0.02198 -0.54634
   0.01761 -0.02253 -0.53775
   0.01908 -0.02307 -0.52132
   0.02063 -0.02362 -0.51567
   0.02226 -0.02417 -0.50219
   0.02397 -0.02472 -0.48646
   0.02579 -0.02528 -0.47858
   0.02770 -0.02584 -0.46762
   0.02973 -0.02641 -0.45931
   0.03189 -0.02700 -0.45108
   0.03419 -0.02759 -0.44420
   0.03663 -0.02820 -0.43300
   0.03924 -0.02882 -0.42600
   0.04203 -0.02945 -0.41477
   0.04502 -0.03011 -0.40771
   0.04822 -0.03078 -0.40151
   0.05165 -0.03148 -0.39780
   0.05533 -0.03220 -0.39299
   0.05925 -0.03293 -0.38957
   0.06344 -0.03368 -0.38447
   0.06789 -0.03445 -0.38208
   0.07262 -0.03522 -0.37697
   0.07761 -0.03600 -0.37521
   0.08288 -0.03679 -0.37157
   0.08842 -0.03758 -0.36803
   0.09419 -0.03836 -0.36473
   0.10019 -0.03914 -0.36246
   0.10638 -0.03991 -0.36137
   0.11276 -0.04065 -0.36019
   0.11929 -0.04138 -0.35921
   0.12594 -0.04208 -0.35767
   0.13272 -0.04276 -0.35642
   0.13959 -0.04340 -0.35480
   0.14656 -0.04401 -0.35152
   0.15362 -0.04460 -0.34963
   0.16075 -0.04515 -0.34555
   0.16794 -0.04567 -0.34312
   0.17519 -0.04616 -0.33959
   0.18248 -0.04663 -0.33742
   0.18981 -0.04706 -0.33509
   0.19717 -0.04747 -0.33354
   0.20456 -0.04785 -0.32921
   0.21197 -0.04820 -0.32819
   0.21942 -0.04852 -0.32393
   0.22690 -0.04882 -0.32120
   0.23441 -0.04909 -0.31633
   0.24195 -0.04934 -0.31408
   0.24951 -0.04956 -0.31190
   0.25708 -0.04977 -0.30851
   0.26468 -0.04995 -0.30709
   0.27229 -0.05011 -0.30272
   0.27991 -0.05024 -0.30116
   0.28756 -0.05036 -0.29763
   0.29522 -0.05046 -0.29558
   0.30289 -0.05054 -0.29361
   0.31057 -0.05060 -0.29141
   0.31825 -0.05064 -0.28912
   0.32595 -0.05066 -0.28743
   0.33364 -0.05066 -0.28583
   0.34135 -0.05065 -0.28393
   0.34906 -0.05061 -0.28214
   0.35677 -0.05056 -0.28025
   0.36448 -0.05048 -0.27853
   0.37219 -0.05039 -0.27693
   0.37990 -0.05028 -0.27482
   0.38761 -0.05015 -0.27345
   0.39532 -0.05001 -0.27205
   0.40302 -0.04984 -0.27064
   0.41072 -0.04966 -0.26852
   0.41842 -0.04945 -0.26786
   0.42610 -0.04923 -0.26645
   0.43378 -0.04899 -0.26567
   0.44144 -0.04873 -0.26351
   0.44910 -0.04845 -0.26291
   0.45674 -0.04815 -0.26134
   0.46437 -0.04783 -0.26058
   0.47199 -0.04749 -0.25885
   0.47960 -0.04713 -0.25696
   0.48720 -0.04674 -0.25562
   0.49478 -0.04634 -0.25387
   0.50235 -0.04590 -0.25145
   0.50991 -0.04545 -0.25019
   0.51745 -0.04497 -0.24754
   0.52498 -0.04447 -0.24508
   0.53250 -0.04395 -0.24294
   0.54000 -0.04340 -0.24034
   0.54749 -0.04282 -0.23747
   0.55497 -0.04222 -0.23431
   0.56243 -0.04159 -0.23064
   0.56987 -0.04093 -0.22728
   0.57730 -0.04025 -0.22357
   0.58471 -0.03954 -0.21940
   0.59210 -0.03881 -0.21519
   0.59948 -0.03804 -0.21074
   0.60683 -0.03724 -0.20612
   0.61417 -0.03642 -0.19986
   0.62149 -0.03556 -0.19512
   0.62879 -0.03468 -0.18783
   0.63608 -0.03376 -0.18212
   0.64335 -0.03281 -0.17396
   0.65061 -0.03183 -0.16684
   0.65786 -0.03081 -0.15826
   0.66510 -0.02976 -0.14933
   0.67232 -0.02867 -0.13954
   0.67954 -0.02755 -0.12941
   0.68676 -0.02640 -0.11884
   0.69397 -0.02520 -0.10760
   0.70117 -0.02398 -0.09482
   0.70838 -0.02271 -0.08209
   0.71559 -0.02141 -0.06856
   0.72281 -0.02007 -0.05418
   0.73004 -0.01870 -0.03941
   0.73728 -0.01729 -0.02328
   0.74453 -0.01584 -0.00569
   0.75180 -0.01436  0.01065
   0.75910 -0.01284  0.03067
   0.76642 -0.01128  0.04877
   0.77378 -0.00969  0.07058
   0.78118 -0.00807  0.08944
   0.78863 -0.00642  0.11294
   0.79611 -0.00475  0.13381
   0.80361 -0.00306  0.15824
   0.81108 -0.00138  0.18118
   0.81847  0.00029  0.20418
   0.82574  0.00191  0.22797
   0.83289  0.00348  0.24999
   0.83991  0.00499  0.27054
   0.84680  0.00644  0.29024
   0.85358  0.00782  0.30967
   0.86023  0.00913  0.32598
   0.86676  0.01036  0.34458
   0.87316  0.01151  0.35872
   0.87944  0.01258  0.37518
   0.88561  0.01356  0.38701
   0.89167  0.01445  0.39924
   0.89763  0.01526  0.41005
   0.90349  0.01599  0.41961
   0.90927  0.01663  0.42743
   0.91493  0.01718  0.43708
   0.92047  0.01765  0.44295
   0.92588  0.01803  0.45123
   0.93120  0.01832  0.45483
   0.93644  0.01853  0.45567
   0.94160  0.01868  0.45859
   0.94662  0.01876  0.46554
   0.95140  0.01879  0.48094
   0.95595  0.01872  0.49061
   0.96030  0.01853  0.49570
   0.96456  0.01820  0.48079
   0.96881  0.01775  0.45321
   0.97308  0.01723  0.42612
   0.97733  0.01672  0.41394
   0.98147  0.01621  0.42713
   0.98549  0.01562  0.43408
   0.98945  0.01488  0.38884
   0.99342  0.01406  0.32414
   0.99738  0.01325  0.29886
   1.00000  0.01271  0.25422
