GRUMMAN K-2 AIRFOIL                             
 Alfa =  -1.32490 Re =        0.000 Xflap,Yflap =     0.000000    0.000000
#    x        y        Cp  
   1.00000  0.01371  0.25218
   0.99739  0.01444  0.09676
   0.99327  0.01550  0.06276
   0.98886  0.01658  0.04441
   0.98418  0.01773  0.00274
   0.97923  0.01891 -0.02678
   0.97401  0.02013 -0.05680
   0.96856  0.02137 -0.08462
   0.96293  0.02261 -0.11244
   0.95713  0.02384 -0.13545
   0.95115  0.02505 -0.15416
   0.94501  0.02623 -0.16935
   0.93873  0.02739 -0.18293
   0.93231  0.02852 -0.19388
   0.92575  0.02962 -0.20123
   0.91905  0.03069 -0.20691
   0.91224  0.03174 -0.21411
   0.90536  0.03277 -0.22273
   0.89842  0.03376 -0.23018
   0.89145  0.03472 -0.23799
   0.88446  0.03564 -0.24332
   0.87741  0.03652 -0.24736
   0.87030  0.03736 -0.24784
   0.86310  0.03817 -0.24777
   0.85580  0.03897 -0.24734
   0.84840  0.03974 -0.24652
   0.84093  0.04049 -0.24660
   0.83341  0.04123 -0.24702
   0.82588  0.04195 -0.25159
   0.81837  0.04265 -0.25753
   0.81087  0.04332 -0.26008
   0.80338  0.04396 -0.26333
   0.79590  0.04457 -0.26581
   0.78841  0.04515 -0.26682
   0.78092  0.04570 -0.26835
   0.77342  0.04622 -0.26802
   0.76591  0.04671 -0.26803
   0.75838  0.04717 -0.26682
   0.75082  0.04761 -0.26553
   0.74324  0.04802 -0.26163
   0.73562  0.04841 -0.26030
   0.72798  0.04878 -0.25694
   0.72030  0.04913 -0.25474
   0.71260  0.04946 -0.25189
   0.70486  0.04978 -0.24928
   0.69710  0.05008 -0.24652
   0.68932  0.05037 -0.24429
   0.68152  0.05064 -0.24194
   0.67370  0.05090 -0.24097
   0.66588  0.05114 -0.23815
   0.65804  0.05138 -0.23702
   0.65020  0.05160 -0.23521
   0.64235  0.05180 -0.23355
   0.63449  0.05200 -0.23265
   0.62662  0.05218 -0.23036
   0.61875  0.05235 -0.22919
   0.61086  0.05251 -0.22756
   0.60297  0.05266 -0.22571
   0.59508  0.05280 -0.22503
   0.58718  0.05293 -0.22410
   0.57928  0.05305 -0.22269
   0.57138  0.05316 -0.22153
   0.56347  0.05325 -0.22062
   0.55556  0.05334 -0.22004
   0.54765  0.05342 -0.21866
   0.53974  0.05348 -0.21754
   0.53183  0.05354 -0.21665
   0.52391  0.05358 -0.21631
   0.51600  0.05362 -0.21475
   0.50808  0.05365 -0.21451
   0.50017  0.05366 -0.21345
   0.49225  0.05367 -0.21231
   0.48434  0.05366 -0.21222
   0.47642  0.05365 -0.21129
   0.46852  0.05363 -0.21078
   0.46062  0.05360 -0.20966
   0.45272  0.05355 -0.21015
   0.44483  0.05350 -0.20840
   0.43695  0.05344 -0.20794
   0.42908  0.05336 -0.20704
   0.42122  0.05328 -0.20714
   0.41340  0.05319 -0.20634
   0.40562  0.05309 -0.20737
   0.39791  0.05299 -0.20704
   0.39026  0.05286 -0.20728
   0.38268  0.05273 -0.20479
   0.37518  0.05259 -0.20123
   0.36779  0.05245 -0.20218
   0.36056  0.05233 -0.21003
   0.35355  0.05219 -0.22164
   0.34675  0.05202 -0.22836
   0.34015  0.05179 -0.21346
   0.33367  0.05152 -0.18519
   0.32729  0.05126 -0.15987
   0.32094  0.05107 -0.15280
   0.31459  0.05095 -0.17574
   0.30818  0.05086 -0.20596
   0.30168  0.05074 -0.22747
   0.29501  0.05055 -0.22356
   0.28812  0.05029 -0.21011
   0.28102  0.05002 -0.20069
   0.27376  0.04974 -0.20253
   0.26640  0.04946 -0.20530
   0.25896  0.04915 -0.20614
   0.25145  0.04883 -0.20585
   0.24388  0.04848 -0.20547
   0.23629  0.04812 -0.20607
   0.22868  0.04775 -0.20663
   0.22107  0.04735 -0.20759
   0.21346  0.04694 -0.20789
   0.20588  0.04651 -0.20895
   0.19832  0.04606 -0.20963
   0.19079  0.04559 -0.21095
   0.18331  0.04510 -0.21286
   0.17587  0.04459 -0.21236
   0.16848  0.04405 -0.21508
   0.16116  0.04350 -0.21527
   0.15392  0.04292 -0.21605
   0.14676  0.04231 -0.21857
   0.13969  0.04168 -0.21742
   0.13274  0.04103 -0.21936
   0.12592  0.04036 -0.21887
   0.11925  0.03966 -0.21934
   0.11274  0.03895 -0.21869
   0.10643  0.03821 -0.21829
   0.10032  0.03747 -0.21868
   0.09446  0.03673 -0.21789
   0.08886  0.03598 -0.21964
   0.08353  0.03523 -0.21988
   0.07849  0.03450 -0.22247
   0.07373  0.03377 -0.22720
   0.06927  0.03305 -0.22842
   0.06509  0.03235 -0.24009
   0.06115  0.03165 -0.24431
   0.05745  0.03095 -0.25097
   0.05396  0.03023 -0.25446
   0.05068  0.02952 -0.24934
   0.04758  0.02879 -0.24071
   0.04465  0.02805 -0.22962
   0.04187  0.02732 -0.21743
   0.03925  0.02659 -0.20257
   0.03676  0.02587 -0.19313
   0.03441  0.02515 -0.17802
   0.03218  0.02442 -0.15042
   0.03006  0.02371 -0.12228
   0.02804  0.02301 -0.09902
   0.02612  0.02234 -0.09065
   0.02429  0.02168 -0.08866
   0.02256  0.02105 -0.08470
   0.02092  0.02042 -0.08257
   0.01936  0.01979 -0.07461
   0.01788  0.01916 -0.05904
   0.01648  0.01853 -0.03722
   0.01513  0.01790 -0.01115
   0.01385  0.01728  0.01212
   0.01262  0.01665  0.03696
   0.01145  0.01603  0.05255
   0.01032  0.01542  0.07331
   0.00925  0.01480  0.09885
   0.00822  0.01418  0.11531
   0.00724  0.01356  0.14315
   0.00631  0.01293  0.16214
   0.00542  0.01229  0.18552
   0.00458  0.01164  0.21760
   0.00379  0.01098  0.24028
   0.00305  0.01029  0.27436
   0.00239  0.00956  0.31994
   0.00182  0.00878  0.45855
   0.00133  0.00797  0.52497
   0.00094  0.00712  0.66243
   0.00065  0.00624  0.77255
   0.00044  0.00536  0.85924
   0.00028  0.00447  0.91574
   0.00016  0.00358  0.95660
   0.00008  0.00270  0.98059
   0.00003  0.00182  0.99492
   0.00000  0.00095  0.99997
  -0.00000  0.00009  0.99693
   0.00003 -0.00076  0.98756
   0.00006 -0.00163  0.96799
   0.00015 -0.00249  0.95122
   0.00023 -0.00336  0.91737
   0.00032 -0.00424  0.87632
   0.00047 -0.00512  0.83395
   0.00063 -0.00601  0.77822
   0.00082 -0.00691  0.71392
   0.00104 -0.00781  0.64042
   0.00129 -0.00871  0.54781
   0.00157 -0.00961  0.44429
   0.00190 -0.01051  0.32617
   0.00227 -0.01140  0.17181
   0.00270 -0.01228  0.04201
   0.00318 -0.01315 -0.16928
   0.00373 -0.01400 -0.40214
   0.00438 -0.01479 -0.47463
   0.00511 -0.01554 -0.54249
   0.00590 -0.01626 -0.56852
   0.00676 -0.01694 -0.58743
   0.00768 -0.01760 -0.59856
   0.00865 -0.01823 -0.60228
   0.00967 -0.01885 -0.60738
   0.01075 -0.01945 -0.59152
   0.01188 -0.02004 -0.59576
   0.01307 -0.02061 -0.58208
   0.01432 -0.02118 -0.57528
   0.01563 -0.02174 -0.56587
   0.01700 -0.02229 -0.54775
   0.01845 -0.02284 -0.53784
   0.01996 -0.02339 -0.52724
   0.02156 -0.02394 -0.51494
   0.02324 -0.02449 -0.50126
   0.02502 -0.02504 -0.48993
   0.02690 -0.02561 -0.48065
   0.02888 -0.02618 -0.46933
   0.03099 -0.02676 -0.46039
   0.03324 -0.02735 -0.45344
   0.03563 -0.02795 -0.44348
   0.03818 -0.02857 -0.43484
   0.04090 -0.02920 -0.42533
   0.04382 -0.02985 -0.41629
   0.04694 -0.03052 -0.40857
   0.05029 -0.03121 -0.40567
   0.05388 -0.03192 -0.39899
   0.05772 -0.03265 -0.39604
   0.06181 -0.03340 -0.39122
   0.06618 -0.03416 -0.38703
   0.07081 -0.03493 -0.38356
   0.07572 -0.03571 -0.37984
   0.08090 -0.03650 -0.37652
   0.08636 -0.03729 -0.37366
   0.09206 -0.03808 -0.36997
   0.09799 -0.03886 -0.36645
   0.10414 -0.03963 -0.36591
   0.11047 -0.04039 -0.36354
   0.11696 -0.04113 -0.36295
   0.12360 -0.04184 -0.36175
   0.13035 -0.04253 -0.36029
   0.13721 -0.04318 -0.35826
   0.14417 -0.04381 -0.35577
   0.15121 -0.04440 -0.35262
   0.15834 -0.04497 -0.34981
   0.16553 -0.04550 -0.34684
   0.17278 -0.04600 -0.34369
   0.18008 -0.04648 -0.34047
   0.18742 -0.04692 -0.33886
   0.19479 -0.04734 -0.33596
   0.20219 -0.04773 -0.33379
   0.20962 -0.04809 -0.32992
   0.21707 -0.04842 -0.32799
   0.22456 -0.04873 -0.32395
   0.23208 -0.04901 -0.32035
   0.23964 -0.04926 -0.31661
   0.24721 -0.04950 -0.31458
   0.25481 -0.04971 -0.31184
   0.26241 -0.04990 -0.30911
   0.27004 -0.05006 -0.30607
   0.27768 -0.05021 -0.30367
   0.28534 -0.05033 -0.30040
   0.29302 -0.05043 -0.29806
   0.30071 -0.05052 -0.29573
   0.30841 -0.05058 -0.29372
   0.31611 -0.05063 -0.29200
   0.32382 -0.05066 -0.28977
   0.33154 -0.05066 -0.28734
   0.33927 -0.05065 -0.28632
   0.34699 -0.05062 -0.28369
   0.35472 -0.05057 -0.28233
   0.36246 -0.05051 -0.28064
   0.37019 -0.05042 -0.27907
   0.37793 -0.05031 -0.27660
   0.38566 -0.05019 -0.27571
   0.39339 -0.05004 -0.27372
   0.40111 -0.04988 -0.27215
   0.40883 -0.04970 -0.27042
   0.41655 -0.04951 -0.26951
   0.42426 -0.04929 -0.26804
   0.43196 -0.04905 -0.26701
   0.43965 -0.04880 -0.26546
   0.44733 -0.04852 -0.26437
   0.45499 -0.04823 -0.26316
   0.46265 -0.04791 -0.26140
   0.47029 -0.04757 -0.26047
   0.47793 -0.04721 -0.25858
   0.48555 -0.04683 -0.25693
   0.49315 -0.04642 -0.25525
   0.50075 -0.04600 -0.25366
   0.50833 -0.04555 -0.25104
   0.51589 -0.04507 -0.24940
   0.52345 -0.04458 -0.24655
   0.53099 -0.04405 -0.24460
   0.53851 -0.04351 -0.24147
   0.54603 -0.04293 -0.23898
   0.55353 -0.04234 -0.23628
   0.56101 -0.04171 -0.23210
   0.56848 -0.04106 -0.22913
   0.57593 -0.04038 -0.22507
   0.58337 -0.03967 -0.22113
   0.59078 -0.03894 -0.21709
   0.59818 -0.03818 -0.21215
   0.60556 -0.03738 -0.20752
   0.61292 -0.03656 -0.20228
   0.62026 -0.03571 -0.19631
   0.62759 -0.03483 -0.19037
   0.63490 -0.03391 -0.18275
   0.64220 -0.03296 -0.17673
   0.64948 -0.03198 -0.16855
   0.65674 -0.03097 -0.16051
   0.66400 -0.02992 -0.15120
   0.67125 -0.02883 -0.14167
   0.67849 -0.02772 -0.13195
   0.68572 -0.02656 -0.12069
   0.69295 -0.02537 -0.10990
   0.70018 -0.02415 -0.09686
   0.70741 -0.02288 -0.08454
   0.71464 -0.02159 -0.07115
   0.72188 -0.02025 -0.05617
   0.72912 -0.01888 -0.04211
   0.73638 -0.01747 -0.02515
   0.74365 -0.01602 -0.00946
   0.75094 -0.01453  0.00920
   0.75826 -0.01301  0.02718
   0.76560 -0.01146  0.04686
   0.77297 -0.00987  0.06650
   0.78039 -0.00825  0.08808
   0.78785 -0.00659  0.10921
   0.79535 -0.00492  0.13240
   0.80287 -0.00323  0.15526
   0.81037 -0.00154  0.17759
   0.81778  0.00013  0.20280
   0.82509  0.00176  0.22596
   0.83227  0.00334  0.24749
   0.83932  0.00486  0.26824
   0.84624  0.00632  0.28867
   0.85304  0.00771  0.30709
   0.85972  0.00903  0.32602
   0.86628  0.01027  0.34222
   0.87271  0.01143  0.35830
   0.87902  0.01251  0.37332
   0.88521  0.01350  0.38605
   0.89129  0.01440  0.39886
   0.89727  0.01522  0.40866
   0.90316  0.01595  0.41916
   0.90895  0.01659  0.42802
   0.91464  0.01715  0.43539
   0.92020  0.01763  0.44379
   0.92564  0.01802  0.44959
   0.93097  0.01831  0.45420
   0.93623  0.01853  0.45733
   0.94141  0.01867  0.45683
   0.94645  0.01876  0.46709
   0.95125  0.01879  0.47877
   0.95581  0.01873  0.49139
   0.96019  0.01854  0.49550
   0.96446  0.01821  0.48046
   0.96872  0.01776  0.45426
   0.97300  0.01724  0.42571
   0.97726  0.01672  0.41542
   0.98142  0.01621  0.42802
   0.98545  0.01563  0.43238
   0.98942  0.01489  0.38718
   0.99340  0.01406  0.32672
   0.99738  0.01325  0.29807
   1.00000  0.01271  0.25218
