GRUMMAN K-2 AIRFOIL                             
 Alfa =  -1.00200 Re =        0.000 Xflap,Yflap =     0.000000    0.000000
#    x        y        Cp  
   1.00000  0.01371  0.25408
   0.99740  0.01444  0.09887
   0.99329  0.01549  0.06099
   0.98889  0.01657  0.04532
   0.98423  0.01772  0.00467
   0.97929  0.01890 -0.03045
   0.97409  0.02011 -0.05658
   0.96867  0.02135 -0.08726
   0.96305  0.02259 -0.11396
   0.95727  0.02381 -0.13579
   0.95131  0.02502 -0.15698
   0.94520  0.02620 -0.17226
   0.93893  0.02735 -0.18553
   0.93253  0.02848 -0.19696
   0.92600  0.02957 -0.20425
   0.91932  0.03065 -0.21059
   0.91254  0.03170 -0.21763
   0.90568  0.03272 -0.22652
   0.89876  0.03372 -0.23405
   0.89181  0.03467 -0.24239
   0.88484  0.03559 -0.24853
   0.87782  0.03647 -0.25130
   0.87073  0.03731 -0.25260
   0.86355  0.03812 -0.25390
   0.85628  0.03891 -0.25272
   0.84891  0.03968 -0.25211
   0.84146  0.04044 -0.25215
   0.83396  0.04117 -0.25228
   0.82645  0.04190 -0.25812
   0.81896  0.04260 -0.26324
   0.81149  0.04327 -0.26699
   0.80402  0.04391 -0.26962
   0.79655  0.04452 -0.27229
   0.78909  0.04510 -0.27450
   0.78162  0.04565 -0.27552
   0.77414  0.04617 -0.27514
   0.76665  0.04666 -0.27574
   0.75914  0.04713 -0.27459
   0.75161  0.04756 -0.27293
   0.74405  0.04798 -0.27128
   0.73646  0.04837 -0.26856
   0.72884  0.04874 -0.26623
   0.72118  0.04909 -0.26350
   0.71350  0.04943 -0.26034
   0.70580  0.04974 -0.25866
   0.69806  0.05004 -0.25572
   0.69030  0.05033 -0.25389
   0.68252  0.05060 -0.25186
   0.67473  0.05086 -0.25029
   0.66693  0.05111 -0.24819
   0.65911  0.05135 -0.24706
   0.65129  0.05157 -0.24577
   0.64347  0.05178 -0.24384
   0.63563  0.05197 -0.24287
   0.62779  0.05216 -0.24151
   0.61994  0.05233 -0.23962
   0.61208  0.05249 -0.23919
   0.60421  0.05264 -0.23685
   0.59633  0.05278 -0.23619
   0.58846  0.05291 -0.23511
   0.58058  0.05303 -0.23465
   0.57270  0.05314 -0.23355
   0.56482  0.05324 -0.23279
   0.55693  0.05333 -0.23188
   0.54904  0.05340 -0.23140
   0.54115  0.05347 -0.23013
   0.53326  0.05353 -0.22996
   0.52537  0.05358 -0.22876
   0.51748  0.05361 -0.22804
   0.50958  0.05364 -0.22790
   0.50169  0.05366 -0.22646
   0.49380  0.05367 -0.22700
   0.48590  0.05367 -0.22549
   0.47801  0.05366 -0.22605
   0.47012  0.05363 -0.22520
   0.46224  0.05360 -0.22466
   0.45437  0.05356 -0.22422
   0.44650  0.05351 -0.22387
   0.43864  0.05345 -0.22294
   0.43079  0.05338 -0.22294
   0.42295  0.05330 -0.22280
   0.41514  0.05321 -0.22265
   0.40737  0.05312 -0.22349
   0.39966  0.05301 -0.22312
   0.39202  0.05289 -0.22451
   0.38445  0.05276 -0.22180
   0.37694  0.05262 -0.21933
   0.36954  0.05249 -0.21854
   0.36229  0.05236 -0.22597
   0.35524  0.05223 -0.23718
   0.34842  0.05207 -0.24667
   0.34179  0.05185 -0.23804
   0.33530  0.05159 -0.21097
   0.32892  0.05132 -0.18413
   0.32258  0.05111 -0.17047
   0.31625  0.05098 -0.18720
   0.30988  0.05089 -0.21713
   0.30343  0.05078 -0.24503
   0.29682  0.05061 -0.24758
   0.29002  0.05037 -0.23525
   0.28299  0.05009 -0.22353
   0.27579  0.04982 -0.22252
   0.26847  0.04954 -0.22693
   0.26108  0.04924 -0.22919
   0.25361  0.04892 -0.22840
   0.24607  0.04858 -0.22878
   0.23850  0.04823 -0.23013
   0.23092  0.04786 -0.23096
   0.22333  0.04747 -0.23215
   0.21574  0.04707 -0.23307
   0.20817  0.04664 -0.23533
   0.20063  0.04620 -0.23626
   0.19311  0.04574 -0.23753
   0.18563  0.04526 -0.24121
   0.17820  0.04475 -0.24143
   0.17081  0.04423 -0.24326
   0.16349  0.04368 -0.24625
   0.15624  0.04311 -0.24689
   0.14907  0.04251 -0.24998
   0.14200  0.04189 -0.25130
   0.13503  0.04125 -0.25300
   0.12818  0.04059 -0.25453
   0.12147  0.03990 -0.25557
   0.11493  0.03919 -0.25642
   0.10856  0.03847 -0.25734
   0.10240  0.03773 -0.25780
   0.09647  0.03699 -0.25975
   0.09078  0.03624 -0.26249
   0.08537  0.03550 -0.26217
   0.08024  0.03476 -0.26859
   0.07540  0.03403 -0.27153
   0.07085  0.03331 -0.27650
   0.06658  0.03261 -0.29071
   0.06257  0.03190 -0.29267
   0.05879  0.03120 -0.30541
   0.05523  0.03050 -0.31100
   0.05189  0.02978 -0.31041
   0.04873  0.02906 -0.30544
   0.04574  0.02833 -0.29559
   0.04291  0.02760 -0.28742
   0.04024  0.02687 -0.27350
   0.03771  0.02615 -0.26253
   0.03531  0.02543 -0.25588
   0.03305  0.02471 -0.23179
   0.03089  0.02399 -0.20220
   0.02884  0.02329 -0.17920
   0.02688  0.02260 -0.16472
   0.02502  0.02195 -0.16453
   0.02326  0.02131 -0.16461
   0.02159  0.02067 -0.16525
   0.02000  0.02005 -0.16110
   0.01849  0.01942 -0.15210
   0.01706  0.01880 -0.13534
   0.01569  0.01817 -0.10990
   0.01439  0.01754 -0.08880
   0.01314  0.01692 -0.06689
   0.01194  0.01630 -0.04816
   0.01080  0.01568 -0.03089
   0.00971  0.01507 -0.01477
   0.00867  0.01445  0.00810
   0.00767  0.01383  0.02265
   0.00672  0.01321  0.04385
   0.00581  0.01258  0.06037
   0.00495  0.01194  0.08751
   0.00414  0.01128  0.10630
   0.00338  0.01061  0.12849
   0.00268  0.00990  0.15620
   0.00207  0.00914  0.26929
   0.00154  0.00835  0.36041
   0.00111  0.00752  0.48580
   0.00078  0.00665  0.63040
   0.00053  0.00577  0.74878
   0.00035  0.00489  0.83585
   0.00022  0.00400  0.89582
   0.00012  0.00312  0.94095
   0.00005  0.00224  0.96948
   0.00001  0.00137  0.98810
  -0.00000  0.00051  0.99801
   0.00001 -0.00034  0.99977
   0.00004 -0.00120  0.99427
   0.00010 -0.00206  0.98140
   0.00020 -0.00292  0.96787
   0.00027 -0.00380  0.93396
   0.00039 -0.00468  0.90484
   0.00054 -0.00556  0.86289
   0.00072 -0.00645  0.81077
   0.00092 -0.00735  0.75211
   0.00115 -0.00824  0.68251
   0.00142 -0.00914  0.59338
   0.00173 -0.01004  0.49388
   0.00207 -0.01094  0.37944
   0.00247 -0.01182  0.21858
   0.00292 -0.01269  0.13939
   0.00342 -0.01356 -0.17725
   0.00402 -0.01437 -0.24313
   0.00470 -0.01514 -0.34965
   0.00546 -0.01587 -0.39006
   0.00629 -0.01657 -0.42403
   0.00717 -0.01724 -0.44086
   0.00811 -0.01789 -0.46089
   0.00910 -0.01851 -0.46430
   0.01015 -0.01912 -0.46517
   0.01125 -0.01971 -0.46930
   0.01240 -0.02029 -0.46587
   0.01361 -0.02086 -0.46365
   0.01488 -0.02142 -0.45975
   0.01621 -0.02198 -0.44870
   0.01761 -0.02253 -0.44396
   0.01908 -0.02307 -0.43136
   0.02063 -0.02362 -0.42902
   0.02226 -0.02417 -0.41892
   0.02397 -0.02472 -0.40651
   0.02579 -0.02528 -0.40156
   0.02770 -0.02584 -0.39342
   0.02973 -0.02641 -0.38774
   0.03189 -0.02700 -0.38203
   0.03419 -0.02759 -0.37757
   0.03663 -0.02820 -0.36881
   0.03924 -0.02882 -0.36409
   0.04203 -0.02945 -0.35517
   0.04502 -0.03011 -0.35022
   0.04822 -0.03078 -0.34603
   0.05165 -0.03148 -0.34420
   0.05533 -0.03220 -0.34125
   0.05925 -0.03293 -0.33960
   0.06344 -0.03368 -0.33625
   0.06789 -0.03445 -0.33552
   0.07262 -0.03522 -0.33203
   0.07761 -0.03600 -0.33179
   0.08288 -0.03679 -0.32964
   0.08842 -0.03758 -0.32753
   0.09419 -0.03836 -0.32561
   0.10019 -0.03914 -0.32461
   0.10638 -0.03991 -0.32472
   0.11276 -0.04065 -0.32467
   0.11929 -0.04138 -0.32476
   0.12594 -0.04208 -0.32424
   0.13272 -0.04276 -0.32396
   0.13959 -0.04340 -0.32327
   0.14656 -0.04401 -0.32089
   0.15362 -0.04460 -0.31986
   0.16075 -0.04515 -0.31660
   0.16794 -0.04567 -0.31495
   0.17519 -0.04616 -0.31217
   0.18248 -0.04663 -0.31071
   0.18981 -0.04706 -0.30901
   0.19717 -0.04747 -0.30812
   0.20456 -0.04785 -0.30439
   0.21197 -0.04820 -0.30394
   0.21942 -0.04852 -0.30027
   0.22690 -0.04882 -0.29809
   0.23441 -0.04909 -0.29376
   0.24195 -0.04934 -0.29202
   0.24951 -0.04956 -0.29030
   0.25708 -0.04977 -0.28739
   0.26468 -0.04995 -0.28640
   0.27229 -0.05011 -0.28247
   0.27991 -0.05024 -0.28134
   0.28756 -0.05036 -0.27820
   0.29522 -0.05046 -0.27655
   0.30289 -0.05054 -0.27495
   0.31057 -0.05060 -0.27312
   0.31825 -0.05064 -0.27115
   0.32595 -0.05066 -0.26983
   0.33364 -0.05066 -0.26854
   0.34135 -0.05065 -0.26697
   0.34906 -0.05061 -0.26548
   0.35677 -0.05056 -0.26390
   0.36448 -0.05048 -0.26250
   0.37219 -0.05039 -0.26112
   0.37990 -0.05028 -0.25936
   0.38761 -0.05015 -0.25821
   0.39532 -0.05001 -0.25712
   0.40302 -0.04984 -0.25595
   0.41072 -0.04966 -0.25406
   0.41842 -0.04945 -0.25367
   0.42610 -0.04923 -0.25250
   0.43378 -0.04899 -0.25195
   0.44144 -0.04873 -0.25000
   0.44910 -0.04845 -0.24966
   0.45674 -0.04815 -0.24830
   0.46437 -0.04783 -0.24776
   0.47199 -0.04749 -0.24624
   0.47960 -0.04713 -0.24456
   0.48720 -0.04674 -0.24344
   0.49478 -0.04634 -0.24188
   0.50235 -0.04590 -0.23968
   0.50991 -0.04545 -0.23865
   0.51745 -0.04497 -0.23614
   0.52498 -0.04447 -0.23393
   0.53250 -0.04395 -0.23196
   0.54000 -0.04340 -0.22958
   0.54749 -0.04282 -0.22689
   0.55497 -0.04222 -0.22392
   0.56243 -0.04159 -0.22047
   0.56987 -0.04093 -0.21727
   0.57730 -0.04025 -0.21375
   0.58471 -0.03954 -0.20981
   0.59210 -0.03881 -0.20576
   0.59948 -0.03804 -0.20151
   0.60683 -0.03724 -0.19705
   0.61417 -0.03642 -0.19099
   0.62149 -0.03556 -0.18644
   0.62879 -0.03468 -0.17936
   0.63608 -0.03376 -0.17383
   0.64335 -0.03281 -0.16584
   0.65061 -0.03183 -0.15895
   0.65786 -0.03081 -0.15054
   0.66510 -0.02976 -0.14180
   0.67232 -0.02867 -0.13223
   0.67954 -0.02755 -0.12231
   0.68676 -0.02640 -0.11186
   0.69397 -0.02520 -0.10087
   0.70117 -0.02398 -0.08828
   0.70838 -0.02271 -0.07576
   0.71559 -0.02141 -0.06244
   0.72281 -0.02007 -0.04823
   0.73004 -0.01870 -0.03364
   0.73728 -0.01729 -0.01774
   0.74453 -0.01584 -0.00041
   0.75180 -0.01436  0.01581
   0.75910 -0.01284  0.03561
   0.76642 -0.01128  0.05346
   0.77378 -0.00969  0.07508
   0.78118 -0.00807  0.09377
   0.78863 -0.00642  0.11707
   0.79611 -0.00475  0.13771
   0.80361 -0.00306  0.16195
   0.81108 -0.00138  0.18469
   0.81847  0.00029  0.20755
   0.82574  0.00191  0.23112
   0.83289  0.00348  0.25298
   0.83991  0.00499  0.27334
   0.84680  0.00644  0.29291
   0.85358  0.00782  0.31222
   0.86023  0.00913  0.32838
   0.86676  0.01036  0.34682
   0.87316  0.01151  0.36096
   0.87944  0.01258  0.37721
   0.88561  0.01356  0.38897
   0.89167  0.01445  0.40112
   0.89763  0.01526  0.41180
   0.90349  0.01599  0.42133
   0.90927  0.01663  0.42905
   0.91493  0.01718  0.43857
   0.92047  0.01765  0.44450
   0.92588  0.01803  0.45259
   0.93120  0.01832  0.45619
   0.93644  0.01853  0.45695
   0.94160  0.01868  0.45981
   0.94662  0.01876  0.46678
   0.95140  0.01879  0.48200
   0.95595  0.01872  0.49167
   0.96030  0.01853  0.49670
   0.96456  0.01820  0.48171
   0.96881  0.01775  0.45420
   0.97308  0.01723  0.42707
   0.97733  0.01672  0.41486
   0.98147  0.01621  0.42792
   0.98549  0.01562  0.43478
   0.98945  0.01488  0.38956
   0.99342  0.01406  0.32486
   0.99738  0.01325  0.29944
   1.00000  0.01271  0.25408
