GRUMMAN K-2 AIRFOIL                             
 Alfa =  -1.03100 Re =        0.000 Xflap,Yflap =     0.000000    0.000000
#    x        y        Cp  
   1.00000  0.01371  0.25409
   0.99740  0.01444  0.09890
   0.99329  0.01549  0.06104
   0.98889  0.01657  0.04540
   0.98423  0.01772  0.00478
   0.97929  0.01890 -0.03032
   0.97409  0.02011 -0.05643
   0.96867  0.02135 -0.08708
   0.96305  0.02259 -0.11377
   0.95727  0.02381 -0.13558
   0.95131  0.02502 -0.15674
   0.94520  0.02620 -0.17200
   0.93893  0.02735 -0.18525
   0.93253  0.02848 -0.19665
   0.92600  0.02957 -0.20394
   0.91932  0.03065 -0.21024
   0.91254  0.03170 -0.21727
   0.90568  0.03272 -0.22614
   0.89876  0.03372 -0.23366
   0.89181  0.03467 -0.24197
   0.88484  0.03559 -0.24810
   0.87782  0.03647 -0.25085
   0.87073  0.03731 -0.25214
   0.86355  0.03812 -0.25341
   0.85628  0.03891 -0.25223
   0.84891  0.03968 -0.25160
   0.84146  0.04044 -0.25162
   0.83396  0.04117 -0.25173
   0.82645  0.04190 -0.25756
   0.81896  0.04260 -0.26266
   0.81149  0.04327 -0.26639
   0.80402  0.04391 -0.26901
   0.79655  0.04452 -0.27166
   0.78909  0.04510 -0.27387
   0.78162  0.04565 -0.27485
   0.77414  0.04617 -0.27447
   0.76665  0.04666 -0.27504
   0.75914  0.04713 -0.27389
   0.75161  0.04756 -0.27221
   0.74405  0.04798 -0.27055
   0.73646  0.04837 -0.26781
   0.72884  0.04874 -0.26547
   0.72118  0.04909 -0.26273
   0.71350  0.04943 -0.25955
   0.70580  0.04974 -0.25786
   0.69806  0.05004 -0.25491
   0.69030  0.05033 -0.25305
   0.68252  0.05060 -0.25103
   0.67473  0.05086 -0.24943
   0.66693  0.05111 -0.24732
   0.65911  0.05135 -0.24618
   0.65129  0.05157 -0.24487
   0.64347  0.05178 -0.24293
   0.63563  0.05197 -0.24194
   0.62779  0.05216 -0.24056
   0.61994  0.05233 -0.23865
   0.61208  0.05249 -0.23822
   0.60421  0.05264 -0.23586
   0.59633  0.05278 -0.23518
   0.58846  0.05291 -0.23409
   0.58058  0.05303 -0.23361
   0.57270  0.05314 -0.23250
   0.56482  0.05324 -0.23172
   0.55693  0.05333 -0.23079
   0.54904  0.05340 -0.23029
   0.54115  0.05347 -0.22901
   0.53326  0.05353 -0.22882
   0.52537  0.05358 -0.22760
   0.51748  0.05361 -0.22687
   0.50958  0.05364 -0.22671
   0.50169  0.05366 -0.22524
   0.49380  0.05367 -0.22577
   0.48590  0.05367 -0.22424
   0.47801  0.05366 -0.22478
   0.47012  0.05363 -0.22391
   0.46224  0.05360 -0.22335
   0.45437  0.05356 -0.22289
   0.44650  0.05351 -0.22252
   0.43864  0.05345 -0.22157
   0.43079  0.05338 -0.22154
   0.42295  0.05330 -0.22139
   0.41514  0.05321 -0.22121
   0.40737  0.05312 -0.22203
   0.39966  0.05301 -0.22163
   0.39202  0.05289 -0.22300
   0.38445  0.05276 -0.22026
   0.37694  0.05262 -0.21778
   0.36954  0.05249 -0.21696
   0.36229  0.05236 -0.22436
   0.35524  0.05223 -0.23553
   0.34842  0.05207 -0.24499
   0.34179  0.05185 -0.23634
   0.33530  0.05159 -0.20929
   0.32892  0.05132 -0.18246
   0.32258  0.05111 -0.16880
   0.31625  0.05098 -0.18548
   0.30988  0.05089 -0.21533
   0.30343  0.05078 -0.24317
   0.29682  0.05061 -0.24568
   0.29002  0.05037 -0.23335
   0.28299  0.05009 -0.22161
   0.27579  0.04982 -0.22057
   0.26847  0.04954 -0.22493
   0.26108  0.04924 -0.22715
   0.25361  0.04892 -0.22632
   0.24607  0.04858 -0.22666
   0.23850  0.04823 -0.22796
   0.23092  0.04786 -0.22874
   0.22333  0.04747 -0.22989
   0.21574  0.04707 -0.23076
   0.20817  0.04664 -0.23296
   0.20063  0.04620 -0.23384
   0.19311  0.04574 -0.23505
   0.18563  0.04526 -0.23866
   0.17820  0.04475 -0.23881
   0.17081  0.04423 -0.24057
   0.16349  0.04368 -0.24349
   0.15624  0.04311 -0.24405
   0.14907  0.04251 -0.24706
   0.14200  0.04189 -0.24829
   0.13503  0.04125 -0.24991
   0.12818  0.04059 -0.25134
   0.12147  0.03990 -0.25228
   0.11493  0.03919 -0.25302
   0.10856  0.03847 -0.25384
   0.10240  0.03773 -0.25418
   0.09647  0.03699 -0.25600
   0.09078  0.03624 -0.25862
   0.08537  0.03550 -0.25816
   0.08024  0.03476 -0.26444
   0.07540  0.03403 -0.26722
   0.07085  0.03331 -0.27204
   0.06658  0.03261 -0.28605
   0.06257  0.03190 -0.28785
   0.05879  0.03120 -0.30038
   0.05523  0.03050 -0.30578
   0.05189  0.02978 -0.30503
   0.04873  0.02906 -0.29990
   0.04574  0.02833 -0.28991
   0.04291  0.02760 -0.28159
   0.04024  0.02687 -0.26754
   0.03771  0.02615 -0.25643
   0.03531  0.02543 -0.24961
   0.03305  0.02471 -0.22543
   0.03089  0.02399 -0.19578
   0.02884  0.02329 -0.17269
   0.02688  0.02260 -0.15807
   0.02502  0.02195 -0.15766
   0.02326  0.02131 -0.15749
   0.02159  0.02067 -0.15788
   0.02000  0.02005 -0.15348
   0.01849  0.01942 -0.14426
   0.01706  0.01880 -0.12732
   0.01569  0.01817 -0.10174
   0.01439  0.01754 -0.08049
   0.01314  0.01692 -0.05840
   0.01194  0.01630 -0.03946
   0.01080  0.01568 -0.02195
   0.00971  0.01507 -0.00557
   0.00867  0.01445  0.01756
   0.00767  0.01383  0.03243
   0.00672  0.01321  0.05397
   0.00581  0.01258  0.07090
   0.00495  0.01194  0.09842
   0.00414  0.01128  0.11772
   0.00338  0.01061  0.14054
   0.00268  0.00990  0.16889
   0.00207  0.00914  0.28144
   0.00154  0.00835  0.37226
   0.00111  0.00752  0.49661
   0.00078  0.00665  0.63934
   0.00053  0.00577  0.75590
   0.00035  0.00489  0.84140
   0.00022  0.00400  0.90012
   0.00012  0.00312  0.94410
   0.00005  0.00224  0.97169
   0.00001  0.00137  0.98945
  -0.00000  0.00051  0.99854
   0.00001 -0.00034  0.99955
   0.00004 -0.00120  0.99330
   0.00010 -0.00206  0.97964
   0.00020 -0.00292  0.96577
   0.00027 -0.00380  0.93066
   0.00039 -0.00468  0.90104
   0.00054 -0.00556  0.85830
   0.00072 -0.00645  0.80537
   0.00092 -0.00735  0.74592
   0.00115 -0.00824  0.67547
   0.00142 -0.00914  0.58533
   0.00173 -0.01004  0.48481
   0.00207 -0.01094  0.36933
   0.00247 -0.01182  0.20696
   0.00292 -0.01269  0.12756
   0.00342 -0.01356 -0.19220
   0.00402 -0.01437 -0.25773
   0.00470 -0.01514 -0.36449
   0.00546 -0.01587 -0.40437
   0.00629 -0.01657 -0.43786
   0.00717 -0.01724 -0.45411
   0.00811 -0.01789 -0.47366
   0.00910 -0.01851 -0.47652
   0.01015 -0.01912 -0.47685
   0.01125 -0.01971 -0.48052
   0.01240 -0.02029 -0.47663
   0.01361 -0.02086 -0.47398
   0.01488 -0.02142 -0.46966
   0.01621 -0.02198 -0.45819
   0.01761 -0.02253 -0.45309
   0.01908 -0.02307 -0.44011
   0.02063 -0.02362 -0.43746
   0.02226 -0.02417 -0.42703
   0.02397 -0.02472 -0.41430
   0.02579 -0.02528 -0.40907
   0.02770 -0.02584 -0.40065
   0.02973 -0.02641 -0.39472
   0.03189 -0.02700 -0.38877
   0.03419 -0.02759 -0.38407
   0.03663 -0.02820 -0.37508
   0.03924 -0.02882 -0.37014
   0.04203 -0.02945 -0.36100
   0.04502 -0.03011 -0.35584
   0.04822 -0.03078 -0.35146
   0.05165 -0.03148 -0.34944
   0.05533 -0.03220 -0.34631
   0.05925 -0.03293 -0.34449
   0.06344 -0.03368 -0.34097
   0.06789 -0.03445 -0.34008
   0.07262 -0.03522 -0.33643
   0.07761 -0.03600 -0.33604
   0.08288 -0.03679 -0.33375
   0.08842 -0.03758 -0.33150
   0.09419 -0.03836 -0.32945
   0.10019 -0.03914 -0.32833
   0.10638 -0.03991 -0.32831
   0.11276 -0.04065 -0.32815
   0.11929 -0.04138 -0.32814
   0.12594 -0.04208 -0.32753
   0.13272 -0.04276 -0.32715
   0.13959 -0.04340 -0.32637
   0.14656 -0.04401 -0.32390
   0.15362 -0.04460 -0.32278
   0.16075 -0.04515 -0.31945
   0.16794 -0.04567 -0.31771
   0.17519 -0.04616 -0.31486
   0.18248 -0.04663 -0.31333
   0.18981 -0.04706 -0.31158
   0.19717 -0.04747 -0.31062
   0.20456 -0.04785 -0.30683
   0.21197 -0.04820 -0.30633
   0.21942 -0.04852 -0.30259
   0.22690 -0.04882 -0.30036
   0.23441 -0.04909 -0.29598
   0.24195 -0.04934 -0.29419
   0.24951 -0.04956 -0.29243
   0.25708 -0.04977 -0.28947
   0.26468 -0.04995 -0.28844
   0.27229 -0.05011 -0.28447
   0.27991 -0.05024 -0.28329
   0.28756 -0.05036 -0.28012
   0.29522 -0.05046 -0.27842
   0.30289 -0.05054 -0.27679
   0.31057 -0.05060 -0.27492
   0.31825 -0.05064 -0.27292
   0.32595 -0.05066 -0.27156
   0.33364 -0.05066 -0.27024
   0.34135 -0.05065 -0.26864
   0.34906 -0.05061 -0.26712
   0.35677 -0.05056 -0.26551
   0.36448 -0.05048 -0.26408
   0.37219 -0.05039 -0.26268
   0.37990 -0.05028 -0.26089
   0.38761 -0.05015 -0.25971
   0.39532 -0.05001 -0.25859
   0.40302 -0.04984 -0.25740
   0.41072 -0.04966 -0.25549
   0.41842 -0.04945 -0.25507
   0.42610 -0.04923 -0.25388
   0.43378 -0.04899 -0.25330
   0.44144 -0.04873 -0.25133
   0.44910 -0.04845 -0.25097
   0.45674 -0.04815 -0.24958
   0.46437 -0.04783 -0.24903
   0.47199 -0.04749 -0.24749
   0.47960 -0.04713 -0.24578
   0.48720 -0.04674 -0.24464
   0.49478 -0.04634 -0.24307
   0.50235 -0.04590 -0.24084
   0.50991 -0.04545 -0.23979
   0.51745 -0.04497 -0.23726
   0.52498 -0.04447 -0.23503
   0.53250 -0.04395 -0.23305
   0.54000 -0.04340 -0.23064
   0.54749 -0.04282 -0.22794
   0.55497 -0.04222 -0.22495
   0.56243 -0.04159 -0.22148
   0.56987 -0.04093 -0.21826
   0.57730 -0.04025 -0.21472
   0.58471 -0.03954 -0.21076
   0.59210 -0.03881 -0.20669
   0.59948 -0.03804 -0.20242
   0.60683 -0.03724 -0.19795
   0.61417 -0.03642 -0.19186
   0.62149 -0.03556 -0.18730
   0.62879 -0.03468 -0.18020
   0.63608 -0.03376 -0.17465
   0.64335 -0.03281 -0.16664
   0.65061 -0.03183 -0.15973
   0.65786 -0.03081 -0.15130
   0.66510 -0.02976 -0.14254
   0.67232 -0.02867 -0.13295
   0.67954 -0.02755 -0.12301
   0.68676 -0.02640 -0.11255
   0.69397 -0.02520 -0.10154
   0.70117 -0.02398 -0.08892
   0.70838 -0.02271 -0.07638
   0.71559 -0.02141 -0.06305
   0.72281 -0.02007 -0.04882
   0.73004 -0.01870 -0.03421
   0.73728 -0.01729 -0.01829
   0.74453 -0.01584 -0.00093
   0.75180 -0.01436  0.01530
   0.75910 -0.01284  0.03512
   0.76642 -0.01128  0.05299
   0.77378 -0.00969  0.07464
   0.78118 -0.00807  0.09334
   0.78863 -0.00642  0.11666
   0.79611 -0.00475  0.13733
   0.80361 -0.00306  0.16158
   0.81108 -0.00138  0.18434
   0.81847  0.00029  0.20721
   0.82574  0.00191  0.23080
   0.83289  0.00348  0.25268
   0.83991  0.00499  0.27306
   0.84680  0.00644  0.29265
   0.85358  0.00782  0.31197
   0.86023  0.00913  0.32814
   0.86676  0.01036  0.34660
   0.87316  0.01151  0.36074
   0.87944  0.01258  0.37700
   0.88561  0.01356  0.38877
   0.89167  0.01445  0.40093
   0.89763  0.01526  0.41162
   0.90349  0.01599  0.42116
   0.90927  0.01663  0.42889
   0.91493  0.01718  0.43843
   0.92047  0.01765  0.44434
   0.92588  0.01803  0.45245
   0.93120  0.01832  0.45605
   0.93644  0.01853  0.45682
   0.94160  0.01868  0.45969
   0.94662  0.01876  0.46666
   0.95140  0.01879  0.48190
   0.95595  0.01872  0.49157
   0.96030  0.01853  0.49660
   0.96456  0.01820  0.48162
   0.96881  0.01775  0.45410
   0.97308  0.01723  0.42698
   0.97733  0.01672  0.41477
   0.98147  0.01621  0.42784
   0.98549  0.01562  0.43471
   0.98945  0.01488  0.38949
   0.99342  0.01406  0.32478
   0.99738  0.01325  0.29938
   1.00000  0.01271  0.25409
