GRUMMAN K-2 AIRFOIL                             
 Alfa =  -1.31440 Re =        0.000 Xflap,Yflap =     0.000000    0.000000
#    x        y        Cp  
   1.00000  0.01371  0.25423
   0.99740  0.01444  0.09926
   0.99329  0.01549  0.06153
   0.98889  0.01657  0.04622
   0.98423  0.01772  0.00591
   0.97929  0.01890 -0.02903
   0.97409  0.02011 -0.05498
   0.96867  0.02135 -0.08533
   0.96305  0.02259 -0.11184
   0.95727  0.02381 -0.13347
   0.95131  0.02502 -0.15436
   0.94520  0.02620 -0.16942
   0.93893  0.02735 -0.18246
   0.93253  0.02848 -0.19366
   0.92600  0.02957 -0.20082
   0.91932  0.03065 -0.20685
   0.91254  0.03170 -0.21379
   0.90568  0.03272 -0.22238
   0.89876  0.03372 -0.22981
   0.89181  0.03467 -0.23788
   0.88484  0.03559 -0.24382
   0.87782  0.03647 -0.24646
   0.87073  0.03731 -0.24756
   0.86355  0.03812 -0.24866
   0.85628  0.03891 -0.24742
   0.84891  0.03968 -0.24651
   0.84146  0.04044 -0.24646
   0.83396  0.04117 -0.24637
   0.82645  0.04190 -0.25208
   0.81896  0.04260 -0.25697
   0.81149  0.04327 -0.26052
   0.80402  0.04391 -0.26304
   0.79655  0.04452 -0.26544
   0.78909  0.04510 -0.26764
   0.78162  0.04565 -0.26832
   0.77414  0.04617 -0.26785
   0.76665  0.04666 -0.26820
   0.75914  0.04713 -0.26698
   0.75161  0.04756 -0.26515
   0.74405  0.04798 -0.26342
   0.73646  0.04837 -0.26046
   0.72884  0.04874 -0.25803
   0.72118  0.04909 -0.25514
   0.71350  0.04943 -0.25180
   0.70580  0.04974 -0.24999
   0.69806  0.05004 -0.24698
   0.69030  0.05033 -0.24488
   0.68252  0.05060 -0.24281
   0.67473  0.05086 -0.24098
   0.66693  0.05111 -0.23878
   0.65911  0.05135 -0.23753
   0.65129  0.05157 -0.23601
   0.64347  0.05178 -0.23396
   0.63563  0.05197 -0.23284
   0.62779  0.05216 -0.23130
   0.61994  0.05233 -0.22922
   0.61208  0.05249 -0.22870
   0.60421  0.05264 -0.22616
   0.59633  0.05278 -0.22531
   0.58846  0.05291 -0.22407
   0.58058  0.05303 -0.22343
   0.57270  0.05314 -0.22218
   0.56482  0.05324 -0.22126
   0.55693  0.05333 -0.22016
   0.54904  0.05340 -0.21948
   0.54115  0.05347 -0.21803
   0.53326  0.05353 -0.21767
   0.52537  0.05358 -0.21629
   0.51748  0.05361 -0.21535
   0.50958  0.05364 -0.21504
   0.50169  0.05366 -0.21341
   0.49380  0.05367 -0.21374
   0.48590  0.05367 -0.21205
   0.47801  0.05366 -0.21237
   0.47012  0.05363 -0.21133
   0.46224  0.05360 -0.21055
   0.45437  0.05356 -0.20990
   0.44650  0.05351 -0.20934
   0.43864  0.05345 -0.20820
   0.43079  0.05338 -0.20793
   0.42295  0.05330 -0.20759
   0.41514  0.05321 -0.20718
   0.40737  0.05312 -0.20778
   0.39966  0.05301 -0.20711
   0.39202  0.05289 -0.20829
   0.38445  0.05276 -0.20530
   0.37694  0.05262 -0.20264
   0.36954  0.05249 -0.20160
   0.36229  0.05236 -0.20867
   0.35524  0.05223 -0.21942
   0.34842  0.05207 -0.22856
   0.34179  0.05185 -0.21975
   0.33530  0.05159 -0.19284
   0.32892  0.05132 -0.16617
   0.32258  0.05111 -0.15243
   0.31625  0.05098 -0.16867
   0.30988  0.05089 -0.19785
   0.30343  0.05078 -0.22499
   0.29682  0.05061 -0.22722
   0.29002  0.05037 -0.21475
   0.28299  0.05009 -0.20288
   0.27579  0.04982 -0.20151
   0.26847  0.04954 -0.20547
   0.26108  0.04924 -0.20730
   0.25361  0.04892 -0.20608
   0.24607  0.04858 -0.20601
   0.23850  0.04823 -0.20689
   0.23092  0.04786 -0.20720
   0.22333  0.04747 -0.20787
   0.21574  0.04707 -0.20825
   0.20817  0.04664 -0.20990
   0.20063  0.04620 -0.21024
   0.19311  0.04574 -0.21088
   0.18563  0.04526 -0.21383
   0.17820  0.04475 -0.21338
   0.17081  0.04423 -0.21445
   0.16349  0.04368 -0.21663
   0.15624  0.04311 -0.21647
   0.14907  0.04251 -0.21866
   0.14200  0.04189 -0.21907
   0.13503  0.04125 -0.21981
   0.12818  0.04059 -0.22031
   0.12147  0.03990 -0.22030
   0.11493  0.03919 -0.22004
   0.10856  0.03847 -0.21979
   0.10240  0.03773 -0.21904
   0.09647  0.03699 -0.21968
   0.09078  0.03624 -0.22103
   0.08537  0.03550 -0.21933
   0.08024  0.03476 -0.22416
   0.07540  0.03403 -0.22550
   0.07085  0.03331 -0.22882
   0.06658  0.03261 -0.24090
   0.06257  0.03190 -0.24120
   0.05879  0.03120 -0.25172
   0.05523  0.03050 -0.25535
   0.05189  0.02978 -0.25297
   0.04873  0.02906 -0.24637
   0.04574  0.02833 -0.23504
   0.04291  0.02760 -0.22530
   0.04024  0.02687 -0.21004
   0.03771  0.02615 -0.19756
   0.03531  0.02543 -0.18911
   0.03305  0.02471 -0.16413
   0.03089  0.02399 -0.13393
   0.02884  0.02329 -0.11006
   0.02688  0.02260 -0.09407
   0.02502  0.02195 -0.09153
   0.02326  0.02131 -0.08905
   0.02159  0.02067 -0.08704
   0.02000  0.02005 -0.08035
   0.01849  0.01942 -0.06899
   0.01706  0.01880 -0.05041
   0.01569  0.01817 -0.02360
   0.01439  0.01754 -0.00092
   0.01314  0.01692  0.02280
   0.01194  0.01630  0.04371
   0.01080  0.01568  0.06344
   0.00971  0.01507  0.08220
   0.00867  0.01445  0.10761
   0.00767  0.01383  0.12546
   0.00672  0.01321  0.15008
   0.00581  0.01258  0.17069
   0.00495  0.01194  0.20161
   0.00414  0.01128  0.22548
   0.00338  0.01061  0.25390
   0.00268  0.00990  0.28791
   0.00207  0.00914  0.39485
   0.00154  0.00835  0.48227
   0.00111  0.00752  0.59628
   0.00078  0.00665  0.72101
   0.00053  0.00577  0.82009
   0.00035  0.00489  0.89064
   0.00022  0.00400  0.93737
   0.00012  0.00312  0.97038
   0.00005  0.00224  0.98895
   0.00001  0.00137  0.99835
  -0.00000  0.00051  0.99944
   0.00001 -0.00034  0.99327
   0.00004 -0.00120  0.97970
   0.00010 -0.00206  0.95826
   0.00020 -0.00292  0.94165
   0.00027 -0.00380  0.89421
   0.00039 -0.00468  0.85995
   0.00054 -0.00556  0.80957
   0.00072 -0.00645  0.74859
   0.00092 -0.00735  0.68135
   0.00115 -0.00824  0.60257
   0.00142 -0.00914  0.50260
   0.00173 -0.01004  0.39194
   0.00207 -0.01094  0.26627
   0.00247 -0.01182  0.08884
   0.00292 -0.01269  0.00768
   0.00342 -0.01356 -0.34327
   0.00402 -0.01437 -0.40482
   0.00470 -0.01514 -0.51374
   0.00546 -0.01587 -0.54805
   0.00629 -0.01657 -0.57657
   0.00717 -0.01724 -0.58677
   0.00811 -0.01789 -0.60133
   0.00910 -0.01851 -0.59855
   0.01015 -0.01912 -0.59343
   0.01125 -0.01971 -0.59238
   0.01240 -0.02029 -0.58379
   0.01361 -0.02086 -0.57679
   0.01488 -0.02142 -0.56827
   0.01621 -0.02198 -0.55255
   0.01761 -0.02253 -0.54372
   0.01908 -0.02307 -0.52704
   0.02063 -0.02362 -0.52118
   0.02226 -0.02417 -0.50747
   0.02397 -0.02472 -0.49154
   0.02579 -0.02528 -0.48346
   0.02770 -0.02584 -0.47233
   0.02973 -0.02641 -0.46385
   0.03189 -0.02700 -0.45545
   0.03419 -0.02759 -0.44842
   0.03663 -0.02820 -0.43706
   0.03924 -0.02882 -0.42992
   0.04203 -0.02945 -0.41854
   0.04502 -0.03011 -0.41134
   0.04822 -0.03078 -0.40501
   0.05165 -0.03148 -0.40118
   0.05533 -0.03220 -0.39626
   0.05925 -0.03293 -0.39273
   0.06344 -0.03368 -0.38751
   0.06789 -0.03445 -0.38502
   0.07262 -0.03522 -0.37980
   0.07761 -0.03600 -0.37795
   0.08288 -0.03679 -0.37421
   0.08842 -0.03758 -0.37058
   0.09419 -0.03836 -0.36720
   0.10019 -0.03914 -0.36484
   0.10638 -0.03991 -0.36367
   0.11276 -0.04065 -0.36243
   0.11929 -0.04138 -0.36138
   0.12594 -0.04208 -0.35978
   0.13272 -0.04276 -0.35846
   0.13959 -0.04340 -0.35678
   0.14656 -0.04401 -0.35345
   0.15362 -0.04460 -0.35150
   0.16075 -0.04515 -0.34737
   0.16794 -0.04567 -0.34489
   0.17519 -0.04616 -0.34131
   0.18248 -0.04663 -0.33910
   0.18981 -0.04706 -0.33672
   0.19717 -0.04747 -0.33514
   0.20456 -0.04785 -0.33076
   0.21197 -0.04820 -0.32972
   0.21942 -0.04852 -0.32541
   0.22690 -0.04882 -0.32265
   0.23441 -0.04909 -0.31775
   0.24195 -0.04934 -0.31546
   0.24951 -0.04956 -0.31326
   0.25708 -0.04977 -0.30984
   0.26468 -0.04995 -0.30839
   0.27229 -0.05011 -0.30399
   0.27991 -0.05024 -0.30241
   0.28756 -0.05036 -0.29885
   0.29522 -0.05046 -0.29678
   0.30289 -0.05054 -0.29478
   0.31057 -0.05060 -0.29255
   0.31825 -0.05064 -0.29025
   0.32595 -0.05066 -0.28853
   0.33364 -0.05066 -0.28692
   0.34135 -0.05065 -0.28499
   0.34906 -0.05061 -0.28319
   0.35677 -0.05056 -0.28127
   0.36448 -0.05048 -0.27954
   0.37219 -0.05039 -0.27792
   0.37990 -0.05028 -0.27579
   0.38761 -0.05015 -0.27440
   0.39532 -0.05001 -0.27299
   0.40302 -0.04984 -0.27156
   0.41072 -0.04966 -0.26943
   0.41842 -0.04945 -0.26875
   0.42610 -0.04923 -0.26732
   0.43378 -0.04899 -0.26653
   0.44144 -0.04873 -0.26436
   0.44910 -0.04845 -0.26374
   0.45674 -0.04815 -0.26216
   0.46437 -0.04783 -0.26139
   0.47199 -0.04749 -0.25964
   0.47960 -0.04713 -0.25773
   0.48720 -0.04674 -0.25638
   0.49478 -0.04634 -0.25462
   0.50235 -0.04590 -0.25219
   0.50991 -0.04545 -0.25091
   0.51745 -0.04497 -0.24825
   0.52498 -0.04447 -0.24578
   0.53250 -0.04395 -0.24363
   0.54000 -0.04340 -0.24101
   0.54749 -0.04282 -0.23814
   0.55497 -0.04222 -0.23496
   0.56243 -0.04159 -0.23127
   0.56987 -0.04093 -0.22791
   0.57730 -0.04025 -0.22418
   0.58471 -0.03954 -0.22000
   0.59210 -0.03881 -0.21578
   0.59948 -0.03804 -0.21132
   0.60683 -0.03724 -0.20669
   0.61417 -0.03642 -0.20041
   0.62149 -0.03556 -0.19566
   0.62879 -0.03468 -0.18836
   0.63608 -0.03376 -0.18264
   0.64335 -0.03281 -0.17446
   0.65061 -0.03183 -0.16733
   0.65786 -0.03081 -0.15874
   0.66510 -0.02976 -0.14980
   0.67232 -0.02867 -0.13999
   0.67954 -0.02755 -0.12985
   0.68676 -0.02640 -0.11927
   0.69397 -0.02520 -0.10802
   0.70117 -0.02398 -0.09523
   0.70838 -0.02271 -0.08248
   0.71559 -0.02141 -0.06894
   0.72281 -0.02007 -0.05455
   0.73004 -0.01870 -0.03977
   0.73728 -0.01729 -0.02363
   0.74453 -0.01584 -0.00602
   0.75180 -0.01436  0.01033
   0.75910 -0.01284  0.03036
   0.76642 -0.01128  0.04848
   0.77378 -0.00969  0.07030
   0.78118 -0.00807  0.08917
   0.78863 -0.00642  0.11268
   0.79611 -0.00475  0.13357
   0.80361 -0.00306  0.15801
   0.81108 -0.00138  0.18096
   0.81847  0.00029  0.20398
   0.82574  0.00191  0.22777
   0.83289  0.00348  0.24981
   0.83991  0.00499  0.27036
   0.84680  0.00644  0.29007
   0.85358  0.00782  0.30951
   0.86023  0.00913  0.32583
   0.86676  0.01036  0.34444
   0.87316  0.01151  0.35858
   0.87944  0.01258  0.37505
   0.88561  0.01356  0.38689
   0.89167  0.01445  0.39913
   0.89763  0.01526  0.40994
   0.90349  0.01599  0.41950
   0.90927  0.01663  0.42733
   0.91493  0.01718  0.43699
   0.92047  0.01765  0.44286
   0.92588  0.01803  0.45114
   0.93120  0.01832  0.45474
   0.93644  0.01853  0.45559
   0.94160  0.01868  0.45852
   0.94662  0.01876  0.46546
   0.95140  0.01879  0.48087
   0.95595  0.01872  0.49054
   0.96030  0.01853  0.49564
   0.96456  0.01820  0.48074
   0.96881  0.01775  0.45315
   0.97308  0.01723  0.42607
   0.97733  0.01672  0.41388
   0.98147  0.01621  0.42708
   0.98549  0.01562  0.43403
   0.98945  0.01488  0.38879
   0.99342  0.01406  0.32410
   0.99738  0.01325  0.29882
   1.00000  0.01271  0.25423
