GRUMMAN K-2 AIRFOIL                             
 Alfa =  -1.15700 Re =        0.000 Xflap,Yflap =     0.000000    0.000000
#    x        y        Cp  
   1.00000  0.01371  0.25415
   0.99740  0.01444  0.09906
   0.99329  0.01549  0.06125
   0.98889  0.01657  0.04576
   0.98423  0.01772  0.00528
   0.97929  0.01890 -0.02976
   0.97409  0.02011 -0.05579
   0.96867  0.02135 -0.08631
   0.96305  0.02259 -0.11292
   0.95727  0.02381 -0.13465
   0.95131  0.02502 -0.15569
   0.94520  0.02620 -0.17086
   0.93893  0.02735 -0.18402
   0.93253  0.02848 -0.19533
   0.92600  0.02957 -0.20256
   0.91932  0.03065 -0.20874
   0.91254  0.03170 -0.21573
   0.90568  0.03272 -0.22448
   0.89876  0.03372 -0.23195
   0.89181  0.03467 -0.24016
   0.88484  0.03559 -0.24620
   0.87782  0.03647 -0.24890
   0.87073  0.03731 -0.25011
   0.86355  0.03812 -0.25131
   0.85628  0.03891 -0.25010
   0.84891  0.03968 -0.24934
   0.84146  0.04044 -0.24934
   0.83396  0.04117 -0.24935
   0.82645  0.04190 -0.25513
   0.81896  0.04260 -0.26013
   0.81149  0.04327 -0.26379
   0.80402  0.04391 -0.26636
   0.79655  0.04452 -0.26890
   0.78909  0.04510 -0.27110
   0.78162  0.04565 -0.27196
   0.77414  0.04617 -0.27153
   0.76665  0.04666 -0.27201
   0.75914  0.04713 -0.27082
   0.75161  0.04756 -0.26907
   0.74405  0.04798 -0.26739
   0.73646  0.04837 -0.26455
   0.72884  0.04874 -0.26217
   0.72118  0.04909 -0.25936
   0.71350  0.04943 -0.25611
   0.70580  0.04974 -0.25437
   0.69806  0.05004 -0.25139
   0.69030  0.05033 -0.24943
   0.68252  0.05060 -0.24738
   0.67473  0.05086 -0.24568
   0.66693  0.05111 -0.24353
   0.65911  0.05135 -0.24234
   0.65129  0.05157 -0.24093
   0.64347  0.05178 -0.23894
   0.63563  0.05197 -0.23790
   0.62779  0.05216 -0.23645
   0.61994  0.05233 -0.23446
   0.61208  0.05249 -0.23399
   0.60421  0.05264 -0.23155
   0.59633  0.05278 -0.23079
   0.58846  0.05291 -0.22964
   0.58058  0.05303 -0.22908
   0.57270  0.05314 -0.22791
   0.56482  0.05324 -0.22708
   0.55693  0.05333 -0.22607
   0.54904  0.05340 -0.22548
   0.54115  0.05347 -0.22413
   0.53326  0.05353 -0.22386
   0.52537  0.05358 -0.22257
   0.51748  0.05361 -0.22175
   0.50958  0.05364 -0.22152
   0.50169  0.05366 -0.21998
   0.49380  0.05367 -0.22042
   0.48590  0.05367 -0.21882
   0.47801  0.05366 -0.21927
   0.47012  0.05363 -0.21832
   0.46224  0.05360 -0.21765
   0.45437  0.05356 -0.21711
   0.44650  0.05351 -0.21666
   0.43864  0.05345 -0.21563
   0.43079  0.05338 -0.21549
   0.42295  0.05330 -0.21525
   0.41514  0.05321 -0.21497
   0.40737  0.05312 -0.21569
   0.39966  0.05301 -0.21517
   0.39202  0.05289 -0.21646
   0.38445  0.05276 -0.21361
   0.37694  0.05262 -0.21104
   0.36954  0.05249 -0.21013
   0.36229  0.05236 -0.21738
   0.35524  0.05223 -0.22836
   0.34842  0.05207 -0.23768
   0.34179  0.05185 -0.22896
   0.33530  0.05159 -0.20197
   0.32892  0.05132 -0.17521
   0.32258  0.05111 -0.16151
   0.31625  0.05098 -0.17800
   0.30988  0.05089 -0.20755
   0.30343  0.05078 -0.23508
   0.29682  0.05061 -0.23746
   0.29002  0.05037 -0.22507
   0.28299  0.05009 -0.21327
   0.27579  0.04982 -0.21208
   0.26847  0.04954 -0.21627
   0.26108  0.04924 -0.21831
   0.25361  0.04892 -0.21731
   0.24607  0.04858 -0.21747
   0.23850  0.04823 -0.21858
   0.23092  0.04786 -0.21915
   0.22333  0.04747 -0.22008
   0.21574  0.04707 -0.22073
   0.20817  0.04664 -0.22269
   0.20063  0.04620 -0.22333
   0.19311  0.04574 -0.22428
   0.18563  0.04526 -0.22760
   0.17820  0.04475 -0.22748
   0.17081  0.04423 -0.22893
   0.16349  0.04368 -0.23152
   0.15624  0.04311 -0.23176
   0.14907  0.04251 -0.23440
   0.14200  0.04189 -0.23526
   0.13503  0.04125 -0.23649
   0.12818  0.04059 -0.23750
   0.12147  0.03990 -0.23802
   0.11493  0.03919 -0.23831
   0.10856  0.03847 -0.23865
   0.10240  0.03773 -0.23851
   0.09647  0.03699 -0.23979
   0.09078  0.03624 -0.24184
   0.08537  0.03550 -0.24083
   0.08024  0.03476 -0.24646
   0.07540  0.03403 -0.24859
   0.07085  0.03331 -0.25274
   0.06658  0.03261 -0.26588
   0.06257  0.03190 -0.26701
   0.05879  0.03120 -0.27864
   0.05523  0.03050 -0.28325
   0.05189  0.02978 -0.28176
   0.04873  0.02906 -0.27597
   0.04574  0.02833 -0.26537
   0.04291  0.02760 -0.25641
   0.04024  0.02687 -0.24182
   0.03771  0.02615 -0.23009
   0.03531  0.02543 -0.22253
   0.03305  0.02471 -0.19799
   0.03089  0.02399 -0.16809
   0.02884  0.02329 -0.14464
   0.02688  0.02260 -0.12940
   0.02502  0.02195 -0.12802
   0.02326  0.02131 -0.12681
   0.02159  0.02067 -0.12611
   0.02000  0.02005 -0.12068
   0.01849  0.01942 -0.11048
   0.01706  0.01880 -0.09280
   0.01569  0.01817 -0.06665
   0.01439  0.01754 -0.04474
   0.01314  0.01692 -0.02190
   0.01194  0.01630 -0.00206
   0.01080  0.01568  0.01647
   0.00971  0.01507  0.03394
   0.00867  0.01445  0.05813
   0.00767  0.01383  0.07437
   0.00672  0.01321  0.09733
   0.00581  0.01258  0.11596
   0.00495  0.01194  0.14506
   0.00414  0.01128  0.16649
   0.00338  0.01061  0.19193
   0.00268  0.00990  0.22294
   0.00207  0.00914  0.33306
   0.00154  0.00835  0.42248
   0.00111  0.00752  0.54228
   0.00078  0.00665  0.67695
   0.00053  0.00577  0.78565
   0.00035  0.00489  0.86442
   0.00022  0.00400  0.91775
   0.00012  0.00312  0.95681
   0.00005  0.00224  0.98035
   0.00001  0.00137  0.99436
  -0.00000  0.00051  0.99989
   0.00001 -0.00034  0.99767
   0.00004 -0.00120  0.98816
   0.00010 -0.00206  0.97107
   0.00020 -0.00292  0.95583
   0.00027 -0.00380  0.91540
   0.00039 -0.00468  0.88365
   0.00054 -0.00556  0.83752
   0.00072 -0.00645  0.78102
   0.00092 -0.00735  0.71811
   0.00115 -0.00824  0.64397
   0.00142 -0.00914  0.54947
   0.00173 -0.01004  0.44447
   0.00207 -0.01094  0.32447
   0.00247 -0.01182  0.15545
   0.00292 -0.01269  0.07521
   0.00342 -0.01356 -0.25826
   0.00402 -0.01437 -0.32213
   0.00470 -0.01514 -0.42990
   0.00546 -0.01587 -0.46740
   0.00629 -0.01657 -0.49876
   0.00717 -0.01724 -0.51238
   0.00811 -0.01789 -0.52977
   0.00910 -0.01851 -0.53019
   0.01015 -0.01912 -0.52815
   0.01125 -0.01971 -0.52976
   0.01240 -0.02029 -0.52382
   0.01361 -0.02086 -0.51927
   0.01488 -0.02142 -0.51312
   0.01621 -0.02198 -0.49979
   0.01761 -0.02253 -0.49305
   0.01908 -0.02307 -0.47846
   0.02063 -0.02362 -0.47440
   0.02226 -0.02417 -0.46253
   0.02397 -0.02472 -0.44840
   0.02579 -0.02528 -0.44192
   0.02770 -0.02584 -0.43231
   0.02973 -0.02641 -0.42526
   0.03189 -0.02700 -0.41823
   0.03419 -0.02759 -0.41251
   0.03663 -0.02820 -0.40248
   0.03924 -0.02882 -0.39657
   0.04203 -0.02945 -0.38644
   0.04502 -0.03011 -0.38039
   0.04822 -0.03078 -0.37515
   0.05165 -0.03148 -0.37233
   0.05533 -0.03220 -0.36841
   0.05925 -0.03293 -0.36584
   0.06344 -0.03368 -0.36157
   0.06789 -0.03445 -0.35998
   0.07262 -0.03522 -0.35564
   0.07761 -0.03600 -0.35460
   0.08288 -0.03679 -0.35167
   0.08842 -0.03758 -0.34882
   0.09419 -0.03836 -0.34618
   0.10019 -0.03914 -0.34451
   0.10638 -0.03991 -0.34398
   0.11276 -0.04065 -0.34335
   0.11929 -0.04138 -0.34288
   0.12594 -0.04208 -0.34183
   0.13272 -0.04276 -0.34103
   0.13959 -0.04340 -0.33986
   0.14656 -0.04401 -0.33701
   0.15362 -0.04460 -0.33552
   0.16075 -0.04515 -0.33183
   0.16794 -0.04567 -0.32977
   0.17519 -0.04616 -0.32660
   0.18248 -0.04663 -0.32477
   0.18981 -0.04706 -0.32274
   0.19717 -0.04747 -0.32150
   0.20456 -0.04785 -0.31745
   0.21197 -0.04820 -0.31671
   0.21942 -0.04852 -0.31272
   0.22690 -0.04882 -0.31026
   0.23441 -0.04909 -0.30564
   0.24195 -0.04934 -0.30363
   0.24951 -0.04956 -0.30168
   0.25708 -0.04977 -0.29852
   0.26468 -0.04995 -0.29730
   0.27229 -0.05011 -0.29313
   0.27991 -0.05024 -0.29178
   0.28756 -0.05036 -0.28844
   0.29522 -0.05046 -0.28657
   0.30289 -0.05054 -0.28478
   0.31057 -0.05060 -0.28275
   0.31825 -0.05064 -0.28062
   0.32595 -0.05066 -0.27910
   0.33364 -0.05066 -0.27765
   0.34135 -0.05065 -0.27590
   0.34906 -0.05061 -0.27426
   0.35677 -0.05056 -0.27251
   0.36448 -0.05048 -0.27095
   0.37219 -0.05039 -0.26945
   0.37990 -0.05028 -0.26751
   0.38761 -0.05015 -0.26624
   0.39532 -0.05001 -0.26499
   0.40302 -0.04984 -0.26369
   0.41072 -0.04966 -0.26168
   0.41842 -0.04945 -0.26115
   0.42610 -0.04923 -0.25985
   0.43378 -0.04899 -0.25918
   0.44144 -0.04873 -0.25712
   0.44910 -0.04845 -0.25665
   0.45674 -0.04815 -0.25517
   0.46437 -0.04783 -0.25452
   0.47199 -0.04749 -0.25289
   0.47960 -0.04713 -0.25110
   0.48720 -0.04674 -0.24986
   0.49478 -0.04634 -0.24820
   0.50235 -0.04590 -0.24588
   0.50991 -0.04545 -0.24474
   0.51745 -0.04497 -0.24215
   0.52498 -0.04447 -0.23981
   0.53250 -0.04395 -0.23775
   0.54000 -0.04340 -0.23525
   0.54749 -0.04282 -0.23247
   0.55497 -0.04222 -0.22940
   0.56243 -0.04159 -0.22583
   0.56987 -0.04093 -0.22255
   0.57730 -0.04025 -0.21893
   0.58471 -0.03954 -0.21487
   0.59210 -0.03881 -0.21073
   0.59948 -0.03804 -0.20638
   0.60683 -0.03724 -0.20184
   0.61417 -0.03642 -0.19567
   0.62149 -0.03556 -0.19102
   0.62879 -0.03468 -0.18383
   0.63608 -0.03376 -0.17821
   0.64335 -0.03281 -0.17012
   0.65061 -0.03183 -0.16311
   0.65786 -0.03081 -0.15461
   0.66510 -0.02976 -0.14578
   0.67232 -0.02867 -0.13609
   0.67954 -0.02755 -0.12606
   0.68676 -0.02640 -0.11554
   0.69397 -0.02520 -0.10442
   0.70117 -0.02398 -0.09173
   0.70838 -0.02271 -0.07910
   0.71559 -0.02141 -0.06567
   0.72281 -0.02007 -0.05137
   0.73004 -0.01870 -0.03669
   0.73728 -0.01729 -0.02067
   0.74453 -0.01584 -0.00320
   0.75180 -0.01436  0.01309
   0.75910 -0.01284  0.03300
   0.76642 -0.01128  0.05098
   0.77378 -0.00969  0.07271
   0.78118 -0.00807  0.09148
   0.78863 -0.00642  0.11489
   0.79611 -0.00475  0.13565
   0.80361 -0.00306  0.15999
   0.81108 -0.00138  0.18283
   0.81847  0.00029  0.20577
   0.82574  0.00191  0.22945
   0.83289  0.00348  0.25140
   0.83991  0.00499  0.27186
   0.84680  0.00644  0.29150
   0.85358  0.00782  0.31087
   0.86023  0.00913  0.32711
   0.86676  0.01036  0.34564
   0.87316  0.01151  0.35977
   0.87944  0.01258  0.37613
   0.88561  0.01356  0.38793
   0.89167  0.01445  0.40013
   0.89763  0.01526  0.41087
   0.90349  0.01599  0.42042
   0.90927  0.01663  0.42819
   0.91493  0.01718  0.43778
   0.92047  0.01765  0.44368
   0.92588  0.01803  0.45187
   0.93120  0.01832  0.45547
   0.93644  0.01853  0.45627
   0.94160  0.01868  0.45917
   0.94662  0.01876  0.46612
   0.95140  0.01879  0.48144
   0.95595  0.01872  0.49111
   0.96030  0.01853  0.49617
   0.96456  0.01820  0.48123
   0.96881  0.01775  0.45368
   0.97308  0.01723  0.42657
   0.97733  0.01672  0.41437
   0.98147  0.01621  0.42750
   0.98549  0.01562  0.43440
   0.98945  0.01488  0.38917
   0.99342  0.01406  0.32448
   0.99738  0.01325  0.29913
   1.00000  0.01271  0.25415
