GRUMMAN K-2 AIRFOIL                             
 Alfa =  -1.30180 Re =        0.000 Xflap,Yflap =     0.000000    0.000000
#    x        y        Cp  
   1.00000  0.01371  0.25220
   0.99739  0.01444  0.09672
   0.99327  0.01550  0.06272
   0.98886  0.01658  0.04433
   0.98418  0.01773  0.00265
   0.97923  0.01891 -0.02689
   0.97401  0.02013 -0.05692
   0.96856  0.02137 -0.08477
   0.96293  0.02261 -0.11259
   0.95713  0.02384 -0.13564
   0.95115  0.02505 -0.15435
   0.94501  0.02623 -0.16956
   0.93873  0.02739 -0.18316
   0.93231  0.02852 -0.19413
   0.92575  0.02962 -0.20148
   0.91905  0.03069 -0.20718
   0.91224  0.03174 -0.21440
   0.90536  0.03277 -0.22304
   0.89842  0.03376 -0.23050
   0.89145  0.03472 -0.23832
   0.88446  0.03564 -0.24367
   0.87741  0.03652 -0.24772
   0.87030  0.03736 -0.24822
   0.86310  0.03817 -0.24816
   0.85580  0.03897 -0.24774
   0.84840  0.03974 -0.24693
   0.84093  0.04049 -0.24703
   0.83341  0.04123 -0.24746
   0.82588  0.04195 -0.25204
   0.81837  0.04265 -0.25799
   0.81087  0.04332 -0.26056
   0.80338  0.04396 -0.26382
   0.79590  0.04457 -0.26632
   0.78841  0.04515 -0.26733
   0.78092  0.04570 -0.26888
   0.77342  0.04622 -0.26856
   0.76591  0.04671 -0.26859
   0.75838  0.04717 -0.26738
   0.75082  0.04761 -0.26611
   0.74324  0.04802 -0.26222
   0.73562  0.04841 -0.26090
   0.72798  0.04878 -0.25755
   0.72030  0.04913 -0.25535
   0.71260  0.04946 -0.25252
   0.70486  0.04978 -0.24992
   0.69710  0.05008 -0.24718
   0.68932  0.05037 -0.24495
   0.68152  0.05064 -0.24262
   0.67370  0.05090 -0.24165
   0.66588  0.05114 -0.23885
   0.65804  0.05138 -0.23773
   0.65020  0.05160 -0.23593
   0.64235  0.05180 -0.23428
   0.63449  0.05200 -0.23340
   0.62662  0.05218 -0.23112
   0.61875  0.05235 -0.22996
   0.61086  0.05251 -0.22834
   0.60297  0.05266 -0.22651
   0.59508  0.05280 -0.22583
   0.58718  0.05293 -0.22492
   0.57928  0.05305 -0.22352
   0.57138  0.05316 -0.22238
   0.56347  0.05325 -0.22148
   0.55556  0.05334 -0.22090
   0.54765  0.05342 -0.21955
   0.53974  0.05348 -0.21843
   0.53183  0.05354 -0.21756
   0.52391  0.05358 -0.21724
   0.51600  0.05362 -0.21569
   0.50808  0.05365 -0.21547
   0.50017  0.05366 -0.21441
   0.49225  0.05367 -0.21330
   0.48434  0.05366 -0.21322
   0.47642  0.05365 -0.21231
   0.46852  0.05363 -0.21181
   0.46062  0.05360 -0.21071
   0.45272  0.05355 -0.21121
   0.44483  0.05350 -0.20948
   0.43695  0.05344 -0.20903
   0.42908  0.05336 -0.20815
   0.42122  0.05328 -0.20827
   0.41340  0.05319 -0.20748
   0.40562  0.05309 -0.20853
   0.39791  0.05299 -0.20822
   0.39026  0.05286 -0.20849
   0.38268  0.05273 -0.20601
   0.37518  0.05259 -0.20247
   0.36779  0.05245 -0.20343
   0.36056  0.05233 -0.21131
   0.35355  0.05219 -0.22296
   0.34675  0.05202 -0.22971
   0.34015  0.05179 -0.21481
   0.33367  0.05152 -0.18653
   0.32729  0.05126 -0.16120
   0.32094  0.05107 -0.15414
   0.31459  0.05095 -0.17712
   0.30818  0.05086 -0.20740
   0.30168  0.05074 -0.22896
   0.29501  0.05055 -0.22506
   0.28812  0.05029 -0.21162
   0.28102  0.05002 -0.20222
   0.27376  0.04974 -0.20409
   0.26640  0.04946 -0.20689
   0.25896  0.04915 -0.20777
   0.25145  0.04883 -0.20751
   0.24388  0.04848 -0.20716
   0.23629  0.04812 -0.20779
   0.22868  0.04775 -0.20839
   0.22107  0.04735 -0.20939
   0.21346  0.04694 -0.20973
   0.20588  0.04651 -0.21084
   0.19832  0.04606 -0.21156
   0.19079  0.04559 -0.21293
   0.18331  0.04510 -0.21489
   0.17587  0.04459 -0.21444
   0.16848  0.04405 -0.21722
   0.16116  0.04350 -0.21747
   0.15392  0.04292 -0.21831
   0.14676  0.04231 -0.22090
   0.13969  0.04168 -0.21981
   0.13274  0.04103 -0.22183
   0.12592  0.04036 -0.22141
   0.11925  0.03966 -0.22196
   0.11274  0.03895 -0.22139
   0.10643  0.03821 -0.22107
   0.10032  0.03747 -0.22156
   0.09446  0.03673 -0.22086
   0.08886  0.03598 -0.22271
   0.08353  0.03523 -0.22306
   0.07849  0.03450 -0.22577
   0.07373  0.03377 -0.23063
   0.06927  0.03305 -0.23196
   0.06509  0.03235 -0.24379
   0.06115  0.03165 -0.24814
   0.05745  0.03095 -0.25496
   0.05396  0.03023 -0.25858
   0.05068  0.02952 -0.25359
   0.04758  0.02879 -0.24507
   0.04465  0.02805 -0.23409
   0.04187  0.02732 -0.22200
   0.03925  0.02659 -0.20725
   0.03676  0.02587 -0.19793
   0.03441  0.02515 -0.18293
   0.03218  0.02442 -0.15537
   0.03006  0.02371 -0.12728
   0.02804  0.02301 -0.10409
   0.02612  0.02234 -0.09586
   0.02429  0.02168 -0.09405
   0.02256  0.02105 -0.09027
   0.02092  0.02042 -0.08833
   0.01936  0.01979 -0.08055
   0.01788  0.01916 -0.06513
   0.01648  0.01853 -0.04342
   0.01513  0.01790 -0.01745
   0.01385  0.01728  0.00571
   0.01262  0.01665  0.03042
   0.01145  0.01603  0.04583
   0.01032  0.01542  0.06641
   0.00925  0.01480  0.09180
   0.00822  0.01418  0.10803
   0.00724  0.01356  0.13567
   0.00631  0.01293  0.15439
   0.00542  0.01229  0.17749
   0.00458  0.01164  0.20931
   0.00379  0.01098  0.23158
   0.00305  0.01029  0.26528
   0.00239  0.00956  0.31054
   0.00182  0.00878  0.45012
   0.00133  0.00797  0.51655
   0.00094  0.00712  0.65546
   0.00065  0.00624  0.76697
   0.00044  0.00536  0.85500
   0.00028  0.00447  0.91255
   0.00016  0.00358  0.95436
   0.00008  0.00270  0.97912
   0.00003  0.00182  0.99417
   0.00000  0.00095  0.99989
  -0.00000  0.00009  0.99747
   0.00003 -0.00076  0.98862
   0.00006 -0.00163  0.96980
   0.00015 -0.00249  0.95326
   0.00023 -0.00336  0.92016
   0.00032 -0.00424  0.87979
   0.00047 -0.00512  0.83788
   0.00063 -0.00601  0.78281
   0.00082 -0.00691  0.71916
   0.00104 -0.00781  0.64632
   0.00129 -0.00871  0.55447
   0.00157 -0.00961  0.45177
   0.00190 -0.01051  0.33446
   0.00227 -0.01140  0.18118
   0.00270 -0.01228  0.05203
   0.00318 -0.01315 -0.15792
   0.00373 -0.01400 -0.38947
   0.00438 -0.01479 -0.46218
   0.00511 -0.01554 -0.53025
   0.00590 -0.01626 -0.55676
   0.00676 -0.01694 -0.57616
   0.00768 -0.01760 -0.58776
   0.00865 -0.01823 -0.59193
   0.00967 -0.01885 -0.59748
   0.01075 -0.01945 -0.58209
   0.01188 -0.02004 -0.58670
   0.01307 -0.02061 -0.57341
   0.01432 -0.02118 -0.56696
   0.01563 -0.02174 -0.55791
   0.01700 -0.02229 -0.54013
   0.01845 -0.02284 -0.53053
   0.01996 -0.02339 -0.52021
   0.02156 -0.02394 -0.50819
   0.02324 -0.02449 -0.49477
   0.02502 -0.02504 -0.48370
   0.02690 -0.02561 -0.47464
   0.02888 -0.02618 -0.46355
   0.03099 -0.02676 -0.45481
   0.03324 -0.02735 -0.44806
   0.03563 -0.02795 -0.43830
   0.03818 -0.02857 -0.42985
   0.04090 -0.02920 -0.42052
   0.04382 -0.02985 -0.41166
   0.04694 -0.03052 -0.40411
   0.05029 -0.03121 -0.40136
   0.05388 -0.03192 -0.39483
   0.05772 -0.03265 -0.39202
   0.06181 -0.03340 -0.38735
   0.06618 -0.03416 -0.38330
   0.07081 -0.03493 -0.37995
   0.07572 -0.03571 -0.37636
   0.08090 -0.03650 -0.37316
   0.08636 -0.03729 -0.37042
   0.09206 -0.03808 -0.36683
   0.09799 -0.03886 -0.36342
   0.10414 -0.03963 -0.36297
   0.11047 -0.04039 -0.36070
   0.11696 -0.04113 -0.36019
   0.12360 -0.04184 -0.35908
   0.13035 -0.04253 -0.35770
   0.13721 -0.04318 -0.35574
   0.14417 -0.04381 -0.35333
   0.15121 -0.04440 -0.35025
   0.15834 -0.04497 -0.34750
   0.16553 -0.04550 -0.34460
   0.17278 -0.04600 -0.34151
   0.18008 -0.04648 -0.33835
   0.18742 -0.04692 -0.33679
   0.19479 -0.04734 -0.33394
   0.20219 -0.04773 -0.33182
   0.20962 -0.04809 -0.32799
   0.21707 -0.04842 -0.32611
   0.22456 -0.04873 -0.32212
   0.23208 -0.04901 -0.31856
   0.23964 -0.04926 -0.31486
   0.24721 -0.04950 -0.31287
   0.25481 -0.04971 -0.31016
   0.26241 -0.04990 -0.30746
   0.27004 -0.05006 -0.30447
   0.27768 -0.05021 -0.30209
   0.28534 -0.05033 -0.29886
   0.29302 -0.05043 -0.29655
   0.30071 -0.05052 -0.29425
   0.30841 -0.05058 -0.29227
   0.31611 -0.05063 -0.29058
   0.32382 -0.05066 -0.28838
   0.33154 -0.05066 -0.28597
   0.33927 -0.05065 -0.28498
   0.34699 -0.05062 -0.28237
   0.35472 -0.05057 -0.28104
   0.36246 -0.05051 -0.27937
   0.37019 -0.05042 -0.27782
   0.37793 -0.05031 -0.27537
   0.38566 -0.05019 -0.27451
   0.39339 -0.05004 -0.27254
   0.40111 -0.04988 -0.27099
   0.40883 -0.04970 -0.26928
   0.41655 -0.04951 -0.26839
   0.42426 -0.04929 -0.26694
   0.43196 -0.04905 -0.26593
   0.43965 -0.04880 -0.26439
   0.44733 -0.04852 -0.26332
   0.45499 -0.04823 -0.26213
   0.46265 -0.04791 -0.26039
   0.47029 -0.04757 -0.25948
   0.47793 -0.04721 -0.25761
   0.48555 -0.04683 -0.25597
   0.49315 -0.04642 -0.25431
   0.50075 -0.04600 -0.25273
   0.50833 -0.04555 -0.25013
   0.51589 -0.04507 -0.24851
   0.52345 -0.04458 -0.24567
   0.53099 -0.04405 -0.24373
   0.53851 -0.04351 -0.24062
   0.54603 -0.04293 -0.23815
   0.55353 -0.04234 -0.23547
   0.56101 -0.04171 -0.23130
   0.56848 -0.04106 -0.22834
   0.57593 -0.04038 -0.22430
   0.58337 -0.03967 -0.22038
   0.59078 -0.03894 -0.21635
   0.59818 -0.03818 -0.21142
   0.60556 -0.03738 -0.20681
   0.61292 -0.03656 -0.20159
   0.62026 -0.03571 -0.19563
   0.62759 -0.03483 -0.18970
   0.63490 -0.03391 -0.18210
   0.64220 -0.03296 -0.17609
   0.64948 -0.03198 -0.16793
   0.65674 -0.03097 -0.15990
   0.66400 -0.02992 -0.15061
   0.67125 -0.02883 -0.14109
   0.67849 -0.02772 -0.13139
   0.68572 -0.02656 -0.12015
   0.69295 -0.02537 -0.10937
   0.70018 -0.02415 -0.09634
   0.70741 -0.02288 -0.08404
   0.71464 -0.02159 -0.07067
   0.72188 -0.02025 -0.05570
   0.72912 -0.01888 -0.04166
   0.73638 -0.01747 -0.02472
   0.74365 -0.01602 -0.00904
   0.75094 -0.01453  0.00961
   0.75826 -0.01301  0.02756
   0.76560 -0.01146  0.04723
   0.77297 -0.00987  0.06686
   0.78039 -0.00825  0.08841
   0.78785 -0.00659  0.10954
   0.79535 -0.00492  0.13270
   0.80287 -0.00323  0.15556
   0.81037 -0.00154  0.17787
   0.81778  0.00013  0.20306
   0.82509  0.00176  0.22621
   0.83227  0.00334  0.24773
   0.83932  0.00486  0.26846
   0.84624  0.00632  0.28888
   0.85304  0.00771  0.30729
   0.85972  0.00903  0.32621
   0.86628  0.01027  0.34240
   0.87271  0.01143  0.35847
   0.87902  0.01251  0.37348
   0.88521  0.01350  0.38621
   0.89129  0.01440  0.39900
   0.89727  0.01522  0.40879
   0.90316  0.01595  0.41929
   0.90895  0.01659  0.42814
   0.91464  0.01715  0.43551
   0.92020  0.01763  0.44390
   0.92564  0.01802  0.44971
   0.93097  0.01831  0.45430
   0.93623  0.01853  0.45742
   0.94141  0.01867  0.45693
   0.94645  0.01876  0.46718
   0.95125  0.01879  0.47885
   0.95581  0.01873  0.49147
   0.96019  0.01854  0.49557
   0.96446  0.01821  0.48053
   0.96872  0.01776  0.45433
   0.97300  0.01724  0.42579
   0.97726  0.01672  0.41548
   0.98142  0.01621  0.42808
   0.98545  0.01563  0.43243
   0.98942  0.01489  0.38723
   0.99340  0.01406  0.32677
   0.99738  0.01325  0.29810
   1.00000  0.01271  0.25220
