GRUMMAN K-2 AIRFOIL                             
 Alfa =  -1.01700 Re =        0.000 Xflap,Yflap =     0.000000    0.000000
#    x        y        Cp  
   1.00000  0.01371  0.25409
   0.99740  0.01444  0.09889
   0.99329  0.01549  0.06101
   0.98889  0.01657  0.04536
   0.98423  0.01772  0.00473
   0.97929  0.01890 -0.03039
   0.97409  0.02011 -0.05650
   0.96867  0.02135 -0.08716
   0.96305  0.02259 -0.11386
   0.95727  0.02381 -0.13568
   0.95131  0.02502 -0.15685
   0.94520  0.02620 -0.17213
   0.93893  0.02735 -0.18539
   0.93253  0.02848 -0.19680
   0.92600  0.02957 -0.20409
   0.91932  0.03065 -0.21041
   0.91254  0.03170 -0.21744
   0.90568  0.03272 -0.22633
   0.89876  0.03372 -0.23384
   0.89181  0.03467 -0.24218
   0.88484  0.03559 -0.24831
   0.87782  0.03647 -0.25107
   0.87073  0.03731 -0.25236
   0.86355  0.03812 -0.25365
   0.85628  0.03891 -0.25247
   0.84891  0.03968 -0.25185
   0.84146  0.04044 -0.25188
   0.83396  0.04117 -0.25199
   0.82645  0.04190 -0.25783
   0.81896  0.04260 -0.26294
   0.81149  0.04327 -0.26668
   0.80402  0.04391 -0.26930
   0.79655  0.04452 -0.27197
   0.78909  0.04510 -0.27417
   0.78162  0.04565 -0.27518
   0.77414  0.04617 -0.27479
   0.76665  0.04666 -0.27538
   0.75914  0.04713 -0.27423
   0.75161  0.04756 -0.27256
   0.74405  0.04798 -0.27090
   0.73646  0.04837 -0.26818
   0.72884  0.04874 -0.26584
   0.72118  0.04909 -0.26310
   0.71350  0.04943 -0.25994
   0.70580  0.04974 -0.25825
   0.69806  0.05004 -0.25530
   0.69030  0.05033 -0.25346
   0.68252  0.05060 -0.25143
   0.67473  0.05086 -0.24984
   0.66693  0.05111 -0.24774
   0.65911  0.05135 -0.24660
   0.65129  0.05157 -0.24530
   0.64347  0.05178 -0.24337
   0.63563  0.05197 -0.24239
   0.62779  0.05216 -0.24102
   0.61994  0.05233 -0.23912
   0.61208  0.05249 -0.23869
   0.60421  0.05264 -0.23633
   0.59633  0.05278 -0.23567
   0.58846  0.05291 -0.23458
   0.58058  0.05303 -0.23411
   0.57270  0.05314 -0.23301
   0.56482  0.05324 -0.23224
   0.55693  0.05333 -0.23132
   0.54904  0.05340 -0.23082
   0.54115  0.05347 -0.22955
   0.53326  0.05353 -0.22937
   0.52537  0.05358 -0.22816
   0.51748  0.05361 -0.22743
   0.50958  0.05364 -0.22728
   0.50169  0.05366 -0.22583
   0.49380  0.05367 -0.22636
   0.48590  0.05367 -0.22484
   0.47801  0.05366 -0.22540
   0.47012  0.05363 -0.22453
   0.46224  0.05360 -0.22398
   0.45437  0.05356 -0.22353
   0.44650  0.05351 -0.22317
   0.43864  0.05345 -0.22223
   0.43079  0.05338 -0.22222
   0.42295  0.05330 -0.22207
   0.41514  0.05321 -0.22190
   0.40737  0.05312 -0.22273
   0.39966  0.05301 -0.22235
   0.39202  0.05289 -0.22373
   0.38445  0.05276 -0.22100
   0.37694  0.05262 -0.21853
   0.36954  0.05249 -0.21772
   0.36229  0.05236 -0.22514
   0.35524  0.05223 -0.23633
   0.34842  0.05207 -0.24580
   0.34179  0.05185 -0.23716
   0.33530  0.05159 -0.21010
   0.32892  0.05132 -0.18327
   0.32258  0.05111 -0.16961
   0.31625  0.05098 -0.18631
   0.30988  0.05089 -0.21620
   0.30343  0.05078 -0.24407
   0.29682  0.05061 -0.24660
   0.29002  0.05037 -0.23427
   0.28299  0.05009 -0.22254
   0.27579  0.04982 -0.22151
   0.26847  0.04954 -0.22590
   0.26108  0.04924 -0.22813
   0.25361  0.04892 -0.22732
   0.24607  0.04858 -0.22768
   0.23850  0.04823 -0.22901
   0.23092  0.04786 -0.22981
   0.22333  0.04747 -0.23098
   0.21574  0.04707 -0.23187
   0.20817  0.04664 -0.23410
   0.20063  0.04620 -0.23501
   0.19311  0.04574 -0.23624
   0.18563  0.04526 -0.23989
   0.17820  0.04475 -0.24008
   0.17081  0.04423 -0.24187
   0.16349  0.04368 -0.24482
   0.15624  0.04311 -0.24542
   0.14907  0.04251 -0.24847
   0.14200  0.04189 -0.24974
   0.13503  0.04125 -0.25140
   0.12818  0.04059 -0.25288
   0.12147  0.03990 -0.25387
   0.11493  0.03919 -0.25466
   0.10856  0.03847 -0.25553
   0.10240  0.03773 -0.25593
   0.09647  0.03699 -0.25781
   0.09078  0.03624 -0.26048
   0.08537  0.03550 -0.26009
   0.08024  0.03476 -0.26644
   0.07540  0.03403 -0.26930
   0.07085  0.03331 -0.27420
   0.06658  0.03261 -0.28830
   0.06257  0.03190 -0.29017
   0.05879  0.03120 -0.30281
   0.05523  0.03050 -0.30830
   0.05189  0.02978 -0.30762
   0.04873  0.02906 -0.30258
   0.04574  0.02833 -0.29265
   0.04291  0.02760 -0.28440
   0.04024  0.02687 -0.27041
   0.03771  0.02615 -0.25937
   0.03531  0.02543 -0.25264
   0.03305  0.02471 -0.22849
   0.03089  0.02399 -0.19888
   0.02884  0.02329 -0.17583
   0.02688  0.02260 -0.16127
   0.02502  0.02195 -0.16097
   0.02326  0.02131 -0.16092
   0.02159  0.02067 -0.16144
   0.02000  0.02005 -0.15716
   0.01849  0.01942 -0.14804
   0.01706  0.01880 -0.13119
   0.01569  0.01817 -0.10568
   0.01439  0.01754 -0.08450
   0.01314  0.01692 -0.06249
   0.01194  0.01630 -0.04366
   0.01080  0.01568 -0.02626
   0.00971  0.01507 -0.01000
   0.00867  0.01445  0.01300
   0.00767  0.01383  0.02772
   0.00672  0.01321  0.04909
   0.00581  0.01258  0.06582
   0.00495  0.01194  0.09316
   0.00414  0.01128  0.11221
   0.00338  0.01061  0.13473
   0.00268  0.00990  0.16277
   0.00207  0.00914  0.27559
   0.00154  0.00835  0.36655
   0.00111  0.00752  0.49141
   0.00078  0.00665  0.63504
   0.00053  0.00577  0.75248
   0.00035  0.00489  0.83873
   0.00022  0.00400  0.89806
   0.00012  0.00312  0.94259
   0.00005  0.00224  0.97063
   0.00001  0.00137  0.98881
  -0.00000  0.00051  0.99829
   0.00001 -0.00034  0.99967
   0.00004 -0.00120  0.99378
   0.00010 -0.00206  0.98050
   0.00020 -0.00292  0.96679
   0.00027 -0.00380  0.93226
   0.00039 -0.00468  0.90289
   0.00054 -0.00556  0.86053
   0.00072 -0.00645  0.80799
   0.00092 -0.00735  0.74892
   0.00115 -0.00824  0.67888
   0.00142 -0.00914  0.58922
   0.00173 -0.01004  0.48920
   0.00207 -0.01094  0.37422
   0.00247 -0.01182  0.21258
   0.00292 -0.01269  0.13328
   0.00342 -0.01356 -0.18497
   0.00402 -0.01437 -0.25067
   0.00470 -0.01514 -0.35731
   0.00546 -0.01587 -0.39746
   0.00629 -0.01657 -0.43118
   0.00717 -0.01724 -0.44770
   0.00811 -0.01789 -0.46749
   0.00910 -0.01851 -0.47062
   0.01015 -0.01912 -0.47120
   0.01125 -0.01971 -0.47510
   0.01240 -0.02029 -0.47143
   0.01361 -0.02086 -0.46899
   0.01488 -0.02142 -0.46487
   0.01621 -0.02198 -0.45361
   0.01761 -0.02253 -0.44868
   0.01908 -0.02307 -0.43588
   0.02063 -0.02362 -0.43338
   0.02226 -0.02417 -0.42311
   0.02397 -0.02472 -0.41054
   0.02579 -0.02528 -0.40544
   0.02770 -0.02584 -0.39716
   0.02973 -0.02641 -0.39135
   0.03189 -0.02700 -0.38551
   0.03419 -0.02759 -0.38093
   0.03663 -0.02820 -0.37205
   0.03924 -0.02882 -0.36722
   0.04203 -0.02945 -0.35818
   0.04502 -0.03011 -0.35313
   0.04822 -0.03078 -0.34884
   0.05165 -0.03148 -0.34691
   0.05533 -0.03220 -0.34387
   0.05925 -0.03293 -0.34213
   0.06344 -0.03368 -0.33869
   0.06789 -0.03445 -0.33787
   0.07262 -0.03522 -0.33431
   0.07761 -0.03600 -0.33399
   0.08288 -0.03679 -0.33177
   0.08842 -0.03758 -0.32959
   0.09419 -0.03836 -0.32760
   0.10019 -0.03914 -0.32653
   0.10638 -0.03991 -0.32658
   0.11276 -0.04065 -0.32647
   0.11929 -0.04138 -0.32651
   0.12594 -0.04208 -0.32594
   0.13272 -0.04276 -0.32561
   0.13959 -0.04340 -0.32487
   0.14656 -0.04401 -0.32245
   0.15362 -0.04460 -0.32137
   0.16075 -0.04515 -0.31808
   0.16794 -0.04567 -0.31638
   0.17519 -0.04616 -0.31356
   0.18248 -0.04663 -0.31206
   0.18981 -0.04706 -0.31034
   0.19717 -0.04747 -0.30941
   0.20456 -0.04785 -0.30566
   0.21197 -0.04820 -0.30518
   0.21942 -0.04852 -0.30147
   0.22690 -0.04882 -0.29927
   0.23441 -0.04909 -0.29491
   0.24195 -0.04934 -0.29314
   0.24951 -0.04956 -0.29140
   0.25708 -0.04977 -0.28847
   0.26468 -0.04995 -0.28746
   0.27229 -0.05011 -0.28350
   0.27991 -0.05024 -0.28235
   0.28756 -0.05036 -0.27919
   0.29522 -0.05046 -0.27752
   0.30289 -0.05054 -0.27590
   0.31057 -0.05060 -0.27405
   0.31825 -0.05064 -0.27207
   0.32595 -0.05066 -0.27073
   0.33364 -0.05066 -0.26942
   0.34135 -0.05065 -0.26783
   0.34906 -0.05061 -0.26633
   0.35677 -0.05056 -0.26473
   0.36448 -0.05048 -0.26332
   0.37219 -0.05039 -0.26193
   0.37990 -0.05028 -0.26015
   0.38761 -0.05015 -0.25898
   0.39532 -0.05001 -0.25788
   0.40302 -0.04984 -0.25670
   0.41072 -0.04966 -0.25480
   0.41842 -0.04945 -0.25439
   0.42610 -0.04923 -0.25321
   0.43378 -0.04899 -0.25265
   0.44144 -0.04873 -0.25069
   0.44910 -0.04845 -0.25034
   0.45674 -0.04815 -0.24896
   0.46437 -0.04783 -0.24842
   0.47199 -0.04749 -0.24689
   0.47960 -0.04713 -0.24519
   0.48720 -0.04674 -0.24406
   0.49478 -0.04634 -0.24250
   0.50235 -0.04590 -0.24028
   0.50991 -0.04545 -0.23924
   0.51745 -0.04497 -0.23672
   0.52498 -0.04447 -0.23450
   0.53250 -0.04395 -0.23253
   0.54000 -0.04340 -0.23013
   0.54749 -0.04282 -0.22743
   0.55497 -0.04222 -0.22445
   0.56243 -0.04159 -0.22099
   0.56987 -0.04093 -0.21778
   0.57730 -0.04025 -0.21425
   0.58471 -0.03954 -0.21030
   0.59210 -0.03881 -0.20624
   0.59948 -0.03804 -0.20198
   0.60683 -0.03724 -0.19751
   0.61417 -0.03642 -0.19144
   0.62149 -0.03556 -0.18689
   0.62879 -0.03468 -0.17979
   0.63608 -0.03376 -0.17426
   0.64335 -0.03281 -0.16625
   0.65061 -0.03183 -0.15935
   0.65786 -0.03081 -0.15093
   0.66510 -0.02976 -0.14218
   0.67232 -0.02867 -0.13261
   0.67954 -0.02755 -0.12267
   0.68676 -0.02640 -0.11222
   0.69397 -0.02520 -0.10121
   0.70117 -0.02398 -0.08861
   0.70838 -0.02271 -0.07608
   0.71559 -0.02141 -0.06275
   0.72281 -0.02007 -0.04853
   0.73004 -0.01870 -0.03393
   0.73728 -0.01729 -0.01803
   0.74453 -0.01584 -0.00068
   0.75180 -0.01436  0.01555
   0.75910 -0.01284  0.03536
   0.76642 -0.01128  0.05322
   0.77378 -0.00969  0.07485
   0.78118 -0.00807  0.09355
   0.78863 -0.00642  0.11686
   0.79611 -0.00475  0.13751
   0.80361 -0.00306  0.16176
   0.81108 -0.00138  0.18451
   0.81847  0.00029  0.20737
   0.82574  0.00191  0.23096
   0.83289  0.00348  0.25283
   0.83991  0.00499  0.27320
   0.84680  0.00644  0.29278
   0.85358  0.00782  0.31209
   0.86023  0.00913  0.32826
   0.86676  0.01036  0.34671
   0.87316  0.01151  0.36084
   0.87944  0.01258  0.37710
   0.88561  0.01356  0.38887
   0.89167  0.01445  0.40102
   0.89763  0.01526  0.41171
   0.90349  0.01599  0.42124
   0.90927  0.01663  0.42897
   0.91493  0.01718  0.43850
   0.92047  0.01765  0.44442
   0.92588  0.01803  0.45252
   0.93120  0.01832  0.45612
   0.93644  0.01853  0.45688
   0.94160  0.01868  0.45975
   0.94662  0.01876  0.46672
   0.95140  0.01879  0.48195
   0.95595  0.01872  0.49162
   0.96030  0.01853  0.49664
   0.96456  0.01820  0.48167
   0.96881  0.01775  0.45415
   0.97308  0.01723  0.42702
   0.97733  0.01672  0.41481
   0.98147  0.01621  0.42788
   0.98549  0.01562  0.43474
   0.98945  0.01488  0.38952
   0.99342  0.01406  0.32482
   0.99738  0.01325  0.29941
   1.00000  0.01271  0.25409
