GRUMMAN K-2 AIRFOIL                             
 Alfa =  -1.32290 Re =        0.000 Xflap,Yflap =     0.000000    0.000000
#    x        y        Cp  
   1.00000  0.01371  0.25423
   0.99740  0.01444  0.09927
   0.99329  0.01549  0.06154
   0.98889  0.01657  0.04625
   0.98423  0.01772  0.00594
   0.97929  0.01890 -0.02899
   0.97409  0.02011 -0.05494
   0.96867  0.02135 -0.08527
   0.96305  0.02259 -0.11178
   0.95727  0.02381 -0.13341
   0.95131  0.02502 -0.15428
   0.94520  0.02620 -0.16934
   0.93893  0.02735 -0.18237
   0.93253  0.02848 -0.19357
   0.92600  0.02957 -0.20073
   0.91932  0.03065 -0.20674
   0.91254  0.03170 -0.21369
   0.90568  0.03272 -0.22227
   0.89876  0.03372 -0.22970
   0.89181  0.03467 -0.23775
   0.88484  0.03559 -0.24369
   0.87782  0.03647 -0.24632
   0.87073  0.03731 -0.24742
   0.86355  0.03812 -0.24851
   0.85628  0.03891 -0.24727
   0.84891  0.03968 -0.24636
   0.84146  0.04044 -0.24631
   0.83396  0.04117 -0.24621
   0.82645  0.04190 -0.25192
   0.81896  0.04260 -0.25680
   0.81149  0.04327 -0.26034
   0.80402  0.04391 -0.26286
   0.79655  0.04452 -0.26525
   0.78909  0.04510 -0.26745
   0.78162  0.04565 -0.26813
   0.77414  0.04617 -0.26765
   0.76665  0.04666 -0.26800
   0.75914  0.04713 -0.26677
   0.75161  0.04756 -0.26493
   0.74405  0.04798 -0.26321
   0.73646  0.04837 -0.26024
   0.72884  0.04874 -0.25781
   0.72118  0.04909 -0.25491
   0.71350  0.04943 -0.25157
   0.70580  0.04974 -0.24975
   0.69806  0.05004 -0.24675
   0.69030  0.05033 -0.24464
   0.68252  0.05060 -0.24256
   0.67473  0.05086 -0.24073
   0.66693  0.05111 -0.23853
   0.65911  0.05135 -0.23727
   0.65129  0.05157 -0.23574
   0.64347  0.05178 -0.23369
   0.63563  0.05197 -0.23256
   0.62779  0.05216 -0.23103
   0.61994  0.05233 -0.22894
   0.61208  0.05249 -0.22842
   0.60421  0.05264 -0.22587
   0.59633  0.05278 -0.22501
   0.58846  0.05291 -0.22377
   0.58058  0.05303 -0.22312
   0.57270  0.05314 -0.22187
   0.56482  0.05324 -0.22095
   0.55693  0.05333 -0.21984
   0.54904  0.05340 -0.21915
   0.54115  0.05347 -0.21770
   0.53326  0.05353 -0.21733
   0.52537  0.05358 -0.21595
   0.51748  0.05361 -0.21501
   0.50958  0.05364 -0.21469
   0.50169  0.05366 -0.21305
   0.49380  0.05367 -0.21338
   0.48590  0.05367 -0.21168
   0.47801  0.05366 -0.21200
   0.47012  0.05363 -0.21095
   0.46224  0.05360 -0.21016
   0.45437  0.05356 -0.20951
   0.44650  0.05351 -0.20894
   0.43864  0.05345 -0.20780
   0.43079  0.05338 -0.20752
   0.42295  0.05330 -0.20718
   0.41514  0.05321 -0.20676
   0.40737  0.05312 -0.20735
   0.39966  0.05301 -0.20667
   0.39202  0.05289 -0.20785
   0.38445  0.05276 -0.20485
   0.37694  0.05262 -0.20219
   0.36954  0.05249 -0.20114
   0.36229  0.05236 -0.20820
   0.35524  0.05223 -0.21894
   0.34842  0.05207 -0.22807
   0.34179  0.05185 -0.21925
   0.33530  0.05159 -0.19234
   0.32892  0.05132 -0.16568
   0.32258  0.05111 -0.15194
   0.31625  0.05098 -0.16817
   0.30988  0.05089 -0.19733
   0.30343  0.05078 -0.22445
   0.29682  0.05061 -0.22667
   0.29002  0.05037 -0.21419
   0.28299  0.05009 -0.20232
   0.27579  0.04982 -0.20094
   0.26847  0.04954 -0.20488
   0.26108  0.04924 -0.20671
   0.25361  0.04892 -0.20547
   0.24607  0.04858 -0.20540
   0.23850  0.04823 -0.20626
   0.23092  0.04786 -0.20655
   0.22333  0.04747 -0.20721
   0.21574  0.04707 -0.20758
   0.20817  0.04664 -0.20921
   0.20063  0.04620 -0.20954
   0.19311  0.04574 -0.21015
   0.18563  0.04526 -0.21309
   0.17820  0.04475 -0.21262
   0.17081  0.04423 -0.21367
   0.16349  0.04368 -0.21583
   0.15624  0.04311 -0.21565
   0.14907  0.04251 -0.21781
   0.14200  0.04189 -0.21820
   0.13503  0.04125 -0.21891
   0.12818  0.04059 -0.21939
   0.12147  0.03990 -0.21935
   0.11493  0.03919 -0.21905
   0.10856  0.03847 -0.21878
   0.10240  0.03773 -0.21800
   0.09647  0.03699 -0.21859
   0.09078  0.03624 -0.21991
   0.08537  0.03550 -0.21818
   0.08024  0.03476 -0.22296
   0.07540  0.03403 -0.22426
   0.07085  0.03331 -0.22753
   0.06658  0.03261 -0.23956
   0.06257  0.03190 -0.23981
   0.05879  0.03120 -0.25027
   0.05523  0.03050 -0.25386
   0.05189  0.02978 -0.25143
   0.04873  0.02906 -0.24478
   0.04574  0.02833 -0.23341
   0.04291  0.02760 -0.22363
   0.04024  0.02687 -0.20833
   0.03771  0.02615 -0.19581
   0.03531  0.02543 -0.18732
   0.03305  0.02471 -0.16231
   0.03089  0.02399 -0.13210
   0.02884  0.02329 -0.10820
   0.02688  0.02260 -0.09218
   0.02502  0.02195 -0.08958
   0.02326  0.02131 -0.08703
   0.02159  0.02067 -0.08494
   0.02000  0.02005 -0.07819
   0.01849  0.01942 -0.06677
   0.01706  0.01880 -0.04815
   0.01569  0.01817 -0.02130
   0.01439  0.01754  0.00142
   0.01314  0.01692  0.02518
   0.01194  0.01630  0.04615
   0.01080  0.01568  0.06595
   0.00971  0.01507  0.08477
   0.00867  0.01445  0.11025
   0.00767  0.01383  0.12818
   0.00672  0.01321  0.15288
   0.00581  0.01258  0.17359
   0.00495  0.01194  0.20461
   0.00414  0.01128  0.22861
   0.00338  0.01061  0.25718
   0.00268  0.00990  0.29134
   0.00207  0.00914  0.39810
   0.00154  0.00835  0.48541
   0.00111  0.00752  0.59910
   0.00078  0.00665  0.72330
   0.00053  0.00577  0.82187
   0.00035  0.00489  0.89198
   0.00022  0.00400  0.93835
   0.00012  0.00312  0.97105
   0.00005  0.00224  0.98934
   0.00001  0.00137  0.99850
  -0.00000  0.00051  0.99934
   0.00001 -0.00034  0.99296
   0.00004 -0.00120  0.97918
   0.00010 -0.00206  0.95750
   0.00020 -0.00292  0.94082
   0.00027 -0.00380  0.89300
   0.00039 -0.00468  0.85861
   0.00054 -0.00556  0.80799
   0.00072 -0.00645  0.74678
   0.00092 -0.00735  0.67930
   0.00115 -0.00824  0.60027
   0.00142 -0.00914  0.50000
   0.00173 -0.01004  0.38904
   0.00207 -0.01094  0.26306
   0.00247 -0.01182  0.08517
   0.00292 -0.01269  0.00397
   0.00342 -0.01356 -0.34794
   0.00402 -0.01437 -0.40936
   0.00470 -0.01514 -0.51834
   0.00546 -0.01587 -0.55246
   0.00629 -0.01657 -0.58083
   0.00717 -0.01724 -0.59084
   0.00811 -0.01789 -0.60524
   0.00910 -0.01851 -0.60228
   0.01015 -0.01912 -0.59700
   0.01125 -0.01971 -0.59579
   0.01240 -0.02029 -0.58706
   0.01361 -0.02086 -0.57992
   0.01488 -0.02142 -0.57127
   0.01621 -0.02198 -0.55543
   0.01761 -0.02253 -0.54647
   0.01908 -0.02307 -0.52969
   0.02063 -0.02362 -0.52373
   0.02226 -0.02417 -0.50992
   0.02397 -0.02472 -0.49389
   0.02579 -0.02528 -0.48572
   0.02770 -0.02584 -0.47450
   0.02973 -0.02641 -0.46594
   0.03189 -0.02700 -0.45747
   0.03419 -0.02759 -0.45037
   0.03663 -0.02820 -0.43894
   0.03924 -0.02882 -0.43173
   0.04203 -0.02945 -0.42029
   0.04502 -0.03011 -0.41302
   0.04822 -0.03078 -0.40664
   0.05165 -0.03148 -0.40275
   0.05533 -0.03220 -0.39777
   0.05925 -0.03293 -0.39418
   0.06344 -0.03368 -0.38892
   0.06789 -0.03445 -0.38638
   0.07262 -0.03522 -0.38111
   0.07761 -0.03600 -0.37921
   0.08288 -0.03679 -0.37543
   0.08842 -0.03758 -0.37176
   0.09419 -0.03836 -0.36834
   0.10019 -0.03914 -0.36594
   0.10638 -0.03991 -0.36474
   0.11276 -0.04065 -0.36346
   0.11929 -0.04138 -0.36239
   0.12594 -0.04208 -0.36075
   0.13272 -0.04276 -0.35941
   0.13959 -0.04340 -0.35770
   0.14656 -0.04401 -0.35434
   0.15362 -0.04460 -0.35237
   0.16075 -0.04515 -0.34821
   0.16794 -0.04567 -0.34571
   0.17519 -0.04616 -0.34211
   0.18248 -0.04663 -0.33988
   0.18981 -0.04706 -0.33748
   0.19717 -0.04747 -0.33587
   0.20456 -0.04785 -0.33148
   0.21197 -0.04820 -0.33042
   0.21942 -0.04852 -0.32610
   0.22690 -0.04882 -0.32332
   0.23441 -0.04909 -0.31840
   0.24195 -0.04934 -0.31610
   0.24951 -0.04956 -0.31388
   0.25708 -0.04977 -0.31045
   0.26468 -0.04995 -0.30899
   0.27229 -0.05011 -0.30457
   0.27991 -0.05024 -0.30298
   0.28756 -0.05036 -0.29941
   0.29522 -0.05046 -0.29733
   0.30289 -0.05054 -0.29532
   0.31057 -0.05060 -0.29308
   0.31825 -0.05064 -0.29077
   0.32595 -0.05066 -0.28904
   0.33364 -0.05066 -0.28742
   0.34135 -0.05065 -0.28548
   0.34906 -0.05061 -0.28367
   0.35677 -0.05056 -0.28175
   0.36448 -0.05048 -0.28000
   0.37219 -0.05039 -0.27838
   0.37990 -0.05028 -0.27624
   0.38761 -0.05015 -0.27485
   0.39532 -0.05001 -0.27342
   0.40302 -0.04984 -0.27198
   0.41072 -0.04966 -0.26984
   0.41842 -0.04945 -0.26916
   0.42610 -0.04923 -0.26772
   0.43378 -0.04899 -0.26693
   0.44144 -0.04873 -0.26475
   0.44910 -0.04845 -0.26412
   0.45674 -0.04815 -0.26253
   0.46437 -0.04783 -0.26176
   0.47199 -0.04749 -0.26001
   0.47960 -0.04713 -0.25809
   0.48720 -0.04674 -0.25673
   0.49478 -0.04634 -0.25497
   0.50235 -0.04590 -0.25253
   0.50991 -0.04545 -0.25124
   0.51745 -0.04497 -0.24858
   0.52498 -0.04447 -0.24610
   0.53250 -0.04395 -0.24394
   0.54000 -0.04340 -0.24132
   0.54749 -0.04282 -0.23844
   0.55497 -0.04222 -0.23526
   0.56243 -0.04159 -0.23157
   0.56987 -0.04093 -0.22819
   0.57730 -0.04025 -0.22446
   0.58471 -0.03954 -0.22028
   0.59210 -0.03881 -0.21605
   0.59948 -0.03804 -0.21158
   0.60683 -0.03724 -0.20695
   0.61417 -0.03642 -0.20067
   0.62149 -0.03556 -0.19591
   0.62879 -0.03468 -0.18860
   0.63608 -0.03376 -0.18287
   0.64335 -0.03281 -0.17470
   0.65061 -0.03183 -0.16756
   0.65786 -0.03081 -0.15896
   0.66510 -0.02976 -0.15002
   0.67232 -0.02867 -0.14020
   0.67954 -0.02755 -0.13006
   0.68676 -0.02640 -0.11947
   0.69397 -0.02520 -0.10822
   0.70117 -0.02398 -0.09542
   0.70838 -0.02271 -0.08266
   0.71559 -0.02141 -0.06912
   0.72281 -0.02007 -0.05472
   0.73004 -0.01870 -0.03994
   0.73728 -0.01729 -0.02378
   0.74453 -0.01584 -0.00617
   0.75180 -0.01436  0.01018
   0.75910 -0.01284  0.03021
   0.76642 -0.01128  0.04834
   0.77378 -0.00969  0.07017
   0.78118 -0.00807  0.08905
   0.78863 -0.00642  0.11256
   0.79611 -0.00475  0.13346
   0.80361 -0.00306  0.15791
   0.81108 -0.00138  0.18086
   0.81847  0.00029  0.20388
   0.82574  0.00191  0.22768
   0.83289  0.00348  0.24972
   0.83991  0.00499  0.27028
   0.84680  0.00644  0.29000
   0.85358  0.00782  0.30944
   0.86023  0.00913  0.32576
   0.86676  0.01036  0.34438
   0.87316  0.01151  0.35851
   0.87944  0.01258  0.37500
   0.88561  0.01356  0.38684
   0.89167  0.01445  0.39907
   0.89763  0.01526  0.40989
   0.90349  0.01599  0.41945
   0.90927  0.01663  0.42728
   0.91493  0.01718  0.43695
   0.92047  0.01765  0.44281
   0.92588  0.01803  0.45111
   0.93120  0.01832  0.45470
   0.93644  0.01853  0.45555
   0.94160  0.01868  0.45848
   0.94662  0.01876  0.46543
   0.95140  0.01879  0.48084
   0.95595  0.01872  0.49051
   0.96030  0.01853  0.49561
   0.96456  0.01820  0.48071
   0.96881  0.01775  0.45312
   0.97308  0.01723  0.42604
   0.97733  0.01672  0.41385
   0.98147  0.01621  0.42706
   0.98549  0.01562  0.43402
   0.98945  0.01488  0.38877
   0.99342  0.01406  0.32408
   0.99738  0.01325  0.29881
   1.00000  0.01271  0.25423
