GRUMMAN K-2 AIRFOIL                             
 Alfa =  -1.27410 Re =        0.000 Xflap,Yflap =     0.000000    0.000000
#    x        y        Cp  
   1.00000  0.01371  0.25421
   0.99740  0.01444  0.09921
   0.99329  0.01549  0.06145
   0.98889  0.01657  0.04610
   0.98423  0.01772  0.00574
   0.97929  0.01890 -0.02922
   0.97409  0.02011 -0.05519
   0.96867  0.02135 -0.08558
   0.96305  0.02259 -0.11212
   0.95727  0.02381 -0.13377
   0.95131  0.02502 -0.15470
   0.94520  0.02620 -0.16979
   0.93893  0.02735 -0.18286
   0.93253  0.02848 -0.19409
   0.92600  0.02957 -0.20127
   0.91932  0.03065 -0.20733
   0.91254  0.03170 -0.21429
   0.90568  0.03272 -0.22292
   0.89876  0.03372 -0.23036
   0.89181  0.03467 -0.23846
   0.88484  0.03559 -0.24443
   0.87782  0.03647 -0.24708
   0.87073  0.03731 -0.24821
   0.86355  0.03812 -0.24934
   0.85628  0.03891 -0.24810
   0.84891  0.03968 -0.24724
   0.84146  0.04044 -0.24720
   0.83396  0.04117 -0.24714
   0.82645  0.04190 -0.25286
   0.81896  0.04260 -0.25778
   0.81149  0.04327 -0.26136
   0.80402  0.04391 -0.26389
   0.79655  0.04452 -0.26633
   0.78909  0.04510 -0.26853
   0.78162  0.04565 -0.26925
   0.77414  0.04617 -0.26880
   0.76665  0.04666 -0.26918
   0.75914  0.04713 -0.26796
   0.75161  0.04756 -0.26615
   0.74405  0.04798 -0.26444
   0.73646  0.04837 -0.26151
   0.72884  0.04874 -0.25909
   0.72118  0.04909 -0.25622
   0.71350  0.04943 -0.25291
   0.70580  0.04974 -0.25111
   0.69806  0.05004 -0.24811
   0.69030  0.05033 -0.24605
   0.68252  0.05060 -0.24398
   0.67473  0.05086 -0.24219
   0.66693  0.05111 -0.24000
   0.65911  0.05135 -0.23876
   0.65129  0.05157 -0.23727
   0.64347  0.05178 -0.23524
   0.63563  0.05197 -0.23413
   0.62779  0.05216 -0.23262
   0.61994  0.05233 -0.23056
   0.61208  0.05249 -0.23006
   0.60421  0.05264 -0.22754
   0.59633  0.05278 -0.22671
   0.58846  0.05291 -0.22550
   0.58058  0.05303 -0.22488
   0.57270  0.05314 -0.22365
   0.56482  0.05324 -0.22275
   0.55693  0.05333 -0.22167
   0.54904  0.05340 -0.22102
   0.54115  0.05347 -0.21959
   0.53326  0.05353 -0.21925
   0.52537  0.05358 -0.21790
   0.51748  0.05361 -0.21699
   0.50958  0.05364 -0.21670
   0.50169  0.05366 -0.21509
   0.49380  0.05367 -0.21545
   0.48590  0.05367 -0.21378
   0.47801  0.05366 -0.21414
   0.47012  0.05363 -0.21312
   0.46224  0.05360 -0.21237
   0.45437  0.05356 -0.21174
   0.44650  0.05351 -0.21121
   0.43864  0.05345 -0.21010
   0.43079  0.05338 -0.20986
   0.42295  0.05330 -0.20955
   0.41514  0.05321 -0.20918
   0.40737  0.05312 -0.20980
   0.39966  0.05301 -0.20917
   0.39202  0.05289 -0.21038
   0.38445  0.05276 -0.20743
   0.37694  0.05262 -0.20479
   0.36954  0.05249 -0.20378
   0.36229  0.05236 -0.21090
   0.35524  0.05223 -0.22171
   0.34842  0.05207 -0.23089
   0.34179  0.05185 -0.22211
   0.33530  0.05159 -0.19517
   0.32892  0.05132 -0.16848
   0.32258  0.05111 -0.15476
   0.31625  0.05098 -0.17106
   0.30988  0.05089 -0.20033
   0.30343  0.05078 -0.22757
   0.29682  0.05061 -0.22984
   0.29002  0.05037 -0.21739
   0.28299  0.05009 -0.20554
   0.27579  0.04982 -0.20422
   0.26847  0.04954 -0.20823
   0.26108  0.04924 -0.21012
   0.25361  0.04892 -0.20895
   0.24607  0.04858 -0.20894
   0.23850  0.04823 -0.20988
   0.23092  0.04786 -0.21025
   0.22333  0.04747 -0.21099
   0.21574  0.04707 -0.21144
   0.20817  0.04664 -0.21317
   0.20063  0.04620 -0.21359
   0.19311  0.04574 -0.21430
   0.18563  0.04526 -0.21735
   0.17820  0.04475 -0.21698
   0.17081  0.04423 -0.21816
   0.16349  0.04368 -0.22044
   0.15624  0.04311 -0.22038
   0.14907  0.04251 -0.22268
   0.14200  0.04189 -0.22321
   0.13503  0.04125 -0.22407
   0.12818  0.04059 -0.22470
   0.12147  0.03990 -0.22483
   0.11493  0.03919 -0.22470
   0.10856  0.03847 -0.22461
   0.10240  0.03773 -0.22401
   0.09647  0.03699 -0.22481
   0.09078  0.03624 -0.22634
   0.08537  0.03550 -0.22482
   0.08024  0.03476 -0.22985
   0.07540  0.03403 -0.23139
   0.07085  0.03331 -0.23492
   0.06658  0.03261 -0.24728
   0.06257  0.03190 -0.24778
   0.05879  0.03120 -0.25858
   0.05523  0.03050 -0.26247
   0.05189  0.02978 -0.26031
   0.04873  0.02906 -0.25391
   0.04574  0.02833 -0.24277
   0.04291  0.02760 -0.23323
   0.04024  0.02687 -0.21814
   0.03771  0.02615 -0.20585
   0.03531  0.02543 -0.19762
   0.03305  0.02471 -0.17275
   0.03089  0.02399 -0.14263
   0.02884  0.02329 -0.11886
   0.02688  0.02260 -0.10307
   0.02502  0.02195 -0.10082
   0.02326  0.02131 -0.09866
   0.02159  0.02067 -0.09698
   0.02000  0.02005 -0.09060
   0.01849  0.01942 -0.07954
   0.01706  0.01880 -0.06119
   0.01569  0.01817 -0.03454
   0.01439  0.01754 -0.01205
   0.01314  0.01692  0.01145
   0.01194  0.01630  0.03209
   0.01080  0.01568  0.05153
   0.00971  0.01507  0.06996
   0.00867  0.01445  0.09507
   0.00767  0.01383  0.11252
   0.00672  0.01321  0.13672
   0.00581  0.01258  0.15684
   0.00495  0.01194  0.18731
   0.00414  0.01128  0.21059
   0.00338  0.01061  0.23827
   0.00268  0.00990  0.27154
   0.00207  0.00914  0.37931
   0.00154  0.00835  0.46727
   0.00111  0.00752  0.58278
   0.00078  0.00665  0.71004
   0.00053  0.00577  0.81156
   0.00035  0.00489  0.88420
   0.00022  0.00400  0.93260
   0.00012  0.00312  0.96715
   0.00005  0.00224  0.98698
   0.00001  0.00137  0.99756
  -0.00000  0.00051  0.99978
   0.00001 -0.00034  0.99461
   0.00004 -0.00120  0.98208
   0.00010 -0.00206  0.96176
   0.00020 -0.00292  0.94547
   0.00027 -0.00380  0.89986
   0.00039 -0.00468  0.86623
   0.00054 -0.00556  0.81694
   0.00072 -0.00645  0.75711
   0.00092 -0.00735  0.69097
   0.00115 -0.00824  0.61339
   0.00142 -0.00914  0.51482
   0.00173 -0.01004  0.40562
   0.00207 -0.01094  0.28140
   0.00247 -0.01182  0.10614
   0.00292 -0.01269  0.02520
   0.00342 -0.01356 -0.32124
   0.00402 -0.01437 -0.38341
   0.00470 -0.01514 -0.49205
   0.00546 -0.01587 -0.52719
   0.00629 -0.01657 -0.55646
   0.00717 -0.01724 -0.56756
   0.00811 -0.01789 -0.58285
   0.00910 -0.01851 -0.58091
   0.01015 -0.01912 -0.57659
   0.01125 -0.01971 -0.57623
   0.01240 -0.02029 -0.56833
   0.01361 -0.02086 -0.56196
   0.01488 -0.02142 -0.55405
   0.01621 -0.02198 -0.53896
   0.01761 -0.02253 -0.53067
   0.01908 -0.02307 -0.51453
   0.02063 -0.02362 -0.50913
   0.02226 -0.02417 -0.49590
   0.02397 -0.02472 -0.48043
   0.02579 -0.02528 -0.47277
   0.02770 -0.02584 -0.46203
   0.02973 -0.02641 -0.45392
   0.03189 -0.02700 -0.44588
   0.03419 -0.02759 -0.43919
   0.03663 -0.02820 -0.42817
   0.03924 -0.02882 -0.42134
   0.04203 -0.02945 -0.41029
   0.04502 -0.03011 -0.40339
   0.04822 -0.03078 -0.39734
   0.05165 -0.03148 -0.39377
   0.05533 -0.03220 -0.38911
   0.05925 -0.03293 -0.38582
   0.06344 -0.03368 -0.38085
   0.06789 -0.03445 -0.37859
   0.07262 -0.03522 -0.37360
   0.07761 -0.03600 -0.37195
   0.08288 -0.03679 -0.36843
   0.08842 -0.03758 -0.36499
   0.09419 -0.03836 -0.36180
   0.10019 -0.03914 -0.35962
   0.10638 -0.03991 -0.35862
   0.11276 -0.04065 -0.35753
   0.11929 -0.04138 -0.35664
   0.12594 -0.04208 -0.35517
   0.13272 -0.04276 -0.35399
   0.13959 -0.04340 -0.35244
   0.14656 -0.04401 -0.34923
   0.15362 -0.04460 -0.34740
   0.16075 -0.04515 -0.34338
   0.16794 -0.04567 -0.34101
   0.17519 -0.04616 -0.33754
   0.18248 -0.04663 -0.33543
   0.18981 -0.04706 -0.33314
   0.19717 -0.04747 -0.33164
   0.20456 -0.04785 -0.32735
   0.21197 -0.04820 -0.32638
   0.21942 -0.04852 -0.32216
   0.22690 -0.04882 -0.31947
   0.23441 -0.04909 -0.31464
   0.24195 -0.04934 -0.31243
   0.24951 -0.04956 -0.31029
   0.25708 -0.04977 -0.30694
   0.26468 -0.04995 -0.30555
   0.27229 -0.05011 -0.30120
   0.27991 -0.05024 -0.29968
   0.28756 -0.05036 -0.29618
   0.29522 -0.05046 -0.29416
   0.30289 -0.05054 -0.29222
   0.31057 -0.05060 -0.29004
   0.31825 -0.05064 -0.28778
   0.32595 -0.05066 -0.28611
   0.33364 -0.05066 -0.28454
   0.34135 -0.05065 -0.28266
   0.34906 -0.05061 -0.28090
   0.35677 -0.05056 -0.27903
   0.36448 -0.05048 -0.27734
   0.37219 -0.05039 -0.27575
   0.37990 -0.05028 -0.27367
   0.38761 -0.05015 -0.27231
   0.39532 -0.05001 -0.27094
   0.40302 -0.04984 -0.26954
   0.41072 -0.04966 -0.26744
   0.41842 -0.04945 -0.26680
   0.42610 -0.04923 -0.26541
   0.43378 -0.04899 -0.26465
   0.44144 -0.04873 -0.26250
   0.44910 -0.04845 -0.26192
   0.45674 -0.04815 -0.26037
   0.46437 -0.04783 -0.25963
   0.47199 -0.04749 -0.25791
   0.47960 -0.04713 -0.25603
   0.48720 -0.04674 -0.25471
   0.49478 -0.04634 -0.25298
   0.50235 -0.04590 -0.25057
   0.50991 -0.04545 -0.24933
   0.51745 -0.04497 -0.24669
   0.52498 -0.04447 -0.24425
   0.53250 -0.04395 -0.24212
   0.54000 -0.04340 -0.23954
   0.54749 -0.04282 -0.23669
   0.55497 -0.04222 -0.23354
   0.56243 -0.04159 -0.22988
   0.56987 -0.04093 -0.22653
   0.57730 -0.04025 -0.22284
   0.58471 -0.03954 -0.21869
   0.59210 -0.03881 -0.21449
   0.59948 -0.03804 -0.21005
   0.60683 -0.03724 -0.20544
   0.61417 -0.03642 -0.19920
   0.62149 -0.03556 -0.19447
   0.62879 -0.03468 -0.18720
   0.63608 -0.03376 -0.18150
   0.64335 -0.03281 -0.17335
   0.65061 -0.03183 -0.16625
   0.65786 -0.03081 -0.15768
   0.66510 -0.02976 -0.14877
   0.67232 -0.02867 -0.13899
   0.67954 -0.02755 -0.12888
   0.68676 -0.02640 -0.11832
   0.69397 -0.02520 -0.10710
   0.70117 -0.02398 -0.09434
   0.70838 -0.02271 -0.08162
   0.71559 -0.02141 -0.06810
   0.72281 -0.02007 -0.05374
   0.73004 -0.01870 -0.03898
   0.73728 -0.01729 -0.02287
   0.74453 -0.01584 -0.00530
   0.75180 -0.01436  0.01103
   0.75910 -0.01284  0.03103
   0.76642 -0.01128  0.04912
   0.77378 -0.00969  0.07092
   0.78118 -0.00807  0.08976
   0.78863 -0.00642  0.11325
   0.79611 -0.00475  0.13410
   0.80361 -0.00306  0.15852
   0.81108 -0.00138  0.18144
   0.81847  0.00029  0.20443
   0.82574  0.00191  0.22820
   0.83289  0.00348  0.25022
   0.83991  0.00499  0.27074
   0.84680  0.00644  0.29044
   0.85358  0.00782  0.30986
   0.86023  0.00913  0.32616
   0.86676  0.01036  0.34475
   0.87316  0.01151  0.35888
   0.87944  0.01258  0.37533
   0.88561  0.01356  0.38716
   0.89167  0.01445  0.39938
   0.89763  0.01526  0.41018
   0.90349  0.01599  0.41973
   0.90927  0.01663  0.42755
   0.91493  0.01718  0.43719
   0.92047  0.01765  0.44307
   0.92588  0.01803  0.45133
   0.93120  0.01832  0.45493
   0.93644  0.01853  0.45576
   0.94160  0.01868  0.45868
   0.94662  0.01876  0.46563
   0.95140  0.01879  0.48102
   0.95595  0.01872  0.49069
   0.96030  0.01853  0.49578
   0.96456  0.01820  0.48086
   0.96881  0.01775  0.45328
   0.97308  0.01723  0.42619
   0.97733  0.01672  0.41400
   0.98147  0.01621  0.42719
   0.98549  0.01562  0.43413
   0.98945  0.01488  0.38889
   0.99342  0.01406  0.32419
   0.99738  0.01325  0.29890
   1.00000  0.01271  0.25421
