GRUMMAN K-2 AIRFOIL                             
 Alfa =  -1.01400 Re =        0.000 Xflap,Yflap =     0.000000    0.000000
#    x        y        Cp  
   1.00000  0.01371  0.25408
   0.99740  0.01444  0.09888
   0.99329  0.01549  0.06101
   0.98889  0.01657  0.04535
   0.98423  0.01772  0.00472
   0.97929  0.01890 -0.03040
   0.97409  0.02011 -0.05652
   0.96867  0.02135 -0.08718
   0.96305  0.02259 -0.11388
   0.95727  0.02381 -0.13570
   0.95131  0.02502 -0.15688
   0.94520  0.02620 -0.17215
   0.93893  0.02735 -0.18542
   0.93253  0.02848 -0.19683
   0.92600  0.02957 -0.20412
   0.91932  0.03065 -0.21045
   0.91254  0.03170 -0.21748
   0.90568  0.03272 -0.22636
   0.89876  0.03372 -0.23388
   0.89181  0.03467 -0.24222
   0.88484  0.03559 -0.24835
   0.87782  0.03647 -0.25111
   0.87073  0.03731 -0.25241
   0.86355  0.03812 -0.25370
   0.85628  0.03891 -0.25252
   0.84891  0.03968 -0.25190
   0.84146  0.04044 -0.25193
   0.83396  0.04117 -0.25205
   0.82645  0.04190 -0.25788
   0.81896  0.04260 -0.26300
   0.81149  0.04327 -0.26674
   0.80402  0.04391 -0.26937
   0.79655  0.04452 -0.27203
   0.78909  0.04510 -0.27424
   0.78162  0.04565 -0.27524
   0.77414  0.04617 -0.27486
   0.76665  0.04666 -0.27545
   0.75914  0.04713 -0.27430
   0.75161  0.04756 -0.27263
   0.74405  0.04798 -0.27098
   0.73646  0.04837 -0.26825
   0.72884  0.04874 -0.26591
   0.72118  0.04909 -0.26318
   0.71350  0.04943 -0.26002
   0.70580  0.04974 -0.25833
   0.69806  0.05004 -0.25538
   0.69030  0.05033 -0.25354
   0.68252  0.05060 -0.25152
   0.67473  0.05086 -0.24993
   0.66693  0.05111 -0.24783
   0.65911  0.05135 -0.24669
   0.65129  0.05157 -0.24540
   0.64347  0.05178 -0.24346
   0.63563  0.05197 -0.24249
   0.62779  0.05216 -0.24112
   0.61994  0.05233 -0.23922
   0.61208  0.05249 -0.23879
   0.60421  0.05264 -0.23644
   0.59633  0.05278 -0.23577
   0.58846  0.05291 -0.23469
   0.58058  0.05303 -0.23422
   0.57270  0.05314 -0.23312
   0.56482  0.05324 -0.23235
   0.55693  0.05333 -0.23143
   0.54904  0.05340 -0.23094
   0.54115  0.05347 -0.22966
   0.53326  0.05353 -0.22948
   0.52537  0.05358 -0.22828
   0.51748  0.05361 -0.22756
   0.50958  0.05364 -0.22740
   0.50169  0.05366 -0.22595
   0.49380  0.05367 -0.22649
   0.48590  0.05367 -0.22497
   0.47801  0.05366 -0.22553
   0.47012  0.05363 -0.22466
   0.46224  0.05360 -0.22412
   0.45437  0.05356 -0.22367
   0.44650  0.05351 -0.22331
   0.43864  0.05345 -0.22237
   0.43079  0.05338 -0.22236
   0.42295  0.05330 -0.22222
   0.41514  0.05321 -0.22205
   0.40737  0.05312 -0.22289
   0.39966  0.05301 -0.22250
   0.39202  0.05289 -0.22389
   0.38445  0.05276 -0.22116
   0.37694  0.05262 -0.21869
   0.36954  0.05249 -0.21789
   0.36229  0.05236 -0.22531
   0.35524  0.05223 -0.23650
   0.34842  0.05207 -0.24597
   0.34179  0.05185 -0.23734
   0.33530  0.05159 -0.21027
   0.32892  0.05132 -0.18344
   0.32258  0.05111 -0.16978
   0.31625  0.05098 -0.18649
   0.30988  0.05089 -0.21638
   0.30343  0.05078 -0.24426
   0.29682  0.05061 -0.24679
   0.29002  0.05037 -0.23446
   0.28299  0.05009 -0.22274
   0.27579  0.04982 -0.22171
   0.26847  0.04954 -0.22610
   0.26108  0.04924 -0.22834
   0.25361  0.04892 -0.22754
   0.24607  0.04858 -0.22790
   0.23850  0.04823 -0.22923
   0.23092  0.04786 -0.23004
   0.22333  0.04747 -0.23121
   0.21574  0.04707 -0.23211
   0.20817  0.04664 -0.23435
   0.20063  0.04620 -0.23526
   0.19311  0.04574 -0.23650
   0.18563  0.04526 -0.24016
   0.17820  0.04475 -0.24035
   0.17081  0.04423 -0.24215
   0.16349  0.04368 -0.24510
   0.15624  0.04311 -0.24572
   0.14907  0.04251 -0.24877
   0.14200  0.04189 -0.25006
   0.13503  0.04125 -0.25172
   0.12818  0.04059 -0.25321
   0.12147  0.03990 -0.25421
   0.11493  0.03919 -0.25501
   0.10856  0.03847 -0.25589
   0.10240  0.03773 -0.25630
   0.09647  0.03699 -0.25820
   0.09078  0.03624 -0.26089
   0.08537  0.03550 -0.26051
   0.08024  0.03476 -0.26687
   0.07540  0.03403 -0.26975
   0.07085  0.03331 -0.27466
   0.06658  0.03261 -0.28878
   0.06257  0.03190 -0.29067
   0.05879  0.03120 -0.30333
   0.05523  0.03050 -0.30884
   0.05189  0.02978 -0.30818
   0.04873  0.02906 -0.30315
   0.04574  0.02833 -0.29324
   0.04291  0.02760 -0.28501
   0.04024  0.02687 -0.27103
   0.03771  0.02615 -0.26000
   0.03531  0.02543 -0.25328
   0.03305  0.02471 -0.22915
   0.03089  0.02399 -0.19954
   0.02884  0.02329 -0.17650
   0.02688  0.02260 -0.16196
   0.02502  0.02195 -0.16169
   0.02326  0.02131 -0.16166
   0.02159  0.02067 -0.16220
   0.02000  0.02005 -0.15794
   0.01849  0.01942 -0.14886
   0.01706  0.01880 -0.13202
   0.01569  0.01817 -0.10652
   0.01439  0.01754 -0.08536
   0.01314  0.01692 -0.06337
   0.01194  0.01630 -0.04456
   0.01080  0.01568 -0.02719
   0.00971  0.01507 -0.01096
   0.00867  0.01445  0.01202
   0.00767  0.01383  0.02670
   0.00672  0.01321  0.04804
   0.00581  0.01258  0.06473
   0.00495  0.01194  0.09203
   0.00414  0.01128  0.11103
   0.00338  0.01061  0.13349
   0.00268  0.00990  0.16146
   0.00207  0.00914  0.27433
   0.00154  0.00835  0.36533
   0.00111  0.00752  0.49029
   0.00078  0.00665  0.63411
   0.00053  0.00577  0.75174
   0.00035  0.00489  0.83816
   0.00022  0.00400  0.89761
   0.00012  0.00312  0.94226
   0.00005  0.00224  0.97040
   0.00001  0.00137  0.98867
  -0.00000  0.00051  0.99824
   0.00001 -0.00034  0.99969
   0.00004 -0.00120  0.99388
   0.00010 -0.00206  0.98068
   0.00020 -0.00292  0.96701
   0.00027 -0.00380  0.93260
   0.00039 -0.00468  0.90328
   0.00054 -0.00556  0.86100
   0.00072 -0.00645  0.80855
   0.00092 -0.00735  0.74956
   0.00115 -0.00824  0.67960
   0.00142 -0.00914  0.59006
   0.00173 -0.01004  0.49014
   0.00207 -0.01094  0.37527
   0.00247 -0.01182  0.21378
   0.00292 -0.01269  0.13451
   0.00342 -0.01356 -0.18343
   0.00402 -0.01437 -0.24916
   0.00470 -0.01514 -0.35578
   0.00546 -0.01587 -0.39598
   0.00629 -0.01657 -0.42974
   0.00717 -0.01724 -0.44633
   0.00811 -0.01789 -0.46617
   0.00910 -0.01851 -0.46935
   0.01015 -0.01912 -0.46999
   0.01125 -0.01971 -0.47394
   0.01240 -0.02029 -0.47032
   0.01361 -0.02086 -0.46792
   0.01488 -0.02142 -0.46385
   0.01621 -0.02198 -0.45262
   0.01761 -0.02253 -0.44774
   0.01908 -0.02307 -0.43498
   0.02063 -0.02362 -0.43251
   0.02226 -0.02417 -0.42227
   0.02397 -0.02472 -0.40973
   0.02579 -0.02528 -0.40466
   0.02770 -0.02584 -0.39641
   0.02973 -0.02641 -0.39063
   0.03189 -0.02700 -0.38481
   0.03419 -0.02759 -0.38026
   0.03663 -0.02820 -0.37140
   0.03924 -0.02882 -0.36659
   0.04203 -0.02945 -0.35758
   0.04502 -0.03011 -0.35255
   0.04822 -0.03078 -0.34828
   0.05165 -0.03148 -0.34637
   0.05533 -0.03220 -0.34334
   0.05925 -0.03293 -0.34162
   0.06344 -0.03368 -0.33820
   0.06789 -0.03445 -0.33740
   0.07262 -0.03522 -0.33385
   0.07761 -0.03600 -0.33355
   0.08288 -0.03679 -0.33134
   0.08842 -0.03758 -0.32918
   0.09419 -0.03836 -0.32720
   0.10019 -0.03914 -0.32615
   0.10638 -0.03991 -0.32620
   0.11276 -0.04065 -0.32611
   0.11929 -0.04138 -0.32616
   0.12594 -0.04208 -0.32560
   0.13272 -0.04276 -0.32528
   0.13959 -0.04340 -0.32455
   0.14656 -0.04401 -0.32214
   0.15362 -0.04460 -0.32107
   0.16075 -0.04515 -0.31778
   0.16794 -0.04567 -0.31609
   0.17519 -0.04616 -0.31328
   0.18248 -0.04663 -0.31179
   0.18981 -0.04706 -0.31007
   0.19717 -0.04747 -0.30915
   0.20456 -0.04785 -0.30540
   0.21197 -0.04820 -0.30493
   0.21942 -0.04852 -0.30123
   0.22690 -0.04882 -0.29903
   0.23441 -0.04909 -0.29468
   0.24195 -0.04934 -0.29291
   0.24951 -0.04956 -0.29118
   0.25708 -0.04977 -0.28825
   0.26468 -0.04995 -0.28725
   0.27229 -0.05011 -0.28330
   0.27991 -0.05024 -0.28215
   0.28756 -0.05036 -0.27899
   0.29522 -0.05046 -0.27732
   0.30289 -0.05054 -0.27571
   0.31057 -0.05060 -0.27386
   0.31825 -0.05064 -0.27188
   0.32595 -0.05066 -0.27055
   0.33364 -0.05066 -0.26925
   0.34135 -0.05065 -0.26766
   0.34906 -0.05061 -0.26616
   0.35677 -0.05056 -0.26457
   0.36448 -0.05048 -0.26316
   0.37219 -0.05039 -0.26177
   0.37990 -0.05028 -0.25999
   0.38761 -0.05015 -0.25883
   0.39532 -0.05001 -0.25773
   0.40302 -0.04984 -0.25655
   0.41072 -0.04966 -0.25465
   0.41842 -0.04945 -0.25425
   0.42610 -0.04923 -0.25307
   0.43378 -0.04899 -0.25251
   0.44144 -0.04873 -0.25055
   0.44910 -0.04845 -0.25021
   0.45674 -0.04815 -0.24883
   0.46437 -0.04783 -0.24829
   0.47199 -0.04749 -0.24676
   0.47960 -0.04713 -0.24506
   0.48720 -0.04674 -0.24394
   0.49478 -0.04634 -0.24237
   0.50235 -0.04590 -0.24016
   0.50991 -0.04545 -0.23913
   0.51745 -0.04497 -0.23660
   0.52498 -0.04447 -0.23439
   0.53250 -0.04395 -0.23241
   0.54000 -0.04340 -0.23002
   0.54749 -0.04282 -0.22732
   0.55497 -0.04222 -0.22434
   0.56243 -0.04159 -0.22089
   0.56987 -0.04093 -0.21768
   0.57730 -0.04025 -0.21415
   0.58471 -0.03954 -0.21021
   0.59210 -0.03881 -0.20614
   0.59948 -0.03804 -0.20188
   0.60683 -0.03724 -0.19742
   0.61417 -0.03642 -0.19135
   0.62149 -0.03556 -0.18680
   0.62879 -0.03468 -0.17971
   0.63608 -0.03376 -0.17417
   0.64335 -0.03281 -0.16617
   0.65061 -0.03183 -0.15927
   0.65786 -0.03081 -0.15085
   0.66510 -0.02976 -0.14211
   0.67232 -0.02867 -0.13253
   0.67954 -0.02755 -0.12260
   0.68676 -0.02640 -0.11215
   0.69397 -0.02520 -0.10114
   0.70117 -0.02398 -0.08854
   0.70838 -0.02271 -0.07602
   0.71559 -0.02141 -0.06269
   0.72281 -0.02007 -0.04847
   0.73004 -0.01870 -0.03387
   0.73728 -0.01729 -0.01797
   0.74453 -0.01584 -0.00063
   0.75180 -0.01436  0.01560
   0.75910 -0.01284  0.03541
   0.76642 -0.01128  0.05326
   0.77378 -0.00969  0.07490
   0.78118 -0.00807  0.09359
   0.78863 -0.00642  0.11690
   0.79611 -0.00475  0.13755
   0.80361 -0.00306  0.16180
   0.81108 -0.00138  0.18454
   0.81847  0.00029  0.20741
   0.82574  0.00191  0.23099
   0.83289  0.00348  0.25286
   0.83991  0.00499  0.27323
   0.84680  0.00644  0.29280
   0.85358  0.00782  0.31212
   0.86023  0.00913  0.32828
   0.86676  0.01036  0.34673
   0.87316  0.01151  0.36087
   0.87944  0.01258  0.37712
   0.88561  0.01356  0.38889
   0.89167  0.01445  0.40104
   0.89763  0.01526  0.41172
   0.90349  0.01599  0.42126
   0.90927  0.01663  0.42898
   0.91493  0.01718  0.43851
   0.92047  0.01765  0.44443
   0.92588  0.01803  0.45253
   0.93120  0.01832  0.45613
   0.93644  0.01853  0.45690
   0.94160  0.01868  0.45976
   0.94662  0.01876  0.46673
   0.95140  0.01879  0.48196
   0.95595  0.01872  0.49163
   0.96030  0.01853  0.49665
   0.96456  0.01820  0.48168
   0.96881  0.01775  0.45416
   0.97308  0.01723  0.42703
   0.97733  0.01672  0.41482
   0.98147  0.01621  0.42789
   0.98549  0.01562  0.43475
   0.98945  0.01488  0.38953
   0.99342  0.01406  0.32483
   0.99738  0.01325  0.29942
   1.00000  0.01271  0.25408
