GRUMMAN K-2 AIRFOIL                             
 Alfa =  -1.30070 Re =        0.000 Xflap,Yflap =     0.000000    0.000000
#    x        y        Cp  
   1.00000  0.01371  0.25422
   0.99740  0.01444  0.09924
   0.99329  0.01549  0.06150
   0.98889  0.01657  0.04618
   0.98423  0.01772  0.00585
   0.97929  0.01890 -0.02910
   0.97409  0.02011 -0.05505
   0.96867  0.02135 -0.08541
   0.96305  0.02259 -0.11193
   0.95727  0.02381 -0.13357
   0.95131  0.02502 -0.15447
   0.94520  0.02620 -0.16954
   0.93893  0.02735 -0.18259
   0.93253  0.02848 -0.19380
   0.92600  0.02957 -0.20098
   0.91932  0.03065 -0.20701
   0.91254  0.03170 -0.21396
   0.90568  0.03272 -0.22256
   0.89876  0.03372 -0.23000
   0.89181  0.03467 -0.23808
   0.88484  0.03559 -0.24403
   0.87782  0.03647 -0.24667
   0.87073  0.03731 -0.24778
   0.86355  0.03812 -0.24889
   0.85628  0.03891 -0.24765
   0.84891  0.03968 -0.24676
   0.84146  0.04044 -0.24672
   0.83396  0.04117 -0.24663
   0.82645  0.04190 -0.25235
   0.81896  0.04260 -0.25724
   0.81149  0.04327 -0.26080
   0.80402  0.04391 -0.26333
   0.79655  0.04452 -0.26574
   0.78909  0.04510 -0.26794
   0.78162  0.04565 -0.26864
   0.77414  0.04617 -0.26817
   0.76665  0.04666 -0.26854
   0.75914  0.04713 -0.26731
   0.75161  0.04756 -0.26549
   0.74405  0.04798 -0.26377
   0.73646  0.04837 -0.26082
   0.72884  0.04874 -0.25839
   0.72118  0.04909 -0.25551
   0.71350  0.04943 -0.25218
   0.70580  0.04974 -0.25037
   0.69806  0.05004 -0.24737
   0.69030  0.05033 -0.24528
   0.68252  0.05060 -0.24321
   0.67473  0.05086 -0.24139
   0.66693  0.05111 -0.23920
   0.65911  0.05135 -0.23795
   0.65129  0.05157 -0.23644
   0.64347  0.05178 -0.23439
   0.63563  0.05197 -0.23328
   0.62779  0.05216 -0.23175
   0.61994  0.05233 -0.22967
   0.61208  0.05249 -0.22916
   0.60421  0.05264 -0.22663
   0.59633  0.05278 -0.22578
   0.58846  0.05291 -0.22456
   0.58058  0.05303 -0.22392
   0.57270  0.05314 -0.22268
   0.56482  0.05324 -0.22177
   0.55693  0.05333 -0.22067
   0.54904  0.05340 -0.22000
   0.54115  0.05347 -0.21856
   0.53326  0.05353 -0.21820
   0.52537  0.05358 -0.21684
   0.51748  0.05361 -0.21591
   0.50958  0.05364 -0.21561
   0.50169  0.05366 -0.21398
   0.49380  0.05367 -0.21432
   0.48590  0.05367 -0.21264
   0.47801  0.05366 -0.21297
   0.47012  0.05363 -0.21194
   0.46224  0.05360 -0.21116
   0.45437  0.05356 -0.21052
   0.44650  0.05351 -0.20997
   0.43864  0.05345 -0.20885
   0.43079  0.05338 -0.20859
   0.42295  0.05330 -0.20826
   0.41514  0.05321 -0.20786
   0.40737  0.05312 -0.20846
   0.39966  0.05301 -0.20781
   0.39202  0.05289 -0.20900
   0.38445  0.05276 -0.20603
   0.37694  0.05262 -0.20337
   0.36954  0.05249 -0.20234
   0.36229  0.05236 -0.20942
   0.35524  0.05223 -0.22020
   0.34842  0.05207 -0.22936
   0.34179  0.05185 -0.22055
   0.33530  0.05159 -0.19363
   0.32892  0.05132 -0.16695
   0.32258  0.05111 -0.15322
   0.31625  0.05098 -0.16948
   0.30988  0.05089 -0.19869
   0.30343  0.05078 -0.22587
   0.29682  0.05061 -0.22811
   0.29002  0.05037 -0.21564
   0.28299  0.05009 -0.20379
   0.27579  0.04982 -0.20243
   0.26847  0.04954 -0.20641
   0.26108  0.04924 -0.20826
   0.25361  0.04892 -0.20705
   0.24607  0.04858 -0.20701
   0.23850  0.04823 -0.20791
   0.23092  0.04786 -0.20824
   0.22333  0.04747 -0.20893
   0.21574  0.04707 -0.20934
   0.20817  0.04664 -0.21101
   0.20063  0.04620 -0.21138
   0.19311  0.04574 -0.21204
   0.18563  0.04526 -0.21503
   0.17820  0.04475 -0.21460
   0.17081  0.04423 -0.21571
   0.16349  0.04368 -0.21792
   0.15624  0.04311 -0.21780
   0.14907  0.04251 -0.22003
   0.14200  0.04189 -0.22047
   0.13503  0.04125 -0.22126
   0.12818  0.04059 -0.22180
   0.12147  0.03990 -0.22184
   0.11493  0.03919 -0.22162
   0.10856  0.03847 -0.22143
   0.10240  0.03773 -0.22073
   0.09647  0.03699 -0.22142
   0.09078  0.03624 -0.22284
   0.08537  0.03550 -0.22120
   0.08024  0.03476 -0.22610
   0.07540  0.03403 -0.22750
   0.07085  0.03331 -0.23089
   0.06658  0.03261 -0.24307
   0.06257  0.03190 -0.24343
   0.05879  0.03120 -0.25405
   0.05523  0.03050 -0.25777
   0.05189  0.02978 -0.25547
   0.04873  0.02906 -0.24893
   0.04574  0.02833 -0.23767
   0.04291  0.02760 -0.22799
   0.04024  0.02687 -0.21279
   0.03771  0.02615 -0.20037
   0.03531  0.02543 -0.19200
   0.03305  0.02471 -0.16706
   0.03089  0.02399 -0.13689
   0.02884  0.02329 -0.11305
   0.02688  0.02260 -0.09713
   0.02502  0.02195 -0.09468
   0.02326  0.02131 -0.09231
   0.02159  0.02067 -0.09041
   0.02000  0.02005 -0.08383
   0.01849  0.01942 -0.07257
   0.01706  0.01880 -0.05407
   0.01569  0.01817 -0.02732
   0.01439  0.01754 -0.00469
   0.01314  0.01692  0.01895
   0.01194  0.01630  0.03976
   0.01080  0.01568  0.05940
   0.00971  0.01507  0.07805
   0.00867  0.01445  0.10336
   0.00767  0.01383  0.12107
   0.00672  0.01321  0.14555
   0.00581  0.01258  0.16599
   0.00495  0.01194  0.19676
   0.00414  0.01128  0.22044
   0.00338  0.01061  0.24861
   0.00268  0.00990  0.28236
   0.00207  0.00914  0.38959
   0.00154  0.00835  0.47720
   0.00111  0.00752  0.59171
   0.00078  0.00665  0.71731
   0.00053  0.00577  0.81721
   0.00035  0.00489  0.88847
   0.00022  0.00400  0.93576
   0.00012  0.00312  0.96930
   0.00005  0.00224  0.98830
   0.00001  0.00137  0.99810
  -0.00000  0.00051  0.99957
   0.00001 -0.00034  0.99374
   0.00004 -0.00120  0.98052
   0.00010 -0.00206  0.95947
   0.00020 -0.00292  0.94296
   0.00027 -0.00380  0.89615
   0.00039 -0.00468  0.86210
   0.00054 -0.00556  0.81209
   0.00072 -0.00645  0.75150
   0.00092 -0.00735  0.68464
   0.00115 -0.00824  0.60627
   0.00142 -0.00914  0.50677
   0.00173 -0.01004  0.39661
   0.00207 -0.01094  0.27143
   0.00247 -0.01182  0.09474
   0.00292 -0.01269  0.01365
   0.00342 -0.01356 -0.33576
   0.00402 -0.01437 -0.39753
   0.00470 -0.01514 -0.50635
   0.00546 -0.01587 -0.54094
   0.00629 -0.01657 -0.56972
   0.00717 -0.01724 -0.58023
   0.00811 -0.01789 -0.59504
   0.00910 -0.01851 -0.59254
   0.01015 -0.01912 -0.58770
   0.01125 -0.01971 -0.58688
   0.01240 -0.02029 -0.57853
   0.01361 -0.02086 -0.57174
   0.01488 -0.02142 -0.56343
   0.01621 -0.02198 -0.54793
   0.01761 -0.02253 -0.53927
   0.01908 -0.02307 -0.52278
   0.02063 -0.02362 -0.51708
   0.02226 -0.02417 -0.50354
   0.02397 -0.02472 -0.48776
   0.02579 -0.02528 -0.47982
   0.02770 -0.02584 -0.46882
   0.02973 -0.02641 -0.46047
   0.03189 -0.02700 -0.45219
   0.03419 -0.02759 -0.44528
   0.03663 -0.02820 -0.43404
   0.03924 -0.02882 -0.42700
   0.04203 -0.02945 -0.41574
   0.04502 -0.03011 -0.40864
   0.04822 -0.03078 -0.40240
   0.05165 -0.03148 -0.39866
   0.05533 -0.03220 -0.39383
   0.05925 -0.03293 -0.39038
   0.06344 -0.03368 -0.38524
   0.06789 -0.03445 -0.38283
   0.07262 -0.03522 -0.37769
   0.07761 -0.03600 -0.37591
   0.08288 -0.03679 -0.37224
   0.08842 -0.03758 -0.36868
   0.09419 -0.03836 -0.36536
   0.10019 -0.03914 -0.36307
   0.10638 -0.03991 -0.36195
   0.11276 -0.04065 -0.36076
   0.11929 -0.04138 -0.35977
   0.12594 -0.04208 -0.35821
   0.13272 -0.04276 -0.35694
   0.13959 -0.04340 -0.35531
   0.14656 -0.04401 -0.35201
   0.15362 -0.04460 -0.35011
   0.16075 -0.04515 -0.34601
   0.16794 -0.04567 -0.34357
   0.17519 -0.04616 -0.34003
   0.18248 -0.04663 -0.33785
   0.18981 -0.04706 -0.33550
   0.19717 -0.04747 -0.33395
   0.20456 -0.04785 -0.32960
   0.21197 -0.04820 -0.32858
   0.21942 -0.04852 -0.32431
   0.22690 -0.04882 -0.32157
   0.23441 -0.04909 -0.31669
   0.24195 -0.04934 -0.31443
   0.24951 -0.04956 -0.31225
   0.25708 -0.04977 -0.30885
   0.26468 -0.04995 -0.30743
   0.27229 -0.05011 -0.30304
   0.27991 -0.05024 -0.30148
   0.28756 -0.05036 -0.29794
   0.29522 -0.05046 -0.29589
   0.30289 -0.05054 -0.29391
   0.31057 -0.05060 -0.29170
   0.31825 -0.05064 -0.28941
   0.32595 -0.05066 -0.28771
   0.33364 -0.05066 -0.28611
   0.34135 -0.05065 -0.28420
   0.34906 -0.05061 -0.28241
   0.35677 -0.05056 -0.28051
   0.36448 -0.05048 -0.27879
   0.37219 -0.05039 -0.27718
   0.37990 -0.05028 -0.27507
   0.38761 -0.05015 -0.27369
   0.39532 -0.05001 -0.27229
   0.40302 -0.04984 -0.27087
   0.41072 -0.04966 -0.26875
   0.41842 -0.04945 -0.26809
   0.42610 -0.04923 -0.26667
   0.43378 -0.04899 -0.26589
   0.44144 -0.04873 -0.26373
   0.44910 -0.04845 -0.26312
   0.45674 -0.04815 -0.26155
   0.46437 -0.04783 -0.26079
   0.47199 -0.04749 -0.25905
   0.47960 -0.04713 -0.25716
   0.48720 -0.04674 -0.25581
   0.49478 -0.04634 -0.25406
   0.50235 -0.04590 -0.25164
   0.50991 -0.04545 -0.25037
   0.51745 -0.04497 -0.24772
   0.52498 -0.04447 -0.24526
   0.53250 -0.04395 -0.24312
   0.54000 -0.04340 -0.24051
   0.54749 -0.04282 -0.23764
   0.55497 -0.04222 -0.23448
   0.56243 -0.04159 -0.23080
   0.56987 -0.04093 -0.22744
   0.57730 -0.04025 -0.22372
   0.58471 -0.03954 -0.21956
   0.59210 -0.03881 -0.21534
   0.59948 -0.03804 -0.21089
   0.60683 -0.03724 -0.20626
   0.61417 -0.03642 -0.20000
   0.62149 -0.03556 -0.19525
   0.62879 -0.03468 -0.18796
   0.63608 -0.03376 -0.18225
   0.64335 -0.03281 -0.17409
   0.65061 -0.03183 -0.16696
   0.65786 -0.03081 -0.15838
   0.66510 -0.02976 -0.14945
   0.67232 -0.02867 -0.13965
   0.67954 -0.02755 -0.12952
   0.68676 -0.02640 -0.11895
   0.69397 -0.02520 -0.10771
   0.70117 -0.02398 -0.09493
   0.70838 -0.02271 -0.08219
   0.71559 -0.02141 -0.06866
   0.72281 -0.02007 -0.05427
   0.73004 -0.01870 -0.03950
   0.73728 -0.01729 -0.02337
   0.74453 -0.01584 -0.00577
   0.75180 -0.01436  0.01057
   0.75910 -0.01284  0.03059
   0.76642 -0.01128  0.04870
   0.77378 -0.00969  0.07051
   0.78118 -0.00807  0.08937
   0.78863 -0.00642  0.11287
   0.79611 -0.00475  0.13375
   0.80361 -0.00306  0.15818
   0.81108 -0.00138  0.18113
   0.81847  0.00029  0.20413
   0.82574  0.00191  0.22792
   0.83289  0.00348  0.24995
   0.83991  0.00499  0.27049
   0.84680  0.00644  0.29020
   0.85358  0.00782  0.30963
   0.86023  0.00913  0.32594
   0.86676  0.01036  0.34455
   0.87316  0.01151  0.35868
   0.87944  0.01258  0.37515
   0.88561  0.01356  0.38698
   0.89167  0.01445  0.39921
   0.89763  0.01526  0.41002
   0.90349  0.01599  0.41958
   0.90927  0.01663  0.42740
   0.91493  0.01718  0.43706
   0.92047  0.01765  0.44293
   0.92588  0.01803  0.45121
   0.93120  0.01832  0.45481
   0.93644  0.01853  0.45565
   0.94160  0.01868  0.45857
   0.94662  0.01876  0.46552
   0.95140  0.01879  0.48092
   0.95595  0.01872  0.49059
   0.96030  0.01853  0.49569
   0.96456  0.01820  0.48078
   0.96881  0.01775  0.45319
   0.97308  0.01723  0.42611
   0.97733  0.01672  0.41392
   0.98147  0.01621  0.42712
   0.98549  0.01562  0.43407
   0.98945  0.01488  0.38882
   0.99342  0.01406  0.32413
   0.99738  0.01325  0.29885
   1.00000  0.01271  0.25422
