GRUMMAN K-2 AIRFOIL                             
 Alfa =  -1.25200 Re =        0.000 Xflap,Yflap =     0.000000    0.000000
#    x        y        Cp  
   1.00000  0.01371  0.25419
   0.99740  0.01444  0.09918
   0.99329  0.01549  0.06142
   0.98889  0.01657  0.04604
   0.98423  0.01772  0.00565
   0.97929  0.01890 -0.02932
   0.97409  0.02011 -0.05531
   0.96867  0.02135 -0.08572
   0.96305  0.02259 -0.11227
   0.95727  0.02381 -0.13394
   0.95131  0.02502 -0.15489
   0.94520  0.02620 -0.16999
   0.93893  0.02735 -0.18308
   0.93253  0.02848 -0.19432
   0.92600  0.02957 -0.20151
   0.91932  0.03065 -0.20760
   0.91254  0.03170 -0.21456
   0.90568  0.03272 -0.22321
   0.89876  0.03372 -0.23066
   0.89181  0.03467 -0.23878
   0.88484  0.03559 -0.24477
   0.87782  0.03647 -0.24743
   0.87073  0.03731 -0.24857
   0.86355  0.03812 -0.24971
   0.85628  0.03891 -0.24848
   0.84891  0.03968 -0.24763
   0.84146  0.04044 -0.24761
   0.83396  0.04117 -0.24756
   0.82645  0.04190 -0.25329
   0.81896  0.04260 -0.25822
   0.81149  0.04327 -0.26182
   0.80402  0.04391 -0.26436
   0.79655  0.04452 -0.26681
   0.78909  0.04510 -0.26901
   0.78162  0.04565 -0.26976
   0.77414  0.04617 -0.26931
   0.76665  0.04666 -0.26971
   0.75914  0.04713 -0.26850
   0.75161  0.04756 -0.26670
   0.74405  0.04798 -0.26499
   0.73646  0.04837 -0.26208
   0.72884  0.04874 -0.25967
   0.72118  0.04909 -0.25681
   0.71350  0.04943 -0.25351
   0.70580  0.04974 -0.25173
   0.69806  0.05004 -0.24873
   0.69030  0.05033 -0.24669
   0.68252  0.05060 -0.24462
   0.67473  0.05086 -0.24285
   0.66693  0.05111 -0.24067
   0.65911  0.05135 -0.23944
   0.65129  0.05157 -0.23796
   0.64347  0.05178 -0.23594
   0.63563  0.05197 -0.23484
   0.62779  0.05216 -0.23334
   0.61994  0.05233 -0.23130
   0.61208  0.05249 -0.23080
   0.60421  0.05264 -0.22830
   0.59633  0.05278 -0.22748
   0.58846  0.05291 -0.22628
   0.58058  0.05303 -0.22567
   0.57270  0.05314 -0.22445
   0.56482  0.05324 -0.22357
   0.55693  0.05333 -0.22250
   0.54904  0.05340 -0.22186
   0.54115  0.05347 -0.22045
   0.53326  0.05353 -0.22012
   0.52537  0.05358 -0.21878
   0.51748  0.05361 -0.21789
   0.50958  0.05364 -0.21761
   0.50169  0.05366 -0.21601
   0.49380  0.05367 -0.21639
   0.48590  0.05367 -0.21473
   0.47801  0.05366 -0.21511
   0.47012  0.05363 -0.21410
   0.46224  0.05360 -0.21336
   0.45437  0.05356 -0.21276
   0.44650  0.05351 -0.21224
   0.43864  0.05345 -0.21115
   0.43079  0.05338 -0.21093
   0.42295  0.05330 -0.21063
   0.41514  0.05321 -0.21027
   0.40737  0.05312 -0.21091
   0.39966  0.05301 -0.21030
   0.39202  0.05289 -0.21153
   0.38445  0.05276 -0.20859
   0.37694  0.05262 -0.20597
   0.36954  0.05249 -0.20498
   0.36229  0.05236 -0.21212
   0.35524  0.05223 -0.22297
   0.34842  0.05207 -0.23217
   0.34179  0.05185 -0.22340
   0.33530  0.05159 -0.19645
   0.32892  0.05132 -0.16975
   0.32258  0.05111 -0.15603
   0.31625  0.05098 -0.17237
   0.30988  0.05089 -0.20169
   0.30343  0.05078 -0.22899
   0.29682  0.05061 -0.23128
   0.29002  0.05037 -0.21884
   0.28299  0.05009 -0.20700
   0.27579  0.04982 -0.20570
   0.26847  0.04954 -0.20974
   0.26108  0.04924 -0.21167
   0.25361  0.04892 -0.21052
   0.24607  0.04858 -0.21055
   0.23850  0.04823 -0.21152
   0.23092  0.04786 -0.21193
   0.22333  0.04747 -0.21271
   0.21574  0.04707 -0.21320
   0.20817  0.04664 -0.21497
   0.20063  0.04620 -0.21542
   0.19311  0.04574 -0.21618
   0.18563  0.04526 -0.21928
   0.17820  0.04475 -0.21896
   0.17081  0.04423 -0.22019
   0.16349  0.04368 -0.22252
   0.15624  0.04311 -0.22253
   0.14907  0.04251 -0.22489
   0.14200  0.04189 -0.22548
   0.13503  0.04125 -0.22641
   0.12818  0.04059 -0.22711
   0.12147  0.03990 -0.22731
   0.11493  0.03919 -0.22727
   0.10856  0.03847 -0.22725
   0.10240  0.03773 -0.22674
   0.09647  0.03699 -0.22763
   0.09078  0.03624 -0.22926
   0.08537  0.03550 -0.22784
   0.08024  0.03476 -0.23298
   0.07540  0.03403 -0.23463
   0.07085  0.03331 -0.23828
   0.06658  0.03261 -0.25078
   0.06257  0.03190 -0.25140
   0.05879  0.03120 -0.26236
   0.05523  0.03050 -0.26638
   0.05189  0.02978 -0.26435
   0.04873  0.02906 -0.25806
   0.04574  0.02833 -0.24702
   0.04291  0.02760 -0.23759
   0.04024  0.02687 -0.22259
   0.03771  0.02615 -0.21040
   0.03531  0.02543 -0.20231
   0.03305  0.02471 -0.17750
   0.03089  0.02399 -0.14741
   0.02884  0.02329 -0.12370
   0.02688  0.02260 -0.10801
   0.02502  0.02195 -0.10593
   0.02326  0.02131 -0.10394
   0.02159  0.02067 -0.10245
   0.02000  0.02005 -0.09625
   0.01849  0.01942 -0.08535
   0.01706  0.01880 -0.06712
   0.01569  0.01817 -0.04057
   0.01439  0.01754 -0.01818
   0.01314  0.01692  0.00519
   0.01194  0.01630  0.02569
   0.01080  0.01568  0.04496
   0.00971  0.01507  0.06322
   0.00867  0.01445  0.08815
   0.00767  0.01383  0.10538
   0.00672  0.01321  0.12935
   0.00581  0.01258  0.14920
   0.00495  0.01194  0.17942
   0.00414  0.01128  0.20235
   0.00338  0.01061  0.22963
   0.00268  0.00990  0.26249
   0.00207  0.00914  0.37071
   0.00154  0.00835  0.45896
   0.00111  0.00752  0.57528
   0.00078  0.00665  0.70393
   0.00053  0.00577  0.80680
   0.00035  0.00489  0.88058
   0.00022  0.00400  0.92991
   0.00012  0.00312  0.96531
   0.00005  0.00224  0.98583
   0.00001  0.00137  0.99705
  -0.00000  0.00051  0.99990
   0.00001 -0.00034  0.99529
   0.00004 -0.00120  0.98332
   0.00010 -0.00206  0.96362
   0.00020 -0.00292  0.94751
   0.00027 -0.00380  0.90289
   0.00039 -0.00468  0.86961
   0.00054 -0.00556  0.82092
   0.00072 -0.00645  0.76172
   0.00092 -0.00735  0.69619
   0.00115 -0.00824  0.61926
   0.00142 -0.00914  0.52146
   0.00173 -0.01004  0.41305
   0.00207 -0.01094  0.28963
   0.00247 -0.01182  0.11555
   0.00292 -0.01269  0.03474
   0.00342 -0.01356 -0.30924
   0.00402 -0.01437 -0.37174
   0.00470 -0.01514 -0.48022
   0.00546 -0.01587 -0.51582
   0.00629 -0.01657 -0.54549
   0.00717 -0.01724 -0.55707
   0.00811 -0.01789 -0.57277
   0.00910 -0.01851 -0.57127
   0.01015 -0.01912 -0.56739
   0.01125 -0.01971 -0.56741
   0.01240 -0.02029 -0.55988
   0.01361 -0.02086 -0.55386
   0.01488 -0.02142 -0.54629
   0.01621 -0.02198 -0.53153
   0.01761 -0.02253 -0.52353
   0.01908 -0.02307 -0.50769
   0.02063 -0.02362 -0.50255
   0.02226 -0.02417 -0.48958
   0.02397 -0.02472 -0.47436
   0.02579 -0.02528 -0.46692
   0.02770 -0.02584 -0.45640
   0.02973 -0.02641 -0.44849
   0.03189 -0.02700 -0.44064
   0.03419 -0.02759 -0.43413
   0.03663 -0.02820 -0.42330
   0.03924 -0.02882 -0.41665
   0.04203 -0.02945 -0.40578
   0.04502 -0.03011 -0.39903
   0.04822 -0.03078 -0.39314
   0.05165 -0.03148 -0.38971
   0.05533 -0.03220 -0.38519
   0.05925 -0.03293 -0.38204
   0.06344 -0.03368 -0.37720
   0.06789 -0.03445 -0.37507
   0.07262 -0.03522 -0.37020
   0.07761 -0.03600 -0.36867
   0.08288 -0.03679 -0.36526
   0.08842 -0.03758 -0.36193
   0.09419 -0.03836 -0.35885
   0.10019 -0.03914 -0.35677
   0.10638 -0.03991 -0.35585
   0.11276 -0.04065 -0.35485
   0.11929 -0.04138 -0.35403
   0.12594 -0.04208 -0.35265
   0.13272 -0.04276 -0.35154
   0.13959 -0.04340 -0.35006
   0.14656 -0.04401 -0.34692
   0.15362 -0.04460 -0.34516
   0.16075 -0.04515 -0.34120
   0.16794 -0.04567 -0.33889
   0.17519 -0.04616 -0.33547
   0.18248 -0.04663 -0.33341
   0.18981 -0.04706 -0.33117
   0.19717 -0.04747 -0.32972
   0.20456 -0.04785 -0.32548
   0.21197 -0.04820 -0.32455
   0.21942 -0.04852 -0.32038
   0.22690 -0.04882 -0.31773
   0.23441 -0.04909 -0.31294
   0.24195 -0.04934 -0.31077
   0.24951 -0.04956 -0.30866
   0.25708 -0.04977 -0.30535
   0.26468 -0.04995 -0.30399
   0.27229 -0.05011 -0.29968
   0.27991 -0.05024 -0.29819
   0.28756 -0.05036 -0.29472
   0.29522 -0.05046 -0.29273
   0.30289 -0.05054 -0.29082
   0.31057 -0.05060 -0.28867
   0.31825 -0.05064 -0.28643
   0.32595 -0.05066 -0.28479
   0.33364 -0.05066 -0.28324
   0.34135 -0.05065 -0.28139
   0.34906 -0.05061 -0.27965
   0.35677 -0.05056 -0.27780
   0.36448 -0.05048 -0.27613
   0.37219 -0.05039 -0.27456
   0.37990 -0.05028 -0.27251
   0.38761 -0.05015 -0.27117
   0.39532 -0.05001 -0.26982
   0.40302 -0.04984 -0.26844
   0.41072 -0.04966 -0.26636
   0.41842 -0.04945 -0.26573
   0.42610 -0.04923 -0.26436
   0.43378 -0.04899 -0.26362
   0.44144 -0.04873 -0.26149
   0.44910 -0.04845 -0.26092
   0.45674 -0.04815 -0.25939
   0.46437 -0.04783 -0.25867
   0.47199 -0.04749 -0.25697
   0.47960 -0.04713 -0.25510
   0.48720 -0.04674 -0.25380
   0.49478 -0.04634 -0.25208
   0.50235 -0.04590 -0.24969
   0.50991 -0.04545 -0.24846
   0.51745 -0.04497 -0.24583
   0.52498 -0.04447 -0.24341
   0.53250 -0.04395 -0.24130
   0.54000 -0.04340 -0.23873
   0.54749 -0.04282 -0.23589
   0.55497 -0.04222 -0.23276
   0.56243 -0.04159 -0.22912
   0.56987 -0.04093 -0.22578
   0.57730 -0.04025 -0.22210
   0.58471 -0.03954 -0.21797
   0.59210 -0.03881 -0.21378
   0.59948 -0.03804 -0.20936
   0.60683 -0.03724 -0.20476
   0.61417 -0.03642 -0.19853
   0.62149 -0.03556 -0.19382
   0.62879 -0.03468 -0.18656
   0.63608 -0.03376 -0.18088
   0.64335 -0.03281 -0.17274
   0.65061 -0.03183 -0.16566
   0.65786 -0.03081 -0.15710
   0.66510 -0.02976 -0.14821
   0.67232 -0.02867 -0.13844
   0.67954 -0.02755 -0.12835
   0.68676 -0.02640 -0.11780
   0.69397 -0.02520 -0.10660
   0.70117 -0.02398 -0.09385
   0.70838 -0.02271 -0.08114
   0.71559 -0.02141 -0.06765
   0.72281 -0.02007 -0.05329
   0.73004 -0.01870 -0.03855
   0.73728 -0.01729 -0.02245
   0.74453 -0.01584 -0.00490
   0.75180 -0.01436  0.01142
   0.75910 -0.01284  0.03140
   0.76642 -0.01128  0.04947
   0.77378 -0.00969  0.07125
   0.78118 -0.00807  0.09009
   0.78863 -0.00642  0.11355
   0.79611 -0.00475  0.13440
   0.80361 -0.00306  0.15880
   0.81108 -0.00138  0.18170
   0.81847  0.00029  0.20469
   0.82574  0.00191  0.22844
   0.83289  0.00348  0.25044
   0.83991  0.00499  0.27095
   0.84680  0.00644  0.29064
   0.85358  0.00782  0.31005
   0.86023  0.00913  0.32634
   0.86676  0.01036  0.34492
   0.87316  0.01151  0.35905
   0.87944  0.01258  0.37548
   0.88561  0.01356  0.38730
   0.89167  0.01445  0.39952
   0.89763  0.01526  0.41031
   0.90349  0.01599  0.41986
   0.90927  0.01663  0.42767
   0.91493  0.01718  0.43730
   0.92047  0.01765  0.44318
   0.92588  0.01803  0.45143
   0.93120  0.01832  0.45503
   0.93644  0.01853  0.45586
   0.94160  0.01868  0.45877
   0.94662  0.01876  0.46572
   0.95140  0.01879  0.48110
   0.95595  0.01872  0.49076
   0.96030  0.01853  0.49585
   0.96456  0.01820  0.48093
   0.96881  0.01775  0.45336
   0.97308  0.01723  0.42626
   0.97733  0.01672  0.41407
   0.98147  0.01621  0.42725
   0.98549  0.01562  0.43418
   0.98945  0.01488  0.38894
   0.99342  0.01406  0.32425
   0.99738  0.01325  0.29894
   1.00000  0.01271  0.25419
