GRUMMAN K-2 AIRFOIL                             
 Alfa =  -1.31870 Re =        0.000 Xflap,Yflap =     0.000000    0.000000
#    x        y        Cp  
   1.00000  0.01371  0.25423
   0.99740  0.01444  0.09927
   0.99329  0.01549  0.06154
   0.98889  0.01657  0.04624
   0.98423  0.01772  0.00592
   0.97929  0.01890 -0.02901
   0.97409  0.02011 -0.05496
   0.96867  0.02135 -0.08530
   0.96305  0.02259 -0.11181
   0.95727  0.02381 -0.13344
   0.95131  0.02502 -0.15432
   0.94520  0.02620 -0.16938
   0.93893  0.02735 -0.18242
   0.93253  0.02848 -0.19361
   0.92600  0.02957 -0.20078
   0.91932  0.03065 -0.20680
   0.91254  0.03170 -0.21374
   0.90568  0.03272 -0.22232
   0.89876  0.03372 -0.22975
   0.89181  0.03467 -0.23782
   0.88484  0.03559 -0.24376
   0.87782  0.03647 -0.24639
   0.87073  0.03731 -0.24749
   0.86355  0.03812 -0.24858
   0.85628  0.03891 -0.24734
   0.84891  0.03968 -0.24643
   0.84146  0.04044 -0.24639
   0.83396  0.04117 -0.24629
   0.82645  0.04190 -0.25200
   0.81896  0.04260 -0.25688
   0.81149  0.04327 -0.26043
   0.80402  0.04391 -0.26295
   0.79655  0.04452 -0.26534
   0.78909  0.04510 -0.26754
   0.78162  0.04565 -0.26822
   0.77414  0.04617 -0.26775
   0.76665  0.04666 -0.26810
   0.75914  0.04713 -0.26687
   0.75161  0.04756 -0.26504
   0.74405  0.04798 -0.26331
   0.73646  0.04837 -0.26035
   0.72884  0.04874 -0.25792
   0.72118  0.04909 -0.25502
   0.71350  0.04943 -0.25169
   0.70580  0.04974 -0.24987
   0.69806  0.05004 -0.24686
   0.69030  0.05033 -0.24476
   0.68252  0.05060 -0.24268
   0.67473  0.05086 -0.24086
   0.66693  0.05111 -0.23866
   0.65911  0.05135 -0.23740
   0.65129  0.05157 -0.23587
   0.64347  0.05178 -0.23382
   0.63563  0.05197 -0.23270
   0.62779  0.05216 -0.23116
   0.61994  0.05233 -0.22908
   0.61208  0.05249 -0.22856
   0.60421  0.05264 -0.22601
   0.59633  0.05278 -0.22516
   0.58846  0.05291 -0.22392
   0.58058  0.05303 -0.22327
   0.57270  0.05314 -0.22202
   0.56482  0.05324 -0.22110
   0.55693  0.05333 -0.21999
   0.54904  0.05340 -0.21931
   0.54115  0.05347 -0.21786
   0.53326  0.05353 -0.21750
   0.52537  0.05358 -0.21612
   0.51748  0.05361 -0.21518
   0.50958  0.05364 -0.21487
   0.50169  0.05366 -0.21323
   0.49380  0.05367 -0.21356
   0.48590  0.05367 -0.21186
   0.47801  0.05366 -0.21219
   0.47012  0.05363 -0.21114
   0.46224  0.05360 -0.21035
   0.45437  0.05356 -0.20970
   0.44650  0.05351 -0.20914
   0.43864  0.05345 -0.20800
   0.43079  0.05338 -0.20772
   0.42295  0.05330 -0.20738
   0.41514  0.05321 -0.20697
   0.40737  0.05312 -0.20756
   0.39966  0.05301 -0.20689
   0.39202  0.05289 -0.20807
   0.38445  0.05276 -0.20508
   0.37694  0.05262 -0.20241
   0.36954  0.05249 -0.20137
   0.36229  0.05236 -0.20843
   0.35524  0.05223 -0.21918
   0.34842  0.05207 -0.22831
   0.34179  0.05185 -0.21950
   0.33530  0.05159 -0.19259
   0.32892  0.05132 -0.16592
   0.32258  0.05111 -0.15219
   0.31625  0.05098 -0.16842
   0.30988  0.05089 -0.19759
   0.30343  0.05078 -0.22471
   0.29682  0.05061 -0.22694
   0.29002  0.05037 -0.21447
   0.28299  0.05009 -0.20260
   0.27579  0.04982 -0.20122
   0.26847  0.04954 -0.20517
   0.26108  0.04924 -0.20700
   0.25361  0.04892 -0.20577
   0.24607  0.04858 -0.20570
   0.23850  0.04823 -0.20658
   0.23092  0.04786 -0.20687
   0.22333  0.04747 -0.20754
   0.21574  0.04707 -0.20791
   0.20817  0.04664 -0.20955
   0.20063  0.04620 -0.20989
   0.19311  0.04574 -0.21051
   0.18563  0.04526 -0.21346
   0.17820  0.04475 -0.21299
   0.17081  0.04423 -0.21406
   0.16349  0.04368 -0.21623
   0.15624  0.04311 -0.21606
   0.14907  0.04251 -0.21823
   0.14200  0.04189 -0.21863
   0.13503  0.04125 -0.21936
   0.12818  0.04059 -0.21984
   0.12147  0.03990 -0.21982
   0.11493  0.03919 -0.21954
   0.10856  0.03847 -0.21928
   0.10240  0.03773 -0.21851
   0.09647  0.03699 -0.21913
   0.09078  0.03624 -0.22047
   0.08537  0.03550 -0.21875
   0.08024  0.03476 -0.22356
   0.07540  0.03403 -0.22487
   0.07085  0.03331 -0.22817
   0.06658  0.03261 -0.24022
   0.06257  0.03190 -0.24050
   0.05879  0.03120 -0.25099
   0.05523  0.03050 -0.25460
   0.05189  0.02978 -0.25219
   0.04873  0.02906 -0.24556
   0.04574  0.02833 -0.23422
   0.04291  0.02760 -0.22445
   0.04024  0.02687 -0.20918
   0.03771  0.02615 -0.19667
   0.03531  0.02543 -0.18820
   0.03305  0.02471 -0.16321
   0.03089  0.02399 -0.13301
   0.02884  0.02329 -0.10912
   0.02688  0.02260 -0.09312
   0.02502  0.02195 -0.09054
   0.02326  0.02131 -0.08803
   0.02159  0.02067 -0.08598
   0.02000  0.02005 -0.07925
   0.01849  0.01942 -0.06786
   0.01706  0.01880 -0.04927
   0.01569  0.01817 -0.02244
   0.01439  0.01754  0.00027
   0.01314  0.01692  0.02401
   0.01194  0.01630  0.04494
   0.01080  0.01568  0.06471
   0.00971  0.01507  0.08350
   0.00867  0.01445  0.10895
   0.00767  0.01383  0.12684
   0.00672  0.01321  0.15149
   0.00581  0.01258  0.17216
   0.00495  0.01194  0.20312
   0.00414  0.01128  0.22707
   0.00338  0.01061  0.25556
   0.00268  0.00990  0.28964
   0.00207  0.00914  0.39649
   0.00154  0.00835  0.48386
   0.00111  0.00752  0.59771
   0.00078  0.00665  0.72217
   0.00053  0.00577  0.82099
   0.00035  0.00489  0.89132
   0.00022  0.00400  0.93786
   0.00012  0.00312  0.97072
   0.00005  0.00224  0.98915
   0.00001  0.00137  0.99843
  -0.00000  0.00051  0.99939
   0.00001 -0.00034  0.99311
   0.00004 -0.00120  0.97943
   0.00010 -0.00206  0.95788
   0.00020 -0.00292  0.94123
   0.00027 -0.00380  0.89360
   0.00039 -0.00468  0.85927
   0.00054 -0.00556  0.80877
   0.00072 -0.00645  0.74768
   0.00092 -0.00735  0.68031
   0.00115 -0.00824  0.60141
   0.00142 -0.00914  0.50128
   0.00173 -0.01004  0.39047
   0.00207 -0.01094  0.26464
   0.00247 -0.01182  0.08699
   0.00292 -0.01269  0.00580
   0.00342 -0.01356 -0.34563
   0.00402 -0.01437 -0.40712
   0.00470 -0.01514 -0.51607
   0.00546 -0.01587 -0.55028
   0.00629 -0.01657 -0.57873
   0.00717 -0.01724 -0.58883
   0.00811 -0.01789 -0.60331
   0.00910 -0.01851 -0.60044
   0.01015 -0.01912 -0.59523
   0.01125 -0.01971 -0.59411
   0.01240 -0.02029 -0.58545
   0.01361 -0.02086 -0.57837
   0.01488 -0.02142 -0.56979
   0.01621 -0.02198 -0.55401
   0.01761 -0.02253 -0.54511
   0.01908 -0.02307 -0.52838
   0.02063 -0.02362 -0.52247
   0.02226 -0.02417 -0.50871
   0.02397 -0.02472 -0.49273
   0.02579 -0.02528 -0.48460
   0.02770 -0.02584 -0.47343
   0.02973 -0.02641 -0.46491
   0.03189 -0.02700 -0.45647
   0.03419 -0.02759 -0.44941
   0.03663 -0.02820 -0.43801
   0.03924 -0.02882 -0.43083
   0.04203 -0.02945 -0.41943
   0.04502 -0.03011 -0.41219
   0.04822 -0.03078 -0.40583
   0.05165 -0.03148 -0.40198
   0.05533 -0.03220 -0.39702
   0.05925 -0.03293 -0.39346
   0.06344 -0.03368 -0.38822
   0.06789 -0.03445 -0.38571
   0.07262 -0.03522 -0.38047
   0.07761 -0.03600 -0.37859
   0.08288 -0.03679 -0.37483
   0.08842 -0.03758 -0.37118
   0.09419 -0.03836 -0.36777
   0.10019 -0.03914 -0.36540
   0.10638 -0.03991 -0.36421
   0.11276 -0.04065 -0.36295
   0.11929 -0.04138 -0.36189
   0.12594 -0.04208 -0.36027
   0.13272 -0.04276 -0.35894
   0.13959 -0.04340 -0.35725
   0.14656 -0.04401 -0.35390
   0.15362 -0.04460 -0.35194
   0.16075 -0.04515 -0.34779
   0.16794 -0.04567 -0.34530
   0.17519 -0.04616 -0.34171
   0.18248 -0.04663 -0.33950
   0.18981 -0.04706 -0.33711
   0.19717 -0.04747 -0.33551
   0.20456 -0.04785 -0.33113
   0.21197 -0.04820 -0.33007
   0.21942 -0.04852 -0.32576
   0.22690 -0.04882 -0.32299
   0.23441 -0.04909 -0.31808
   0.24195 -0.04934 -0.31578
   0.24951 -0.04956 -0.31358
   0.25708 -0.04977 -0.31015
   0.26468 -0.04995 -0.30870
   0.27229 -0.05011 -0.30428
   0.27991 -0.05024 -0.30270
   0.28756 -0.05036 -0.29914
   0.29522 -0.05046 -0.29706
   0.30289 -0.05054 -0.29506
   0.31057 -0.05060 -0.29282
   0.31825 -0.05064 -0.29051
   0.32595 -0.05066 -0.28879
   0.33364 -0.05066 -0.28717
   0.34135 -0.05065 -0.28524
   0.34906 -0.05061 -0.28343
   0.35677 -0.05056 -0.28151
   0.36448 -0.05048 -0.27977
   0.37219 -0.05039 -0.27815
   0.37990 -0.05028 -0.27602
   0.38761 -0.05015 -0.27463
   0.39532 -0.05001 -0.27321
   0.40302 -0.04984 -0.27177
   0.41072 -0.04966 -0.26964
   0.41842 -0.04945 -0.26896
   0.42610 -0.04923 -0.26752
   0.43378 -0.04899 -0.26673
   0.44144 -0.04873 -0.26455
   0.44910 -0.04845 -0.26393
   0.45674 -0.04815 -0.26235
   0.46437 -0.04783 -0.26157
   0.47199 -0.04749 -0.25983
   0.47960 -0.04713 -0.25792
   0.48720 -0.04674 -0.25656
   0.49478 -0.04634 -0.25479
   0.50235 -0.04590 -0.25236
   0.50991 -0.04545 -0.25108
   0.51745 -0.04497 -0.24842
   0.52498 -0.04447 -0.24594
   0.53250 -0.04395 -0.24379
   0.54000 -0.04340 -0.24117
   0.54749 -0.04282 -0.23829
   0.55497 -0.04222 -0.23511
   0.56243 -0.04159 -0.23142
   0.56987 -0.04093 -0.22805
   0.57730 -0.04025 -0.22432
   0.58471 -0.03954 -0.22014
   0.59210 -0.03881 -0.21592
   0.59948 -0.03804 -0.21145
   0.60683 -0.03724 -0.20682
   0.61417 -0.03642 -0.20054
   0.62149 -0.03556 -0.19578
   0.62879 -0.03468 -0.18848
   0.63608 -0.03376 -0.18276
   0.64335 -0.03281 -0.17458
   0.65061 -0.03183 -0.16744
   0.65786 -0.03081 -0.15885
   0.66510 -0.02976 -0.14991
   0.67232 -0.02867 -0.14010
   0.67954 -0.02755 -0.12995
   0.68676 -0.02640 -0.11937
   0.69397 -0.02520 -0.10812
   0.70117 -0.02398 -0.09533
   0.70838 -0.02271 -0.08257
   0.71559 -0.02141 -0.06903
   0.72281 -0.02007 -0.05464
   0.73004 -0.01870 -0.03986
   0.73728 -0.01729 -0.02371
   0.74453 -0.01584 -0.00609
   0.75180 -0.01436  0.01025
   0.75910 -0.01284  0.03028
   0.76642 -0.01128  0.04841
   0.77378 -0.00969  0.07024
   0.78118 -0.00807  0.08911
   0.78863 -0.00642  0.11262
   0.79611 -0.00475  0.13351
   0.80361 -0.00306  0.15796
   0.81108 -0.00138  0.18091
   0.81847  0.00029  0.20393
   0.82574  0.00191  0.22773
   0.83289  0.00348  0.24976
   0.83991  0.00499  0.27032
   0.84680  0.00644  0.29004
   0.85358  0.00782  0.30947
   0.86023  0.00913  0.32580
   0.86676  0.01036  0.34441
   0.87316  0.01151  0.35854
   0.87944  0.01258  0.37502
   0.88561  0.01356  0.38686
   0.89167  0.01445  0.39910
   0.89763  0.01526  0.40992
   0.90349  0.01599  0.41947
   0.90927  0.01663  0.42730
   0.91493  0.01718  0.43697
   0.92047  0.01765  0.44283
   0.92588  0.01803  0.45113
   0.93120  0.01832  0.45472
   0.93644  0.01853  0.45557
   0.94160  0.01868  0.45850
   0.94662  0.01876  0.46544
   0.95140  0.01879  0.48086
   0.95595  0.01872  0.49053
   0.96030  0.01853  0.49563
   0.96456  0.01820  0.48072
   0.96881  0.01775  0.45313
   0.97308  0.01723  0.42605
   0.97733  0.01672  0.41387
   0.98147  0.01621  0.42707
   0.98549  0.01562  0.43402
   0.98945  0.01488  0.38878
   0.99342  0.01406  0.32409
   0.99738  0.01325  0.29882
   1.00000  0.01271  0.25423
