GRUMMAN K-2 AIRFOIL                             
 Alfa =  -1.28040 Re =        0.000 Xflap,Yflap =     0.000000    0.000000
#    x        y        Cp  
   1.00000  0.01371  0.25221
   0.99739  0.01444  0.09669
   0.99327  0.01550  0.06267
   0.98886  0.01658  0.04426
   0.98418  0.01773  0.00256
   0.97923  0.01891 -0.02698
   0.97401  0.02013 -0.05703
   0.96856  0.02137 -0.08491
   0.96293  0.02261 -0.11274
   0.95713  0.02384 -0.13581
   0.95115  0.02505 -0.15454
   0.94501  0.02623 -0.16976
   0.93873  0.02739 -0.18337
   0.93231  0.02852 -0.19437
   0.92575  0.02962 -0.20172
   0.91905  0.03069 -0.20743
   0.91224  0.03174 -0.21467
   0.90536  0.03277 -0.22332
   0.89842  0.03376 -0.23080
   0.89145  0.03472 -0.23862
   0.88446  0.03564 -0.24399
   0.87741  0.03652 -0.24806
   0.87030  0.03736 -0.24856
   0.86310  0.03817 -0.24852
   0.85580  0.03897 -0.24812
   0.84840  0.03974 -0.24731
   0.84093  0.04049 -0.24742
   0.83341  0.04123 -0.24787
   0.82588  0.04195 -0.25246
   0.81837  0.04265 -0.25842
   0.81087  0.04332 -0.26101
   0.80338  0.04396 -0.26427
   0.79590  0.04457 -0.26679
   0.78841  0.04515 -0.26781
   0.78092  0.04570 -0.26938
   0.77342  0.04622 -0.26907
   0.76591  0.04671 -0.26910
   0.75838  0.04717 -0.26791
   0.75082  0.04761 -0.26664
   0.74324  0.04802 -0.26276
   0.73562  0.04841 -0.26145
   0.72798  0.04878 -0.25812
   0.72030  0.04913 -0.25593
   0.71260  0.04946 -0.25311
   0.70486  0.04978 -0.25051
   0.69710  0.05008 -0.24778
   0.68932  0.05037 -0.24557
   0.68152  0.05064 -0.24325
   0.67370  0.05090 -0.24229
   0.66588  0.05114 -0.23950
   0.65804  0.05138 -0.23839
   0.65020  0.05160 -0.23660
   0.64235  0.05180 -0.23496
   0.63449  0.05200 -0.23409
   0.62662  0.05218 -0.23182
   0.61875  0.05235 -0.23068
   0.61086  0.05251 -0.22906
   0.60297  0.05266 -0.22725
   0.59508  0.05280 -0.22658
   0.58718  0.05293 -0.22568
   0.57928  0.05305 -0.22429
   0.57138  0.05316 -0.22316
   0.56347  0.05325 -0.22227
   0.55556  0.05334 -0.22171
   0.54765  0.05342 -0.22037
   0.53974  0.05348 -0.21926
   0.53183  0.05354 -0.21840
   0.52391  0.05358 -0.21809
   0.51600  0.05362 -0.21656
   0.50808  0.05365 -0.21635
   0.50017  0.05366 -0.21531
   0.49225  0.05367 -0.21421
   0.48434  0.05366 -0.21414
   0.47642  0.05365 -0.21325
   0.46852  0.05363 -0.21276
   0.46062  0.05360 -0.21167
   0.45272  0.05355 -0.21219
   0.44483  0.05350 -0.21048
   0.43695  0.05344 -0.21005
   0.42908  0.05336 -0.20918
   0.42122  0.05328 -0.20931
   0.41340  0.05319 -0.20855
   0.40562  0.05309 -0.20962
   0.39791  0.05299 -0.20932
   0.39026  0.05286 -0.20960
   0.38268  0.05273 -0.20714
   0.37518  0.05259 -0.20362
   0.36779  0.05245 -0.20460
   0.36056  0.05233 -0.21250
   0.35355  0.05219 -0.22418
   0.34675  0.05202 -0.23095
   0.34015  0.05179 -0.21605
   0.33367  0.05152 -0.18777
   0.32729  0.05126 -0.16242
   0.32094  0.05107 -0.15537
   0.31459  0.05095 -0.17840
   0.30818  0.05086 -0.20873
   0.30168  0.05074 -0.23034
   0.29501  0.05055 -0.22646
   0.28812  0.05029 -0.21303
   0.28102  0.05002 -0.20364
   0.27376  0.04974 -0.20554
   0.26640  0.04946 -0.20837
   0.25896  0.04915 -0.20927
   0.25145  0.04883 -0.20904
   0.24388  0.04848 -0.20872
   0.23629  0.04812 -0.20939
   0.22868  0.04775 -0.21002
   0.22107  0.04735 -0.21106
   0.21346  0.04694 -0.21144
   0.20588  0.04651 -0.21258
   0.19832  0.04606 -0.21335
   0.19079  0.04559 -0.21476
   0.18331  0.04510 -0.21678
   0.17587  0.04459 -0.21637
   0.16848  0.04405 -0.21921
   0.16116  0.04350 -0.21951
   0.15392  0.04292 -0.22040
   0.14676  0.04231 -0.22305
   0.13969  0.04168 -0.22203
   0.13274  0.04103 -0.22412
   0.12592  0.04036 -0.22377
   0.11925  0.03966 -0.22439
   0.11274  0.03895 -0.22390
   0.10643  0.03821 -0.22366
   0.10032  0.03747 -0.22423
   0.09446  0.03673 -0.22362
   0.08886  0.03598 -0.22557
   0.08353  0.03523 -0.22602
   0.07849  0.03450 -0.22883
   0.07373  0.03377 -0.23380
   0.06927  0.03305 -0.23525
   0.06509  0.03235 -0.24722
   0.06115  0.03165 -0.25169
   0.05745  0.03095 -0.25865
   0.05396  0.03023 -0.26241
   0.05068  0.02952 -0.25753
   0.04758  0.02879 -0.24912
   0.04465  0.02805 -0.23823
   0.04187  0.02732 -0.22625
   0.03925  0.02659 -0.21159
   0.03676  0.02587 -0.20238
   0.03441  0.02515 -0.18747
   0.03218  0.02442 -0.15996
   0.03006  0.02371 -0.13192
   0.02804  0.02301 -0.10879
   0.02612  0.02234 -0.10070
   0.02429  0.02168 -0.09905
   0.02256  0.02105 -0.09545
   0.02092  0.02042 -0.09368
   0.01936  0.01979 -0.08607
   0.01788  0.01916 -0.07079
   0.01648  0.01853 -0.04918
   0.01513  0.01790 -0.02330
   0.01385  0.01728 -0.00025
   0.01262  0.01665  0.02433
   0.01145  0.01603  0.03958
   0.01032  0.01542  0.06001
   0.00925  0.01480  0.08523
   0.00822  0.01418  0.10126
   0.00724  0.01356  0.12872
   0.00631  0.01293  0.14718
   0.00542  0.01229  0.17002
   0.00458  0.01164  0.20159
   0.00379  0.01098  0.22348
   0.00305  0.01029  0.25682
   0.00239  0.00956  0.30177
   0.00182  0.00878  0.44226
   0.00133  0.00797  0.50869
   0.00094  0.00712  0.64894
   0.00065  0.00624  0.76174
   0.00044  0.00536  0.85102
   0.00028  0.00447  0.90955
   0.00016  0.00358  0.95224
   0.00008  0.00270  0.97770
   0.00003  0.00182  0.99342
   0.00000  0.00095  0.99977
  -0.00000  0.00009  0.99792
   0.00003 -0.00076  0.98956
   0.00006 -0.00163  0.97142
   0.00015 -0.00249  0.95512
   0.00023 -0.00336  0.92269
   0.00032 -0.00424  0.88296
   0.00047 -0.00512  0.84148
   0.00063 -0.00601  0.78702
   0.00082 -0.00691  0.72396
   0.00104 -0.00781  0.65174
   0.00129 -0.00871  0.56059
   0.00157 -0.00961  0.45865
   0.00190 -0.01051  0.34210
   0.00227 -0.01140  0.18982
   0.00270 -0.01228  0.06126
   0.00318 -0.01315 -0.14744
   0.00373 -0.01400 -0.37778
   0.00438 -0.01479 -0.45070
   0.00511 -0.01554 -0.51896
   0.00590 -0.01626 -0.54591
   0.00676 -0.01694 -0.56575
   0.00768 -0.01760 -0.57779
   0.00865 -0.01823 -0.58238
   0.00967 -0.01885 -0.58834
   0.01075 -0.01945 -0.57337
   0.01188 -0.02004 -0.57833
   0.01307 -0.02061 -0.56540
   0.01432 -0.02118 -0.55928
   0.01563 -0.02174 -0.55054
   0.01700 -0.02229 -0.53309
   0.01845 -0.02284 -0.52377
   0.01996 -0.02339 -0.51371
   0.02156 -0.02394 -0.50195
   0.02324 -0.02449 -0.48878
   0.02502 -0.02504 -0.47794
   0.02690 -0.02561 -0.46909
   0.02888 -0.02618 -0.45820
   0.03099 -0.02676 -0.44966
   0.03324 -0.02735 -0.44309
   0.03563 -0.02795 -0.43351
   0.03818 -0.02857 -0.42523
   0.04090 -0.02920 -0.41607
   0.04382 -0.02985 -0.40738
   0.04694 -0.03052 -0.39998
   0.05029 -0.03121 -0.39737
   0.05388 -0.03192 -0.39098
   0.05772 -0.03265 -0.38831
   0.06181 -0.03340 -0.38376
   0.06618 -0.03416 -0.37984
   0.07081 -0.03493 -0.37661
   0.07572 -0.03571 -0.37313
   0.08090 -0.03650 -0.37005
   0.08636 -0.03729 -0.36741
   0.09206 -0.03808 -0.36393
   0.09799 -0.03886 -0.36062
   0.10414 -0.03963 -0.36026
   0.11047 -0.04039 -0.35808
   0.11696 -0.04113 -0.35764
   0.12360 -0.04184 -0.35661
   0.13035 -0.04253 -0.35530
   0.13721 -0.04318 -0.35341
   0.14417 -0.04381 -0.35107
   0.15121 -0.04440 -0.34805
   0.15834 -0.04497 -0.34537
   0.16553 -0.04550 -0.34252
   0.17278 -0.04600 -0.33949
   0.18008 -0.04648 -0.33638
   0.18742 -0.04692 -0.33487
   0.19479 -0.04734 -0.33207
   0.20219 -0.04773 -0.32999
   0.20962 -0.04809 -0.32621
   0.21707 -0.04842 -0.32436
   0.22456 -0.04873 -0.32042
   0.23208 -0.04901 -0.31690
   0.23964 -0.04926 -0.31324
   0.24721 -0.04950 -0.31128
   0.25481 -0.04971 -0.30861
   0.26241 -0.04990 -0.30594
   0.27004 -0.05006 -0.30298
   0.27768 -0.05021 -0.30064
   0.28534 -0.05033 -0.29744
   0.29302 -0.05043 -0.29515
   0.30071 -0.05052 -0.29288
   0.30841 -0.05058 -0.29093
   0.31611 -0.05063 -0.28927
   0.32382 -0.05066 -0.28709
   0.33154 -0.05066 -0.28471
   0.33927 -0.05065 -0.28373
   0.34699 -0.05062 -0.28115
   0.35472 -0.05057 -0.27984
   0.36246 -0.05051 -0.27819
   0.37019 -0.05042 -0.27667
   0.37793 -0.05031 -0.27424
   0.38566 -0.05019 -0.27339
   0.39339 -0.05004 -0.27145
   0.40111 -0.04988 -0.26991
   0.40883 -0.04970 -0.26823
   0.41655 -0.04951 -0.26735
   0.42426 -0.04929 -0.26591
   0.43196 -0.04905 -0.26493
   0.43965 -0.04880 -0.26341
   0.44733 -0.04852 -0.26235
   0.45499 -0.04823 -0.26118
   0.46265 -0.04791 -0.25946
   0.47029 -0.04757 -0.25856
   0.47793 -0.04721 -0.25670
   0.48555 -0.04683 -0.25508
   0.49315 -0.04642 -0.25343
   0.50075 -0.04600 -0.25187
   0.50833 -0.04555 -0.24928
   0.51589 -0.04507 -0.24768
   0.52345 -0.04458 -0.24486
   0.53099 -0.04405 -0.24293
   0.53851 -0.04351 -0.23984
   0.54603 -0.04293 -0.23738
   0.55353 -0.04234 -0.23471
   0.56101 -0.04171 -0.23055
   0.56848 -0.04106 -0.22762
   0.57593 -0.04038 -0.22359
   0.58337 -0.03967 -0.21968
   0.59078 -0.03894 -0.21566
   0.59818 -0.03818 -0.21075
   0.60556 -0.03738 -0.20615
   0.61292 -0.03656 -0.20094
   0.62026 -0.03571 -0.19499
   0.62759 -0.03483 -0.18908
   0.63490 -0.03391 -0.18150
   0.64220 -0.03296 -0.17550
   0.64948 -0.03198 -0.16735
   0.65674 -0.03097 -0.15933
   0.66400 -0.02992 -0.15007
   0.67125 -0.02883 -0.14055
   0.67849 -0.02772 -0.13087
   0.68572 -0.02656 -0.11964
   0.69295 -0.02537 -0.10888
   0.70018 -0.02415 -0.09587
   0.70741 -0.02288 -0.08358
   0.71464 -0.02159 -0.07022
   0.72188 -0.02025 -0.05527
   0.72912 -0.01888 -0.04124
   0.73638 -0.01747 -0.02431
   0.74365 -0.01602 -0.00865
   0.75094 -0.01453  0.00998
   0.75826 -0.01301  0.02792
   0.76560 -0.01146  0.04757
   0.77297 -0.00987  0.06719
   0.78039 -0.00825  0.08872
   0.78785 -0.00659  0.10984
   0.79535 -0.00492  0.13299
   0.80287 -0.00323  0.15583
   0.81037 -0.00154  0.17812
   0.81778  0.00013  0.20330
   0.82509  0.00176  0.22644
   0.83227  0.00334  0.24794
   0.83932  0.00486  0.26866
   0.84624  0.00632  0.28908
   0.85304  0.00771  0.30747
   0.85972  0.00903  0.32638
   0.86628  0.01027  0.34257
   0.87271  0.01143  0.35862
   0.87902  0.01251  0.37364
   0.88521  0.01350  0.38635
   0.89129  0.01440  0.39914
   0.89727  0.01522  0.40892
   0.90316  0.01595  0.41941
   0.90895  0.01659  0.42826
   0.91464  0.01715  0.43563
   0.92020  0.01763  0.44401
   0.92564  0.01802  0.44981
   0.93097  0.01831  0.45440
   0.93623  0.01853  0.45751
   0.94141  0.01867  0.45703
   0.94645  0.01876  0.46726
   0.95125  0.01879  0.47892
   0.95581  0.01873  0.49155
   0.96019  0.01854  0.49564
   0.96446  0.01821  0.48060
   0.96872  0.01776  0.45440
   0.97300  0.01724  0.42586
   0.97726  0.01672  0.41554
   0.98142  0.01621  0.42815
   0.98545  0.01563  0.43247
   0.98942  0.01489  0.38728
   0.99340  0.01406  0.32682
   0.99738  0.01325  0.29814
   1.00000  0.01271  0.25221
