GRUMMAN K-2 AIRFOIL                             
 Alfa =  -1.18100 Re =        0.000 Xflap,Yflap =     0.000000    0.000000
#    x        y        Cp  
   1.00000  0.01371  0.25416
   0.99740  0.01444  0.09909
   0.99329  0.01549  0.06129
   0.98889  0.01657  0.04583
   0.98423  0.01772  0.00537
   0.97929  0.01890 -0.02965
   0.97409  0.02011 -0.05567
   0.96867  0.02135 -0.08616
   0.96305  0.02259 -0.11275
   0.95727  0.02381 -0.13447
   0.95131  0.02502 -0.15548
   0.94520  0.02620 -0.17064
   0.93893  0.02735 -0.18378
   0.93253  0.02848 -0.19507
   0.92600  0.02957 -0.20230
   0.91932  0.03065 -0.20845
   0.91254  0.03170 -0.21544
   0.90568  0.03272 -0.22416
   0.89876  0.03372 -0.23163
   0.89181  0.03467 -0.23981
   0.88484  0.03559 -0.24584
   0.87782  0.03647 -0.24853
   0.87073  0.03731 -0.24972
   0.86355  0.03812 -0.25090
   0.85628  0.03891 -0.24969
   0.84891  0.03968 -0.24891
   0.84146  0.04044 -0.24890
   0.83396  0.04117 -0.24890
   0.82645  0.04190 -0.25467
   0.81896  0.04260 -0.25965
   0.81149  0.04327 -0.26329
   0.80402  0.04391 -0.26586
   0.79655  0.04452 -0.26837
   0.78909  0.04510 -0.27058
   0.78162  0.04565 -0.27140
   0.77414  0.04617 -0.27097
   0.76665  0.04666 -0.27143
   0.75914  0.04713 -0.27024
   0.75161  0.04756 -0.26847
   0.74405  0.04798 -0.26678
   0.73646  0.04837 -0.26393
   0.72884  0.04874 -0.26154
   0.72118  0.04909 -0.25872
   0.71350  0.04943 -0.25546
   0.70580  0.04974 -0.25370
   0.69806  0.05004 -0.25072
   0.69030  0.05033 -0.24873
   0.68252  0.05060 -0.24668
   0.67473  0.05086 -0.24496
   0.66693  0.05111 -0.24281
   0.65911  0.05135 -0.24161
   0.65129  0.05157 -0.24018
   0.64347  0.05178 -0.23818
   0.63563  0.05197 -0.23713
   0.62779  0.05216 -0.23567
   0.61994  0.05233 -0.23366
   0.61208  0.05249 -0.23319
   0.60421  0.05264 -0.23073
   0.59633  0.05278 -0.22996
   0.58846  0.05291 -0.22879
   0.58058  0.05303 -0.22822
   0.57270  0.05314 -0.22704
   0.56482  0.05324 -0.22619
   0.55693  0.05333 -0.22516
   0.54904  0.05340 -0.22457
   0.54115  0.05347 -0.22320
   0.53326  0.05353 -0.22292
   0.52537  0.05358 -0.22161
   0.51748  0.05361 -0.22077
   0.50958  0.05364 -0.22053
   0.50169  0.05366 -0.21898
   0.49380  0.05367 -0.21940
   0.48590  0.05367 -0.21779
   0.47801  0.05366 -0.21821
   0.47012  0.05363 -0.21725
   0.46224  0.05360 -0.21657
   0.45437  0.05356 -0.21601
   0.44650  0.05351 -0.21554
   0.43864  0.05345 -0.21449
   0.43079  0.05338 -0.21434
   0.42295  0.05330 -0.21408
   0.41514  0.05321 -0.21378
   0.40737  0.05312 -0.21448
   0.39966  0.05301 -0.21394
   0.39202  0.05289 -0.21521
   0.38445  0.05276 -0.21234
   0.37694  0.05262 -0.20976
   0.36954  0.05249 -0.20883
   0.36229  0.05236 -0.21605
   0.35524  0.05223 -0.22700
   0.34842  0.05207 -0.23629
   0.34179  0.05185 -0.22755
   0.33530  0.05159 -0.20057
   0.32892  0.05132 -0.17383
   0.32258  0.05111 -0.16013
   0.31625  0.05098 -0.17657
   0.30988  0.05089 -0.20607
   0.30343  0.05078 -0.23354
   0.29682  0.05061 -0.23590
   0.29002  0.05037 -0.22349
   0.28299  0.05009 -0.21169
   0.27579  0.04982 -0.21047
   0.26847  0.04954 -0.21462
   0.26108  0.04924 -0.21663
   0.25361  0.04892 -0.21559
   0.24607  0.04858 -0.21572
   0.23850  0.04823 -0.21680
   0.23092  0.04786 -0.21732
   0.22333  0.04747 -0.21822
   0.21574  0.04707 -0.21883
   0.20817  0.04664 -0.22074
   0.20063  0.04620 -0.22133
   0.19311  0.04574 -0.22223
   0.18563  0.04526 -0.22549
   0.17820  0.04475 -0.22533
   0.17081  0.04423 -0.22672
   0.16349  0.04368 -0.22924
   0.15624  0.04311 -0.22943
   0.14907  0.04251 -0.23200
   0.14200  0.04189 -0.23279
   0.13503  0.04125 -0.23394
   0.12818  0.04059 -0.23487
   0.12147  0.03990 -0.23531
   0.11493  0.03919 -0.23552
   0.10856  0.03847 -0.23577
   0.10240  0.03773 -0.23553
   0.09647  0.03699 -0.23672
   0.09078  0.03624 -0.23866
   0.08537  0.03550 -0.23754
   0.08024  0.03476 -0.24305
   0.07540  0.03403 -0.24506
   0.07085  0.03331 -0.24908
   0.06658  0.03261 -0.26206
   0.06257  0.03190 -0.26306
   0.05879  0.03120 -0.27452
   0.05523  0.03050 -0.27898
   0.05189  0.02978 -0.27735
   0.04873  0.02906 -0.27143
   0.04574  0.02833 -0.26073
   0.04291  0.02760 -0.25165
   0.04024  0.02687 -0.23695
   0.03771  0.02615 -0.22510
   0.03531  0.02543 -0.21741
   0.03305  0.02471 -0.19279
   0.03089  0.02399 -0.16285
   0.02884  0.02329 -0.13933
   0.02688  0.02260 -0.12398
   0.02502  0.02195 -0.12242
   0.02326  0.02131 -0.12101
   0.02159  0.02067 -0.12011
   0.02000  0.02005 -0.11448
   0.01849  0.01942 -0.10411
   0.01706  0.01880 -0.08628
   0.01569  0.01817 -0.06003
   0.01439  0.01754 -0.03800
   0.01314  0.01692 -0.01502
   0.01194  0.01630  0.00499
   0.01080  0.01568  0.02371
   0.00971  0.01507  0.04138
   0.00867  0.01445  0.06576
   0.00767  0.01383  0.08225
   0.00672  0.01321  0.10547
   0.00581  0.01258  0.12442
   0.00495  0.01194  0.15381
   0.00414  0.01128  0.17563
   0.00338  0.01061  0.20154
   0.00268  0.00990  0.23302
   0.00207  0.00914  0.34268
   0.00154  0.00835  0.43181
   0.00111  0.00752  0.55073
   0.00078  0.00665  0.68387
   0.00053  0.00577  0.79109
   0.00035  0.00489  0.86860
   0.00022  0.00400  0.92091
   0.00012  0.00312  0.95904
   0.00005  0.00224  0.98182
   0.00001  0.00137  0.99512
  -0.00000  0.00051  0.99997
   0.00001 -0.00034  0.99715
   0.00004 -0.00120  0.98701
   0.00010 -0.00206  0.96927
   0.00020 -0.00292  0.95380
   0.00027 -0.00380  0.91232
   0.00039 -0.00468  0.88018
   0.00054 -0.00556  0.83340
   0.00072 -0.00645  0.77622
   0.00092 -0.00735  0.71265
   0.00115 -0.00824  0.63780
   0.00142 -0.00914  0.54248
   0.00173 -0.01004  0.43661
   0.00207 -0.01094  0.31575
   0.00247 -0.01182  0.14546
   0.00292 -0.01269  0.06507
   0.00342 -0.01356 -0.27104
   0.00402 -0.01437 -0.33458
   0.00470 -0.01514 -0.44253
   0.00546 -0.01587 -0.47956
   0.00629 -0.01657 -0.51050
   0.00717 -0.01724 -0.52361
   0.00811 -0.01789 -0.54058
   0.00910 -0.01851 -0.54052
   0.01015 -0.01912 -0.53801
   0.01125 -0.01971 -0.53923
   0.01240 -0.02029 -0.53289
   0.01361 -0.02086 -0.52797
   0.01488 -0.02142 -0.52146
   0.01621 -0.02198 -0.50778
   0.01761 -0.02253 -0.50072
   0.01908 -0.02307 -0.48582
   0.02063 -0.02362 -0.48149
   0.02226 -0.02417 -0.46934
   0.02397 -0.02472 -0.45494
   0.02579 -0.02528 -0.44821
   0.02770 -0.02584 -0.43838
   0.02973 -0.02641 -0.43111
   0.03189 -0.02700 -0.42388
   0.03419 -0.02759 -0.41796
   0.03663 -0.02820 -0.40773
   0.03924 -0.02882 -0.40163
   0.04203 -0.02945 -0.39132
   0.04502 -0.03011 -0.38509
   0.04822 -0.03078 -0.37968
   0.05165 -0.03148 -0.37671
   0.05533 -0.03220 -0.37264
   0.05925 -0.03293 -0.36992
   0.06344 -0.03368 -0.36551
   0.06789 -0.03445 -0.36378
   0.07262 -0.03522 -0.35931
   0.07761 -0.03600 -0.35815
   0.08288 -0.03679 -0.35510
   0.08842 -0.03758 -0.35212
   0.09419 -0.03836 -0.34937
   0.10019 -0.03914 -0.34760
   0.10638 -0.03991 -0.34698
   0.11276 -0.04065 -0.34625
   0.11929 -0.04138 -0.34569
   0.12594 -0.04208 -0.34456
   0.13272 -0.04276 -0.34369
   0.13959 -0.04340 -0.34243
   0.14656 -0.04401 -0.33951
   0.15362 -0.04460 -0.33795
   0.16075 -0.04515 -0.33420
   0.16794 -0.04567 -0.33207
   0.17519 -0.04616 -0.32884
   0.18248 -0.04663 -0.32695
   0.18981 -0.04706 -0.32486
   0.19717 -0.04747 -0.32357
   0.20456 -0.04785 -0.31948
   0.21197 -0.04820 -0.31869
   0.21942 -0.04852 -0.31465
   0.22690 -0.04882 -0.31214
   0.23441 -0.04909 -0.30749
   0.24195 -0.04934 -0.30543
   0.24951 -0.04956 -0.30344
   0.25708 -0.04977 -0.30024
   0.26468 -0.04995 -0.29899
   0.27229 -0.05011 -0.29479
   0.27991 -0.05024 -0.29340
   0.28756 -0.05036 -0.29002
   0.29522 -0.05046 -0.28813
   0.30289 -0.05054 -0.28631
   0.31057 -0.05060 -0.28425
   0.31825 -0.05064 -0.28208
   0.32595 -0.05066 -0.28054
   0.33364 -0.05066 -0.27906
   0.34135 -0.05065 -0.27729
   0.34906 -0.05061 -0.27562
   0.35677 -0.05056 -0.27385
   0.36448 -0.05048 -0.27226
   0.37219 -0.05039 -0.27074
   0.37990 -0.05028 -0.26877
   0.38761 -0.05015 -0.26748
   0.39532 -0.05001 -0.26621
   0.40302 -0.04984 -0.26489
   0.41072 -0.04966 -0.26286
   0.41842 -0.04945 -0.26231
   0.42610 -0.04923 -0.26099
   0.43378 -0.04899 -0.26030
   0.44144 -0.04873 -0.25823
   0.44910 -0.04845 -0.25773
   0.45674 -0.04815 -0.25624
   0.46437 -0.04783 -0.25557
   0.47199 -0.04749 -0.25392
   0.47960 -0.04713 -0.25211
   0.48720 -0.04674 -0.25086
   0.49478 -0.04634 -0.24918
   0.50235 -0.04590 -0.24685
   0.50991 -0.04545 -0.24568
   0.51745 -0.04497 -0.24308
   0.52498 -0.04447 -0.24072
   0.53250 -0.04395 -0.23865
   0.54000 -0.04340 -0.23613
   0.54749 -0.04282 -0.23334
   0.55497 -0.04222 -0.23025
   0.56243 -0.04159 -0.22666
   0.56987 -0.04093 -0.22337
   0.57730 -0.04025 -0.21973
   0.58471 -0.03954 -0.21566
   0.59210 -0.03881 -0.21150
   0.59948 -0.03804 -0.20713
   0.60683 -0.03724 -0.20258
   0.61417 -0.03642 -0.19639
   0.62149 -0.03556 -0.19173
   0.62879 -0.03468 -0.18452
   0.63608 -0.03376 -0.17888
   0.64335 -0.03281 -0.17079
   0.65061 -0.03183 -0.16375
   0.65786 -0.03081 -0.15524
   0.66510 -0.02976 -0.14639
   0.67232 -0.02867 -0.13668
   0.67954 -0.02755 -0.12664
   0.68676 -0.02640 -0.11611
   0.69397 -0.02520 -0.10497
   0.70117 -0.02398 -0.09227
   0.70838 -0.02271 -0.07961
   0.71559 -0.02141 -0.06617
   0.72281 -0.02007 -0.05186
   0.73004 -0.01870 -0.03716
   0.73728 -0.01729 -0.02112
   0.74453 -0.01584 -0.00363
   0.75180 -0.01436  0.01266
   0.75910 -0.01284  0.03260
   0.76642 -0.01128  0.05060
   0.77378 -0.00969  0.07234
   0.78118 -0.00807  0.09113
   0.78863 -0.00642  0.11455
   0.79611 -0.00475  0.13533
   0.80361 -0.00306  0.15969
   0.81108 -0.00138  0.18255
   0.81847  0.00029  0.20550
   0.82574  0.00191  0.22920
   0.83289  0.00348  0.25116
   0.83991  0.00499  0.27163
   0.84680  0.00644  0.29128
   0.85358  0.00782  0.31067
   0.86023  0.00913  0.32691
   0.86676  0.01036  0.34545
   0.87316  0.01151  0.35959
   0.87944  0.01258  0.37597
   0.88561  0.01356  0.38777
   0.89167  0.01445  0.39997
   0.89763  0.01526  0.41073
   0.90349  0.01599  0.42028
   0.90927  0.01663  0.42806
   0.91493  0.01718  0.43766
   0.92047  0.01765  0.44355
   0.92588  0.01803  0.45176
   0.93120  0.01832  0.45536
   0.93644  0.01853  0.45617
   0.94160  0.01868  0.45907
   0.94662  0.01876  0.46602
   0.95140  0.01879  0.48135
   0.95595  0.01872  0.49102
   0.96030  0.01853  0.49609
   0.96456  0.01820  0.48115
   0.96881  0.01775  0.45359
   0.97308  0.01723  0.42649
   0.97733  0.01672  0.41429
   0.98147  0.01621  0.42744
   0.98549  0.01562  0.43435
   0.98945  0.01488  0.38912
   0.99342  0.01406  0.32442
   0.99738  0.01325  0.29908
   1.00000  0.01271  0.25416
