GRUMMAN K-2 AIRFOIL                             
 Alfa =  -1.31980 Re =        0.000 Xflap,Yflap =     0.000000    0.000000
#    x        y        Cp  
   1.00000  0.01371  0.25219
   0.99739  0.01444  0.09675
   0.99327  0.01550  0.06275
   0.98886  0.01658  0.04439
   0.98418  0.01773  0.00272
   0.97923  0.01891 -0.02680
   0.97401  0.02013 -0.05683
   0.96856  0.02137 -0.08465
   0.96293  0.02261 -0.11247
   0.95713  0.02384 -0.13550
   0.95115  0.02505 -0.15420
   0.94501  0.02623 -0.16940
   0.93873  0.02739 -0.18298
   0.93231  0.02852 -0.19394
   0.92575  0.02962 -0.20128
   0.91905  0.03069 -0.20696
   0.91224  0.03174 -0.21418
   0.90536  0.03277 -0.22280
   0.89842  0.03376 -0.23025
   0.89145  0.03472 -0.23806
   0.88446  0.03564 -0.24339
   0.87741  0.03652 -0.24744
   0.87030  0.03736 -0.24792
   0.86310  0.03817 -0.24786
   0.85580  0.03897 -0.24743
   0.84840  0.03974 -0.24661
   0.84093  0.04049 -0.24669
   0.83341  0.04123 -0.24712
   0.82588  0.04195 -0.25169
   0.81837  0.04265 -0.25763
   0.81087  0.04332 -0.26019
   0.80338  0.04396 -0.26344
   0.79590  0.04457 -0.26592
   0.78841  0.04515 -0.26693
   0.78092  0.04570 -0.26846
   0.77342  0.04622 -0.26814
   0.76591  0.04671 -0.26815
   0.75838  0.04717 -0.26694
   0.75082  0.04761 -0.26566
   0.74324  0.04802 -0.26176
   0.73562  0.04841 -0.26043
   0.72798  0.04878 -0.25707
   0.72030  0.04913 -0.25487
   0.71260  0.04946 -0.25203
   0.70486  0.04978 -0.24942
   0.69710  0.05008 -0.24667
   0.68932  0.05037 -0.24444
   0.68152  0.05064 -0.24209
   0.67370  0.05090 -0.24112
   0.66588  0.05114 -0.23831
   0.65804  0.05138 -0.23718
   0.65020  0.05160 -0.23537
   0.64235  0.05180 -0.23371
   0.63449  0.05200 -0.23282
   0.62662  0.05218 -0.23053
   0.61875  0.05235 -0.22936
   0.61086  0.05251 -0.22773
   0.60297  0.05266 -0.22589
   0.59508  0.05280 -0.22521
   0.58718  0.05293 -0.22428
   0.57928  0.05305 -0.22287
   0.57138  0.05316 -0.22172
   0.56347  0.05325 -0.22081
   0.55556  0.05334 -0.22023
   0.54765  0.05342 -0.21886
   0.53974  0.05348 -0.21774
   0.53183  0.05354 -0.21685
   0.52391  0.05358 -0.21652
   0.51600  0.05362 -0.21496
   0.50808  0.05365 -0.21472
   0.50017  0.05366 -0.21366
   0.49225  0.05367 -0.21253
   0.48434  0.05366 -0.21244
   0.47642  0.05365 -0.21152
   0.46852  0.05363 -0.21100
   0.46062  0.05360 -0.20989
   0.45272  0.05355 -0.21038
   0.44483  0.05350 -0.20864
   0.43695  0.05344 -0.20818
   0.42908  0.05336 -0.20729
   0.42122  0.05328 -0.20739
   0.41340  0.05319 -0.20659
   0.40562  0.05309 -0.20762
   0.39791  0.05299 -0.20730
   0.39026  0.05286 -0.20755
   0.38268  0.05273 -0.20506
   0.37518  0.05259 -0.20151
   0.36779  0.05245 -0.20245
   0.36056  0.05233 -0.21031
   0.35355  0.05219 -0.22193
   0.34675  0.05202 -0.22866
   0.34015  0.05179 -0.21376
   0.33367  0.05152 -0.18549
   0.32729  0.05126 -0.16016
   0.32094  0.05107 -0.15310
   0.31459  0.05095 -0.17604
   0.30818  0.05086 -0.20628
   0.30168  0.05074 -0.22780
   0.29501  0.05055 -0.22389
   0.28812  0.05029 -0.21044
   0.28102  0.05002 -0.20103
   0.27376  0.04974 -0.20288
   0.26640  0.04946 -0.20565
   0.25896  0.04915 -0.20650
   0.25145  0.04883 -0.20622
   0.24388  0.04848 -0.20584
   0.23629  0.04812 -0.20645
   0.22868  0.04775 -0.20702
   0.22107  0.04735 -0.20799
   0.21346  0.04694 -0.20830
   0.20588  0.04651 -0.20937
   0.19832  0.04606 -0.21005
   0.19079  0.04559 -0.21138
   0.18331  0.04510 -0.21331
   0.17587  0.04459 -0.21282
   0.16848  0.04405 -0.21556
   0.16116  0.04350 -0.21576
   0.15392  0.04292 -0.21655
   0.14676  0.04231 -0.21908
   0.13969  0.04168 -0.21795
   0.13274  0.04103 -0.21991
   0.12592  0.04036 -0.21943
   0.11925  0.03966 -0.21992
   0.11274  0.03895 -0.21929
   0.10643  0.03821 -0.21890
   0.10032  0.03747 -0.21931
   0.09446  0.03673 -0.21854
   0.08886  0.03598 -0.22031
   0.08353  0.03523 -0.22058
   0.07849  0.03450 -0.22320
   0.07373  0.03377 -0.22796
   0.06927  0.03305 -0.22920
   0.06509  0.03235 -0.24091
   0.06115  0.03165 -0.24516
   0.05745  0.03095 -0.25185
   0.05396  0.03023 -0.25537
   0.05068  0.02952 -0.25028
   0.04758  0.02879 -0.24167
   0.04465  0.02805 -0.23060
   0.04187  0.02732 -0.21843
   0.03925  0.02659 -0.20360
   0.03676  0.02587 -0.19419
   0.03441  0.02515 -0.17910
   0.03218  0.02442 -0.15151
   0.03006  0.02371 -0.12338
   0.02804  0.02301 -0.10014
   0.02612  0.02234 -0.09180
   0.02429  0.02168 -0.08985
   0.02256  0.02105 -0.08593
   0.02092  0.02042 -0.08384
   0.01936  0.01979 -0.07592
   0.01788  0.01916 -0.06038
   0.01648  0.01853 -0.03858
   0.01513  0.01790 -0.01253
   0.01385  0.01728  0.01071
   0.01262  0.01665  0.03552
   0.01145  0.01603  0.05107
   0.01032  0.01542  0.07179
   0.00925  0.01480  0.09730
   0.00822  0.01418  0.11370
   0.00724  0.01356  0.14150
   0.00631  0.01293  0.16043
   0.00542  0.01229  0.18376
   0.00458  0.01164  0.21577
   0.00379  0.01098  0.23836
   0.00305  0.01029  0.27236
   0.00239  0.00956  0.31787
   0.00182  0.00878  0.45669
   0.00133  0.00797  0.52312
   0.00094  0.00712  0.66090
   0.00065  0.00624  0.77132
   0.00044  0.00536  0.85831
   0.00028  0.00447  0.91504
   0.00016  0.00358  0.95611
   0.00008  0.00270  0.98027
   0.00003  0.00182  0.99476
   0.00000  0.00095  0.99996
  -0.00000  0.00009  0.99706
   0.00003 -0.00076  0.98780
   0.00006 -0.00163  0.96840
   0.00015 -0.00249  0.95167
   0.00023 -0.00336  0.91799
   0.00032 -0.00424  0.87709
   0.00047 -0.00512  0.83482
   0.00063 -0.00601  0.77923
   0.00082 -0.00691  0.71508
   0.00104 -0.00781  0.64173
   0.00129 -0.00871  0.54928
   0.00157 -0.00961  0.44595
   0.00190 -0.01051  0.32801
   0.00227 -0.01140  0.17388
   0.00270 -0.01228  0.04423
   0.00318 -0.01315 -0.16677
   0.00373 -0.01400 -0.39934
   0.00438 -0.01479 -0.47188
   0.00511 -0.01554 -0.53978
   0.00590 -0.01626 -0.56592
   0.00676 -0.01694 -0.58494
   0.00768 -0.01760 -0.59617
   0.00865 -0.01823 -0.60000
   0.00967 -0.01885 -0.60519
   0.01075 -0.01945 -0.58944
   0.01188 -0.02004 -0.59376
   0.01307 -0.02061 -0.58017
   0.01432 -0.02118 -0.57344
   0.01563 -0.02174 -0.56411
   0.01700 -0.02229 -0.54606
   0.01845 -0.02284 -0.53623
   0.01996 -0.02339 -0.52569
   0.02156 -0.02394 -0.51345
   0.02324 -0.02449 -0.49983
   0.02502 -0.02504 -0.48856
   0.02690 -0.02561 -0.47932
   0.02888 -0.02618 -0.46806
   0.03099 -0.02676 -0.45916
   0.03324 -0.02735 -0.45225
   0.03563 -0.02795 -0.44234
   0.03818 -0.02857 -0.43374
   0.04090 -0.02920 -0.42427
   0.04382 -0.02985 -0.41527
   0.04694 -0.03052 -0.40759
   0.05029 -0.03121 -0.40472
   0.05388 -0.03192 -0.39808
   0.05772 -0.03265 -0.39515
   0.06181 -0.03340 -0.39037
   0.06618 -0.03416 -0.38621
   0.07081 -0.03493 -0.38276
   0.07572 -0.03571 -0.37907
   0.08090 -0.03650 -0.37578
   0.08636 -0.03729 -0.37294
   0.09206 -0.03808 -0.36927
   0.09799 -0.03886 -0.36578
   0.10414 -0.03963 -0.36526
   0.11047 -0.04039 -0.36292
   0.11696 -0.04113 -0.36234
   0.12360 -0.04184 -0.36116
   0.13035 -0.04253 -0.35972
   0.13721 -0.04318 -0.35770
   0.14417 -0.04381 -0.35523
   0.15121 -0.04440 -0.35210
   0.15834 -0.04497 -0.34930
   0.16553 -0.04550 -0.34635
   0.17278 -0.04600 -0.34321
   0.18008 -0.04648 -0.34000
   0.18742 -0.04692 -0.33840
   0.19479 -0.04734 -0.33552
   0.20219 -0.04773 -0.33335
   0.20962 -0.04809 -0.32949
   0.21707 -0.04842 -0.32757
   0.22456 -0.04873 -0.32355
   0.23208 -0.04901 -0.31996
   0.23964 -0.04926 -0.31623
   0.24721 -0.04950 -0.31420
   0.25481 -0.04971 -0.31147
   0.26241 -0.04990 -0.30874
   0.27004 -0.05006 -0.30572
   0.27768 -0.05021 -0.30332
   0.28534 -0.05033 -0.30006
   0.29302 -0.05043 -0.29773
   0.30071 -0.05052 -0.29540
   0.30841 -0.05058 -0.29340
   0.31611 -0.05063 -0.29169
   0.32382 -0.05066 -0.28947
   0.33154 -0.05066 -0.28704
   0.33927 -0.05065 -0.28602
   0.34699 -0.05062 -0.28340
   0.35472 -0.05057 -0.28204
   0.36246 -0.05051 -0.28036
   0.37019 -0.05042 -0.27879
   0.37793 -0.05031 -0.27633
   0.38566 -0.05019 -0.27544
   0.39339 -0.05004 -0.27346
   0.40111 -0.04988 -0.27189
   0.40883 -0.04970 -0.27017
   0.41655 -0.04951 -0.26926
   0.42426 -0.04929 -0.26780
   0.43196 -0.04905 -0.26677
   0.43965 -0.04880 -0.26522
   0.44733 -0.04852 -0.26414
   0.45499 -0.04823 -0.26293
   0.46265 -0.04791 -0.26118
   0.47029 -0.04757 -0.26025
   0.47793 -0.04721 -0.25837
   0.48555 -0.04683 -0.25672
   0.49315 -0.04642 -0.25504
   0.50075 -0.04600 -0.25345
   0.50833 -0.04555 -0.25084
   0.51589 -0.04507 -0.24920
   0.52345 -0.04458 -0.24636
   0.53099 -0.04405 -0.24441
   0.53851 -0.04351 -0.24128
   0.54603 -0.04293 -0.23880
   0.55353 -0.04234 -0.23610
   0.56101 -0.04171 -0.23192
   0.56848 -0.04106 -0.22896
   0.57593 -0.04038 -0.22490
   0.58337 -0.03967 -0.22096
   0.59078 -0.03894 -0.21693
   0.59818 -0.03818 -0.21199
   0.60556 -0.03738 -0.20736
   0.61292 -0.03656 -0.20213
   0.62026 -0.03571 -0.19616
   0.62759 -0.03483 -0.19022
   0.63490 -0.03391 -0.18261
   0.64220 -0.03296 -0.17659
   0.64948 -0.03198 -0.16841
   0.65674 -0.03097 -0.16037
   0.66400 -0.02992 -0.15107
   0.67125 -0.02883 -0.14154
   0.67849 -0.02772 -0.13182
   0.68572 -0.02656 -0.12057
   0.69295 -0.02537 -0.10979
   0.70018 -0.02415 -0.09674
   0.70741 -0.02288 -0.08443
   0.71464 -0.02159 -0.07104
   0.72188 -0.02025 -0.05606
   0.72912 -0.01888 -0.04201
   0.73638 -0.01747 -0.02505
   0.74365 -0.01602 -0.00937
   0.75094 -0.01453  0.00929
   0.75826 -0.01301  0.02726
   0.76560 -0.01146  0.04694
   0.77297 -0.00987  0.06658
   0.78039 -0.00825  0.08815
   0.78785 -0.00659  0.10929
   0.79535 -0.00492  0.13247
   0.80287 -0.00323  0.15533
   0.81037 -0.00154  0.17766
   0.81778  0.00013  0.20285
   0.82509  0.00176  0.22602
   0.83227  0.00334  0.24755
   0.83932  0.00486  0.26829
   0.84624  0.00632  0.28871
   0.85304  0.00771  0.30714
   0.85972  0.00903  0.32606
   0.86628  0.01027  0.34226
   0.87271  0.01143  0.35834
   0.87902  0.01251  0.37336
   0.88521  0.01350  0.38609
   0.89129  0.01440  0.39889
   0.89727  0.01522  0.40869
   0.90316  0.01595  0.41919
   0.90895  0.01659  0.42804
   0.91464  0.01715  0.43542
   0.92020  0.01763  0.44381
   0.92564  0.01802  0.44962
   0.93097  0.01831  0.45422
   0.93623  0.01853  0.45735
   0.94141  0.01867  0.45685
   0.94645  0.01876  0.46711
   0.95125  0.01879  0.47878
   0.95581  0.01873  0.49141
   0.96019  0.01854  0.49552
   0.96446  0.01821  0.48047
   0.96872  0.01776  0.45427
   0.97300  0.01724  0.42573
   0.97726  0.01672  0.41543
   0.98142  0.01621  0.42803
   0.98545  0.01563  0.43239
   0.98942  0.01489  0.38719
   0.99340  0.01406  0.32674
   0.99738  0.01325  0.29807
   1.00000  0.01271  0.25219
