GRUMMAN K-2 AIRFOIL                             
 Alfa =  -1.30550 Re =        0.000 Xflap,Yflap =     0.000000    0.000000
#    x        y        Cp  
   1.00000  0.01371  0.25220
   0.99739  0.01444  0.09673
   0.99327  0.01550  0.06272
   0.98886  0.01658  0.04434
   0.98418  0.01773  0.00266
   0.97923  0.01891 -0.02687
   0.97401  0.02013 -0.05690
   0.96856  0.02137 -0.08474
   0.96293  0.02261 -0.11257
   0.95713  0.02384 -0.13561
   0.95115  0.02505 -0.15432
   0.94501  0.02623 -0.16953
   0.93873  0.02739 -0.18312
   0.93231  0.02852 -0.19409
   0.92575  0.02962 -0.20144
   0.91905  0.03069 -0.20713
   0.91224  0.03174 -0.21436
   0.90536  0.03277 -0.22299
   0.89842  0.03376 -0.23045
   0.89145  0.03472 -0.23827
   0.88446  0.03564 -0.24361
   0.87741  0.03652 -0.24766
   0.87030  0.03736 -0.24816
   0.86310  0.03817 -0.24810
   0.85580  0.03897 -0.24768
   0.84840  0.03974 -0.24686
   0.84093  0.04049 -0.24696
   0.83341  0.04123 -0.24739
   0.82588  0.04195 -0.25197
   0.81837  0.04265 -0.25791
   0.81087  0.04332 -0.26048
   0.80338  0.04396 -0.26374
   0.79590  0.04457 -0.26624
   0.78841  0.04515 -0.26725
   0.78092  0.04570 -0.26880
   0.77342  0.04622 -0.26848
   0.76591  0.04671 -0.26850
   0.75838  0.04717 -0.26729
   0.75082  0.04761 -0.26601
   0.74324  0.04802 -0.26212
   0.73562  0.04841 -0.26080
   0.72798  0.04878 -0.25745
   0.72030  0.04913 -0.25525
   0.71260  0.04946 -0.25242
   0.70486  0.04978 -0.24982
   0.69710  0.05008 -0.24707
   0.68932  0.05037 -0.24485
   0.68152  0.05064 -0.24251
   0.67370  0.05090 -0.24154
   0.66588  0.05114 -0.23874
   0.65804  0.05138 -0.23762
   0.65020  0.05160 -0.23581
   0.64235  0.05180 -0.23416
   0.63449  0.05200 -0.23328
   0.62662  0.05218 -0.23100
   0.61875  0.05235 -0.22984
   0.61086  0.05251 -0.22821
   0.60297  0.05266 -0.22638
   0.59508  0.05280 -0.22570
   0.58718  0.05293 -0.22478
   0.57928  0.05305 -0.22339
   0.57138  0.05316 -0.22224
   0.56347  0.05325 -0.22134
   0.55556  0.05334 -0.22076
   0.54765  0.05342 -0.21941
   0.53974  0.05348 -0.21829
   0.53183  0.05354 -0.21741
   0.52391  0.05358 -0.21709
   0.51600  0.05362 -0.21554
   0.50808  0.05365 -0.21531
   0.50017  0.05366 -0.21426
   0.49225  0.05367 -0.21314
   0.48434  0.05366 -0.21306
   0.47642  0.05365 -0.21214
   0.46852  0.05363 -0.21164
   0.46062  0.05360 -0.21054
   0.45272  0.05355 -0.21104
   0.44483  0.05350 -0.20930
   0.43695  0.05344 -0.20886
   0.42908  0.05336 -0.20797
   0.42122  0.05328 -0.20809
   0.41340  0.05319 -0.20730
   0.40562  0.05309 -0.20835
   0.39791  0.05299 -0.20803
   0.39026  0.05286 -0.20829
   0.38268  0.05273 -0.20581
   0.37518  0.05259 -0.20227
   0.36779  0.05245 -0.20323
   0.36056  0.05233 -0.21111
   0.35355  0.05219 -0.22275
   0.34675  0.05202 -0.22949
   0.34015  0.05179 -0.21459
   0.33367  0.05152 -0.18632
   0.32729  0.05126 -0.16098
   0.32094  0.05107 -0.15392
   0.31459  0.05095 -0.17690
   0.30818  0.05086 -0.20717
   0.30168  0.05074 -0.22872
   0.29501  0.05055 -0.22482
   0.28812  0.05029 -0.21138
   0.28102  0.05002 -0.20198
   0.27376  0.04974 -0.20384
   0.26640  0.04946 -0.20664
   0.25896  0.04915 -0.20751
   0.25145  0.04883 -0.20724
   0.24388  0.04848 -0.20689
   0.23629  0.04812 -0.20751
   0.22868  0.04775 -0.20811
   0.22107  0.04735 -0.20910
   0.21346  0.04694 -0.20944
   0.20588  0.04651 -0.21054
   0.19832  0.04606 -0.21125
   0.19079  0.04559 -0.21261
   0.18331  0.04510 -0.21457
   0.17587  0.04459 -0.21411
   0.16848  0.04405 -0.21688
   0.16116  0.04350 -0.21712
   0.15392  0.04292 -0.21795
   0.14676  0.04231 -0.22052
   0.13969  0.04168 -0.21943
   0.13274  0.04103 -0.22144
   0.12592  0.04036 -0.22100
   0.11925  0.03966 -0.22154
   0.11274  0.03895 -0.22096
   0.10643  0.03821 -0.22063
   0.10032  0.03747 -0.22110
   0.09446  0.03673 -0.22039
   0.08886  0.03598 -0.22222
   0.08353  0.03523 -0.22255
   0.07849  0.03450 -0.22524
   0.07373  0.03377 -0.23008
   0.06927  0.03305 -0.23139
   0.06509  0.03235 -0.24319
   0.06115  0.03165 -0.24753
   0.05745  0.03095 -0.25432
   0.05396  0.03023 -0.25792
   0.05068  0.02952 -0.25291
   0.04758  0.02879 -0.24437
   0.04465  0.02805 -0.23337
   0.04187  0.02732 -0.22127
   0.03925  0.02659 -0.20650
   0.03676  0.02587 -0.19716
   0.03441  0.02515 -0.18214
   0.03218  0.02442 -0.15457
   0.03006  0.02371 -0.12648
   0.02804  0.02301 -0.10327
   0.02612  0.02234 -0.09502
   0.02429  0.02168 -0.09319
   0.02256  0.02105 -0.08938
   0.02092  0.02042 -0.08741
   0.01936  0.01979 -0.07960
   0.01788  0.01916 -0.06415
   0.01648  0.01853 -0.04242
   0.01513  0.01790 -0.01643
   0.01385  0.01728  0.00674
   0.01262  0.01665  0.03147
   0.01145  0.01603  0.04691
   0.01032  0.01542  0.06752
   0.00925  0.01480  0.09293
   0.00822  0.01418  0.10920
   0.00724  0.01356  0.13687
   0.00631  0.01293  0.15564
   0.00542  0.01229  0.17878
   0.00458  0.01164  0.21064
   0.00379  0.01098  0.23298
   0.00305  0.01029  0.26674
   0.00239  0.00956  0.31205
   0.00182  0.00878  0.45148
   0.00133  0.00797  0.51791
   0.00094  0.00712  0.65658
   0.00065  0.00624  0.76787
   0.00044  0.00536  0.85568
   0.00028  0.00447  0.91307
   0.00016  0.00358  0.95473
   0.00008  0.00270  0.97936
   0.00003  0.00182  0.99429
   0.00000  0.00095  0.99991
  -0.00000  0.00009  0.99739
   0.00003 -0.00076  0.98845
   0.00006 -0.00163  0.96951
   0.00015 -0.00249  0.95294
   0.00023 -0.00336  0.91971
   0.00032 -0.00424  0.87924
   0.00047 -0.00512  0.83725
   0.00063 -0.00601  0.78208
   0.00082 -0.00691  0.71832
   0.00104 -0.00781  0.64538
   0.00129 -0.00871  0.55340
   0.00157 -0.00961  0.45057
   0.00190 -0.01051  0.33314
   0.00227 -0.01140  0.17968
   0.00270 -0.01228  0.05043
   0.00318 -0.01315 -0.15973
   0.00373 -0.01400 -0.39150
   0.00438 -0.01479 -0.46417
   0.00511 -0.01554 -0.53221
   0.00590 -0.01626 -0.55864
   0.00676 -0.01694 -0.57796
   0.00768 -0.01760 -0.58949
   0.00865 -0.01823 -0.59359
   0.00967 -0.01885 -0.59907
   0.01075 -0.01945 -0.58359
   0.01188 -0.02004 -0.58815
   0.01307 -0.02061 -0.57480
   0.01432 -0.02118 -0.56829
   0.01563 -0.02174 -0.55918
   0.01700 -0.02229 -0.54135
   0.01845 -0.02284 -0.53170
   0.01996 -0.02339 -0.52134
   0.02156 -0.02394 -0.50927
   0.02324 -0.02449 -0.49581
   0.02502 -0.02504 -0.48470
   0.02690 -0.02561 -0.47560
   0.02888 -0.02618 -0.46448
   0.03099 -0.02676 -0.45571
   0.03324 -0.02735 -0.44893
   0.03563 -0.02795 -0.43913
   0.03818 -0.02857 -0.43065
   0.04090 -0.02920 -0.42129
   0.04382 -0.02985 -0.41240
   0.04694 -0.03052 -0.40482
   0.05029 -0.03121 -0.40205
   0.05388 -0.03192 -0.39550
   0.05772 -0.03265 -0.39266
   0.06181 -0.03340 -0.38797
   0.06618 -0.03416 -0.38389
   0.07081 -0.03493 -0.38052
   0.07572 -0.03571 -0.37692
   0.08090 -0.03650 -0.37370
   0.08636 -0.03729 -0.37094
   0.09206 -0.03808 -0.36733
   0.09799 -0.03886 -0.36390
   0.10414 -0.03963 -0.36344
   0.11047 -0.04039 -0.36116
   0.11696 -0.04113 -0.36063
   0.12360 -0.04184 -0.35951
   0.13035 -0.04253 -0.35812
   0.13721 -0.04318 -0.35615
   0.14417 -0.04381 -0.35372
   0.15121 -0.04440 -0.35063
   0.15834 -0.04497 -0.34787
   0.16553 -0.04550 -0.34496
   0.17278 -0.04600 -0.34186
   0.18008 -0.04648 -0.33869
   0.18742 -0.04692 -0.33712
   0.19479 -0.04734 -0.33427
   0.20219 -0.04773 -0.33213
   0.20962 -0.04809 -0.32830
   0.21707 -0.04842 -0.32641
   0.22456 -0.04873 -0.32241
   0.23208 -0.04901 -0.31885
   0.23964 -0.04926 -0.31514
   0.24721 -0.04950 -0.31314
   0.25481 -0.04971 -0.31043
   0.26241 -0.04990 -0.30773
   0.27004 -0.05006 -0.30472
   0.27768 -0.05021 -0.30235
   0.28534 -0.05033 -0.29911
   0.29302 -0.05043 -0.29679
   0.30071 -0.05052 -0.29449
   0.30841 -0.05058 -0.29250
   0.31611 -0.05063 -0.29081
   0.32382 -0.05066 -0.28860
   0.33154 -0.05066 -0.28619
   0.33927 -0.05065 -0.28519
   0.34699 -0.05062 -0.28258
   0.35472 -0.05057 -0.28124
   0.36246 -0.05051 -0.27957
   0.37019 -0.05042 -0.27802
   0.37793 -0.05031 -0.27557
   0.38566 -0.05019 -0.27470
   0.39339 -0.05004 -0.27273
   0.40111 -0.04988 -0.27117
   0.40883 -0.04970 -0.26946
   0.41655 -0.04951 -0.26857
   0.42426 -0.04929 -0.26711
   0.43196 -0.04905 -0.26610
   0.43965 -0.04880 -0.26457
   0.44733 -0.04852 -0.26349
   0.45499 -0.04823 -0.26229
   0.46265 -0.04791 -0.26056
   0.47029 -0.04757 -0.25964
   0.47793 -0.04721 -0.25776
   0.48555 -0.04683 -0.25612
   0.49315 -0.04642 -0.25446
   0.50075 -0.04600 -0.25288
   0.50833 -0.04555 -0.25027
   0.51589 -0.04507 -0.24865
   0.52345 -0.04458 -0.24581
   0.53099 -0.04405 -0.24387
   0.53851 -0.04351 -0.24076
   0.54603 -0.04293 -0.23828
   0.55353 -0.04234 -0.23560
   0.56101 -0.04171 -0.23142
   0.56848 -0.04106 -0.22847
   0.57593 -0.04038 -0.22442
   0.58337 -0.03967 -0.22050
   0.59078 -0.03894 -0.21647
   0.59818 -0.03818 -0.21154
   0.60556 -0.03738 -0.20692
   0.61292 -0.03656 -0.20170
   0.62026 -0.03571 -0.19574
   0.62759 -0.03483 -0.18981
   0.63490 -0.03391 -0.18221
   0.64220 -0.03296 -0.17619
   0.64948 -0.03198 -0.16803
   0.65674 -0.03097 -0.16000
   0.66400 -0.02992 -0.15071
   0.67125 -0.02883 -0.14118
   0.67849 -0.02772 -0.13148
   0.68572 -0.02656 -0.12023
   0.69295 -0.02537 -0.10946
   0.70018 -0.02415 -0.09642
   0.70741 -0.02288 -0.08412
   0.71464 -0.02159 -0.07075
   0.72188 -0.02025 -0.05578
   0.72912 -0.01888 -0.04173
   0.73638 -0.01747 -0.02479
   0.74365 -0.01602 -0.00911
   0.75094 -0.01453  0.00954
   0.75826 -0.01301  0.02750
   0.76560 -0.01146  0.04717
   0.77297 -0.00987  0.06680
   0.78039 -0.00825  0.08836
   0.78785 -0.00659  0.10949
   0.79535 -0.00492  0.13266
   0.80287 -0.00323  0.15551
   0.81037 -0.00154  0.17783
   0.81778  0.00013  0.20302
   0.82509  0.00176  0.22617
   0.83227  0.00334  0.24769
   0.83932  0.00486  0.26843
   0.84624  0.00632  0.28884
   0.85304  0.00771  0.30726
   0.85972  0.00903  0.32618
   0.86628  0.01027  0.34237
   0.87271  0.01143  0.35844
   0.87902  0.01251  0.37346
   0.88521  0.01350  0.38618
   0.89129  0.01440  0.39898
   0.89727  0.01522  0.40877
   0.90316  0.01595  0.41927
   0.90895  0.01659  0.42812
   0.91464  0.01715  0.43550
   0.92020  0.01763  0.44388
   0.92564  0.01802  0.44969
   0.93097  0.01831  0.45429
   0.93623  0.01853  0.45740
   0.94141  0.01867  0.45692
   0.94645  0.01876  0.46716
   0.95125  0.01879  0.47883
   0.95581  0.01873  0.49146
   0.96019  0.01854  0.49556
   0.96446  0.01821  0.48052
   0.96872  0.01776  0.45432
   0.97300  0.01724  0.42577
   0.97726  0.01672  0.41547
   0.98142  0.01621  0.42807
   0.98545  0.01563  0.43242
   0.98942  0.01489  0.38722
   0.99340  0.01406  0.32677
   0.99738  0.01325  0.29810
   1.00000  0.01271  0.25220
