GRUMMAN K-2 AIRFOIL                             
 Alfa =  -1.01100 Re =        0.000 Xflap,Yflap =     0.000000    0.000000
#    x        y        Cp  
   1.00000  0.01371  0.25408
   0.99740  0.01444  0.09888
   0.99329  0.01549  0.06100
   0.98889  0.01657  0.04535
   0.98423  0.01772  0.00470
   0.97929  0.01890 -0.03041
   0.97409  0.02011 -0.05653
   0.96867  0.02135 -0.08720
   0.96305  0.02259 -0.11390
   0.95727  0.02381 -0.13572
   0.95131  0.02502 -0.15690
   0.94520  0.02620 -0.17218
   0.93893  0.02735 -0.18545
   0.93253  0.02848 -0.19686
   0.92600  0.02957 -0.20415
   0.91932  0.03065 -0.21048
   0.91254  0.03170 -0.21752
   0.90568  0.03272 -0.22640
   0.89876  0.03372 -0.23392
   0.89181  0.03467 -0.24226
   0.88484  0.03559 -0.24840
   0.87782  0.03647 -0.25116
   0.87073  0.03731 -0.25246
   0.86355  0.03812 -0.25375
   0.85628  0.03891 -0.25257
   0.84891  0.03968 -0.25195
   0.84146  0.04044 -0.25199
   0.83396  0.04117 -0.25211
   0.82645  0.04190 -0.25794
   0.81896  0.04260 -0.26306
   0.81149  0.04327 -0.26680
   0.80402  0.04391 -0.26943
   0.79655  0.04452 -0.27210
   0.78909  0.04510 -0.27430
   0.78162  0.04565 -0.27531
   0.77414  0.04617 -0.27493
   0.76665  0.04666 -0.27553
   0.75914  0.04713 -0.27437
   0.75161  0.04756 -0.27270
   0.74405  0.04798 -0.27105
   0.73646  0.04837 -0.26833
   0.72884  0.04874 -0.26599
   0.72118  0.04909 -0.26326
   0.71350  0.04943 -0.26010
   0.70580  0.04974 -0.25841
   0.69806  0.05004 -0.25547
   0.69030  0.05033 -0.25363
   0.68252  0.05060 -0.25160
   0.67473  0.05086 -0.25002
   0.66693  0.05111 -0.24792
   0.65911  0.05135 -0.24679
   0.65129  0.05157 -0.24549
   0.64347  0.05178 -0.24356
   0.63563  0.05197 -0.24258
   0.62779  0.05216 -0.24121
   0.61994  0.05233 -0.23932
   0.61208  0.05249 -0.23889
   0.60421  0.05264 -0.23654
   0.59633  0.05278 -0.23588
   0.58846  0.05291 -0.23479
   0.58058  0.05303 -0.23433
   0.57270  0.05314 -0.23323
   0.56482  0.05324 -0.23246
   0.55693  0.05333 -0.23154
   0.54904  0.05340 -0.23105
   0.54115  0.05347 -0.22978
   0.53326  0.05353 -0.22960
   0.52537  0.05358 -0.22840
   0.51748  0.05361 -0.22768
   0.50958  0.05364 -0.22753
   0.50169  0.05366 -0.22608
   0.49380  0.05367 -0.22662
   0.48590  0.05367 -0.22510
   0.47801  0.05366 -0.22566
   0.47012  0.05363 -0.22480
   0.46224  0.05360 -0.22425
   0.45437  0.05356 -0.22381
   0.44650  0.05351 -0.22345
   0.43864  0.05345 -0.22252
   0.43079  0.05338 -0.22251
   0.42295  0.05330 -0.22237
   0.41514  0.05321 -0.22220
   0.40737  0.05312 -0.22304
   0.39966  0.05301 -0.22266
   0.39202  0.05289 -0.22404
   0.38445  0.05276 -0.22132
   0.37694  0.05262 -0.21885
   0.36954  0.05249 -0.21805
   0.36229  0.05236 -0.22547
   0.35524  0.05223 -0.23667
   0.34842  0.05207 -0.24615
   0.34179  0.05185 -0.23752
   0.33530  0.05159 -0.21045
   0.32892  0.05132 -0.18361
   0.32258  0.05111 -0.16995
   0.31625  0.05098 -0.18667
   0.30988  0.05089 -0.21657
   0.30343  0.05078 -0.24445
   0.29682  0.05061 -0.24699
   0.29002  0.05037 -0.23466
   0.28299  0.05009 -0.22294
   0.27579  0.04982 -0.22191
   0.26847  0.04954 -0.22631
   0.26108  0.04924 -0.22856
   0.25361  0.04892 -0.22775
   0.24607  0.04858 -0.22812
   0.23850  0.04823 -0.22946
   0.23092  0.04786 -0.23027
   0.22333  0.04747 -0.23145
   0.21574  0.04707 -0.23235
   0.20817  0.04664 -0.23459
   0.20063  0.04620 -0.23551
   0.19311  0.04574 -0.23676
   0.18563  0.04526 -0.24042
   0.17820  0.04475 -0.24062
   0.17081  0.04423 -0.24242
   0.16349  0.04368 -0.24539
   0.15624  0.04311 -0.24601
   0.14907  0.04251 -0.24908
   0.14200  0.04189 -0.25037
   0.13503  0.04125 -0.25204
   0.12818  0.04059 -0.25354
   0.12147  0.03990 -0.25455
   0.11493  0.03919 -0.25536
   0.10856  0.03847 -0.25625
   0.10240  0.03773 -0.25668
   0.09647  0.03699 -0.25858
   0.09078  0.03624 -0.26129
   0.08537  0.03550 -0.26092
   0.08024  0.03476 -0.26730
   0.07540  0.03403 -0.27019
   0.07085  0.03331 -0.27512
   0.06658  0.03261 -0.28926
   0.06257  0.03190 -0.29117
   0.05879  0.03120 -0.30385
   0.05523  0.03050 -0.30938
   0.05189  0.02978 -0.30874
   0.04873  0.02906 -0.30372
   0.04574  0.02833 -0.29382
   0.04291  0.02760 -0.28561
   0.04024  0.02687 -0.27165
   0.03771  0.02615 -0.26063
   0.03531  0.02543 -0.25393
   0.03305  0.02471 -0.22981
   0.03089  0.02399 -0.20021
   0.02884  0.02329 -0.17718
   0.02688  0.02260 -0.16265
   0.02502  0.02195 -0.16240
   0.02326  0.02131 -0.16239
   0.02159  0.02067 -0.16296
   0.02000  0.02005 -0.15873
   0.01849  0.01942 -0.14967
   0.01706  0.01880 -0.13285
   0.01569  0.01817 -0.10736
   0.01439  0.01754 -0.08622
   0.01314  0.01692 -0.06425
   0.01194  0.01630 -0.04546
   0.01080  0.01568 -0.02811
   0.00971  0.01507 -0.01191
   0.00867  0.01445  0.01104
   0.00767  0.01383  0.02569
   0.00672  0.01321  0.04700
   0.00581  0.01258  0.06364
   0.00495  0.01194  0.09090
   0.00414  0.01128  0.10985
   0.00338  0.01061  0.13224
   0.00268  0.00990  0.16015
   0.00207  0.00914  0.27308
   0.00154  0.00835  0.36410
   0.00111  0.00752  0.48917
   0.00078  0.00665  0.63319
   0.00053  0.00577  0.75100
   0.00035  0.00489  0.83758
   0.00022  0.00400  0.89716
   0.00012  0.00312  0.94194
   0.00005  0.00224  0.97017
   0.00001  0.00137  0.98853
  -0.00000  0.00051  0.99818
   0.00001 -0.00034  0.99971
   0.00004 -0.00120  0.99398
   0.00010 -0.00206  0.98086
   0.00020 -0.00292  0.96723
   0.00027 -0.00380  0.93294
   0.00039 -0.00468  0.90367
   0.00054 -0.00556  0.86147
   0.00072 -0.00645  0.80910
   0.00092 -0.00735  0.75020
   0.00115 -0.00824  0.68033
   0.00142 -0.00914  0.59089
   0.00173 -0.01004  0.49108
   0.00207 -0.01094  0.37631
   0.00247 -0.01182  0.21498
   0.00292 -0.01269  0.13573
   0.00342 -0.01356 -0.18188
   0.00402 -0.01437 -0.24765
   0.00470 -0.01514 -0.35424
   0.00546 -0.01587 -0.39450
   0.00629 -0.01657 -0.42831
   0.00717 -0.01724 -0.44496
   0.00811 -0.01789 -0.46485
   0.00910 -0.01851 -0.46809
   0.01015 -0.01912 -0.46879
   0.01125 -0.01971 -0.47278
   0.01240 -0.02029 -0.46920
   0.01361 -0.02086 -0.46685
   0.01488 -0.02142 -0.46282
   0.01621 -0.02198 -0.45164
   0.01761 -0.02253 -0.44679
   0.01908 -0.02307 -0.43407
   0.02063 -0.02362 -0.43164
   0.02226 -0.02417 -0.42143
   0.02397 -0.02472 -0.40893
   0.02579 -0.02528 -0.40389
   0.02770 -0.02584 -0.39566
   0.02973 -0.02641 -0.38990
   0.03189 -0.02700 -0.38412
   0.03419 -0.02759 -0.37959
   0.03663 -0.02820 -0.37076
   0.03924 -0.02882 -0.36596
   0.04203 -0.02945 -0.35698
   0.04502 -0.03011 -0.35197
   0.04822 -0.03078 -0.34771
   0.05165 -0.03148 -0.34582
   0.05533 -0.03220 -0.34282
   0.05925 -0.03293 -0.34111
   0.06344 -0.03368 -0.33771
   0.06789 -0.03445 -0.33693
   0.07262 -0.03522 -0.33340
   0.07761 -0.03600 -0.33311
   0.08288 -0.03679 -0.33092
   0.08842 -0.03758 -0.32877
   0.09419 -0.03836 -0.32680
   0.10019 -0.03914 -0.32577
   0.10638 -0.03991 -0.32583
   0.11276 -0.04065 -0.32575
   0.11929 -0.04138 -0.32581
   0.12594 -0.04208 -0.32526
   0.13272 -0.04276 -0.32495
   0.13959 -0.04340 -0.32423
   0.14656 -0.04401 -0.32183
   0.15362 -0.04460 -0.32076
   0.16075 -0.04515 -0.31749
   0.16794 -0.04567 -0.31580
   0.17519 -0.04616 -0.31301
   0.18248 -0.04663 -0.31152
   0.18981 -0.04706 -0.30981
   0.19717 -0.04747 -0.30889
   0.20456 -0.04785 -0.30515
   0.21197 -0.04820 -0.30468
   0.21942 -0.04852 -0.30099
   0.22690 -0.04882 -0.29879
   0.23441 -0.04909 -0.29445
   0.24195 -0.04934 -0.29269
   0.24951 -0.04956 -0.29096
   0.25708 -0.04977 -0.28804
   0.26468 -0.04995 -0.28704
   0.27229 -0.05011 -0.28309
   0.27991 -0.05024 -0.28195
   0.28756 -0.05036 -0.27880
   0.29522 -0.05046 -0.27713
   0.30289 -0.05054 -0.27552
   0.31057 -0.05060 -0.27368
   0.31825 -0.05064 -0.27170
   0.32595 -0.05066 -0.27037
   0.33364 -0.05066 -0.26907
   0.34135 -0.05065 -0.26749
   0.34906 -0.05061 -0.26599
   0.35677 -0.05056 -0.26440
   0.36448 -0.05048 -0.26299
   0.37219 -0.05039 -0.26160
   0.37990 -0.05028 -0.25984
   0.38761 -0.05015 -0.25867
   0.39532 -0.05001 -0.25757
   0.40302 -0.04984 -0.25640
   0.41072 -0.04966 -0.25450
   0.41842 -0.04945 -0.25410
   0.42610 -0.04923 -0.25293
   0.43378 -0.04899 -0.25237
   0.44144 -0.04873 -0.25042
   0.44910 -0.04845 -0.25007
   0.45674 -0.04815 -0.24870
   0.46437 -0.04783 -0.24816
   0.47199 -0.04749 -0.24663
   0.47960 -0.04713 -0.24494
   0.48720 -0.04674 -0.24381
   0.49478 -0.04634 -0.24225
   0.50235 -0.04590 -0.24004
   0.50991 -0.04545 -0.23901
   0.51745 -0.04497 -0.23649
   0.52498 -0.04447 -0.23427
   0.53250 -0.04395 -0.23230
   0.54000 -0.04340 -0.22991
   0.54749 -0.04282 -0.22722
   0.55497 -0.04222 -0.22424
   0.56243 -0.04159 -0.22078
   0.56987 -0.04093 -0.21758
   0.57730 -0.04025 -0.21405
   0.58471 -0.03954 -0.21011
   0.59210 -0.03881 -0.20604
   0.59948 -0.03804 -0.20179
   0.60683 -0.03724 -0.19733
   0.61417 -0.03642 -0.19126
   0.62149 -0.03556 -0.18671
   0.62879 -0.03468 -0.17962
   0.63608 -0.03376 -0.17409
   0.64335 -0.03281 -0.16609
   0.65061 -0.03183 -0.15919
   0.65786 -0.03081 -0.15078
   0.66510 -0.02976 -0.14203
   0.67232 -0.02867 -0.13246
   0.67954 -0.02755 -0.12253
   0.68676 -0.02640 -0.11208
   0.69397 -0.02520 -0.10108
   0.70117 -0.02398 -0.08848
   0.70838 -0.02271 -0.07595
   0.71559 -0.02141 -0.06263
   0.72281 -0.02007 -0.04841
   0.73004 -0.01870 -0.03381
   0.73728 -0.01729 -0.01791
   0.74453 -0.01584 -0.00057
   0.75180 -0.01436  0.01565
   0.75910 -0.01284  0.03546
   0.76642 -0.01128  0.05331
   0.77378 -0.00969  0.07494
   0.78118 -0.00807  0.09364
   0.78863 -0.00642  0.11695
   0.79611 -0.00475  0.13759
   0.80361 -0.00306  0.16183
   0.81108 -0.00138  0.18458
   0.81847  0.00029  0.20744
   0.82574  0.00191  0.23102
   0.83289  0.00348  0.25289
   0.83991  0.00499  0.27326
   0.84680  0.00644  0.29283
   0.85358  0.00782  0.31215
   0.86023  0.00913  0.32831
   0.86676  0.01036  0.34675
   0.87316  0.01151  0.36089
   0.87944  0.01258  0.37714
   0.88561  0.01356  0.38891
   0.89167  0.01445  0.40106
   0.89763  0.01526  0.41174
   0.90349  0.01599  0.42127
   0.90927  0.01663  0.42900
   0.91493  0.01718  0.43853
   0.92047  0.01765  0.44445
   0.92588  0.01803  0.45255
   0.93120  0.01832  0.45614
   0.93644  0.01853  0.45691
   0.94160  0.01868  0.45977
   0.94662  0.01876  0.46675
   0.95140  0.01879  0.48197
   0.95595  0.01872  0.49164
   0.96030  0.01853  0.49667
   0.96456  0.01820  0.48169
   0.96881  0.01775  0.45417
   0.97308  0.01723  0.42704
   0.97733  0.01672  0.41483
   0.98147  0.01621  0.42790
   0.98549  0.01562  0.43476
   0.98945  0.01488  0.38954
   0.99342  0.01406  0.32483
   0.99738  0.01325  0.29942
   1.00000  0.01271  0.25408
