GRUMMAN K-2 AIRFOIL                             
 Alfa =  -1.28850 Re =        0.000 Xflap,Yflap =     0.000000    0.000000
#    x        y        Cp  
   1.00000  0.01371  0.25421
   0.99740  0.01444  0.09923
   0.99329  0.01549  0.06148
   0.98889  0.01657  0.04615
   0.98423  0.01772  0.00580
   0.97929  0.01890 -0.02915
   0.97409  0.02011 -0.05512
   0.96867  0.02135 -0.08549
   0.96305  0.02259 -0.11202
   0.95727  0.02381 -0.13366
   0.95131  0.02502 -0.15458
   0.94520  0.02620 -0.16966
   0.93893  0.02735 -0.18272
   0.93253  0.02848 -0.19393
   0.92600  0.02957 -0.20111
   0.91932  0.03065 -0.20716
   0.91254  0.03170 -0.21411
   0.90568  0.03272 -0.22273
   0.89876  0.03372 -0.23017
   0.89181  0.03467 -0.23825
   0.88484  0.03559 -0.24422
   0.87782  0.03647 -0.24686
   0.87073  0.03731 -0.24798
   0.86355  0.03812 -0.24909
   0.85628  0.03891 -0.24786
   0.84891  0.03968 -0.24698
   0.84146  0.04044 -0.24694
   0.83396  0.04117 -0.24686
   0.82645  0.04190 -0.25258
   0.81896  0.04260 -0.25749
   0.81149  0.04327 -0.26106
   0.80402  0.04391 -0.26359
   0.79655  0.04452 -0.26601
   0.78909  0.04510 -0.26821
   0.78162  0.04565 -0.26892
   0.77414  0.04617 -0.26846
   0.76665  0.04666 -0.26883
   0.75914  0.04713 -0.26761
   0.75161  0.04756 -0.26579
   0.74405  0.04798 -0.26407
   0.73646  0.04837 -0.26114
   0.72884  0.04874 -0.25871
   0.72118  0.04909 -0.25583
   0.71350  0.04943 -0.25251
   0.70580  0.04974 -0.25071
   0.69806  0.05004 -0.24771
   0.69030  0.05033 -0.24563
   0.68252  0.05060 -0.24356
   0.67473  0.05086 -0.24176
   0.66693  0.05111 -0.23957
   0.65911  0.05135 -0.23832
   0.65129  0.05157 -0.23682
   0.64347  0.05178 -0.23478
   0.63563  0.05197 -0.23367
   0.62779  0.05216 -0.23215
   0.61994  0.05233 -0.23008
   0.61208  0.05249 -0.22957
   0.60421  0.05264 -0.22705
   0.59633  0.05278 -0.22621
   0.58846  0.05291 -0.22499
   0.58058  0.05303 -0.22436
   0.57270  0.05314 -0.22312
   0.56482  0.05324 -0.22222
   0.55693  0.05333 -0.22113
   0.54904  0.05340 -0.22047
   0.54115  0.05347 -0.21903
   0.53326  0.05353 -0.21868
   0.52537  0.05358 -0.21732
   0.51748  0.05361 -0.21640
   0.50958  0.05364 -0.21611
   0.50169  0.05366 -0.21449
   0.49380  0.05367 -0.21484
   0.48590  0.05367 -0.21316
   0.47801  0.05366 -0.21351
   0.47012  0.05363 -0.21248
   0.46224  0.05360 -0.21172
   0.45437  0.05356 -0.21108
   0.44650  0.05351 -0.21054
   0.43864  0.05345 -0.20942
   0.43079  0.05338 -0.20917
   0.42295  0.05330 -0.20885
   0.41514  0.05321 -0.20846
   0.40737  0.05312 -0.20908
   0.39966  0.05301 -0.20843
   0.39202  0.05289 -0.20963
   0.38445  0.05276 -0.20667
   0.37694  0.05262 -0.20402
   0.36954  0.05249 -0.20300
   0.36229  0.05236 -0.21010
   0.35524  0.05223 -0.22089
   0.34842  0.05207 -0.23006
   0.34179  0.05185 -0.22126
   0.33530  0.05159 -0.19434
   0.32892  0.05132 -0.16765
   0.32258  0.05111 -0.15393
   0.31625  0.05098 -0.17020
   0.30988  0.05089 -0.19945
   0.30343  0.05078 -0.22665
   0.29682  0.05061 -0.22890
   0.29002  0.05037 -0.21644
   0.28299  0.05009 -0.20459
   0.27579  0.04982 -0.20325
   0.26847  0.04954 -0.20724
   0.26108  0.04924 -0.20911
   0.25361  0.04892 -0.20792
   0.24607  0.04858 -0.20790
   0.23850  0.04823 -0.20881
   0.23092  0.04786 -0.20916
   0.22333  0.04747 -0.20988
   0.21574  0.04707 -0.21030
   0.20817  0.04664 -0.21200
   0.20063  0.04620 -0.21239
   0.19311  0.04574 -0.21308
   0.18563  0.04526 -0.21609
   0.17820  0.04475 -0.21569
   0.17081  0.04423 -0.21683
   0.16349  0.04368 -0.21908
   0.15624  0.04311 -0.21898
   0.14907  0.04251 -0.22125
   0.14200  0.04189 -0.22173
   0.13503  0.04125 -0.22255
   0.12818  0.04059 -0.22313
   0.12147  0.03990 -0.22321
   0.11493  0.03919 -0.22304
   0.10856  0.03847 -0.22289
   0.10240  0.03773 -0.22224
   0.09647  0.03699 -0.22298
   0.09078  0.03624 -0.22444
   0.08537  0.03550 -0.22286
   0.08024  0.03476 -0.22782
   0.07540  0.03403 -0.22929
   0.07085  0.03331 -0.23274
   0.06658  0.03261 -0.24500
   0.06257  0.03190 -0.24543
   0.05879  0.03120 -0.25613
   0.05523  0.03050 -0.25992
   0.05189  0.02978 -0.25769
   0.04873  0.02906 -0.25122
   0.04574  0.02833 -0.24001
   0.04291  0.02760 -0.23039
   0.04024  0.02687 -0.21524
   0.03771  0.02615 -0.20288
   0.03531  0.02543 -0.19458
   0.03305  0.02471 -0.16967
   0.03089  0.02399 -0.13952
   0.02884  0.02329 -0.11571
   0.02688  0.02260 -0.09985
   0.02502  0.02195 -0.09750
   0.02326  0.02131 -0.09522
   0.02159  0.02067 -0.09342
   0.02000  0.02005 -0.08693
   0.01849  0.01942 -0.07576
   0.01706  0.01880 -0.05733
   0.01569  0.01817 -0.03063
   0.01439  0.01754 -0.00806
   0.01314  0.01692  0.01551
   0.01194  0.01630  0.03625
   0.01080  0.01568  0.05579
   0.00971  0.01507  0.07435
   0.00867  0.01445  0.09956
   0.00767  0.01383  0.11716
   0.00672  0.01321  0.14150
   0.00581  0.01258  0.16180
   0.00495  0.01194  0.19243
   0.00414  0.01128  0.21592
   0.00338  0.01061  0.24388
   0.00268  0.00990  0.27741
   0.00207  0.00914  0.38489
   0.00154  0.00835  0.47266
   0.00111  0.00752  0.58763
   0.00078  0.00665  0.71398
   0.00053  0.00577  0.81463
   0.00035  0.00489  0.88652
   0.00022  0.00400  0.93432
   0.00012  0.00312  0.96833
   0.00005  0.00224  0.98770
   0.00001  0.00137  0.99786
  -0.00000  0.00051  0.99967
   0.00001 -0.00034  0.99415
   0.00004 -0.00120  0.98125
   0.00010 -0.00206  0.96053
   0.00020 -0.00292  0.94412
   0.00027 -0.00380  0.89786
   0.00039 -0.00468  0.86400
   0.00054 -0.00556  0.81432
   0.00072 -0.00645  0.75408
   0.00092 -0.00735  0.68755
   0.00115 -0.00824  0.60954
   0.00142 -0.00914  0.51047
   0.00173 -0.01004  0.40075
   0.00207 -0.01094  0.27601
   0.00247 -0.01182  0.09998
   0.00292 -0.01269  0.01896
   0.00342 -0.01356 -0.32909
   0.00402 -0.01437 -0.39105
   0.00470 -0.01514 -0.49978
   0.00546 -0.01587 -0.53463
   0.00629 -0.01657 -0.56364
   0.00717 -0.01724 -0.57441
   0.00811 -0.01789 -0.58944
   0.00910 -0.01851 -0.58720
   0.01015 -0.01912 -0.58260
   0.01125 -0.01971 -0.58199
   0.01240 -0.02029 -0.57385
   0.01361 -0.02086 -0.56725
   0.01488 -0.02142 -0.55912
   0.01621 -0.02198 -0.54381
   0.01761 -0.02253 -0.53532
   0.01908 -0.02307 -0.51900
   0.02063 -0.02362 -0.51343
   0.02226 -0.02417 -0.50003
   0.02397 -0.02472 -0.48440
   0.02579 -0.02528 -0.47659
   0.02770 -0.02584 -0.46571
   0.02973 -0.02641 -0.45746
   0.03189 -0.02700 -0.44930
   0.03419 -0.02759 -0.44248
   0.03663 -0.02820 -0.43134
   0.03924 -0.02882 -0.42441
   0.04203 -0.02945 -0.41324
   0.04502 -0.03011 -0.40623
   0.04822 -0.03078 -0.40008
   0.05165 -0.03148 -0.39642
   0.05533 -0.03220 -0.39166
   0.05925 -0.03293 -0.38828
   0.06344 -0.03368 -0.38323
   0.06789 -0.03445 -0.38089
   0.07262 -0.03522 -0.37581
   0.07761 -0.03600 -0.37409
   0.08288 -0.03679 -0.37049
   0.08842 -0.03758 -0.36699
   0.09419 -0.03836 -0.36373
   0.10019 -0.03914 -0.36149
   0.10638 -0.03991 -0.36042
   0.11276 -0.04065 -0.35928
   0.11929 -0.04138 -0.35833
   0.12594 -0.04208 -0.35682
   0.13272 -0.04276 -0.35559
   0.13959 -0.04340 -0.35399
   0.14656 -0.04401 -0.35074
   0.15362 -0.04460 -0.34887
   0.16075 -0.04515 -0.34481
   0.16794 -0.04567 -0.34240
   0.17519 -0.04616 -0.33889
   0.18248 -0.04663 -0.33674
   0.18981 -0.04706 -0.33442
   0.19717 -0.04747 -0.33289
   0.20456 -0.04785 -0.32857
   0.21197 -0.04820 -0.32757
   0.21942 -0.04852 -0.32332
   0.22690 -0.04882 -0.32061
   0.23441 -0.04909 -0.31575
   0.24195 -0.04934 -0.31351
   0.24951 -0.04956 -0.31135
   0.25708 -0.04977 -0.30797
   0.26468 -0.04995 -0.30656
   0.27229 -0.05011 -0.30220
   0.27991 -0.05024 -0.30066
   0.28756 -0.05036 -0.29714
   0.29522 -0.05046 -0.29510
   0.30289 -0.05054 -0.29314
   0.31057 -0.05060 -0.29094
   0.31825 -0.05064 -0.28866
   0.32595 -0.05066 -0.28698
   0.33364 -0.05066 -0.28539
   0.34135 -0.05065 -0.28349
   0.34906 -0.05061 -0.28172
   0.35677 -0.05056 -0.27983
   0.36448 -0.05048 -0.27812
   0.37219 -0.05039 -0.27652
   0.37990 -0.05028 -0.27443
   0.38761 -0.05015 -0.27306
   0.39532 -0.05001 -0.27167
   0.40302 -0.04984 -0.27026
   0.41072 -0.04966 -0.26815
   0.41842 -0.04945 -0.26750
   0.42610 -0.04923 -0.26609
   0.43378 -0.04899 -0.26532
   0.44144 -0.04873 -0.26317
   0.44910 -0.04845 -0.26257
   0.45674 -0.04815 -0.26101
   0.46437 -0.04783 -0.26026
   0.47199 -0.04749 -0.25853
   0.47960 -0.04713 -0.25664
   0.48720 -0.04674 -0.25531
   0.49478 -0.04634 -0.25356
   0.50235 -0.04590 -0.25115
   0.50991 -0.04545 -0.24990
   0.51745 -0.04497 -0.24725
   0.52498 -0.04447 -0.24480
   0.53250 -0.04395 -0.24266
   0.54000 -0.04340 -0.24006
   0.54749 -0.04282 -0.23720
   0.55497 -0.04222 -0.23405
   0.56243 -0.04159 -0.23038
   0.56987 -0.04093 -0.22702
   0.57730 -0.04025 -0.22332
   0.58471 -0.03954 -0.21916
   0.59210 -0.03881 -0.21495
   0.59948 -0.03804 -0.21050
   0.60683 -0.03724 -0.20589
   0.61417 -0.03642 -0.19963
   0.62149 -0.03556 -0.19489
   0.62879 -0.03468 -0.18761
   0.63608 -0.03376 -0.18191
   0.64335 -0.03281 -0.17375
   0.65061 -0.03183 -0.16664
   0.65786 -0.03081 -0.15806
   0.66510 -0.02976 -0.14914
   0.67232 -0.02867 -0.13935
   0.67954 -0.02755 -0.12923
   0.68676 -0.02640 -0.11866
   0.69397 -0.02520 -0.10743
   0.70117 -0.02398 -0.09466
   0.70838 -0.02271 -0.08192
   0.71559 -0.02141 -0.06840
   0.72281 -0.02007 -0.05403
   0.73004 -0.01870 -0.03926
   0.73728 -0.01729 -0.02314
   0.74453 -0.01584 -0.00555
   0.75180 -0.01436  0.01078
   0.75910 -0.01284  0.03079
   0.76642 -0.01128  0.04889
   0.77378 -0.00969  0.07070
   0.78118 -0.00807  0.08955
   0.78863 -0.00642  0.11304
   0.79611 -0.00475  0.13391
   0.80361 -0.00306  0.15834
   0.81108 -0.00138  0.18127
   0.81847  0.00029  0.20427
   0.82574  0.00191  0.22805
   0.83289  0.00348  0.25007
   0.83991  0.00499  0.27061
   0.84680  0.00644  0.29031
   0.85358  0.00782  0.30974
   0.86023  0.00913  0.32604
   0.86676  0.01036  0.34464
   0.87316  0.01151  0.35877
   0.87944  0.01258  0.37523
   0.88561  0.01356  0.38706
   0.89167  0.01445  0.39929
   0.89763  0.01526  0.41010
   0.90349  0.01599  0.41965
   0.90927  0.01663  0.42747
   0.91493  0.01718  0.43712
   0.92047  0.01765  0.44299
   0.92588  0.01803  0.45126
   0.93120  0.01832  0.45486
   0.93644  0.01853  0.45570
   0.94160  0.01868  0.45862
   0.94662  0.01876  0.46557
   0.95140  0.01879  0.48097
   0.95595  0.01872  0.49063
   0.96030  0.01853  0.49573
   0.96456  0.01820  0.48082
   0.96881  0.01775  0.45323
   0.97308  0.01723  0.42615
   0.97733  0.01672  0.41396
   0.98147  0.01621  0.42715
   0.98549  0.01562  0.43410
   0.98945  0.01488  0.38885
   0.99342  0.01406  0.32416
   0.99738  0.01325  0.29887
   1.00000  0.01271  0.25421
