GRUMMAN K-2 AIRFOIL                             
 Alfa =  -1.31800 Re =        0.000 Xflap,Yflap =     0.000000    0.000000
#    x        y        Cp  
   1.00000  0.01371  0.25423
   0.99740  0.01444  0.09926
   0.99329  0.01549  0.06153
   0.98889  0.01657  0.04623
   0.98423  0.01772  0.00592
   0.97929  0.01890 -0.02902
   0.97409  0.02011 -0.05496
   0.96867  0.02135 -0.08530
   0.96305  0.02259 -0.11181
   0.95727  0.02381 -0.13344
   0.95131  0.02502 -0.15433
   0.94520  0.02620 -0.16938
   0.93893  0.02735 -0.18242
   0.93253  0.02848 -0.19362
   0.92600  0.02957 -0.20078
   0.91932  0.03065 -0.20680
   0.91254  0.03170 -0.21375
   0.90568  0.03272 -0.22233
   0.89876  0.03372 -0.22976
   0.89181  0.03467 -0.23783
   0.88484  0.03559 -0.24377
   0.87782  0.03647 -0.24640
   0.87073  0.03731 -0.24750
   0.86355  0.03812 -0.24860
   0.85628  0.03891 -0.24736
   0.84891  0.03968 -0.24645
   0.84146  0.04044 -0.24640
   0.83396  0.04117 -0.24630
   0.82645  0.04190 -0.25201
   0.81896  0.04260 -0.25689
   0.81149  0.04327 -0.26045
   0.80402  0.04391 -0.26296
   0.79655  0.04452 -0.26536
   0.78909  0.04510 -0.26756
   0.78162  0.04565 -0.26824
   0.77414  0.04617 -0.26777
   0.76665  0.04666 -0.26812
   0.75914  0.04713 -0.26689
   0.75161  0.04756 -0.26506
   0.74405  0.04798 -0.26333
   0.73646  0.04837 -0.26037
   0.72884  0.04874 -0.25794
   0.72118  0.04909 -0.25504
   0.71350  0.04943 -0.25171
   0.70580  0.04974 -0.24989
   0.69806  0.05004 -0.24688
   0.69030  0.05033 -0.24478
   0.68252  0.05060 -0.24271
   0.67473  0.05086 -0.24088
   0.66693  0.05111 -0.23868
   0.65911  0.05135 -0.23742
   0.65129  0.05157 -0.23590
   0.64347  0.05178 -0.23384
   0.63563  0.05197 -0.23272
   0.62779  0.05216 -0.23119
   0.61994  0.05233 -0.22910
   0.61208  0.05249 -0.22858
   0.60421  0.05264 -0.22604
   0.59633  0.05278 -0.22518
   0.58846  0.05291 -0.22395
   0.58058  0.05303 -0.22330
   0.57270  0.05314 -0.22205
   0.56482  0.05324 -0.22113
   0.55693  0.05333 -0.22002
   0.54904  0.05340 -0.21934
   0.54115  0.05347 -0.21789
   0.53326  0.05353 -0.21752
   0.52537  0.05358 -0.21615
   0.51748  0.05361 -0.21520
   0.50958  0.05364 -0.21489
   0.50169  0.05366 -0.21326
   0.49380  0.05367 -0.21359
   0.48590  0.05367 -0.21189
   0.47801  0.05366 -0.21222
   0.47012  0.05363 -0.21117
   0.46224  0.05360 -0.21038
   0.45437  0.05356 -0.20973
   0.44650  0.05351 -0.20917
   0.43864  0.05345 -0.20803
   0.43079  0.05338 -0.20776
   0.42295  0.05330 -0.20741
   0.41514  0.05321 -0.20700
   0.40737  0.05312 -0.20759
   0.39966  0.05301 -0.20692
   0.39202  0.05289 -0.20810
   0.38445  0.05276 -0.20511
   0.37694  0.05262 -0.20245
   0.36954  0.05249 -0.20140
   0.36229  0.05236 -0.20847
   0.35524  0.05223 -0.21922
   0.34842  0.05207 -0.22835
   0.34179  0.05185 -0.21954
   0.33530  0.05159 -0.19263
   0.32892  0.05132 -0.16596
   0.32258  0.05111 -0.15223
   0.31625  0.05098 -0.16846
   0.30988  0.05089 -0.19763
   0.30343  0.05078 -0.22476
   0.29682  0.05061 -0.22698
   0.29002  0.05037 -0.21451
   0.28299  0.05009 -0.20265
   0.27579  0.04982 -0.20127
   0.26847  0.04954 -0.20522
   0.26108  0.04924 -0.20705
   0.25361  0.04892 -0.20582
   0.24607  0.04858 -0.20575
   0.23850  0.04823 -0.20663
   0.23092  0.04786 -0.20692
   0.22333  0.04747 -0.20759
   0.21574  0.04707 -0.20797
   0.20817  0.04664 -0.20961
   0.20063  0.04620 -0.20994
   0.19311  0.04574 -0.21057
   0.18563  0.04526 -0.21352
   0.17820  0.04475 -0.21306
   0.17081  0.04423 -0.21412
   0.16349  0.04368 -0.21629
   0.15624  0.04311 -0.21613
   0.14907  0.04251 -0.21830
   0.14200  0.04189 -0.21870
   0.13503  0.04125 -0.21943
   0.12818  0.04059 -0.21992
   0.12147  0.03990 -0.21990
   0.11493  0.03919 -0.21962
   0.10856  0.03847 -0.21936
   0.10240  0.03773 -0.21860
   0.09647  0.03699 -0.21922
   0.09078  0.03624 -0.22056
   0.08537  0.03550 -0.21884
   0.08024  0.03476 -0.22366
   0.07540  0.03403 -0.22497
   0.07085  0.03331 -0.22828
   0.06658  0.03261 -0.24033
   0.06257  0.03190 -0.24061
   0.05879  0.03120 -0.25110
   0.05523  0.03050 -0.25472
   0.05189  0.02978 -0.25232
   0.04873  0.02906 -0.24569
   0.04574  0.02833 -0.23435
   0.04291  0.02760 -0.22459
   0.04024  0.02687 -0.20932
   0.03771  0.02615 -0.19682
   0.03531  0.02543 -0.18835
   0.03305  0.02471 -0.16336
   0.03089  0.02399 -0.13316
   0.02884  0.02329 -0.10927
   0.02688  0.02260 -0.09327
   0.02502  0.02195 -0.09070
   0.02326  0.02131 -0.08819
   0.02159  0.02067 -0.08615
   0.02000  0.02005 -0.07943
   0.01849  0.01942 -0.06805
   0.01706  0.01880 -0.04945
   0.01569  0.01817 -0.02263
   0.01439  0.01754  0.00008
   0.01314  0.01692  0.02381
   0.01194  0.01630  0.04474
   0.01080  0.01568  0.06451
   0.00971  0.01507  0.08329
   0.00867  0.01445  0.10873
   0.00767  0.01383  0.12662
   0.00672  0.01321  0.15126
   0.00581  0.01258  0.17192
   0.00495  0.01194  0.20288
   0.00414  0.01128  0.22681
   0.00338  0.01061  0.25529
   0.00268  0.00990  0.28936
   0.00207  0.00914  0.39622
   0.00154  0.00835  0.48360
   0.00111  0.00752  0.59748
   0.00078  0.00665  0.72198
   0.00053  0.00577  0.82084
   0.00035  0.00489  0.89121
   0.00022  0.00400  0.93778
   0.00012  0.00312  0.97067
   0.00005  0.00224  0.98912
   0.00001  0.00137  0.99841
  -0.00000  0.00051  0.99940
   0.00001 -0.00034  0.99314
   0.00004 -0.00120  0.97948
   0.00010 -0.00206  0.95794
   0.00020 -0.00292  0.94130
   0.00027 -0.00380  0.89370
   0.00039 -0.00468  0.85938
   0.00054 -0.00556  0.80890
   0.00072 -0.00645  0.74783
   0.00092 -0.00735  0.68048
   0.00115 -0.00824  0.60160
   0.00142 -0.00914  0.50150
   0.00173 -0.01004  0.39071
   0.00207 -0.01094  0.26491
   0.00247 -0.01182  0.08729
   0.00292 -0.01269  0.00611
   0.00342 -0.01356 -0.34524
   0.00402 -0.01437 -0.40674
   0.00470 -0.01514 -0.51569
   0.00546 -0.01587 -0.54992
   0.00629 -0.01657 -0.57838
   0.00717 -0.01724 -0.58849
   0.00811 -0.01789 -0.60298
   0.00910 -0.01851 -0.60013
   0.01015 -0.01912 -0.59494
   0.01125 -0.01971 -0.59382
   0.01240 -0.02029 -0.58518
   0.01361 -0.02086 -0.57811
   0.01488 -0.02142 -0.56954
   0.01621 -0.02198 -0.55377
   0.01761 -0.02253 -0.54488
   0.01908 -0.02307 -0.52816
   0.02063 -0.02362 -0.52226
   0.02226 -0.02417 -0.50851
   0.02397 -0.02472 -0.49253
   0.02579 -0.02528 -0.48442
   0.02770 -0.02584 -0.47325
   0.02973 -0.02641 -0.46473
   0.03189 -0.02700 -0.45631
   0.03419 -0.02759 -0.44925
   0.03663 -0.02820 -0.43786
   0.03924 -0.02882 -0.43069
   0.04203 -0.02945 -0.41928
   0.04502 -0.03011 -0.41206
   0.04822 -0.03078 -0.40570
   0.05165 -0.03148 -0.40185
   0.05533 -0.03220 -0.39690
   0.05925 -0.03293 -0.39334
   0.06344 -0.03368 -0.38810
   0.06789 -0.03445 -0.38560
   0.07262 -0.03522 -0.38036
   0.07761 -0.03600 -0.37848
   0.08288 -0.03679 -0.37473
   0.08842 -0.03758 -0.37108
   0.09419 -0.03836 -0.36768
   0.10019 -0.03914 -0.36531
   0.10638 -0.03991 -0.36412
   0.11276 -0.04065 -0.36287
   0.11929 -0.04138 -0.36181
   0.12594 -0.04208 -0.36019
   0.13272 -0.04276 -0.35886
   0.13959 -0.04340 -0.35717
   0.14656 -0.04401 -0.35383
   0.15362 -0.04460 -0.35187
   0.16075 -0.04515 -0.34772
   0.16794 -0.04567 -0.34523
   0.17519 -0.04616 -0.34165
   0.18248 -0.04663 -0.33943
   0.18981 -0.04706 -0.33704
   0.19717 -0.04747 -0.33545
   0.20456 -0.04785 -0.33107
   0.21197 -0.04820 -0.33001
   0.21942 -0.04852 -0.32570
   0.22690 -0.04882 -0.32293
   0.23441 -0.04909 -0.31802
   0.24195 -0.04934 -0.31573
   0.24951 -0.04956 -0.31352
   0.25708 -0.04977 -0.31010
   0.26468 -0.04995 -0.30865
   0.27229 -0.05011 -0.30423
   0.27991 -0.05024 -0.30265
   0.28756 -0.05036 -0.29909
   0.29522 -0.05046 -0.29701
   0.30289 -0.05054 -0.29501
   0.31057 -0.05060 -0.29278
   0.31825 -0.05064 -0.29047
   0.32595 -0.05066 -0.28875
   0.33364 -0.05066 -0.28713
   0.34135 -0.05065 -0.28520
   0.34906 -0.05061 -0.28339
   0.35677 -0.05056 -0.28147
   0.36448 -0.05048 -0.27973
   0.37219 -0.05039 -0.27811
   0.37990 -0.05028 -0.27598
   0.38761 -0.05015 -0.27459
   0.39532 -0.05001 -0.27317
   0.40302 -0.04984 -0.27174
   0.41072 -0.04966 -0.26960
   0.41842 -0.04945 -0.26892
   0.42610 -0.04923 -0.26749
   0.43378 -0.04899 -0.26670
   0.44144 -0.04873 -0.26452
   0.44910 -0.04845 -0.26390
   0.45674 -0.04815 -0.26231
   0.46437 -0.04783 -0.26154
   0.47199 -0.04749 -0.25980
   0.47960 -0.04713 -0.25789
   0.48720 -0.04674 -0.25653
   0.49478 -0.04634 -0.25477
   0.50235 -0.04590 -0.25233
   0.50991 -0.04545 -0.25105
   0.51745 -0.04497 -0.24839
   0.52498 -0.04447 -0.24591
   0.53250 -0.04395 -0.24376
   0.54000 -0.04340 -0.24114
   0.54749 -0.04282 -0.23827
   0.55497 -0.04222 -0.23509
   0.56243 -0.04159 -0.23140
   0.56987 -0.04093 -0.22803
   0.57730 -0.04025 -0.22430
   0.58471 -0.03954 -0.22012
   0.59210 -0.03881 -0.21590
   0.59948 -0.03804 -0.21143
   0.60683 -0.03724 -0.20680
   0.61417 -0.03642 -0.20052
   0.62149 -0.03556 -0.19576
   0.62879 -0.03468 -0.18846
   0.63608 -0.03376 -0.18274
   0.64335 -0.03281 -0.17456
   0.65061 -0.03183 -0.16743
   0.65786 -0.03081 -0.15883
   0.66510 -0.02976 -0.14990
   0.67232 -0.02867 -0.14008
   0.67954 -0.02755 -0.12994
   0.68676 -0.02640 -0.11936
   0.69397 -0.02520 -0.10811
   0.70117 -0.02398 -0.09531
   0.70838 -0.02271 -0.08256
   0.71559 -0.02141 -0.06901
   0.72281 -0.02007 -0.05462
   0.73004 -0.01870 -0.03984
   0.73728 -0.01729 -0.02369
   0.74453 -0.01584 -0.00608
   0.75180 -0.01436  0.01026
   0.75910 -0.01284  0.03030
   0.76642 -0.01128  0.04842
   0.77378 -0.00969  0.07025
   0.78118 -0.00807  0.08912
   0.78863 -0.00642  0.11263
   0.79611 -0.00475  0.13352
   0.80361 -0.00306  0.15797
   0.81108 -0.00138  0.18092
   0.81847  0.00029  0.20393
   0.82574  0.00191  0.22774
   0.83289  0.00348  0.24977
   0.83991  0.00499  0.27033
   0.84680  0.00644  0.29004
   0.85358  0.00782  0.30948
   0.86023  0.00913  0.32580
   0.86676  0.01036  0.34442
   0.87316  0.01151  0.35855
   0.87944  0.01258  0.37503
   0.88561  0.01356  0.38687
   0.89167  0.01445  0.39911
   0.89763  0.01526  0.40992
   0.90349  0.01599  0.41948
   0.90927  0.01663  0.42731
   0.91493  0.01718  0.43697
   0.92047  0.01765  0.44284
   0.92588  0.01803  0.45113
   0.93120  0.01832  0.45473
   0.93644  0.01853  0.45558
   0.94160  0.01868  0.45850
   0.94662  0.01876  0.46545
   0.95140  0.01879  0.48086
   0.95595  0.01872  0.49053
   0.96030  0.01853  0.49563
   0.96456  0.01820  0.48073
   0.96881  0.01775  0.45314
   0.97308  0.01723  0.42605
   0.97733  0.01672  0.41387
   0.98147  0.01621  0.42707
   0.98549  0.01562  0.43403
   0.98945  0.01488  0.38878
   0.99342  0.01406  0.32409
   0.99738  0.01325  0.29882
   1.00000  0.01271  0.25423
