GRUMMAN K-2 AIRFOIL                             
 Alfa =  -1.30960 Re =        0.000 Xflap,Yflap =     0.000000    0.000000
#    x        y        Cp  
   1.00000  0.01371  0.25422
   0.99740  0.01444  0.09925
   0.99329  0.01549  0.06152
   0.98889  0.01657  0.04621
   0.98423  0.01772  0.00589
   0.97929  0.01890 -0.02905
   0.97409  0.02011 -0.05501
   0.96867  0.02135 -0.08536
   0.96305  0.02259 -0.11187
   0.95727  0.02381 -0.13351
   0.95131  0.02502 -0.15440
   0.94520  0.02620 -0.16946
   0.93893  0.02735 -0.18251
   0.93253  0.02848 -0.19371
   0.92600  0.02957 -0.20088
   0.91932  0.03065 -0.20691
   0.91254  0.03170 -0.21385
   0.90568  0.03272 -0.22245
   0.89876  0.03372 -0.22988
   0.89181  0.03467 -0.23795
   0.88484  0.03559 -0.24390
   0.87782  0.03647 -0.24653
   0.87073  0.03731 -0.24764
   0.86355  0.03812 -0.24874
   0.85628  0.03891 -0.24750
   0.84891  0.03968 -0.24660
   0.84146  0.04044 -0.24655
   0.83396  0.04117 -0.24646
   0.82645  0.04190 -0.25218
   0.81896  0.04260 -0.25706
   0.81149  0.04327 -0.26062
   0.80402  0.04391 -0.26314
   0.79655  0.04452 -0.26554
   0.78909  0.04510 -0.26774
   0.78162  0.04565 -0.26843
   0.77414  0.04617 -0.26796
   0.76665  0.04666 -0.26832
   0.75914  0.04713 -0.26710
   0.75161  0.04756 -0.26527
   0.74405  0.04798 -0.26354
   0.73646  0.04837 -0.26059
   0.72884  0.04874 -0.25816
   0.72118  0.04909 -0.25527
   0.71350  0.04943 -0.25194
   0.70580  0.04974 -0.25012
   0.69806  0.05004 -0.24712
   0.69030  0.05033 -0.24502
   0.68252  0.05060 -0.24295
   0.67473  0.05086 -0.24113
   0.66693  0.05111 -0.23893
   0.65911  0.05135 -0.23768
   0.65129  0.05157 -0.23616
   0.64347  0.05178 -0.23411
   0.63563  0.05197 -0.23299
   0.62779  0.05216 -0.23146
   0.61994  0.05233 -0.22938
   0.61208  0.05249 -0.22886
   0.60421  0.05264 -0.22632
   0.59633  0.05278 -0.22547
   0.58846  0.05291 -0.22424
   0.58058  0.05303 -0.22360
   0.57270  0.05314 -0.22235
   0.56482  0.05324 -0.22144
   0.55693  0.05333 -0.22034
   0.54904  0.05340 -0.21966
   0.54115  0.05347 -0.21821
   0.53326  0.05353 -0.21785
   0.52537  0.05358 -0.21648
   0.51748  0.05361 -0.21555
   0.50958  0.05364 -0.21524
   0.50169  0.05366 -0.21361
   0.49380  0.05367 -0.21394
   0.48590  0.05367 -0.21225
   0.47801  0.05366 -0.21258
   0.47012  0.05363 -0.21154
   0.46224  0.05360 -0.21076
   0.45437  0.05356 -0.21012
   0.44650  0.05351 -0.20956
   0.43864  0.05345 -0.20843
   0.43079  0.05338 -0.20816
   0.42295  0.05330 -0.20782
   0.41514  0.05321 -0.20742
   0.40737  0.05312 -0.20802
   0.39966  0.05301 -0.20735
   0.39202  0.05289 -0.20854
   0.38445  0.05276 -0.20556
   0.37694  0.05262 -0.20290
   0.36954  0.05249 -0.20186
   0.36229  0.05236 -0.20893
   0.35524  0.05223 -0.21970
   0.34842  0.05207 -0.22884
   0.34179  0.05185 -0.22003
   0.33530  0.05159 -0.19311
   0.32892  0.05132 -0.16644
   0.32258  0.05111 -0.15271
   0.31625  0.05098 -0.16895
   0.30988  0.05089 -0.19815
   0.30343  0.05078 -0.22530
   0.29682  0.05061 -0.22753
   0.29002  0.05037 -0.21506
   0.28299  0.05009 -0.20320
   0.27579  0.04982 -0.20183
   0.26847  0.04954 -0.20580
   0.26108  0.04924 -0.20764
   0.25361  0.04892 -0.20642
   0.24607  0.04858 -0.20636
   0.23850  0.04823 -0.20725
   0.23092  0.04786 -0.20756
   0.22333  0.04747 -0.20824
   0.21574  0.04707 -0.20863
   0.20817  0.04664 -0.21029
   0.20063  0.04620 -0.21064
   0.19311  0.04574 -0.21128
   0.18563  0.04526 -0.21425
   0.17820  0.04475 -0.21381
   0.17081  0.04423 -0.21490
   0.16349  0.04368 -0.21708
   0.15624  0.04311 -0.21694
   0.14907  0.04251 -0.21914
   0.14200  0.04189 -0.21956
   0.13503  0.04125 -0.22032
   0.12818  0.04059 -0.22083
   0.12147  0.03990 -0.22084
   0.11493  0.03919 -0.22059
   0.10856  0.03847 -0.22037
   0.10240  0.03773 -0.21964
   0.09647  0.03699 -0.22029
   0.09078  0.03624 -0.22166
   0.08537  0.03550 -0.21999
   0.08024  0.03476 -0.22484
   0.07540  0.03403 -0.22620
   0.07085  0.03331 -0.22955
   0.06658  0.03261 -0.24166
   0.06257  0.03190 -0.24198
   0.05879  0.03120 -0.25253
   0.05523  0.03050 -0.25620
   0.05189  0.02978 -0.25385
   0.04873  0.02906 -0.24726
   0.04574  0.02833 -0.23596
   0.04291  0.02760 -0.22624
   0.04024  0.02687 -0.21100
   0.03771  0.02615 -0.19854
   0.03531  0.02543 -0.19012
   0.03305  0.02471 -0.16516
   0.03089  0.02399 -0.13497
   0.02884  0.02329 -0.11110
   0.02688  0.02260 -0.09514
   0.02502  0.02195 -0.09263
   0.02326  0.02131 -0.09019
   0.02159  0.02067 -0.08822
   0.02000  0.02005 -0.08156
   0.01849  0.01942 -0.07024
   0.01706  0.01880 -0.05169
   0.01569  0.01817 -0.02490
   0.01439  0.01754 -0.00224
   0.01314  0.01692  0.02145
   0.01194  0.01630  0.04233
   0.01080  0.01568  0.06203
   0.00971  0.01507  0.08075
   0.00867  0.01445  0.10612
   0.00767  0.01383  0.12393
   0.00672  0.01321  0.14849
   0.00581  0.01258  0.16904
   0.00495  0.01194  0.19991
   0.00414  0.01128  0.22372
   0.00338  0.01061  0.25205
   0.00268  0.00990  0.28597
   0.00207  0.00914  0.39301
   0.00154  0.00835  0.48050
   0.00111  0.00752  0.59468
   0.00078  0.00665  0.71972
   0.00053  0.00577  0.81909
   0.00035  0.00489  0.88988
   0.00022  0.00400  0.93681
   0.00012  0.00312  0.97001
   0.00005  0.00224  0.98872
   0.00001  0.00137  0.99826
  -0.00000  0.00051  0.99948
   0.00001 -0.00034  0.99343
   0.00004 -0.00120  0.97999
   0.00010 -0.00206  0.95869
   0.00020 -0.00292  0.94211
   0.00027 -0.00380  0.89489
   0.00039 -0.00468  0.86071
   0.00054 -0.00556  0.81045
   0.00072 -0.00645  0.74962
   0.00092 -0.00735  0.68250
   0.00115 -0.00824  0.60387
   0.00142 -0.00914  0.50406
   0.00173 -0.01004  0.39358
   0.00207 -0.01094  0.26808
   0.00247 -0.01182  0.09091
   0.00292 -0.01269  0.00978
   0.00342 -0.01356 -0.34063
   0.00402 -0.01437 -0.40227
   0.00470 -0.01514 -0.51115
   0.00546 -0.01587 -0.54555
   0.00629 -0.01657 -0.57417
   0.00717 -0.01724 -0.58448
   0.00811 -0.01789 -0.59912
   0.00910 -0.01851 -0.59644
   0.01015 -0.01912 -0.59142
   0.01125 -0.01971 -0.59045
   0.01240 -0.02029 -0.58195
   0.01361 -0.02086 -0.57502
   0.01488 -0.02142 -0.56657
   0.01621 -0.02198 -0.55093
   0.01761 -0.02253 -0.54216
   0.01908 -0.02307 -0.52555
   0.02063 -0.02362 -0.51974
   0.02226 -0.02417 -0.50609
   0.02397 -0.02472 -0.49021
   0.02579 -0.02528 -0.48219
   0.02770 -0.02584 -0.47110
   0.02973 -0.02641 -0.46266
   0.03189 -0.02700 -0.45431
   0.03419 -0.02759 -0.44732
   0.03663 -0.02820 -0.43600
   0.03924 -0.02882 -0.42890
   0.04203 -0.02945 -0.41756
   0.04502 -0.03011 -0.41040
   0.04822 -0.03078 -0.40410
   0.05165 -0.03148 -0.40030
   0.05533 -0.03220 -0.39541
   0.05925 -0.03293 -0.39190
   0.06344 -0.03368 -0.38671
   0.06789 -0.03445 -0.38426
   0.07262 -0.03522 -0.37906
   0.07761 -0.03600 -0.37723
   0.08288 -0.03679 -0.37352
   0.08842 -0.03758 -0.36991
   0.09419 -0.03836 -0.36655
   0.10019 -0.03914 -0.36422
   0.10638 -0.03991 -0.36307
   0.11276 -0.04065 -0.36185
   0.11929 -0.04138 -0.36082
   0.12594 -0.04208 -0.35923
   0.13272 -0.04276 -0.35793
   0.13959 -0.04340 -0.35626
   0.14656 -0.04401 -0.35295
   0.15362 -0.04460 -0.35101
   0.16075 -0.04515 -0.34689
   0.16794 -0.04567 -0.34443
   0.17519 -0.04616 -0.34086
   0.18248 -0.04663 -0.33867
   0.18981 -0.04706 -0.33630
   0.19717 -0.04747 -0.33472
   0.20456 -0.04785 -0.33036
   0.21197 -0.04820 -0.32932
   0.21942 -0.04852 -0.32502
   0.22690 -0.04882 -0.32227
   0.23441 -0.04909 -0.31738
   0.24195 -0.04934 -0.31510
   0.24951 -0.04956 -0.31290
   0.25708 -0.04977 -0.30949
   0.26468 -0.04995 -0.30805
   0.27229 -0.05011 -0.30365
   0.27991 -0.05024 -0.30208
   0.28756 -0.05036 -0.29853
   0.29522 -0.05046 -0.29647
   0.30289 -0.05054 -0.29448
   0.31057 -0.05060 -0.29225
   0.31825 -0.05064 -0.28995
   0.32595 -0.05066 -0.28824
   0.33364 -0.05066 -0.28663
   0.34135 -0.05065 -0.28471
   0.34906 -0.05061 -0.28292
   0.35677 -0.05056 -0.28101
   0.36448 -0.05048 -0.27928
   0.37219 -0.05039 -0.27766
   0.37990 -0.05028 -0.27554
   0.38761 -0.05015 -0.27416
   0.39532 -0.05001 -0.27274
   0.40302 -0.04984 -0.27132
   0.41072 -0.04966 -0.26919
   0.41842 -0.04945 -0.26852
   0.42610 -0.04923 -0.26709
   0.43378 -0.04899 -0.26631
   0.44144 -0.04873 -0.26414
   0.44910 -0.04845 -0.26352
   0.45674 -0.04815 -0.26194
   0.46437 -0.04783 -0.26118
   0.47199 -0.04749 -0.25944
   0.47960 -0.04713 -0.25753
   0.48720 -0.04674 -0.25618
   0.49478 -0.04634 -0.25442
   0.50235 -0.04590 -0.25199
   0.50991 -0.04545 -0.25072
   0.51745 -0.04497 -0.24806
   0.52498 -0.04447 -0.24560
   0.53250 -0.04395 -0.24345
   0.54000 -0.04340 -0.24084
   0.54749 -0.04282 -0.23796
   0.55497 -0.04222 -0.23479
   0.56243 -0.04159 -0.23111
   0.56987 -0.04093 -0.22774
   0.57730 -0.04025 -0.22402
   0.58471 -0.03954 -0.21985
   0.59210 -0.03881 -0.21563
   0.59948 -0.03804 -0.21117
   0.60683 -0.03724 -0.20654
   0.61417 -0.03642 -0.20027
   0.62149 -0.03556 -0.19552
   0.62879 -0.03468 -0.18822
   0.63608 -0.03376 -0.18250
   0.64335 -0.03281 -0.17433
   0.65061 -0.03183 -0.16720
   0.65786 -0.03081 -0.15861
   0.66510 -0.02976 -0.14968
   0.67232 -0.02867 -0.13987
   0.67954 -0.02755 -0.12974
   0.68676 -0.02640 -0.11916
   0.69397 -0.02520 -0.10791
   0.70117 -0.02398 -0.09513
   0.70838 -0.02271 -0.08238
   0.71559 -0.02141 -0.06884
   0.72281 -0.02007 -0.05445
   0.73004 -0.01870 -0.03968
   0.73728 -0.01729 -0.02354
   0.74453 -0.01584 -0.00593
   0.75180 -0.01436  0.01041
   0.75910 -0.01284  0.03044
   0.76642 -0.01128  0.04855
   0.77378 -0.00969  0.07038
   0.78118 -0.00807  0.08924
   0.78863 -0.00642  0.11275
   0.79611 -0.00475  0.13363
   0.80361 -0.00306  0.15807
   0.81108 -0.00138  0.18102
   0.81847  0.00029  0.20403
   0.82574  0.00191  0.22783
   0.83289  0.00348  0.24986
   0.83991  0.00499  0.27041
   0.84680  0.00644  0.29012
   0.85358  0.00782  0.30955
   0.86023  0.00913  0.32587
   0.86676  0.01036  0.34448
   0.87316  0.01151  0.35861
   0.87944  0.01258  0.37509
   0.88561  0.01356  0.38692
   0.89167  0.01445  0.39916
   0.89763  0.01526  0.40997
   0.90349  0.01599  0.41953
   0.90927  0.01663  0.42735
   0.91493  0.01718  0.43701
   0.92047  0.01765  0.44288
   0.92588  0.01803  0.45117
   0.93120  0.01832  0.45476
   0.93644  0.01853  0.45561
   0.94160  0.01868  0.45854
   0.94662  0.01876  0.46548
   0.95140  0.01879  0.48089
   0.95595  0.01872  0.49056
   0.96030  0.01853  0.49566
   0.96456  0.01820  0.48075
   0.96881  0.01775  0.45316
   0.97308  0.01723  0.42608
   0.97733  0.01672  0.41389
   0.98147  0.01621  0.42709
   0.98549  0.01562  0.43405
   0.98945  0.01488  0.38880
   0.99342  0.01406  0.32411
   0.99738  0.01325  0.29883
   1.00000  0.01271  0.25422
