GRUMMAN K-2 AIRFOIL                             
 Alfa =  -1.29460 Re =        0.000 Xflap,Yflap =     0.000000    0.000000
#    x        y        Cp  
   1.00000  0.01371  0.25422
   0.99740  0.01444  0.09923
   0.99329  0.01549  0.06149
   0.98889  0.01657  0.04617
   0.98423  0.01772  0.00583
   0.97929  0.01890 -0.02912
   0.97409  0.02011 -0.05509
   0.96867  0.02135 -0.08545
   0.96305  0.02259 -0.11198
   0.95727  0.02381 -0.13362
   0.95131  0.02502 -0.15453
   0.94520  0.02620 -0.16960
   0.93893  0.02735 -0.18266
   0.93253  0.02848 -0.19387
   0.92600  0.02957 -0.20104
   0.91932  0.03065 -0.20709
   0.91254  0.03170 -0.21404
   0.90568  0.03272 -0.22265
   0.89876  0.03372 -0.23008
   0.89181  0.03467 -0.23817
   0.88484  0.03559 -0.24412
   0.87782  0.03647 -0.24676
   0.87073  0.03731 -0.24788
   0.86355  0.03812 -0.24899
   0.85628  0.03891 -0.24775
   0.84891  0.03968 -0.24687
   0.84146  0.04044 -0.24683
   0.83396  0.04117 -0.24675
   0.82645  0.04190 -0.25247
   0.81896  0.04260 -0.25737
   0.81149  0.04327 -0.26093
   0.80402  0.04391 -0.26346
   0.79655  0.04452 -0.26588
   0.78909  0.04510 -0.26808
   0.78162  0.04565 -0.26878
   0.77414  0.04617 -0.26832
   0.76665  0.04666 -0.26868
   0.75914  0.04713 -0.26746
   0.75161  0.04756 -0.26564
   0.74405  0.04798 -0.26392
   0.73646  0.04837 -0.26098
   0.72884  0.04874 -0.25855
   0.72118  0.04909 -0.25567
   0.71350  0.04943 -0.25235
   0.70580  0.04974 -0.25054
   0.69806  0.05004 -0.24754
   0.69030  0.05033 -0.24546
   0.68252  0.05060 -0.24338
   0.67473  0.05086 -0.24158
   0.66693  0.05111 -0.23938
   0.65911  0.05135 -0.23814
   0.65129  0.05157 -0.23663
   0.64347  0.05178 -0.23459
   0.63563  0.05197 -0.23347
   0.62779  0.05216 -0.23195
   0.61994  0.05233 -0.22988
   0.61208  0.05249 -0.22937
   0.60421  0.05264 -0.22684
   0.59633  0.05278 -0.22600
   0.58846  0.05291 -0.22477
   0.58058  0.05303 -0.22414
   0.57270  0.05314 -0.22290
   0.56482  0.05324 -0.22199
   0.55693  0.05333 -0.22090
   0.54904  0.05340 -0.22023
   0.54115  0.05347 -0.21880
   0.53326  0.05353 -0.21844
   0.52537  0.05358 -0.21708
   0.51748  0.05361 -0.21616
   0.50958  0.05364 -0.21586
   0.50169  0.05366 -0.21423
   0.49380  0.05367 -0.21458
   0.48590  0.05367 -0.21290
   0.47801  0.05366 -0.21324
   0.47012  0.05363 -0.21221
   0.46224  0.05360 -0.21144
   0.45437  0.05356 -0.21080
   0.44650  0.05351 -0.21026
   0.43864  0.05345 -0.20914
   0.43079  0.05338 -0.20888
   0.42295  0.05330 -0.20855
   0.41514  0.05321 -0.20816
   0.40737  0.05312 -0.20877
   0.39966  0.05301 -0.20812
   0.39202  0.05289 -0.20932
   0.38445  0.05276 -0.20635
   0.37694  0.05262 -0.20370
   0.36954  0.05249 -0.20267
   0.36229  0.05236 -0.20976
   0.35524  0.05223 -0.22055
   0.34842  0.05207 -0.22971
   0.34179  0.05185 -0.22091
   0.33530  0.05159 -0.19398
   0.32892  0.05132 -0.16730
   0.32258  0.05111 -0.15357
   0.31625  0.05098 -0.16984
   0.30988  0.05089 -0.19907
   0.30343  0.05078 -0.22626
   0.29682  0.05061 -0.22851
   0.29002  0.05037 -0.21604
   0.28299  0.05009 -0.20419
   0.27579  0.04982 -0.20284
   0.26847  0.04954 -0.20682
   0.26108  0.04924 -0.20869
   0.25361  0.04892 -0.20749
   0.24607  0.04858 -0.20745
   0.23850  0.04823 -0.20836
   0.23092  0.04786 -0.20870
   0.22333  0.04747 -0.20940
   0.21574  0.04707 -0.20982
   0.20817  0.04664 -0.21151
   0.20063  0.04620 -0.21189
   0.19311  0.04574 -0.21256
   0.18563  0.04526 -0.21556
   0.17820  0.04475 -0.21515
   0.17081  0.04423 -0.21627
   0.16349  0.04368 -0.21850
   0.15624  0.04311 -0.21839
   0.14907  0.04251 -0.22064
   0.14200  0.04189 -0.22110
   0.13503  0.04125 -0.22190
   0.12818  0.04059 -0.22247
   0.12147  0.03990 -0.22252
   0.11493  0.03919 -0.22233
   0.10856  0.03847 -0.22216
   0.10240  0.03773 -0.22148
   0.09647  0.03699 -0.22220
   0.09078  0.03624 -0.22364
   0.08537  0.03550 -0.22203
   0.08024  0.03476 -0.22696
   0.07540  0.03403 -0.22839
   0.07085  0.03331 -0.23182
   0.06658  0.03261 -0.24403
   0.06257  0.03190 -0.24443
   0.05879  0.03120 -0.25509
   0.05523  0.03050 -0.25885
   0.05189  0.02978 -0.25658
   0.04873  0.02906 -0.25007
   0.04574  0.02833 -0.23884
   0.04291  0.02760 -0.22919
   0.04024  0.02687 -0.21402
   0.03771  0.02615 -0.20163
   0.03531  0.02543 -0.19329
   0.03305  0.02471 -0.16836
   0.03089  0.02399 -0.13820
   0.02884  0.02329 -0.11438
   0.02688  0.02260 -0.09849
   0.02502  0.02195 -0.09609
   0.02326  0.02131 -0.09376
   0.02159  0.02067 -0.09191
   0.02000  0.02005 -0.08538
   0.01849  0.01942 -0.07416
   0.01706  0.01880 -0.05570
   0.01569  0.01817 -0.02897
   0.01439  0.01754 -0.00638
   0.01314  0.01692  0.01723
   0.01194  0.01630  0.03801
   0.01080  0.01568  0.05760
   0.00971  0.01507  0.07620
   0.00867  0.01445  0.10146
   0.00767  0.01383  0.11912
   0.00672  0.01321  0.14353
   0.00581  0.01258  0.16390
   0.00495  0.01194  0.19460
   0.00414  0.01128  0.21818
   0.00338  0.01061  0.24624
   0.00268  0.00990  0.27989
   0.00207  0.00914  0.38724
   0.00154  0.00835  0.47493
   0.00111  0.00752  0.58967
   0.00078  0.00665  0.71565
   0.00053  0.00577  0.81592
   0.00035  0.00489  0.88750
   0.00022  0.00400  0.93504
   0.00012  0.00312  0.96882
   0.00005  0.00224  0.98800
   0.00001  0.00137  0.99798
  -0.00000  0.00051  0.99962
   0.00001 -0.00034  0.99395
   0.00004 -0.00120  0.98089
   0.00010 -0.00206  0.96000
   0.00020 -0.00292  0.94354
   0.00027 -0.00380  0.89701
   0.00039 -0.00468  0.86305
   0.00054 -0.00556  0.81321
   0.00072 -0.00645  0.75280
   0.00092 -0.00735  0.68610
   0.00115 -0.00824  0.60791
   0.00142 -0.00914  0.50862
   0.00173 -0.01004  0.39868
   0.00207 -0.01094  0.27372
   0.00247 -0.01182  0.09736
   0.00292 -0.01269  0.01631
   0.00342 -0.01356 -0.33242
   0.00402 -0.01437 -0.39428
   0.00470 -0.01514 -0.50307
   0.00546 -0.01587 -0.53778
   0.00629 -0.01657 -0.56668
   0.00717 -0.01724 -0.57732
   0.00811 -0.01789 -0.59224
   0.00910 -0.01851 -0.58987
   0.01015 -0.01912 -0.58515
   0.01125 -0.01971 -0.58443
   0.01240 -0.02029 -0.57619
   0.01361 -0.02086 -0.56949
   0.01488 -0.02142 -0.56128
   0.01621 -0.02198 -0.54587
   0.01761 -0.02253 -0.53730
   0.01908 -0.02307 -0.52089
   0.02063 -0.02362 -0.51526
   0.02226 -0.02417 -0.50178
   0.02397 -0.02472 -0.48608
   0.02579 -0.02528 -0.47820
   0.02770 -0.02584 -0.46726
   0.02973 -0.02641 -0.45896
   0.03189 -0.02700 -0.45074
   0.03419 -0.02759 -0.44388
   0.03663 -0.02820 -0.43269
   0.03924 -0.02882 -0.42570
   0.04203 -0.02945 -0.41449
   0.04502 -0.03011 -0.40743
   0.04822 -0.03078 -0.40124
   0.05165 -0.03148 -0.39754
   0.05533 -0.03220 -0.39274
   0.05925 -0.03293 -0.38933
   0.06344 -0.03368 -0.38423
   0.06789 -0.03445 -0.38186
   0.07262 -0.03522 -0.37675
   0.07761 -0.03600 -0.37500
   0.08288 -0.03679 -0.37137
   0.08842 -0.03758 -0.36783
   0.09419 -0.03836 -0.36455
   0.10019 -0.03914 -0.36228
   0.10638 -0.03991 -0.36119
   0.11276 -0.04065 -0.36002
   0.11929 -0.04138 -0.35905
   0.12594 -0.04208 -0.35751
   0.13272 -0.04276 -0.35627
   0.13959 -0.04340 -0.35465
   0.14656 -0.04401 -0.35138
   0.15362 -0.04460 -0.34949
   0.16075 -0.04515 -0.34541
   0.16794 -0.04567 -0.34298
   0.17519 -0.04616 -0.33946
   0.18248 -0.04663 -0.33730
   0.18981 -0.04706 -0.33496
   0.19717 -0.04747 -0.33342
   0.20456 -0.04785 -0.32909
   0.21197 -0.04820 -0.32808
   0.21942 -0.04852 -0.32381
   0.22690 -0.04882 -0.32109
   0.23441 -0.04909 -0.31622
   0.24195 -0.04934 -0.31397
   0.24951 -0.04956 -0.31180
   0.25708 -0.04977 -0.30841
   0.26468 -0.04995 -0.30700
   0.27229 -0.05011 -0.30262
   0.27991 -0.05024 -0.30107
   0.28756 -0.05036 -0.29754
   0.29522 -0.05046 -0.29549
   0.30289 -0.05054 -0.29353
   0.31057 -0.05060 -0.29132
   0.31825 -0.05064 -0.28903
   0.32595 -0.05066 -0.28734
   0.33364 -0.05066 -0.28575
   0.34135 -0.05065 -0.28385
   0.34906 -0.05061 -0.28206
   0.35677 -0.05056 -0.28017
   0.36448 -0.05048 -0.27846
   0.37219 -0.05039 -0.27685
   0.37990 -0.05028 -0.27475
   0.38761 -0.05015 -0.27338
   0.39532 -0.05001 -0.27198
   0.40302 -0.04984 -0.27057
   0.41072 -0.04966 -0.26845
   0.41842 -0.04945 -0.26779
   0.42610 -0.04923 -0.26638
   0.43378 -0.04899 -0.26561
   0.44144 -0.04873 -0.26345
   0.44910 -0.04845 -0.26284
   0.45674 -0.04815 -0.26128
   0.46437 -0.04783 -0.26052
   0.47199 -0.04749 -0.25879
   0.47960 -0.04713 -0.25690
   0.48720 -0.04674 -0.25556
   0.49478 -0.04634 -0.25381
   0.50235 -0.04590 -0.25139
   0.50991 -0.04545 -0.25013
   0.51745 -0.04497 -0.24748
   0.52498 -0.04447 -0.24503
   0.53250 -0.04395 -0.24289
   0.54000 -0.04340 -0.24029
   0.54749 -0.04282 -0.23742
   0.55497 -0.04222 -0.23426
   0.56243 -0.04159 -0.23059
   0.56987 -0.04093 -0.22723
   0.57730 -0.04025 -0.22352
   0.58471 -0.03954 -0.21936
   0.59210 -0.03881 -0.21515
   0.59948 -0.03804 -0.21069
   0.60683 -0.03724 -0.20608
   0.61417 -0.03642 -0.19982
   0.62149 -0.03556 -0.19507
   0.62879 -0.03468 -0.18779
   0.63608 -0.03376 -0.18208
   0.64335 -0.03281 -0.17392
   0.65061 -0.03183 -0.16680
   0.65786 -0.03081 -0.15822
   0.66510 -0.02976 -0.14930
   0.67232 -0.02867 -0.13950
   0.67954 -0.02755 -0.12937
   0.68676 -0.02640 -0.11880
   0.69397 -0.02520 -0.10757
   0.70117 -0.02398 -0.09479
   0.70838 -0.02271 -0.08206
   0.71559 -0.02141 -0.06853
   0.72281 -0.02007 -0.05415
   0.73004 -0.01870 -0.03938
   0.73728 -0.01729 -0.02325
   0.74453 -0.01584 -0.00566
   0.75180 -0.01436  0.01067
   0.75910 -0.01284  0.03069
   0.76642 -0.01128  0.04879
   0.77378 -0.00969  0.07060
   0.78118 -0.00807  0.08946
   0.78863 -0.00642  0.11296
   0.79611 -0.00475  0.13383
   0.80361 -0.00306  0.15826
   0.81108 -0.00138  0.18120
   0.81847  0.00029  0.20420
   0.82574  0.00191  0.22798
   0.83289  0.00348  0.25001
   0.83991  0.00499  0.27055
   0.84680  0.00644  0.29025
   0.85358  0.00782  0.30968
   0.86023  0.00913  0.32599
   0.86676  0.01036  0.34459
   0.87316  0.01151  0.35873
   0.87944  0.01258  0.37519
   0.88561  0.01356  0.38702
   0.89167  0.01445  0.39925
   0.89763  0.01526  0.41006
   0.90349  0.01599  0.41961
   0.90927  0.01663  0.42743
   0.91493  0.01718  0.43709
   0.92047  0.01765  0.44296
   0.92588  0.01803  0.45124
   0.93120  0.01832  0.45483
   0.93644  0.01853  0.45568
   0.94160  0.01868  0.45860
   0.94662  0.01876  0.46554
   0.95140  0.01879  0.48095
   0.95595  0.01872  0.49061
   0.96030  0.01853  0.49571
   0.96456  0.01820  0.48080
   0.96881  0.01775  0.45321
   0.97308  0.01723  0.42613
   0.97733  0.01672  0.41394
   0.98147  0.01621  0.42713
   0.98549  0.01562  0.43408
   0.98945  0.01488  0.38884
   0.99342  0.01406  0.32415
   0.99738  0.01325  0.29886
   1.00000  0.01271  0.25422
