GRUMMAN K-2 AIRFOIL                             
 Alfa =  -1.08200 Re =        0.000 Xflap,Yflap =     0.000000    0.000000
#    x        y        Cp  
   1.00000  0.01371  0.25411
   0.99740  0.01444  0.09896
   0.99329  0.01549  0.06112
   0.98889  0.01657  0.04555
   0.98423  0.01772  0.00498
   0.97929  0.01890 -0.03009
   0.97409  0.02011 -0.05617
   0.96867  0.02135 -0.08677
   0.96305  0.02259 -0.11343
   0.95727  0.02381 -0.13520
   0.95131  0.02502 -0.15631
   0.94520  0.02620 -0.17154
   0.93893  0.02735 -0.18475
   0.93253  0.02848 -0.19612
   0.92600  0.02957 -0.20338
   0.91932  0.03065 -0.20964
   0.91254  0.03170 -0.21665
   0.90568  0.03272 -0.22547
   0.89876  0.03372 -0.23297
   0.89181  0.03467 -0.24124
   0.88484  0.03559 -0.24733
   0.87782  0.03647 -0.25006
   0.87073  0.03731 -0.25132
   0.86355  0.03812 -0.25256
   0.85628  0.03891 -0.25137
   0.84891  0.03968 -0.25069
   0.84146  0.04044 -0.25070
   0.83396  0.04117 -0.25077
   0.82645  0.04190 -0.25658
   0.81896  0.04260 -0.26164
   0.81149  0.04327 -0.26534
   0.80402  0.04391 -0.26794
   0.79655  0.04452 -0.27054
   0.78909  0.04510 -0.27275
   0.78162  0.04565 -0.27368
   0.77414  0.04617 -0.27328
   0.76665  0.04666 -0.27382
   0.75914  0.04713 -0.27265
   0.75161  0.04756 -0.27094
   0.74405  0.04798 -0.26927
   0.73646  0.04837 -0.26649
   0.72884  0.04874 -0.26413
   0.72118  0.04909 -0.26136
   0.71350  0.04943 -0.25816
   0.70580  0.04974 -0.25645
   0.69806  0.05004 -0.25348
   0.69030  0.05033 -0.25159
   0.68252  0.05060 -0.24955
   0.67473  0.05086 -0.24791
   0.66693  0.05111 -0.24578
   0.65911  0.05135 -0.24462
   0.65129  0.05157 -0.24328
   0.64347  0.05178 -0.24131
   0.63563  0.05197 -0.24030
   0.62779  0.05216 -0.23890
   0.61994  0.05233 -0.23696
   0.61208  0.05249 -0.23651
   0.60421  0.05264 -0.23411
   0.59633  0.05278 -0.23341
   0.58846  0.05291 -0.23229
   0.58058  0.05303 -0.23178
   0.57270  0.05314 -0.23064
   0.56482  0.05324 -0.22984
   0.55693  0.05333 -0.22888
   0.54904  0.05340 -0.22835
   0.54115  0.05347 -0.22703
   0.53326  0.05353 -0.22681
   0.52537  0.05358 -0.22556
   0.51748  0.05361 -0.22479
   0.50958  0.05364 -0.22461
   0.50169  0.05366 -0.22311
   0.49380  0.05367 -0.22361
   0.48590  0.05367 -0.22205
   0.47801  0.05366 -0.22255
   0.47012  0.05363 -0.22164
   0.46224  0.05360 -0.22104
   0.45437  0.05356 -0.22055
   0.44650  0.05351 -0.22015
   0.43864  0.05345 -0.21916
   0.43079  0.05338 -0.21909
   0.42295  0.05330 -0.21891
   0.41514  0.05321 -0.21868
   0.40737  0.05312 -0.21946
   0.39966  0.05301 -0.21901
   0.39202  0.05289 -0.22035
   0.38445  0.05276 -0.21757
   0.37694  0.05262 -0.21505
   0.36954  0.05249 -0.21420
   0.36229  0.05236 -0.22154
   0.35524  0.05223 -0.23263
   0.34842  0.05207 -0.24203
   0.34179  0.05185 -0.23335
   0.33530  0.05159 -0.20632
   0.32892  0.05132 -0.17952
   0.32258  0.05111 -0.16585
   0.31625  0.05098 -0.18245
   0.30988  0.05089 -0.21218
   0.30343  0.05078 -0.23989
   0.29682  0.05061 -0.24236
   0.29002  0.05037 -0.22999
   0.28299  0.05009 -0.21823
   0.27579  0.04982 -0.21713
   0.26847  0.04954 -0.22142
   0.26108  0.04924 -0.22357
   0.25361  0.04892 -0.22267
   0.24607  0.04858 -0.22294
   0.23850  0.04823 -0.22416
   0.23092  0.04786 -0.22486
   0.22333  0.04747 -0.22592
   0.21574  0.04707 -0.22670
   0.20817  0.04664 -0.22880
   0.20063  0.04620 -0.22958
   0.19311  0.04574 -0.23068
   0.18563  0.04526 -0.23418
   0.17820  0.04475 -0.23422
   0.17081  0.04423 -0.23586
   0.16349  0.04368 -0.23864
   0.15624  0.04311 -0.23907
   0.14907  0.04251 -0.24193
   0.14200  0.04189 -0.24301
   0.13503  0.04125 -0.24447
   0.12818  0.04059 -0.24573
   0.12147  0.03990 -0.24650
   0.11493  0.03919 -0.24706
   0.10856  0.03847 -0.24768
   0.10240  0.03773 -0.24783
   0.09647  0.03699 -0.24943
   0.09078  0.03624 -0.25181
   0.08537  0.03550 -0.25113
   0.08024  0.03476 -0.25715
   0.07540  0.03403 -0.25967
   0.07085  0.03331 -0.26421
   0.06658  0.03261 -0.27787
   0.06257  0.03190 -0.27939
   0.05879  0.03120 -0.29156
   0.05523  0.03050 -0.29664
   0.05189  0.02978 -0.29559
   0.04873  0.02906 -0.29019
   0.04574  0.02833 -0.27995
   0.04291  0.02760 -0.27137
   0.04024  0.02687 -0.25710
   0.03771  0.02615 -0.24573
   0.03531  0.02543 -0.23862
   0.03305  0.02471 -0.21428
   0.03089  0.02399 -0.18454
   0.02884  0.02329 -0.16130
   0.02688  0.02260 -0.14642
   0.02502  0.02195 -0.14562
   0.02326  0.02131 -0.14502
   0.02159  0.02067 -0.14497
   0.02000  0.02005 -0.14015
   0.01849  0.01942 -0.13053
   0.01706  0.01880 -0.11329
   0.01569  0.01817 -0.08747
   0.01439  0.01754 -0.06595
   0.01314  0.01692 -0.04355
   0.01194  0.01630 -0.02424
   0.01080  0.01568 -0.00631
   0.00971  0.01507  0.01052
   0.00867  0.01445  0.03408
   0.00767  0.01383  0.04952
   0.00672  0.01321  0.07164
   0.00581  0.01258  0.08927
   0.00495  0.01194  0.11745
   0.00414  0.01128  0.13763
   0.00338  0.01061  0.16153
   0.00268  0.00990  0.19098
   0.00207  0.00914  0.30257
   0.00154  0.00835  0.39284
   0.00111  0.00752  0.51536
   0.00078  0.00665  0.65481
   0.00053  0.00577  0.76817
   0.00035  0.00489  0.85094
   0.00022  0.00400  0.90746
   0.00012  0.00312  0.94944
   0.00005  0.00224  0.97539
   0.00001  0.00137  0.99162
  -0.00000  0.00051  0.99927
   0.00001 -0.00034  0.99896
   0.00004 -0.00120  0.99139
   0.00010 -0.00206  0.97635
   0.00020 -0.00292  0.96190
   0.00027 -0.00380  0.92467
   0.00039 -0.00468  0.89417
   0.00054 -0.00556  0.85006
   0.00072 -0.00645  0.79569
   0.00092 -0.00735  0.73484
   0.00115 -0.00824  0.66289
   0.00142 -0.00914  0.57100
   0.00173 -0.01004  0.46867
   0.00207 -0.01094  0.35136
   0.00247 -0.01182  0.18630
   0.00292 -0.01269  0.10655
   0.00342 -0.01356 -0.21873
   0.00402 -0.01437 -0.28361
   0.00470 -0.01514 -0.39078
   0.00546 -0.01587 -0.42972
   0.00629 -0.01657 -0.46236
   0.00717 -0.01724 -0.47756
   0.00811 -0.01789 -0.49625
   0.00910 -0.01851 -0.49813
   0.01015 -0.01912 -0.49751
   0.01125 -0.01971 -0.50036
   0.01240 -0.02029 -0.49564
   0.01361 -0.02086 -0.49223
   0.01488 -0.02142 -0.48718
   0.01621 -0.02198 -0.47496
   0.01761 -0.02253 -0.46920
   0.01908 -0.02307 -0.45557
   0.02063 -0.02362 -0.45236
   0.02226 -0.02417 -0.44135
   0.02397 -0.02472 -0.42806
   0.02579 -0.02528 -0.42232
   0.02770 -0.02584 -0.41342
   0.02973 -0.02641 -0.40704
   0.03189 -0.02700 -0.40066
   0.03419 -0.02759 -0.39555
   0.03663 -0.02820 -0.38614
   0.03924 -0.02882 -0.38081
   0.04203 -0.02945 -0.37127
   0.04502 -0.03011 -0.36575
   0.04822 -0.03078 -0.36102
   0.05165 -0.03148 -0.35869
   0.05533 -0.03220 -0.35524
   0.05925 -0.03293 -0.35311
   0.06344 -0.03368 -0.34929
   0.06789 -0.03445 -0.34812
   0.07262 -0.03522 -0.34419
   0.07761 -0.03600 -0.34354
   0.08288 -0.03679 -0.34099
   0.08842 -0.03758 -0.33850
   0.09419 -0.03836 -0.33621
   0.10019 -0.03914 -0.33487
   0.10638 -0.03991 -0.33465
   0.11276 -0.04065 -0.33430
   0.11929 -0.04138 -0.33410
   0.12594 -0.04208 -0.33331
   0.13272 -0.04276 -0.33276
   0.13959 -0.04340 -0.33182
   0.14656 -0.04401 -0.32920
   0.15362 -0.04460 -0.32793
   0.16075 -0.04515 -0.32446
   0.16794 -0.04567 -0.32259
   0.17519 -0.04616 -0.31961
   0.18248 -0.04663 -0.31796
   0.18981 -0.04706 -0.31609
   0.19717 -0.04747 -0.31502
   0.20456 -0.04785 -0.31113
   0.21197 -0.04820 -0.31053
   0.21942 -0.04852 -0.30669
   0.22690 -0.04882 -0.30436
   0.23441 -0.04909 -0.29989
   0.24195 -0.04934 -0.29801
   0.24951 -0.04956 -0.29617
   0.25708 -0.04977 -0.29313
   0.26468 -0.04995 -0.29202
   0.27229 -0.05011 -0.28797
   0.27991 -0.05024 -0.28673
   0.28756 -0.05036 -0.28348
   0.29522 -0.05046 -0.28172
   0.30289 -0.05054 -0.28003
   0.31057 -0.05060 -0.27809
   0.31825 -0.05064 -0.27603
   0.32595 -0.05066 -0.27461
   0.33364 -0.05066 -0.27324
   0.34135 -0.05065 -0.27158
   0.34906 -0.05061 -0.27001
   0.35677 -0.05056 -0.26835
   0.36448 -0.05048 -0.26686
   0.37219 -0.05039 -0.26542
   0.37990 -0.05028 -0.26357
   0.38761 -0.05015 -0.26235
   0.39532 -0.05001 -0.26118
   0.40302 -0.04984 -0.25994
   0.41072 -0.04966 -0.25799
   0.41842 -0.04945 -0.25753
   0.42610 -0.04923 -0.25629
   0.43378 -0.04899 -0.25568
   0.44144 -0.04873 -0.25368
   0.44910 -0.04845 -0.25327
   0.45674 -0.04815 -0.25185
   0.46437 -0.04783 -0.25125
   0.47199 -0.04749 -0.24967
   0.47960 -0.04713 -0.24793
   0.48720 -0.04674 -0.24676
   0.49478 -0.04634 -0.24515
   0.50235 -0.04590 -0.24288
   0.50991 -0.04545 -0.24179
   0.51745 -0.04497 -0.23924
   0.52498 -0.04447 -0.23697
   0.53250 -0.04395 -0.23495
   0.54000 -0.04340 -0.23251
   0.54749 -0.04282 -0.22977
   0.55497 -0.04222 -0.22675
   0.56243 -0.04159 -0.22324
   0.56987 -0.04093 -0.22000
   0.57730 -0.04025 -0.21642
   0.58471 -0.03954 -0.21243
   0.59210 -0.03881 -0.20833
   0.59948 -0.03804 -0.20402
   0.60683 -0.03724 -0.19952
   0.61417 -0.03642 -0.19341
   0.62149 -0.03556 -0.18881
   0.62879 -0.03468 -0.18167
   0.63608 -0.03376 -0.17609
   0.64335 -0.03281 -0.16805
   0.65061 -0.03183 -0.16110
   0.65786 -0.03081 -0.15264
   0.66510 -0.02976 -0.14385
   0.67232 -0.02867 -0.13422
   0.67954 -0.02755 -0.12424
   0.68676 -0.02640 -0.11376
   0.69397 -0.02520 -0.10271
   0.70117 -0.02398 -0.09006
   0.70838 -0.02271 -0.07748
   0.71559 -0.02141 -0.06411
   0.72281 -0.02007 -0.04985
   0.73004 -0.01870 -0.03521
   0.73728 -0.01729 -0.01925
   0.74453 -0.01584 -0.00185
   0.75180 -0.01436  0.01440
   0.75910 -0.01284  0.03426
   0.76642 -0.01128  0.05218
   0.77378 -0.00969  0.07386
   0.78118 -0.00807  0.09259
   0.78863 -0.00642  0.11594
   0.79611 -0.00475  0.13665
   0.80361 -0.00306  0.16094
   0.81108 -0.00138  0.18373
   0.81847  0.00029  0.20663
   0.82574  0.00191  0.23026
   0.83289  0.00348  0.25216
   0.83991  0.00499  0.27258
   0.84680  0.00644  0.29218
   0.85358  0.00782  0.31153
   0.86023  0.00913  0.32772
   0.86676  0.01036  0.34621
   0.87316  0.01151  0.36035
   0.87944  0.01258  0.37665
   0.88561  0.01356  0.38843
   0.89167  0.01445  0.40060
   0.89763  0.01526  0.41132
   0.90349  0.01599  0.42086
   0.90927  0.01663  0.42861
   0.91493  0.01718  0.43816
   0.92047  0.01765  0.44407
   0.92588  0.01803  0.45222
   0.93120  0.01832  0.45581
   0.93644  0.01853  0.45660
   0.94160  0.01868  0.45948
   0.94662  0.01876  0.46644
   0.95140  0.01879  0.48171
   0.95595  0.01872  0.49138
   0.96030  0.01853  0.49642
   0.96456  0.01820  0.48146
   0.96881  0.01775  0.45393
   0.97308  0.01723  0.42681
   0.97733  0.01672  0.41461
   0.98147  0.01621  0.42770
   0.98549  0.01562  0.43458
   0.98945  0.01488  0.38936
   0.99342  0.01406  0.32466
   0.99738  0.01325  0.29928
   1.00000  0.01271  0.25411
