GRUMMAN K-2 AIRFOIL                             
 Alfa =  -1.28970 Re =        0.000 Xflap,Yflap =     0.000000    0.000000
#    x        y        Cp  
   1.00000  0.01371  0.25421
   0.99740  0.01444  0.09923
   0.99329  0.01549  0.06148
   0.98889  0.01657  0.04615
   0.98423  0.01772  0.00581
   0.97929  0.01890 -0.02915
   0.97409  0.02011 -0.05511
   0.96867  0.02135 -0.08548
   0.96305  0.02259 -0.11201
   0.95727  0.02381 -0.13366
   0.95131  0.02502 -0.15457
   0.94520  0.02620 -0.16964
   0.93893  0.02735 -0.18270
   0.93253  0.02848 -0.19392
   0.92600  0.02957 -0.20110
   0.91932  0.03065 -0.20715
   0.91254  0.03170 -0.21410
   0.90568  0.03272 -0.22271
   0.89876  0.03372 -0.23015
   0.89181  0.03467 -0.23824
   0.88484  0.03559 -0.24420
   0.87782  0.03647 -0.24684
   0.87073  0.03731 -0.24796
   0.86355  0.03812 -0.24907
   0.85628  0.03891 -0.24784
   0.84891  0.03968 -0.24696
   0.84146  0.04044 -0.24692
   0.83396  0.04117 -0.24684
   0.82645  0.04190 -0.25256
   0.81896  0.04260 -0.25747
   0.81149  0.04327 -0.26103
   0.80402  0.04391 -0.26356
   0.79655  0.04452 -0.26598
   0.78909  0.04510 -0.26818
   0.78162  0.04565 -0.26889
   0.77414  0.04617 -0.26843
   0.76665  0.04666 -0.26880
   0.75914  0.04713 -0.26758
   0.75161  0.04756 -0.26576
   0.74405  0.04798 -0.26404
   0.73646  0.04837 -0.26110
   0.72884  0.04874 -0.25868
   0.72118  0.04909 -0.25580
   0.71350  0.04943 -0.25248
   0.70580  0.04974 -0.25068
   0.69806  0.05004 -0.24768
   0.69030  0.05033 -0.24560
   0.68252  0.05060 -0.24353
   0.67473  0.05086 -0.24172
   0.66693  0.05111 -0.23953
   0.65911  0.05135 -0.23829
   0.65129  0.05157 -0.23678
   0.64347  0.05178 -0.23474
   0.63563  0.05197 -0.23363
   0.62779  0.05216 -0.23211
   0.61994  0.05233 -0.23004
   0.61208  0.05249 -0.22953
   0.60421  0.05264 -0.22700
   0.59633  0.05278 -0.22617
   0.58846  0.05291 -0.22495
   0.58058  0.05303 -0.22431
   0.57270  0.05314 -0.22308
   0.56482  0.05324 -0.22218
   0.55693  0.05333 -0.22108
   0.54904  0.05340 -0.22042
   0.54115  0.05347 -0.21899
   0.53326  0.05353 -0.21864
   0.52537  0.05358 -0.21728
   0.51748  0.05361 -0.21635
   0.50958  0.05364 -0.21606
   0.50169  0.05366 -0.21444
   0.49380  0.05367 -0.21479
   0.48590  0.05367 -0.21311
   0.47801  0.05366 -0.21346
   0.47012  0.05363 -0.21243
   0.46224  0.05360 -0.21166
   0.45437  0.05356 -0.21103
   0.44650  0.05351 -0.21048
   0.43864  0.05345 -0.20937
   0.43079  0.05338 -0.20912
   0.42295  0.05330 -0.20879
   0.41514  0.05321 -0.20840
   0.40737  0.05312 -0.20902
   0.39966  0.05301 -0.20837
   0.39202  0.05289 -0.20957
   0.38445  0.05276 -0.20661
   0.37694  0.05262 -0.20396
   0.36954  0.05249 -0.20294
   0.36229  0.05236 -0.21003
   0.35524  0.05223 -0.22082
   0.34842  0.05207 -0.22999
   0.34179  0.05185 -0.22119
   0.33530  0.05159 -0.19427
   0.32892  0.05132 -0.16758
   0.32258  0.05111 -0.15386
   0.31625  0.05098 -0.17013
   0.30988  0.05089 -0.19937
   0.30343  0.05078 -0.22657
   0.29682  0.05061 -0.22882
   0.29002  0.05037 -0.21636
   0.28299  0.05009 -0.20451
   0.27579  0.04982 -0.20317
   0.26847  0.04954 -0.20716
   0.26108  0.04924 -0.20903
   0.25361  0.04892 -0.20784
   0.24607  0.04858 -0.20781
   0.23850  0.04823 -0.20873
   0.23092  0.04786 -0.20907
   0.22333  0.04747 -0.20978
   0.21574  0.04707 -0.21021
   0.20817  0.04664 -0.21191
   0.20063  0.04620 -0.21229
   0.19311  0.04574 -0.21298
   0.18563  0.04526 -0.21599
   0.17820  0.04475 -0.21559
   0.17081  0.04423 -0.21672
   0.16349  0.04368 -0.21896
   0.15624  0.04311 -0.21887
   0.14907  0.04251 -0.22113
   0.14200  0.04189 -0.22160
   0.13503  0.04125 -0.22242
   0.12818  0.04059 -0.22300
   0.12147  0.03990 -0.22308
   0.11493  0.03919 -0.22290
   0.10856  0.03847 -0.22274
   0.10240  0.03773 -0.22209
   0.09647  0.03699 -0.22282
   0.09078  0.03624 -0.22429
   0.08537  0.03550 -0.22270
   0.08024  0.03476 -0.22765
   0.07540  0.03403 -0.22911
   0.07085  0.03331 -0.23256
   0.06658  0.03261 -0.24481
   0.06257  0.03190 -0.24523
   0.05879  0.03120 -0.25592
   0.05523  0.03050 -0.25971
   0.05189  0.02978 -0.25747
   0.04873  0.02906 -0.25099
   0.04574  0.02833 -0.23978
   0.04291  0.02760 -0.23016
   0.04024  0.02687 -0.21500
   0.03771  0.02615 -0.20263
   0.03531  0.02543 -0.19433
   0.03305  0.02471 -0.16941
   0.03089  0.02399 -0.13926
   0.02884  0.02329 -0.11545
   0.02688  0.02260 -0.09958
   0.02502  0.02195 -0.09722
   0.02326  0.02131 -0.09493
   0.02159  0.02067 -0.09312
   0.02000  0.02005 -0.08663
   0.01849  0.01942 -0.07545
   0.01706  0.01880 -0.05701
   0.01569  0.01817 -0.03030
   0.01439  0.01754 -0.00773
   0.01314  0.01692  0.01585
   0.01194  0.01630  0.03659
   0.01080  0.01568  0.05615
   0.00971  0.01507  0.07471
   0.00867  0.01445  0.09993
   0.00767  0.01383  0.11754
   0.00672  0.01321  0.14190
   0.00581  0.01258  0.16221
   0.00495  0.01194  0.19286
   0.00414  0.01128  0.21637
   0.00338  0.01061  0.24434
   0.00268  0.00990  0.27790
   0.00207  0.00914  0.38535
   0.00154  0.00835  0.47311
   0.00111  0.00752  0.58803
   0.00078  0.00665  0.71431
   0.00053  0.00577  0.81489
   0.00035  0.00489  0.88671
   0.00022  0.00400  0.93446
   0.00012  0.00312  0.96842
   0.00005  0.00224  0.98776
   0.00001  0.00137  0.99788
  -0.00000  0.00051  0.99966
   0.00001 -0.00034  0.99411
   0.00004 -0.00120  0.98117
   0.00010 -0.00206  0.96043
   0.00020 -0.00292  0.94400
   0.00027 -0.00380  0.89769
   0.00039 -0.00468  0.86382
   0.00054 -0.00556  0.81410
   0.00072 -0.00645  0.75383
   0.00092 -0.00735  0.68727
   0.00115 -0.00824  0.60922
   0.00142 -0.00914  0.51011
   0.00173 -0.01004  0.40034
   0.00207 -0.01094  0.27556
   0.00247 -0.01182  0.09946
   0.00292 -0.01269  0.01844
   0.00342 -0.01356 -0.32974
   0.00402 -0.01437 -0.39168
   0.00470 -0.01514 -0.50043
   0.00546 -0.01587 -0.53525
   0.00629 -0.01657 -0.56423
   0.00717 -0.01724 -0.57498
   0.00811 -0.01789 -0.58999
   0.00910 -0.01851 -0.58773
   0.01015 -0.01912 -0.58310
   0.01125 -0.01971 -0.58247
   0.01240 -0.02029 -0.57431
   0.01361 -0.02086 -0.56769
   0.01488 -0.02142 -0.55955
   0.01621 -0.02198 -0.54422
   0.01761 -0.02253 -0.53571
   0.01908 -0.02307 -0.51937
   0.02063 -0.02362 -0.51379
   0.02226 -0.02417 -0.50038
   0.02397 -0.02472 -0.48473
   0.02579 -0.02528 -0.47690
   0.02770 -0.02584 -0.46601
   0.02973 -0.02641 -0.45776
   0.03189 -0.02700 -0.44958
   0.03419 -0.02759 -0.44276
   0.03663 -0.02820 -0.43161
   0.03924 -0.02882 -0.42466
   0.04203 -0.02945 -0.41348
   0.04502 -0.03011 -0.40647
   0.04822 -0.03078 -0.40031
   0.05165 -0.03148 -0.39664
   0.05533 -0.03220 -0.39187
   0.05925 -0.03293 -0.38849
   0.06344 -0.03368 -0.38342
   0.06789 -0.03445 -0.38108
   0.07262 -0.03522 -0.37600
   0.07761 -0.03600 -0.37427
   0.08288 -0.03679 -0.37066
   0.08842 -0.03758 -0.36716
   0.09419 -0.03836 -0.36389
   0.10019 -0.03914 -0.36164
   0.10638 -0.03991 -0.36058
   0.11276 -0.04065 -0.35943
   0.11929 -0.04138 -0.35847
   0.12594 -0.04208 -0.35695
   0.13272 -0.04276 -0.35572
   0.13959 -0.04340 -0.35412
   0.14656 -0.04401 -0.35086
   0.15362 -0.04460 -0.34899
   0.16075 -0.04515 -0.34492
   0.16794 -0.04567 -0.34251
   0.17519 -0.04616 -0.33900
   0.18248 -0.04663 -0.33685
   0.18981 -0.04706 -0.33453
   0.19717 -0.04747 -0.33299
   0.20456 -0.04785 -0.32867
   0.21197 -0.04820 -0.32767
   0.21942 -0.04852 -0.32342
   0.22690 -0.04882 -0.32070
   0.23441 -0.04909 -0.31584
   0.24195 -0.04934 -0.31360
   0.24951 -0.04956 -0.31144
   0.25708 -0.04977 -0.30806
   0.26468 -0.04995 -0.30665
   0.27229 -0.05011 -0.30228
   0.27991 -0.05024 -0.30074
   0.28756 -0.05036 -0.29722
   0.29522 -0.05046 -0.29517
   0.30289 -0.05054 -0.29321
   0.31057 -0.05060 -0.29101
   0.31825 -0.05064 -0.28873
   0.32595 -0.05066 -0.28705
   0.33364 -0.05066 -0.28546
   0.34135 -0.05065 -0.28356
   0.34906 -0.05061 -0.28179
   0.35677 -0.05056 -0.27990
   0.36448 -0.05048 -0.27819
   0.37219 -0.05039 -0.27659
   0.37990 -0.05028 -0.27449
   0.38761 -0.05015 -0.27312
   0.39532 -0.05001 -0.27173
   0.40302 -0.04984 -0.27032
   0.41072 -0.04966 -0.26821
   0.41842 -0.04945 -0.26756
   0.42610 -0.04923 -0.26615
   0.43378 -0.04899 -0.26538
   0.44144 -0.04873 -0.26322
   0.44910 -0.04845 -0.26262
   0.45674 -0.04815 -0.26106
   0.46437 -0.04783 -0.26031
   0.47199 -0.04749 -0.25858
   0.47960 -0.04713 -0.25669
   0.48720 -0.04674 -0.25536
   0.49478 -0.04634 -0.25361
   0.50235 -0.04590 -0.25120
   0.50991 -0.04545 -0.24994
   0.51745 -0.04497 -0.24729
   0.52498 -0.04447 -0.24484
   0.53250 -0.04395 -0.24271
   0.54000 -0.04340 -0.24011
   0.54749 -0.04282 -0.23725
   0.55497 -0.04222 -0.23409
   0.56243 -0.04159 -0.23042
   0.56987 -0.04093 -0.22707
   0.57730 -0.04025 -0.22336
   0.58471 -0.03954 -0.21920
   0.59210 -0.03881 -0.21499
   0.59948 -0.03804 -0.21054
   0.60683 -0.03724 -0.20593
   0.61417 -0.03642 -0.19967
   0.62149 -0.03556 -0.19493
   0.62879 -0.03468 -0.18765
   0.63608 -0.03376 -0.18194
   0.64335 -0.03281 -0.17378
   0.65061 -0.03183 -0.16667
   0.65786 -0.03081 -0.15809
   0.66510 -0.02976 -0.14917
   0.67232 -0.02867 -0.13938
   0.67954 -0.02755 -0.12926
   0.68676 -0.02640 -0.11869
   0.69397 -0.02520 -0.10746
   0.70117 -0.02398 -0.09468
   0.70838 -0.02271 -0.08195
   0.71559 -0.02141 -0.06843
   0.72281 -0.02007 -0.05405
   0.73004 -0.01870 -0.03929
   0.73728 -0.01729 -0.02316
   0.74453 -0.01584 -0.00558
   0.75180 -0.01436  0.01076
   0.75910 -0.01284  0.03077
   0.76642 -0.01128  0.04887
   0.77378 -0.00969  0.07068
   0.78118 -0.00807  0.08954
   0.78863 -0.00642  0.11303
   0.79611 -0.00475  0.13390
   0.80361 -0.00306  0.15832
   0.81108 -0.00138  0.18126
   0.81847  0.00029  0.20426
   0.82574  0.00191  0.22804
   0.83289  0.00348  0.25006
   0.83991  0.00499  0.27060
   0.84680  0.00644  0.29030
   0.85358  0.00782  0.30972
   0.86023  0.00913  0.32603
   0.86676  0.01036  0.34463
   0.87316  0.01151  0.35876
   0.87944  0.01258  0.37522
   0.88561  0.01356  0.38706
   0.89167  0.01445  0.39928
   0.89763  0.01526  0.41009
   0.90349  0.01599  0.41964
   0.90927  0.01663  0.42746
   0.91493  0.01718  0.43711
   0.92047  0.01765  0.44299
   0.92588  0.01803  0.45126
   0.93120  0.01832  0.45486
   0.93644  0.01853  0.45570
   0.94160  0.01868  0.45862
   0.94662  0.01876  0.46556
   0.95140  0.01879  0.48096
   0.95595  0.01872  0.49063
   0.96030  0.01853  0.49572
   0.96456  0.01820  0.48081
   0.96881  0.01775  0.45323
   0.97308  0.01723  0.42614
   0.97733  0.01672  0.41396
   0.98147  0.01621  0.42715
   0.98549  0.01562  0.43409
   0.98945  0.01488  0.38885
   0.99342  0.01406  0.32416
   0.99738  0.01325  0.29887
   1.00000  0.01271  0.25421
