GRUMMAN K-2 AIRFOIL                             
 Alfa =  -1.32070 Re =        0.000 Xflap,Yflap =     0.000000    0.000000
#    x        y        Cp  
   1.00000  0.01371  0.25218
   0.99739  0.01444  0.09675
   0.99327  0.01550  0.06275
   0.98886  0.01658  0.04439
   0.98418  0.01773  0.00272
   0.97923  0.01891 -0.02680
   0.97401  0.02013 -0.05683
   0.96856  0.02137 -0.08465
   0.96293  0.02261 -0.11246
   0.95713  0.02384 -0.13549
   0.95115  0.02505 -0.15419
   0.94501  0.02623 -0.16939
   0.93873  0.02739 -0.18297
   0.93231  0.02852 -0.19393
   0.92575  0.02962 -0.20127
   0.91905  0.03069 -0.20695
   0.91224  0.03174 -0.21417
   0.90536  0.03277 -0.22279
   0.89842  0.03376 -0.23024
   0.89145  0.03472 -0.23805
   0.88446  0.03564 -0.24338
   0.87741  0.03652 -0.24743
   0.87030  0.03736 -0.24791
   0.86310  0.03817 -0.24784
   0.85580  0.03897 -0.24742
   0.84840  0.03974 -0.24659
   0.84093  0.04049 -0.24668
   0.83341  0.04123 -0.24710
   0.82588  0.04195 -0.25167
   0.81837  0.04265 -0.25761
   0.81087  0.04332 -0.26017
   0.80338  0.04396 -0.26342
   0.79590  0.04457 -0.26590
   0.78841  0.04515 -0.26691
   0.78092  0.04570 -0.26844
   0.77342  0.04622 -0.26812
   0.76591  0.04671 -0.26813
   0.75838  0.04717 -0.26692
   0.75082  0.04761 -0.26563
   0.74324  0.04802 -0.26173
   0.73562  0.04841 -0.26041
   0.72798  0.04878 -0.25705
   0.72030  0.04913 -0.25485
   0.71260  0.04946 -0.25201
   0.70486  0.04978 -0.24939
   0.69710  0.05008 -0.24664
   0.68932  0.05037 -0.24441
   0.68152  0.05064 -0.24207
   0.67370  0.05090 -0.24109
   0.66588  0.05114 -0.23828
   0.65804  0.05138 -0.23715
   0.65020  0.05160 -0.23534
   0.64235  0.05180 -0.23368
   0.63449  0.05200 -0.23279
   0.62662  0.05218 -0.23050
   0.61875  0.05235 -0.22933
   0.61086  0.05251 -0.22770
   0.60297  0.05266 -0.22586
   0.59508  0.05280 -0.22517
   0.58718  0.05293 -0.22425
   0.57928  0.05305 -0.22284
   0.57138  0.05316 -0.22169
   0.56347  0.05325 -0.22078
   0.55556  0.05334 -0.22019
   0.54765  0.05342 -0.21882
   0.53974  0.05348 -0.21770
   0.53183  0.05354 -0.21681
   0.52391  0.05358 -0.21648
   0.51600  0.05362 -0.21492
   0.50808  0.05365 -0.21468
   0.50017  0.05366 -0.21362
   0.49225  0.05367 -0.21249
   0.48434  0.05366 -0.21240
   0.47642  0.05365 -0.21148
   0.46852  0.05363 -0.21096
   0.46062  0.05360 -0.20985
   0.45272  0.05355 -0.21034
   0.44483  0.05350 -0.20860
   0.43695  0.05344 -0.20814
   0.42908  0.05336 -0.20724
   0.42122  0.05328 -0.20734
   0.41340  0.05319 -0.20655
   0.40562  0.05309 -0.20758
   0.39791  0.05299 -0.20725
   0.39026  0.05286 -0.20750
   0.38268  0.05273 -0.20501
   0.37518  0.05259 -0.20146
   0.36779  0.05245 -0.20241
   0.36056  0.05233 -0.21026
   0.35355  0.05219 -0.22188
   0.34675  0.05202 -0.22861
   0.34015  0.05179 -0.21370
   0.33367  0.05152 -0.18544
   0.32729  0.05126 -0.16011
   0.32094  0.05107 -0.15304
   0.31459  0.05095 -0.17599
   0.30818  0.05086 -0.20622
   0.30168  0.05074 -0.22774
   0.29501  0.05055 -0.22383
   0.28812  0.05029 -0.21038
   0.28102  0.05002 -0.20097
   0.27376  0.04974 -0.20282
   0.26640  0.04946 -0.20559
   0.25896  0.04915 -0.20644
   0.25145  0.04883 -0.20615
   0.24388  0.04848 -0.20578
   0.23629  0.04812 -0.20638
   0.22868  0.04775 -0.20695
   0.22107  0.04735 -0.20792
   0.21346  0.04694 -0.20822
   0.20588  0.04651 -0.20929
   0.19832  0.04606 -0.20998
   0.19079  0.04559 -0.21131
   0.18331  0.04510 -0.21323
   0.17587  0.04459 -0.21274
   0.16848  0.04405 -0.21547
   0.16116  0.04350 -0.21567
   0.15392  0.04292 -0.21646
   0.14676  0.04231 -0.21899
   0.13969  0.04168 -0.21786
   0.13274  0.04103 -0.21981
   0.12592  0.04036 -0.21933
   0.11925  0.03966 -0.21982
   0.11274  0.03895 -0.21918
   0.10643  0.03821 -0.21879
   0.10032  0.03747 -0.21920
   0.09446  0.03673 -0.21843
   0.08886  0.03598 -0.22020
   0.08353  0.03523 -0.22046
   0.07849  0.03450 -0.22307
   0.07373  0.03377 -0.22782
   0.06927  0.03305 -0.22907
   0.06509  0.03235 -0.24076
   0.06115  0.03165 -0.24501
   0.05745  0.03095 -0.25170
   0.05396  0.03023 -0.25521
   0.05068  0.02952 -0.25011
   0.04758  0.02879 -0.24150
   0.04465  0.02805 -0.23043
   0.04187  0.02732 -0.21826
   0.03925  0.02659 -0.20342
   0.03676  0.02587 -0.19400
   0.03441  0.02515 -0.17891
   0.03218  0.02442 -0.15132
   0.03006  0.02371 -0.12319
   0.02804  0.02301 -0.09994
   0.02612  0.02234 -0.09160
   0.02429  0.02168 -0.08964
   0.02256  0.02105 -0.08571
   0.02092  0.02042 -0.08362
   0.01936  0.01979 -0.07569
   0.01788  0.01916 -0.06015
   0.01648  0.01853 -0.03834
   0.01513  0.01790 -0.01229
   0.01385  0.01728  0.01096
   0.01262  0.01665  0.03577
   0.01145  0.01603  0.05133
   0.01032  0.01542  0.07206
   0.00925  0.01480  0.09757
   0.00822  0.01418  0.11399
   0.00724  0.01356  0.14179
   0.00631  0.01293  0.16074
   0.00542  0.01229  0.18407
   0.00458  0.01164  0.21610
   0.00379  0.01098  0.23870
   0.00305  0.01029  0.27272
   0.00239  0.00956  0.31823
   0.00182  0.00878  0.45702
   0.00133  0.00797  0.52345
   0.00094  0.00712  0.66117
   0.00065  0.00624  0.77154
   0.00044  0.00536  0.85847
   0.00028  0.00447  0.91516
   0.00016  0.00358  0.95620
   0.00008  0.00270  0.98033
   0.00003  0.00182  0.99479
   0.00000  0.00095  0.99996
  -0.00000  0.00009  0.99704
   0.00003 -0.00076  0.98775
   0.00006 -0.00163  0.96833
   0.00015 -0.00249  0.95159
   0.00023 -0.00336  0.91788
   0.00032 -0.00424  0.87695
   0.00047 -0.00512  0.83467
   0.00063 -0.00601  0.77905
   0.00082 -0.00691  0.71488
   0.00104 -0.00781  0.64150
   0.00129 -0.00871  0.54902
   0.00157 -0.00961  0.44566
   0.00190 -0.01051  0.32768
   0.00227 -0.01140  0.17352
   0.00270 -0.01228  0.04384
   0.00318 -0.01315 -0.16721
   0.00373 -0.01400 -0.39983
   0.00438 -0.01479 -0.47236
   0.00511 -0.01554 -0.54026
   0.00590 -0.01626 -0.56637
   0.00676 -0.01694 -0.58538
   0.00768 -0.01760 -0.59659
   0.00865 -0.01823 -0.60040
   0.00967 -0.01885 -0.60558
   0.01075 -0.01945 -0.58980
   0.01188 -0.02004 -0.59411
   0.01307 -0.02061 -0.58050
   0.01432 -0.02118 -0.57376
   0.01563 -0.02174 -0.56442
   0.01700 -0.02229 -0.54636
   0.01845 -0.02284 -0.53651
   0.01996 -0.02339 -0.52596
   0.02156 -0.02394 -0.51372
   0.02324 -0.02449 -0.50008
   0.02502 -0.02504 -0.48880
   0.02690 -0.02561 -0.47955
   0.02888 -0.02618 -0.46828
   0.03099 -0.02676 -0.45938
   0.03324 -0.02735 -0.45246
   0.03563 -0.02795 -0.44254
   0.03818 -0.02857 -0.43393
   0.04090 -0.02920 -0.42445
   0.04382 -0.02985 -0.41545
   0.04694 -0.03052 -0.40776
   0.05029 -0.03121 -0.40489
   0.05388 -0.03192 -0.39824
   0.05772 -0.03265 -0.39531
   0.06181 -0.03340 -0.39052
   0.06618 -0.03416 -0.38635
   0.07081 -0.03493 -0.38290
   0.07572 -0.03571 -0.37921
   0.08090 -0.03650 -0.37591
   0.08636 -0.03729 -0.37307
   0.09206 -0.03808 -0.36940
   0.09799 -0.03886 -0.36590
   0.10414 -0.03963 -0.36537
   0.11047 -0.04039 -0.36303
   0.11696 -0.04113 -0.36245
   0.12360 -0.04184 -0.36127
   0.13035 -0.04253 -0.35982
   0.13721 -0.04318 -0.35780
   0.14417 -0.04381 -0.35533
   0.15121 -0.04440 -0.35219
   0.15834 -0.04497 -0.34939
   0.16553 -0.04550 -0.34643
   0.17278 -0.04600 -0.34330
   0.18008 -0.04648 -0.34009
   0.18742 -0.04692 -0.33848
   0.19479 -0.04734 -0.33560
   0.20219 -0.04773 -0.33343
   0.20962 -0.04809 -0.32957
   0.21707 -0.04842 -0.32764
   0.22456 -0.04873 -0.32362
   0.23208 -0.04901 -0.32003
   0.23964 -0.04926 -0.31629
   0.24721 -0.04950 -0.31427
   0.25481 -0.04971 -0.31153
   0.26241 -0.04990 -0.30881
   0.27004 -0.05006 -0.30578
   0.27768 -0.05021 -0.30338
   0.28534 -0.05033 -0.30012
   0.29302 -0.05043 -0.29778
   0.30071 -0.05052 -0.29546
   0.30841 -0.05058 -0.29346
   0.31611 -0.05063 -0.29174
   0.32382 -0.05066 -0.28952
   0.33154 -0.05066 -0.28709
   0.33927 -0.05065 -0.28607
   0.34699 -0.05062 -0.28345
   0.35472 -0.05057 -0.28209
   0.36246 -0.05051 -0.28041
   0.37019 -0.05042 -0.27884
   0.37793 -0.05031 -0.27638
   0.38566 -0.05019 -0.27549
   0.39339 -0.05004 -0.27351
   0.40111 -0.04988 -0.27194
   0.40883 -0.04970 -0.27021
   0.41655 -0.04951 -0.26930
   0.42426 -0.04929 -0.26784
   0.43196 -0.04905 -0.26681
   0.43965 -0.04880 -0.26527
   0.44733 -0.04852 -0.26418
   0.45499 -0.04823 -0.26297
   0.46265 -0.04791 -0.26122
   0.47029 -0.04757 -0.26029
   0.47793 -0.04721 -0.25841
   0.48555 -0.04683 -0.25676
   0.49315 -0.04642 -0.25508
   0.50075 -0.04600 -0.25349
   0.50833 -0.04555 -0.25087
   0.51589 -0.04507 -0.24924
   0.52345 -0.04458 -0.24639
   0.53099 -0.04405 -0.24444
   0.53851 -0.04351 -0.24132
   0.54603 -0.04293 -0.23883
   0.55353 -0.04234 -0.23614
   0.56101 -0.04171 -0.23195
   0.56848 -0.04106 -0.22899
   0.57593 -0.04038 -0.22493
   0.58337 -0.03967 -0.22099
   0.59078 -0.03894 -0.21696
   0.59818 -0.03818 -0.21202
   0.60556 -0.03738 -0.20739
   0.61292 -0.03656 -0.20216
   0.62026 -0.03571 -0.19619
   0.62759 -0.03483 -0.19025
   0.63490 -0.03391 -0.18263
   0.64220 -0.03296 -0.17661
   0.64948 -0.03198 -0.16844
   0.65674 -0.03097 -0.16040
   0.66400 -0.02992 -0.15109
   0.67125 -0.02883 -0.14156
   0.67849 -0.02772 -0.13185
   0.68572 -0.02656 -0.12059
   0.69295 -0.02537 -0.10981
   0.70018 -0.02415 -0.09676
   0.70741 -0.02288 -0.08445
   0.71464 -0.02159 -0.07106
   0.72188 -0.02025 -0.05608
   0.72912 -0.01888 -0.04203
   0.73638 -0.01747 -0.02507
   0.74365 -0.01602 -0.00938
   0.75094 -0.01453  0.00928
   0.75826 -0.01301  0.02725
   0.76560 -0.01146  0.04692
   0.77297 -0.00987  0.06657
   0.78039 -0.00825  0.08814
   0.78785 -0.00659  0.10927
   0.79535 -0.00492  0.13246
   0.80287 -0.00323  0.15532
   0.81037 -0.00154  0.17764
   0.81778  0.00013  0.20284
   0.82509  0.00176  0.22601
   0.83227  0.00334  0.24754
   0.83932  0.00486  0.26828
   0.84624  0.00632  0.28870
   0.85304  0.00771  0.30713
   0.85972  0.00903  0.32606
   0.86628  0.01027  0.34226
   0.87271  0.01143  0.35833
   0.87902  0.01251  0.37335
   0.88521  0.01350  0.38608
   0.89129  0.01440  0.39888
   0.89727  0.01522  0.40868
   0.90316  0.01595  0.41918
   0.90895  0.01659  0.42804
   0.91464  0.01715  0.43542
   0.92020  0.01763  0.44381
   0.92564  0.01802  0.44961
   0.93097  0.01831  0.45422
   0.93623  0.01853  0.45734
   0.94141  0.01867  0.45685
   0.94645  0.01876  0.46710
   0.95125  0.01879  0.47878
   0.95581  0.01873  0.49140
   0.96019  0.01854  0.49552
   0.96446  0.01821  0.48047
   0.96872  0.01776  0.45427
   0.97300  0.01724  0.42572
   0.97726  0.01672  0.41543
   0.98142  0.01621  0.42803
   0.98545  0.01563  0.43239
   0.98942  0.01489  0.38719
   0.99340  0.01406  0.32673
   0.99738  0.01325  0.29807
   1.00000  0.01271  0.25218
