GRUMMAN K-2 AIRFOIL                             
 Alfa =  -1.16500 Re =        0.000 Xflap,Yflap =     0.000000    0.000000
#    x        y        Cp  
   1.00000  0.01371  0.25415
   0.99740  0.01444  0.09907
   0.99329  0.01549  0.06126
   0.98889  0.01657  0.04578
   0.98423  0.01772  0.00531
   0.97929  0.01890 -0.02972
   0.97409  0.02011 -0.05575
   0.96867  0.02135 -0.08626
   0.96305  0.02259 -0.11286
   0.95727  0.02381 -0.13459
   0.95131  0.02502 -0.15562
   0.94520  0.02620 -0.17079
   0.93893  0.02735 -0.18394
   0.93253  0.02848 -0.19524
   0.92600  0.02957 -0.20247
   0.91932  0.03065 -0.20865
   0.91254  0.03170 -0.21563
   0.90568  0.03272 -0.22437
   0.89876  0.03372 -0.23185
   0.89181  0.03467 -0.24004
   0.88484  0.03559 -0.24608
   0.87782  0.03647 -0.24878
   0.87073  0.03731 -0.24998
   0.86355  0.03812 -0.25117
   0.85628  0.03891 -0.24996
   0.84891  0.03968 -0.24920
   0.84146  0.04044 -0.24919
   0.83396  0.04117 -0.24920
   0.82645  0.04190 -0.25497
   0.81896  0.04260 -0.25997
   0.81149  0.04327 -0.26362
   0.80402  0.04391 -0.26619
   0.79655  0.04452 -0.26872
   0.78909  0.04510 -0.27093
   0.78162  0.04565 -0.27177
   0.77414  0.04617 -0.27135
   0.76665  0.04666 -0.27182
   0.75914  0.04713 -0.27063
   0.75161  0.04756 -0.26887
   0.74405  0.04798 -0.26718
   0.73646  0.04837 -0.26434
   0.72884  0.04874 -0.26196
   0.72118  0.04909 -0.25914
   0.71350  0.04943 -0.25589
   0.70580  0.04974 -0.25414
   0.69806  0.05004 -0.25117
   0.69030  0.05033 -0.24920
   0.68252  0.05060 -0.24714
   0.67473  0.05086 -0.24544
   0.66693  0.05111 -0.24329
   0.65911  0.05135 -0.24209
   0.65129  0.05157 -0.24068
   0.64347  0.05178 -0.23869
   0.63563  0.05197 -0.23764
   0.62779  0.05216 -0.23619
   0.61994  0.05233 -0.23420
   0.61208  0.05249 -0.23372
   0.60421  0.05264 -0.23127
   0.59633  0.05278 -0.23051
   0.58846  0.05291 -0.22936
   0.58058  0.05303 -0.22880
   0.57270  0.05314 -0.22762
   0.56482  0.05324 -0.22678
   0.55693  0.05333 -0.22576
   0.54904  0.05340 -0.22518
   0.54115  0.05347 -0.22382
   0.53326  0.05353 -0.22354
   0.52537  0.05358 -0.22225
   0.51748  0.05361 -0.22142
   0.50958  0.05364 -0.22119
   0.50169  0.05366 -0.21965
   0.49380  0.05367 -0.22008
   0.48590  0.05367 -0.21848
   0.47801  0.05366 -0.21892
   0.47012  0.05363 -0.21796
   0.46224  0.05360 -0.21729
   0.45437  0.05356 -0.21674
   0.44650  0.05351 -0.21628
   0.43864  0.05345 -0.21525
   0.43079  0.05338 -0.21510
   0.42295  0.05330 -0.21486
   0.41514  0.05321 -0.21457
   0.40737  0.05312 -0.21529
   0.39966  0.05301 -0.21476
   0.39202  0.05289 -0.21604
   0.38445  0.05276 -0.21319
   0.37694  0.05262 -0.21061
   0.36954  0.05249 -0.20969
   0.36229  0.05236 -0.21694
   0.35524  0.05223 -0.22791
   0.34842  0.05207 -0.23721
   0.34179  0.05185 -0.22849
   0.33530  0.05159 -0.20150
   0.32892  0.05132 -0.17475
   0.32258  0.05111 -0.16105
   0.31625  0.05098 -0.17752
   0.30988  0.05089 -0.20706
   0.30343  0.05078 -0.23456
   0.29682  0.05061 -0.23694
   0.29002  0.05037 -0.22454
   0.28299  0.05009 -0.21275
   0.27579  0.04982 -0.21154
   0.26847  0.04954 -0.21572
   0.26108  0.04924 -0.21775
   0.25361  0.04892 -0.21673
   0.24607  0.04858 -0.21688
   0.23850  0.04823 -0.21799
   0.23092  0.04786 -0.21854
   0.22333  0.04747 -0.21946
   0.21574  0.04707 -0.22010
   0.20817  0.04664 -0.22204
   0.20063  0.04620 -0.22266
   0.19311  0.04574 -0.22360
   0.18563  0.04526 -0.22690
   0.17820  0.04475 -0.22676
   0.17081  0.04423 -0.22820
   0.16349  0.04368 -0.23076
   0.15624  0.04311 -0.23098
   0.14907  0.04251 -0.23360
   0.14200  0.04189 -0.23444
   0.13503  0.04125 -0.23564
   0.12818  0.04059 -0.23663
   0.12147  0.03990 -0.23711
   0.11493  0.03919 -0.23738
   0.10856  0.03847 -0.23769
   0.10240  0.03773 -0.23751
   0.09647  0.03699 -0.23877
   0.09078  0.03624 -0.24078
   0.08537  0.03550 -0.23973
   0.08024  0.03476 -0.24532
   0.07540  0.03403 -0.24741
   0.07085  0.03331 -0.25152
   0.06658  0.03261 -0.26461
   0.06257  0.03190 -0.26569
   0.05879  0.03120 -0.27726
   0.05523  0.03050 -0.28182
   0.05189  0.02978 -0.28029
   0.04873  0.02906 -0.27446
   0.04574  0.02833 -0.26382
   0.04291  0.02760 -0.25482
   0.04024  0.02687 -0.24019
   0.03771  0.02615 -0.22842
   0.03531  0.02543 -0.22082
   0.03305  0.02471 -0.19626
   0.03089  0.02399 -0.16634
   0.02884  0.02329 -0.14287
   0.02688  0.02260 -0.12759
   0.02502  0.02195 -0.12616
   0.02326  0.02131 -0.12487
   0.02159  0.02067 -0.12411
   0.02000  0.02005 -0.11861
   0.01849  0.01942 -0.10836
   0.01706  0.01880 -0.09063
   0.01569  0.01817 -0.06444
   0.01439  0.01754 -0.04249
   0.01314  0.01692 -0.01961
   0.01194  0.01630  0.00029
   0.01080  0.01568  0.01889
   0.00971  0.01507  0.03643
   0.00867  0.01445  0.06067
   0.00767  0.01383  0.07700
   0.00672  0.01321  0.10005
   0.00581  0.01258  0.11878
   0.00495  0.01194  0.14798
   0.00414  0.01128  0.16954
   0.00338  0.01061  0.19514
   0.00268  0.00990  0.22631
   0.00207  0.00914  0.33627
   0.00154  0.00835  0.42560
   0.00111  0.00752  0.54511
   0.00078  0.00665  0.67926
   0.00053  0.00577  0.78747
   0.00035  0.00489  0.86582
   0.00022  0.00400  0.91881
   0.00012  0.00312  0.95756
   0.00005  0.00224  0.98084
   0.00001  0.00137  0.99462
  -0.00000  0.00051  0.99992
   0.00001 -0.00034  0.99750
   0.00004 -0.00120  0.98778
   0.00010 -0.00206  0.97048
   0.00020 -0.00292  0.95516
   0.00027 -0.00380  0.91438
   0.00039 -0.00468  0.88250
   0.00054 -0.00556  0.83616
   0.00072 -0.00645  0.77943
   0.00092 -0.00735  0.71630
   0.00115 -0.00824  0.64192
   0.00142 -0.00914  0.54715
   0.00173 -0.01004  0.44186
   0.00207 -0.01094  0.32157
   0.00247 -0.01182  0.15213
   0.00292 -0.01269  0.07183
   0.00342 -0.01356 -0.26251
   0.00402 -0.01437 -0.32627
   0.00470 -0.01514 -0.43410
   0.00546 -0.01587 -0.47144
   0.00629 -0.01657 -0.50266
   0.00717 -0.01724 -0.51612
   0.00811 -0.01789 -0.53337
   0.00910 -0.01851 -0.53363
   0.01015 -0.01912 -0.53143
   0.01125 -0.01971 -0.53291
   0.01240 -0.02029 -0.52684
   0.01361 -0.02086 -0.52217
   0.01488 -0.02142 -0.51590
   0.01621 -0.02198 -0.50245
   0.01761 -0.02253 -0.49561
   0.01908 -0.02307 -0.48091
   0.02063 -0.02362 -0.47676
   0.02226 -0.02417 -0.46480
   0.02397 -0.02472 -0.45058
   0.02579 -0.02528 -0.44401
   0.02770 -0.02584 -0.43433
   0.02973 -0.02641 -0.42721
   0.03189 -0.02700 -0.42011
   0.03419 -0.02759 -0.41433
   0.03663 -0.02820 -0.40423
   0.03924 -0.02882 -0.39825
   0.04203 -0.02945 -0.38807
   0.04502 -0.03011 -0.38196
   0.04822 -0.03078 -0.37666
   0.05165 -0.03148 -0.37379
   0.05533 -0.03220 -0.36982
   0.05925 -0.03293 -0.36720
   0.06344 -0.03368 -0.36288
   0.06789 -0.03445 -0.36124
   0.07262 -0.03522 -0.35686
   0.07761 -0.03600 -0.35578
   0.08288 -0.03679 -0.35282
   0.08842 -0.03758 -0.34992
   0.09419 -0.03836 -0.34724
   0.10019 -0.03914 -0.34554
   0.10638 -0.03991 -0.34498
   0.11276 -0.04065 -0.34431
   0.11929 -0.04138 -0.34382
   0.12594 -0.04208 -0.34274
   0.13272 -0.04276 -0.34192
   0.13959 -0.04340 -0.34071
   0.14656 -0.04401 -0.33784
   0.15362 -0.04460 -0.33633
   0.16075 -0.04515 -0.33262
   0.16794 -0.04567 -0.33054
   0.17519 -0.04616 -0.32734
   0.18248 -0.04663 -0.32549
   0.18981 -0.04706 -0.32344
   0.19717 -0.04747 -0.32219
   0.20456 -0.04785 -0.31813
   0.21197 -0.04820 -0.31737
   0.21942 -0.04852 -0.31337
   0.22690 -0.04882 -0.31089
   0.23441 -0.04909 -0.30626
   0.24195 -0.04934 -0.30423
   0.24951 -0.04956 -0.30226
   0.25708 -0.04977 -0.29909
   0.26468 -0.04995 -0.29786
   0.27229 -0.05011 -0.29368
   0.27991 -0.05024 -0.29232
   0.28756 -0.05036 -0.28897
   0.29522 -0.05046 -0.28709
   0.30289 -0.05054 -0.28529
   0.31057 -0.05060 -0.28325
   0.31825 -0.05064 -0.28110
   0.32595 -0.05066 -0.27958
   0.33364 -0.05066 -0.27812
   0.34135 -0.05065 -0.27637
   0.34906 -0.05061 -0.27471
   0.35677 -0.05056 -0.27296
   0.36448 -0.05048 -0.27139
   0.37219 -0.05039 -0.26988
   0.37990 -0.05028 -0.26793
   0.38761 -0.05015 -0.26665
   0.39532 -0.05001 -0.26539
   0.40302 -0.04984 -0.26409
   0.41072 -0.04966 -0.26208
   0.41842 -0.04945 -0.26153
   0.42610 -0.04923 -0.26023
   0.43378 -0.04899 -0.25956
   0.44144 -0.04873 -0.25749
   0.44910 -0.04845 -0.25701
   0.45674 -0.04815 -0.25553
   0.46437 -0.04783 -0.25487
   0.47199 -0.04749 -0.25323
   0.47960 -0.04713 -0.25143
   0.48720 -0.04674 -0.25019
   0.49478 -0.04634 -0.24853
   0.50235 -0.04590 -0.24620
   0.50991 -0.04545 -0.24505
   0.51745 -0.04497 -0.24246
   0.52498 -0.04447 -0.24012
   0.53250 -0.04395 -0.23805
   0.54000 -0.04340 -0.23554
   0.54749 -0.04282 -0.23276
   0.55497 -0.04222 -0.22968
   0.56243 -0.04159 -0.22611
   0.56987 -0.04093 -0.22282
   0.57730 -0.04025 -0.21919
   0.58471 -0.03954 -0.21513
   0.59210 -0.03881 -0.21099
   0.59948 -0.03804 -0.20663
   0.60683 -0.03724 -0.20208
   0.61417 -0.03642 -0.19591
   0.62149 -0.03556 -0.19125
   0.62879 -0.03468 -0.18406
   0.63608 -0.03376 -0.17843
   0.64335 -0.03281 -0.17034
   0.65061 -0.03183 -0.16332
   0.65786 -0.03081 -0.15482
   0.66510 -0.02976 -0.14598
   0.67232 -0.02867 -0.13629
   0.67954 -0.02755 -0.12625
   0.68676 -0.02640 -0.11573
   0.69397 -0.02520 -0.10461
   0.70117 -0.02398 -0.09191
   0.70838 -0.02271 -0.07927
   0.71559 -0.02141 -0.06584
   0.72281 -0.02007 -0.05153
   0.73004 -0.01870 -0.03684
   0.73728 -0.01729 -0.02082
   0.74453 -0.01584 -0.00334
   0.75180 -0.01436  0.01294
   0.75910 -0.01284  0.03287
   0.76642 -0.01128  0.05085
   0.77378 -0.00969  0.07258
   0.78118 -0.00807  0.09137
   0.78863 -0.00642  0.11478
   0.79611 -0.00475  0.13555
   0.80361 -0.00306  0.15989
   0.81108 -0.00138  0.18274
   0.81847  0.00029  0.20568
   0.82574  0.00191  0.22937
   0.83289  0.00348  0.25132
   0.83991  0.00499  0.27178
   0.84680  0.00644  0.29143
   0.85358  0.00782  0.31080
   0.86023  0.00913  0.32705
   0.86676  0.01036  0.34558
   0.87316  0.01151  0.35971
   0.87944  0.01258  0.37608
   0.88561  0.01356  0.38788
   0.89167  0.01445  0.40007
   0.89763  0.01526  0.41083
   0.90349  0.01599  0.42037
   0.90927  0.01663  0.42815
   0.91493  0.01718  0.43774
   0.92047  0.01765  0.44364
   0.92588  0.01803  0.45183
   0.93120  0.01832  0.45543
   0.93644  0.01853  0.45624
   0.94160  0.01868  0.45913
   0.94662  0.01876  0.46609
   0.95140  0.01879  0.48141
   0.95595  0.01872  0.49108
   0.96030  0.01853  0.49614
   0.96456  0.01820  0.48120
   0.96881  0.01775  0.45365
   0.97308  0.01723  0.42654
   0.97733  0.01672  0.41434
   0.98147  0.01621  0.42748
   0.98549  0.01562  0.43439
   0.98945  0.01488  0.38915
   0.99342  0.01406  0.32446
   0.99738  0.01325  0.29911
   1.00000  0.01271  0.25415
