GRUMMAN K-2 AIRFOIL                             
 Alfa =  -1.32890 Re =        0.000 Xflap,Yflap =     0.000000    0.000000
#    x        y        Cp  
   1.00000  0.01371  0.25218
   0.99739  0.01444  0.09676
   0.99327  0.01550  0.06277
   0.98886  0.01658  0.04442
   0.98418  0.01773  0.00276
   0.97923  0.01891 -0.02676
   0.97401  0.02013 -0.05678
   0.96856  0.02137 -0.08459
   0.96293  0.02261 -0.11241
   0.95713  0.02384 -0.13542
   0.95115  0.02505 -0.15412
   0.94501  0.02623 -0.16932
   0.93873  0.02739 -0.18289
   0.93231  0.02852 -0.19384
   0.92575  0.02962 -0.20118
   0.91905  0.03069 -0.20686
   0.91224  0.03174 -0.21406
   0.90536  0.03277 -0.22268
   0.89842  0.03376 -0.23012
   0.89145  0.03472 -0.23793
   0.88446  0.03564 -0.24326
   0.87741  0.03652 -0.24730
   0.87030  0.03736 -0.24778
   0.86310  0.03817 -0.24770
   0.85580  0.03897 -0.24727
   0.84840  0.03974 -0.24644
   0.84093  0.04049 -0.24653
   0.83341  0.04123 -0.24695
   0.82588  0.04195 -0.25151
   0.81837  0.04265 -0.25745
   0.81087  0.04332 -0.26000
   0.80338  0.04396 -0.26324
   0.79590  0.04457 -0.26572
   0.78841  0.04515 -0.26673
   0.78092  0.04570 -0.26825
   0.77342  0.04622 -0.26793
   0.76591  0.04671 -0.26794
   0.75838  0.04717 -0.26672
   0.75082  0.04761 -0.26543
   0.74324  0.04802 -0.26152
   0.73562  0.04841 -0.26019
   0.72798  0.04878 -0.25683
   0.72030  0.04913 -0.25463
   0.71260  0.04946 -0.25178
   0.70486  0.04978 -0.24917
   0.69710  0.05008 -0.24641
   0.68932  0.05037 -0.24418
   0.68152  0.05064 -0.24183
   0.67370  0.05090 -0.24085
   0.66588  0.05114 -0.23803
   0.65804  0.05138 -0.23690
   0.65020  0.05160 -0.23508
   0.64235  0.05180 -0.23342
   0.63449  0.05200 -0.23252
   0.62662  0.05218 -0.23023
   0.61875  0.05235 -0.22906
   0.61086  0.05251 -0.22742
   0.60297  0.05266 -0.22557
   0.59508  0.05280 -0.22489
   0.58718  0.05293 -0.22395
   0.57928  0.05305 -0.22254
   0.57138  0.05316 -0.22139
   0.56347  0.05325 -0.22047
   0.55556  0.05334 -0.21989
   0.54765  0.05342 -0.21851
   0.53974  0.05348 -0.21738
   0.53183  0.05354 -0.21649
   0.52391  0.05358 -0.21615
   0.51600  0.05362 -0.21459
   0.50808  0.05365 -0.21434
   0.50017  0.05366 -0.21328
   0.49225  0.05367 -0.21214
   0.48434  0.05366 -0.21205
   0.47642  0.05365 -0.21112
   0.46852  0.05363 -0.21060
   0.46062  0.05360 -0.20948
   0.45272  0.05355 -0.20996
   0.44483  0.05350 -0.20821
   0.43695  0.05344 -0.20775
   0.42908  0.05336 -0.20685
   0.42122  0.05328 -0.20694
   0.41340  0.05319 -0.20614
   0.40562  0.05309 -0.20716
   0.39791  0.05299 -0.20683
   0.39026  0.05286 -0.20708
   0.38268  0.05273 -0.20458
   0.37518  0.05259 -0.20102
   0.36779  0.05245 -0.20196
   0.36056  0.05233 -0.20980
   0.35355  0.05219 -0.22141
   0.34675  0.05202 -0.22813
   0.34015  0.05179 -0.21323
   0.33367  0.05152 -0.18496
   0.32729  0.05126 -0.15964
   0.32094  0.05107 -0.15257
   0.31459  0.05095 -0.17550
   0.30818  0.05086 -0.20571
   0.30168  0.05074 -0.22722
   0.29501  0.05055 -0.22330
   0.28812  0.05029 -0.20985
   0.28102  0.05002 -0.20043
   0.27376  0.04974 -0.20226
   0.26640  0.04946 -0.20503
   0.25896  0.04915 -0.20586
   0.25145  0.04883 -0.20557
   0.24388  0.04848 -0.20518
   0.23629  0.04812 -0.20577
   0.22868  0.04775 -0.20632
   0.22107  0.04735 -0.20728
   0.21346  0.04694 -0.20757
   0.20588  0.04651 -0.20863
   0.19832  0.04606 -0.20929
   0.19079  0.04559 -0.21060
   0.18331  0.04510 -0.21251
   0.17587  0.04459 -0.21200
   0.16848  0.04405 -0.21471
   0.16116  0.04350 -0.21489
   0.15392  0.04292 -0.21566
   0.14676  0.04231 -0.21817
   0.13969  0.04168 -0.21701
   0.13274  0.04103 -0.21894
   0.12592  0.04036 -0.21843
   0.11925  0.03966 -0.21889
   0.11274  0.03895 -0.21822
   0.10643  0.03821 -0.21780
   0.10032  0.03747 -0.21818
   0.09446  0.03673 -0.21737
   0.08886  0.03598 -0.21910
   0.08353  0.03523 -0.21933
   0.07849  0.03450 -0.22190
   0.07373  0.03377 -0.22661
   0.06927  0.03305 -0.22781
   0.06509  0.03235 -0.23945
   0.06115  0.03165 -0.24365
   0.05745  0.03095 -0.25028
   0.05396  0.03023 -0.25374
   0.05068  0.02952 -0.24861
   0.04758  0.02879 -0.23995
   0.04465  0.02805 -0.22884
   0.04187  0.02732 -0.21663
   0.03925  0.02659 -0.20176
   0.03676  0.02587 -0.19230
   0.03441  0.02515 -0.17718
   0.03218  0.02442 -0.14956
   0.03006  0.02371 -0.12141
   0.02804  0.02301 -0.09814
   0.02612  0.02234 -0.08975
   0.02429  0.02168 -0.08773
   0.02256  0.02105 -0.08374
   0.02092  0.02042 -0.08157
   0.01936  0.01979 -0.07358
   0.01788  0.01916 -0.05799
   0.01648  0.01853 -0.03614
   0.01513  0.01790 -0.01006
   0.01385  0.01728  0.01323
   0.01262  0.01665  0.03809
   0.01145  0.01603  0.05371
   0.01032  0.01542  0.07450
   0.00925  0.01480  0.10007
   0.00822  0.01418  0.11656
   0.00724  0.01356  0.14444
   0.00631  0.01293  0.16348
   0.00542  0.01229  0.18691
   0.00458  0.01164  0.21903
   0.00379  0.01098  0.24178
   0.00305  0.01029  0.27593
   0.00239  0.00956  0.32156
   0.00182  0.00878  0.46000
   0.00133  0.00797  0.52642
   0.00094  0.00712  0.66363
   0.00065  0.00624  0.77351
   0.00044  0.00536  0.85996
   0.00028  0.00447  0.91628
   0.00016  0.00358  0.95698
   0.00008  0.00270  0.98084
   0.00003  0.00182  0.99504
   0.00000  0.00095  0.99998
  -0.00000  0.00009  0.99684
   0.00003 -0.00076  0.98737
   0.00006 -0.00163  0.96768
   0.00015 -0.00249  0.95086
   0.00023 -0.00336  0.91689
   0.00032 -0.00424  0.87571
   0.00047 -0.00512  0.83326
   0.00063 -0.00601  0.77742
   0.00082 -0.00691  0.71301
   0.00104 -0.00781  0.63940
   0.00129 -0.00871  0.54665
   0.00157 -0.00961  0.44299
   0.00190 -0.01051  0.32473
   0.00227 -0.01140  0.17018
   0.00270 -0.01228  0.04027
   0.00318 -0.01315 -0.17125
   0.00373 -0.01400 -0.40434
   0.00438 -0.01479 -0.47679
   0.00511 -0.01554 -0.54461
   0.00590 -0.01626 -0.57056
   0.00676 -0.01694 -0.58939
   0.00768 -0.01760 -0.60043
   0.00865 -0.01823 -0.60408
   0.00967 -0.01885 -0.60910
   0.01075 -0.01945 -0.59316
   0.01188 -0.02004 -0.59734
   0.01307 -0.02061 -0.58359
   0.01432 -0.02118 -0.57672
   0.01563 -0.02174 -0.56725
   0.01700 -0.02229 -0.54907
   0.01845 -0.02284 -0.53911
   0.01996 -0.02339 -0.52846
   0.02156 -0.02394 -0.51612
   0.02324 -0.02449 -0.50238
   0.02502 -0.02504 -0.49101
   0.02690 -0.02561 -0.48169
   0.02888 -0.02618 -0.47034
   0.03099 -0.02676 -0.46136
   0.03324 -0.02735 -0.45437
   0.03563 -0.02795 -0.44438
   0.03818 -0.02857 -0.43571
   0.04090 -0.02920 -0.42616
   0.04382 -0.02985 -0.41709
   0.04694 -0.03052 -0.40935
   0.05029 -0.03121 -0.40642
   0.05388 -0.03192 -0.39972
   0.05772 -0.03265 -0.39673
   0.06181 -0.03340 -0.39190
   0.06618 -0.03416 -0.38768
   0.07081 -0.03493 -0.38418
   0.07572 -0.03571 -0.38044
   0.08090 -0.03650 -0.37710
   0.08636 -0.03729 -0.37422
   0.09206 -0.03808 -0.37051
   0.09799 -0.03886 -0.36697
   0.10414 -0.03963 -0.36641
   0.11047 -0.04039 -0.36403
   0.11696 -0.04113 -0.36342
   0.12360 -0.04184 -0.36221
   0.13035 -0.04253 -0.36074
   0.13721 -0.04318 -0.35869
   0.14417 -0.04381 -0.35620
   0.15121 -0.04440 -0.35303
   0.15834 -0.04497 -0.35021
   0.16553 -0.04550 -0.34723
   0.17278 -0.04600 -0.34407
   0.18008 -0.04648 -0.34084
   0.18742 -0.04692 -0.33922
   0.19479 -0.04734 -0.33631
   0.20219 -0.04773 -0.33413
   0.20962 -0.04809 -0.33025
   0.21707 -0.04842 -0.32831
   0.22456 -0.04873 -0.32427
   0.23208 -0.04901 -0.32066
   0.23964 -0.04926 -0.31692
   0.24721 -0.04950 -0.31488
   0.25481 -0.04971 -0.31213
   0.26241 -0.04990 -0.30939
   0.27004 -0.05006 -0.30635
   0.27768 -0.05021 -0.30394
   0.28534 -0.05033 -0.30066
   0.29302 -0.05043 -0.29832
   0.30071 -0.05052 -0.29598
   0.30841 -0.05058 -0.29397
   0.31611 -0.05063 -0.29225
   0.32382 -0.05066 -0.29002
   0.33154 -0.05066 -0.28758
   0.33927 -0.05065 -0.28655
   0.34699 -0.05062 -0.28392
   0.35472 -0.05057 -0.28255
   0.36246 -0.05051 -0.28086
   0.37019 -0.05042 -0.27928
   0.37793 -0.05031 -0.27681
   0.38566 -0.05019 -0.27592
   0.39339 -0.05004 -0.27393
   0.40111 -0.04988 -0.27235
   0.40883 -0.04970 -0.27062
   0.41655 -0.04951 -0.26970
   0.42426 -0.04929 -0.26823
   0.43196 -0.04905 -0.26719
   0.43965 -0.04880 -0.26564
   0.44733 -0.04852 -0.26455
   0.45499 -0.04823 -0.26334
   0.46265 -0.04791 -0.26158
   0.47029 -0.04757 -0.26065
   0.47793 -0.04721 -0.25875
   0.48555 -0.04683 -0.25710
   0.49315 -0.04642 -0.25541
   0.50075 -0.04600 -0.25382
   0.50833 -0.04555 -0.25120
   0.51589 -0.04507 -0.24955
   0.52345 -0.04458 -0.24671
   0.53099 -0.04405 -0.24475
   0.53851 -0.04351 -0.24162
   0.54603 -0.04293 -0.23913
   0.55353 -0.04234 -0.23643
   0.56101 -0.04171 -0.23224
   0.56848 -0.04106 -0.22927
   0.57593 -0.04038 -0.22521
   0.58337 -0.03967 -0.22126
   0.59078 -0.03894 -0.21722
   0.59818 -0.03818 -0.21228
   0.60556 -0.03738 -0.20764
   0.61292 -0.03656 -0.20241
   0.62026 -0.03571 -0.19643
   0.62759 -0.03483 -0.19048
   0.63490 -0.03391 -0.18286
   0.64220 -0.03296 -0.17684
   0.64948 -0.03198 -0.16866
   0.65674 -0.03097 -0.16061
   0.66400 -0.02992 -0.15130
   0.67125 -0.02883 -0.14177
   0.67849 -0.02772 -0.13205
   0.68572 -0.02656 -0.12078
   0.69295 -0.02537 -0.11000
   0.70018 -0.02415 -0.09695
   0.70741 -0.02288 -0.08462
   0.71464 -0.02159 -0.07123
   0.72188 -0.02025 -0.05625
   0.72912 -0.01888 -0.04219
   0.73638 -0.01747 -0.02522
   0.74365 -0.01602 -0.00953
   0.75094 -0.01453  0.00913
   0.75826 -0.01301  0.02711
   0.76560 -0.01146  0.04679
   0.77297 -0.00987  0.06644
   0.78039 -0.00825  0.08802
   0.78785 -0.00659  0.10916
   0.79535 -0.00492  0.13235
   0.80287 -0.00323  0.15521
   0.81037 -0.00154  0.17755
   0.81778  0.00013  0.20275
   0.82509  0.00176  0.22592
   0.83227  0.00334  0.24745
   0.83932  0.00486  0.26820
   0.84624  0.00632  0.28863
   0.85304  0.00771  0.30706
   0.85972  0.00903  0.32599
   0.86628  0.01027  0.34219
   0.87271  0.01143  0.35827
   0.87902  0.01251  0.37329
   0.88521  0.01350  0.38603
   0.89129  0.01440  0.39883
   0.89727  0.01522  0.40863
   0.90316  0.01595  0.41913
   0.90895  0.01659  0.42799
   0.91464  0.01715  0.43537
   0.92020  0.01763  0.44377
   0.92564  0.01802  0.44957
   0.93097  0.01831  0.45418
   0.93623  0.01853  0.45731
   0.94141  0.01867  0.45681
   0.94645  0.01876  0.46707
   0.95125  0.01879  0.47875
   0.95581  0.01873  0.49137
   0.96019  0.01854  0.49549
   0.96446  0.01821  0.48045
   0.96872  0.01776  0.45424
   0.97300  0.01724  0.42569
   0.97726  0.01672  0.41541
   0.98142  0.01621  0.42800
   0.98545  0.01563  0.43238
   0.98942  0.01489  0.38717
   0.99340  0.01406  0.32672
   0.99738  0.01325  0.29806
   1.00000  0.01271  0.25218
