GRUMMAN K-2 AIRFOIL                             
 Alfa =  -1.30170 Re =        0.000 Xflap,Yflap =     0.000000    0.000000
#    x        y        Cp  
   1.00000  0.01371  0.25422
   0.99740  0.01444  0.09924
   0.99329  0.01549  0.06150
   0.98889  0.01657  0.04619
   0.98423  0.01772  0.00585
   0.97929  0.01890 -0.02909
   0.97409  0.02011 -0.05505
   0.96867  0.02135 -0.08541
   0.96305  0.02259 -0.11193
   0.95727  0.02381 -0.13357
   0.95131  0.02502 -0.15446
   0.94520  0.02620 -0.16953
   0.93893  0.02735 -0.18258
   0.93253  0.02848 -0.19379
   0.92600  0.02957 -0.20097
   0.91932  0.03065 -0.20700
   0.91254  0.03170 -0.21395
   0.90568  0.03272 -0.22255
   0.89876  0.03372 -0.22999
   0.89181  0.03467 -0.23806
   0.88484  0.03559 -0.24402
   0.87782  0.03647 -0.24665
   0.87073  0.03731 -0.24777
   0.86355  0.03812 -0.24887
   0.85628  0.03891 -0.24763
   0.84891  0.03968 -0.24674
   0.84146  0.04044 -0.24670
   0.83396  0.04117 -0.24661
   0.82645  0.04190 -0.25233
   0.81896  0.04260 -0.25722
   0.81149  0.04327 -0.26078
   0.80402  0.04391 -0.26331
   0.79655  0.04452 -0.26572
   0.78909  0.04510 -0.26792
   0.78162  0.04565 -0.26862
   0.77414  0.04617 -0.26815
   0.76665  0.04666 -0.26851
   0.75914  0.04713 -0.26729
   0.75161  0.04756 -0.26546
   0.74405  0.04798 -0.26374
   0.73646  0.04837 -0.26079
   0.72884  0.04874 -0.25836
   0.72118  0.04909 -0.25548
   0.71350  0.04943 -0.25215
   0.70580  0.04974 -0.25034
   0.69806  0.05004 -0.24734
   0.69030  0.05033 -0.24525
   0.68252  0.05060 -0.24318
   0.67473  0.05086 -0.24136
   0.66693  0.05111 -0.23917
   0.65911  0.05135 -0.23792
   0.65129  0.05157 -0.23641
   0.64347  0.05178 -0.23436
   0.63563  0.05197 -0.23325
   0.62779  0.05216 -0.23172
   0.61994  0.05233 -0.22964
   0.61208  0.05249 -0.22913
   0.60421  0.05264 -0.22659
   0.59633  0.05278 -0.22575
   0.58846  0.05291 -0.22452
   0.58058  0.05303 -0.22388
   0.57270  0.05314 -0.22264
   0.56482  0.05324 -0.22173
   0.55693  0.05333 -0.22063
   0.54904  0.05340 -0.21996
   0.54115  0.05347 -0.21852
   0.53326  0.05353 -0.21817
   0.52537  0.05358 -0.21680
   0.51748  0.05361 -0.21587
   0.50958  0.05364 -0.21557
   0.50169  0.05366 -0.21394
   0.49380  0.05367 -0.21428
   0.48590  0.05367 -0.21259
   0.47801  0.05366 -0.21293
   0.47012  0.05363 -0.21189
   0.46224  0.05360 -0.21112
   0.45437  0.05356 -0.21048
   0.44650  0.05351 -0.20993
   0.43864  0.05345 -0.20880
   0.43079  0.05338 -0.20854
   0.42295  0.05330 -0.20821
   0.41514  0.05321 -0.20781
   0.40737  0.05312 -0.20841
   0.39966  0.05301 -0.20776
   0.39202  0.05289 -0.20895
   0.38445  0.05276 -0.20597
   0.37694  0.05262 -0.20332
   0.36954  0.05249 -0.20229
   0.36229  0.05236 -0.20937
   0.35524  0.05223 -0.22014
   0.34842  0.05207 -0.22930
   0.34179  0.05185 -0.22049
   0.33530  0.05159 -0.19357
   0.32892  0.05132 -0.16690
   0.32258  0.05111 -0.15316
   0.31625  0.05098 -0.16942
   0.30988  0.05089 -0.19863
   0.30343  0.05078 -0.22580
   0.29682  0.05061 -0.22804
   0.29002  0.05037 -0.21558
   0.28299  0.05009 -0.20372
   0.27579  0.04982 -0.20236
   0.26847  0.04954 -0.20634
   0.26108  0.04924 -0.20819
   0.25361  0.04892 -0.20698
   0.24607  0.04858 -0.20694
   0.23850  0.04823 -0.20784
   0.23092  0.04786 -0.20816
   0.22333  0.04747 -0.20885
   0.21574  0.04707 -0.20926
   0.20817  0.04664 -0.21093
   0.20063  0.04620 -0.21130
   0.19311  0.04574 -0.21196
   0.18563  0.04526 -0.21494
   0.17820  0.04475 -0.21451
   0.17081  0.04423 -0.21562
   0.16349  0.04368 -0.21783
   0.15624  0.04311 -0.21770
   0.14907  0.04251 -0.21993
   0.14200  0.04189 -0.22037
   0.13503  0.04125 -0.22115
   0.12818  0.04059 -0.22169
   0.12147  0.03990 -0.22173
   0.11493  0.03919 -0.22151
   0.10856  0.03847 -0.22131
   0.10240  0.03773 -0.22061
   0.09647  0.03699 -0.22129
   0.09078  0.03624 -0.22270
   0.08537  0.03550 -0.22106
   0.08024  0.03476 -0.22596
   0.07540  0.03403 -0.22735
   0.07085  0.03331 -0.23074
   0.06658  0.03261 -0.24291
   0.06257  0.03190 -0.24327
   0.05879  0.03120 -0.25388
   0.05523  0.03050 -0.25759
   0.05189  0.02978 -0.25528
   0.04873  0.02906 -0.24874
   0.04574  0.02833 -0.23747
   0.04291  0.02760 -0.22779
   0.04024  0.02687 -0.21259
   0.03771  0.02615 -0.20017
   0.03531  0.02543 -0.19179
   0.03305  0.02471 -0.16684
   0.03089  0.02399 -0.13667
   0.02884  0.02329 -0.11283
   0.02688  0.02260 -0.09690
   0.02502  0.02195 -0.09445
   0.02326  0.02131 -0.09207
   0.02159  0.02067 -0.09016
   0.02000  0.02005 -0.08357
   0.01849  0.01942 -0.07231
   0.01706  0.01880 -0.05380
   0.01569  0.01817 -0.02704
   0.01439  0.01754 -0.00442
   0.01314  0.01692  0.01923
   0.01194  0.01630  0.04005
   0.01080  0.01568  0.05970
   0.00971  0.01507  0.07835
   0.00867  0.01445  0.10367
   0.00767  0.01383  0.12140
   0.00672  0.01321  0.14588
   0.00581  0.01258  0.16634
   0.00495  0.01194  0.19712
   0.00414  0.01128  0.22080
   0.00338  0.01061  0.24900
   0.00268  0.00990  0.28277
   0.00207  0.00914  0.38997
   0.00154  0.00835  0.47757
   0.00111  0.00752  0.59205
   0.00078  0.00665  0.71758
   0.00053  0.00577  0.81742
   0.00035  0.00489  0.88863
   0.00022  0.00400  0.93588
   0.00012  0.00312  0.96938
   0.00005  0.00224  0.98834
   0.00001  0.00137  0.99812
  -0.00000  0.00051  0.99956
   0.00001 -0.00034  0.99371
   0.00004 -0.00120  0.98046
   0.00010 -0.00206  0.95938
   0.00020 -0.00292  0.94286
   0.00027 -0.00380  0.89601
   0.00039 -0.00468  0.86195
   0.00054 -0.00556  0.81191
   0.00072 -0.00645  0.75129
   0.00092 -0.00735  0.68440
   0.00115 -0.00824  0.60600
   0.00142 -0.00914  0.50646
   0.00173 -0.01004  0.39627
   0.00207 -0.01094  0.27105
   0.00247 -0.01182  0.09431
   0.00292 -0.01269  0.01322
   0.00342 -0.01356 -0.33630
   0.00402 -0.01437 -0.39806
   0.00470 -0.01514 -0.50689
   0.00546 -0.01587 -0.54146
   0.00629 -0.01657 -0.57022
   0.00717 -0.01724 -0.58070
   0.00811 -0.01789 -0.59549
   0.00910 -0.01851 -0.59298
   0.01015 -0.01912 -0.58811
   0.01125 -0.01971 -0.58728
   0.01240 -0.02029 -0.57891
   0.01361 -0.02086 -0.57211
   0.01488 -0.02142 -0.56378
   0.01621 -0.02198 -0.54826
   0.01761 -0.02253 -0.53960
   0.01908 -0.02307 -0.52309
   0.02063 -0.02362 -0.51738
   0.02226 -0.02417 -0.50382
   0.02397 -0.02472 -0.48804
   0.02579 -0.02528 -0.48009
   0.02770 -0.02584 -0.46908
   0.02973 -0.02641 -0.46071
   0.03189 -0.02700 -0.45243
   0.03419 -0.02759 -0.44551
   0.03663 -0.02820 -0.43426
   0.03924 -0.02882 -0.42721
   0.04203 -0.02945 -0.41594
   0.04502 -0.03011 -0.40883
   0.04822 -0.03078 -0.40259
   0.05165 -0.03148 -0.39885
   0.05533 -0.03220 -0.39400
   0.05925 -0.03293 -0.39055
   0.06344 -0.03368 -0.38541
   0.06789 -0.03445 -0.38299
   0.07262 -0.03522 -0.37785
   0.07761 -0.03600 -0.37606
   0.08288 -0.03679 -0.37239
   0.08842 -0.03758 -0.36882
   0.09419 -0.03836 -0.36550
   0.10019 -0.03914 -0.36320
   0.10638 -0.03991 -0.36208
   0.11276 -0.04065 -0.36089
   0.11929 -0.04138 -0.35989
   0.12594 -0.04208 -0.35833
   0.13272 -0.04276 -0.35705
   0.13959 -0.04340 -0.35541
   0.14656 -0.04401 -0.35212
   0.15362 -0.04460 -0.35021
   0.16075 -0.04515 -0.34611
   0.16794 -0.04567 -0.34367
   0.17519 -0.04616 -0.34012
   0.18248 -0.04663 -0.33794
   0.18981 -0.04706 -0.33559
   0.19717 -0.04747 -0.33403
   0.20456 -0.04785 -0.32969
   0.21197 -0.04820 -0.32866
   0.21942 -0.04852 -0.32439
   0.22690 -0.04882 -0.32165
   0.23441 -0.04909 -0.31677
   0.24195 -0.04934 -0.31450
   0.24951 -0.04956 -0.31232
   0.25708 -0.04977 -0.30892
   0.26468 -0.04995 -0.30750
   0.27229 -0.05011 -0.30311
   0.27991 -0.05024 -0.30155
   0.28756 -0.05036 -0.29801
   0.29522 -0.05046 -0.29595
   0.30289 -0.05054 -0.29398
   0.31057 -0.05060 -0.29176
   0.31825 -0.05064 -0.28947
   0.32595 -0.05066 -0.28777
   0.33364 -0.05066 -0.28617
   0.34135 -0.05065 -0.28426
   0.34906 -0.05061 -0.28247
   0.35677 -0.05056 -0.28057
   0.36448 -0.05048 -0.27884
   0.37219 -0.05039 -0.27723
   0.37990 -0.05028 -0.27512
   0.38761 -0.05015 -0.27375
   0.39532 -0.05001 -0.27234
   0.40302 -0.04984 -0.27092
   0.41072 -0.04966 -0.26880
   0.41842 -0.04945 -0.26813
   0.42610 -0.04923 -0.26672
   0.43378 -0.04899 -0.26594
   0.44144 -0.04873 -0.26377
   0.44910 -0.04845 -0.26316
   0.45674 -0.04815 -0.26159
   0.46437 -0.04783 -0.26083
   0.47199 -0.04749 -0.25910
   0.47960 -0.04713 -0.25720
   0.48720 -0.04674 -0.25586
   0.49478 -0.04634 -0.25410
   0.50235 -0.04590 -0.25168
   0.50991 -0.04545 -0.25041
   0.51745 -0.04497 -0.24776
   0.52498 -0.04447 -0.24530
   0.53250 -0.04395 -0.24315
   0.54000 -0.04340 -0.24055
   0.54749 -0.04282 -0.23768
   0.55497 -0.04222 -0.23451
   0.56243 -0.04159 -0.23084
   0.56987 -0.04093 -0.22747
   0.57730 -0.04025 -0.22376
   0.58471 -0.03954 -0.21959
   0.59210 -0.03881 -0.21537
   0.59948 -0.03804 -0.21092
   0.60683 -0.03724 -0.20629
   0.61417 -0.03642 -0.20003
   0.62149 -0.03556 -0.19528
   0.62879 -0.03468 -0.18799
   0.63608 -0.03376 -0.18228
   0.64335 -0.03281 -0.17411
   0.65061 -0.03183 -0.16699
   0.65786 -0.03081 -0.15841
   0.66510 -0.02976 -0.14948
   0.67232 -0.02867 -0.13968
   0.67954 -0.02755 -0.12954
   0.68676 -0.02640 -0.11897
   0.69397 -0.02520 -0.10773
   0.70117 -0.02398 -0.09495
   0.70838 -0.02271 -0.08221
   0.71559 -0.02141 -0.06868
   0.72281 -0.02007 -0.05429
   0.73004 -0.01870 -0.03952
   0.73728 -0.01729 -0.02339
   0.74453 -0.01584 -0.00579
   0.75180 -0.01436  0.01055
   0.75910 -0.01284  0.03057
   0.76642 -0.01128  0.04868
   0.77378 -0.00969  0.07050
   0.78118 -0.00807  0.08936
   0.78863 -0.00642  0.11286
   0.79611 -0.00475  0.13374
   0.80361 -0.00306  0.15817
   0.81108 -0.00138  0.18111
   0.81847  0.00029  0.20412
   0.82574  0.00191  0.22791
   0.83289  0.00348  0.24994
   0.83991  0.00499  0.27048
   0.84680  0.00644  0.29019
   0.85358  0.00782  0.30962
   0.86023  0.00913  0.32593
   0.86676  0.01036  0.34454
   0.87316  0.01151  0.35867
   0.87944  0.01258  0.37514
   0.88561  0.01356  0.38698
   0.89167  0.01445  0.39921
   0.89763  0.01526  0.41002
   0.90349  0.01599  0.41957
   0.90927  0.01663  0.42740
   0.91493  0.01718  0.43705
   0.92047  0.01765  0.44292
   0.92588  0.01803  0.45120
   0.93120  0.01832  0.45480
   0.93644  0.01853  0.45565
   0.94160  0.01868  0.45857
   0.94662  0.01876  0.46551
   0.95140  0.01879  0.48092
   0.95595  0.01872  0.49059
   0.96030  0.01853  0.49568
   0.96456  0.01820  0.48078
   0.96881  0.01775  0.45319
   0.97308  0.01723  0.42611
   0.97733  0.01672  0.41392
   0.98147  0.01621  0.42711
   0.98549  0.01562  0.43406
   0.98945  0.01488  0.38882
   0.99342  0.01406  0.32413
   0.99738  0.01325  0.29885
   1.00000  0.01271  0.25422
