GRUMMAN K-2 AIRFOIL                             
 Alfa =  -1.29830 Re =        0.000 Xflap,Yflap =     0.000000    0.000000
#    x        y        Cp  
   1.00000  0.01371  0.25220
   0.99739  0.01444  0.09672
   0.99327  0.01550  0.06271
   0.98886  0.01658  0.04432
   0.98418  0.01773  0.00263
   0.97923  0.01891 -0.02690
   0.97401  0.02013 -0.05694
   0.96856  0.02137 -0.08479
   0.96293  0.02261 -0.11261
   0.95713  0.02384 -0.13567
   0.95115  0.02505 -0.15438
   0.94501  0.02623 -0.16959
   0.93873  0.02739 -0.18319
   0.93231  0.02852 -0.19417
   0.92575  0.02962 -0.20152
   0.91905  0.03069 -0.20722
   0.91224  0.03174 -0.21445
   0.90536  0.03277 -0.22309
   0.89842  0.03376 -0.23055
   0.89145  0.03472 -0.23837
   0.88446  0.03564 -0.24372
   0.87741  0.03652 -0.24778
   0.87030  0.03736 -0.24827
   0.86310  0.03817 -0.24822
   0.85580  0.03897 -0.24781
   0.84840  0.03974 -0.24699
   0.84093  0.04049 -0.24709
   0.83341  0.04123 -0.24753
   0.82588  0.04195 -0.25211
   0.81837  0.04265 -0.25806
   0.81087  0.04332 -0.26064
   0.80338  0.04396 -0.26389
   0.79590  0.04457 -0.26640
   0.78841  0.04515 -0.26741
   0.78092  0.04570 -0.26896
   0.77342  0.04622 -0.26865
   0.76591  0.04671 -0.26867
   0.75838  0.04717 -0.26747
   0.75082  0.04761 -0.26619
   0.74324  0.04802 -0.26231
   0.73562  0.04841 -0.26099
   0.72798  0.04878 -0.25764
   0.72030  0.04913 -0.25545
   0.71260  0.04946 -0.25262
   0.70486  0.04978 -0.25002
   0.69710  0.05008 -0.24728
   0.68932  0.05037 -0.24505
   0.68152  0.05064 -0.24272
   0.67370  0.05090 -0.24176
   0.66588  0.05114 -0.23896
   0.65804  0.05138 -0.23784
   0.65020  0.05160 -0.23604
   0.64235  0.05180 -0.23439
   0.63449  0.05200 -0.23351
   0.62662  0.05218 -0.23124
   0.61875  0.05235 -0.23008
   0.61086  0.05251 -0.22846
   0.60297  0.05266 -0.22663
   0.59508  0.05280 -0.22595
   0.58718  0.05293 -0.22504
   0.57928  0.05305 -0.22364
   0.57138  0.05316 -0.22251
   0.56347  0.05325 -0.22161
   0.55556  0.05334 -0.22103
   0.54765  0.05342 -0.21968
   0.53974  0.05348 -0.21857
   0.53183  0.05354 -0.21769
   0.52391  0.05358 -0.21738
   0.51600  0.05362 -0.21583
   0.50808  0.05365 -0.21561
   0.50017  0.05366 -0.21456
   0.49225  0.05367 -0.21344
   0.48434  0.05366 -0.21337
   0.47642  0.05365 -0.21246
   0.46852  0.05363 -0.21196
   0.46062  0.05360 -0.21086
   0.45272  0.05355 -0.21137
   0.44483  0.05350 -0.20964
   0.43695  0.05344 -0.20920
   0.42908  0.05336 -0.20832
   0.42122  0.05328 -0.20844
   0.41340  0.05319 -0.20766
   0.40562  0.05309 -0.20871
   0.39791  0.05299 -0.20840
   0.39026  0.05286 -0.20867
   0.38268  0.05273 -0.20619
   0.37518  0.05259 -0.20266
   0.36779  0.05245 -0.20362
   0.36056  0.05233 -0.21151
   0.35355  0.05219 -0.22316
   0.34675  0.05202 -0.22991
   0.34015  0.05179 -0.21501
   0.33367  0.05152 -0.18673
   0.32729  0.05126 -0.16140
   0.32094  0.05107 -0.15434
   0.31459  0.05095 -0.17733
   0.30818  0.05086 -0.20761
   0.30168  0.05074 -0.22919
   0.29501  0.05055 -0.22529
   0.28812  0.05029 -0.21185
   0.28102  0.05002 -0.20245
   0.27376  0.04974 -0.20433
   0.26640  0.04946 -0.20713
   0.25896  0.04915 -0.20801
   0.25145  0.04883 -0.20776
   0.24388  0.04848 -0.20741
   0.23629  0.04812 -0.20805
   0.22868  0.04775 -0.20866
   0.22107  0.04735 -0.20966
   0.21346  0.04694 -0.21001
   0.20588  0.04651 -0.21112
   0.19832  0.04606 -0.21185
   0.19079  0.04559 -0.21323
   0.18331  0.04510 -0.21520
   0.17587  0.04459 -0.21476
   0.16848  0.04405 -0.21755
   0.16116  0.04350 -0.21780
   0.15392  0.04292 -0.21865
   0.14676  0.04231 -0.22125
   0.13969  0.04168 -0.22018
   0.13274  0.04103 -0.22220
   0.12592  0.04036 -0.22180
   0.11925  0.03966 -0.22236
   0.11274  0.03895 -0.22180
   0.10643  0.03821 -0.22150
   0.10032  0.03747 -0.22199
   0.09446  0.03673 -0.22131
   0.08886  0.03598 -0.22318
   0.08353  0.03523 -0.22355
   0.07849  0.03450 -0.22627
   0.07373  0.03377 -0.23114
   0.06927  0.03305 -0.23250
   0.06509  0.03235 -0.24435
   0.06115  0.03165 -0.24872
   0.05745  0.03095 -0.25556
   0.05396  0.03023 -0.25921
   0.05068  0.02952 -0.25423
   0.04758  0.02879 -0.24573
   0.04465  0.02805 -0.23477
   0.04187  0.02732 -0.22269
   0.03925  0.02659 -0.20796
   0.03676  0.02587 -0.19866
   0.03441  0.02515 -0.18367
   0.03218  0.02442 -0.15612
   0.03006  0.02371 -0.12804
   0.02804  0.02301 -0.10486
   0.02612  0.02234 -0.09665
   0.02429  0.02168 -0.09487
   0.02256  0.02105 -0.09112
   0.02092  0.02042 -0.08921
   0.01936  0.01979 -0.08145
   0.01788  0.01916 -0.06605
   0.01648  0.01853 -0.04436
   0.01513  0.01790 -0.01840
   0.01385  0.01728  0.00474
   0.01262  0.01665  0.02942
   0.01145  0.01603  0.04481
   0.01032  0.01542  0.06537
   0.00925  0.01480  0.09072
   0.00822  0.01418  0.10692
   0.00724  0.01356  0.13454
   0.00631  0.01293  0.15321
   0.00542  0.01229  0.17627
   0.00458  0.01164  0.20805
   0.00379  0.01098  0.23026
   0.00305  0.01029  0.26390
   0.00239  0.00956  0.30911
   0.00182  0.00878  0.44884
   0.00133  0.00797  0.51527
   0.00094  0.00712  0.65440
   0.00065  0.00624  0.76612
   0.00044  0.00536  0.85436
   0.00028  0.00447  0.91207
   0.00016  0.00358  0.95402
   0.00008  0.00270  0.97889
   0.00003  0.00182  0.99405
   0.00000  0.00095  0.99987
  -0.00000  0.00009  0.99754
   0.00003 -0.00076  0.98878
   0.00006 -0.00163  0.97007
   0.00015 -0.00249  0.95357
   0.00023 -0.00336  0.92057
   0.00032 -0.00424  0.88031
   0.00047 -0.00512  0.83847
   0.00063 -0.00601  0.78350
   0.00082 -0.00691  0.71995
   0.00104 -0.00781  0.64721
   0.00129 -0.00871  0.55547
   0.00157 -0.00961  0.45290
   0.00190 -0.01051  0.33571
   0.00227 -0.01140  0.18260
   0.00270 -0.01228  0.05354
   0.00318 -0.01315 -0.15620
   0.00373 -0.01400 -0.38756
   0.00438 -0.01479 -0.46030
   0.00511 -0.01554 -0.52840
   0.00590 -0.01626 -0.55498
   0.00676 -0.01694 -0.57445
   0.00768 -0.01760 -0.58613
   0.00865 -0.01823 -0.59037
   0.00967 -0.01885 -0.59599
   0.01075 -0.01945 -0.58066
   0.01188 -0.02004 -0.58533
   0.01307 -0.02061 -0.57210
   0.01432 -0.02118 -0.56570
   0.01563 -0.02174 -0.55670
   0.01700 -0.02229 -0.53898
   0.01845 -0.02284 -0.52942
   0.01996 -0.02339 -0.51915
   0.02156 -0.02394 -0.50717
   0.02324 -0.02449 -0.49379
   0.02502 -0.02504 -0.48276
   0.02690 -0.02561 -0.47373
   0.02888 -0.02618 -0.46267
   0.03099 -0.02676 -0.45397
   0.03324 -0.02735 -0.44725
   0.03563 -0.02795 -0.43752
   0.03818 -0.02857 -0.42909
   0.04090 -0.02920 -0.41979
   0.04382 -0.02985 -0.41096
   0.04694 -0.03052 -0.40343
   0.05029 -0.03121 -0.40071
   0.05388 -0.03192 -0.39420
   0.05772 -0.03265 -0.39141
   0.06181 -0.03340 -0.38676
   0.06618 -0.03416 -0.38273
   0.07081 -0.03493 -0.37940
   0.07572 -0.03571 -0.37583
   0.08090 -0.03650 -0.37265
   0.08636 -0.03729 -0.36992
   0.09206 -0.03808 -0.36636
   0.09799 -0.03886 -0.36296
   0.10414 -0.03963 -0.36253
   0.11047 -0.04039 -0.36027
   0.11696 -0.04113 -0.35978
   0.12360 -0.04184 -0.35868
   0.13035 -0.04253 -0.35731
   0.13721 -0.04318 -0.35536
   0.14417 -0.04381 -0.35296
   0.15121 -0.04440 -0.34989
   0.15834 -0.04497 -0.34715
   0.16553 -0.04550 -0.34426
   0.17278 -0.04600 -0.34118
   0.18008 -0.04648 -0.33803
   0.18742 -0.04692 -0.33647
   0.19479 -0.04734 -0.33364
   0.20219 -0.04773 -0.33152
   0.20962 -0.04809 -0.32770
   0.21707 -0.04842 -0.32582
   0.22456 -0.04873 -0.32184
   0.23208 -0.04901 -0.31829
   0.23964 -0.04926 -0.31460
   0.24721 -0.04950 -0.31261
   0.25481 -0.04971 -0.30991
   0.26241 -0.04990 -0.30722
   0.27004 -0.05006 -0.30422
   0.27768 -0.05021 -0.30186
   0.28534 -0.05033 -0.29863
   0.29302 -0.05043 -0.29632
   0.30071 -0.05052 -0.29403
   0.30841 -0.05058 -0.29205
   0.31611 -0.05063 -0.29037
   0.32382 -0.05066 -0.28817
   0.33154 -0.05066 -0.28577
   0.33927 -0.05065 -0.28477
   0.34699 -0.05062 -0.28217
   0.35472 -0.05057 -0.28084
   0.36246 -0.05051 -0.27917
   0.37019 -0.05042 -0.27763
   0.37793 -0.05031 -0.27519
   0.38566 -0.05019 -0.27433
   0.39339 -0.05004 -0.27236
   0.40111 -0.04988 -0.27081
   0.40883 -0.04970 -0.26911
   0.41655 -0.04951 -0.26822
   0.42426 -0.04929 -0.26677
   0.43196 -0.04905 -0.26576
   0.43965 -0.04880 -0.26423
   0.44733 -0.04852 -0.26316
   0.45499 -0.04823 -0.26197
   0.46265 -0.04791 -0.26024
   0.47029 -0.04757 -0.25933
   0.47793 -0.04721 -0.25746
   0.48555 -0.04683 -0.25582
   0.49315 -0.04642 -0.25416
   0.50075 -0.04600 -0.25259
   0.50833 -0.04555 -0.24999
   0.51589 -0.04507 -0.24837
   0.52345 -0.04458 -0.24554
   0.53099 -0.04405 -0.24360
   0.53851 -0.04351 -0.24049
   0.54603 -0.04293 -0.23802
   0.55353 -0.04234 -0.23534
   0.56101 -0.04171 -0.23117
   0.56848 -0.04106 -0.22822
   0.57593 -0.04038 -0.22418
   0.58337 -0.03967 -0.22026
   0.59078 -0.03894 -0.21623
   0.59818 -0.03818 -0.21131
   0.60556 -0.03738 -0.20670
   0.61292 -0.03656 -0.20148
   0.62026 -0.03571 -0.19552
   0.62759 -0.03483 -0.18960
   0.63490 -0.03391 -0.18201
   0.64220 -0.03296 -0.17600
   0.64948 -0.03198 -0.16783
   0.65674 -0.03097 -0.15981
   0.66400 -0.02992 -0.15052
   0.67125 -0.02883 -0.14100
   0.67849 -0.02772 -0.13130
   0.68572 -0.02656 -0.12006
   0.69295 -0.02537 -0.10929
   0.70018 -0.02415 -0.09626
   0.70741 -0.02288 -0.08396
   0.71464 -0.02159 -0.07059
   0.72188 -0.02025 -0.05563
   0.72912 -0.01888 -0.04159
   0.73638 -0.01747 -0.02465
   0.74365 -0.01602 -0.00898
   0.75094 -0.01453  0.00967
   0.75826 -0.01301  0.02762
   0.76560 -0.01146  0.04728
   0.77297 -0.00987  0.06691
   0.78039 -0.00825  0.08846
   0.78785 -0.00659  0.10959
   0.79535 -0.00492  0.13275
   0.80287 -0.00323  0.15560
   0.81037 -0.00154  0.17791
   0.81778  0.00013  0.20310
   0.82509  0.00176  0.22625
   0.83227  0.00334  0.24776
   0.83932  0.00486  0.26849
   0.84624  0.00632  0.28891
   0.85304  0.00771  0.30732
   0.85972  0.00903  0.32624
   0.86628  0.01027  0.34243
   0.87271  0.01143  0.35849
   0.87902  0.01251  0.37351
   0.88521  0.01350  0.38623
   0.89129  0.01440  0.39903
   0.89727  0.01522  0.40881
   0.90316  0.01595  0.41931
   0.90895  0.01659  0.42816
   0.91464  0.01715  0.43553
   0.92020  0.01763  0.44392
   0.92564  0.01802  0.44972
   0.93097  0.01831  0.45432
   0.93623  0.01853  0.45743
   0.94141  0.01867  0.45695
   0.94645  0.01876  0.46719
   0.95125  0.01879  0.47886
   0.95581  0.01873  0.49148
   0.96019  0.01854  0.49559
   0.96446  0.01821  0.48054
   0.96872  0.01776  0.45434
   0.97300  0.01724  0.42580
   0.97726  0.01672  0.41549
   0.98142  0.01621  0.42809
   0.98545  0.01563  0.43243
   0.98942  0.01489  0.38724
   0.99340  0.01406  0.32678
   0.99738  0.01325  0.29811
   1.00000  0.01271  0.25220
