GRUMMAN K-2 AIRFOIL                             
 Alfa =  -1.10600 Re =        0.000 Xflap,Yflap =     0.000000    0.000000
#    x        y        Cp  
   1.00000  0.01371  0.25412
   0.99740  0.01444  0.09899
   0.99329  0.01549  0.06116
   0.98889  0.01657  0.04561
   0.98423  0.01772  0.00508
   0.97929  0.01890 -0.02999
   0.97409  0.02011 -0.05605
   0.96867  0.02135 -0.08662
   0.96305  0.02259 -0.11326
   0.95727  0.02381 -0.13502
   0.95131  0.02502 -0.15611
   0.94520  0.02620 -0.17132
   0.93893  0.02735 -0.18452
   0.93253  0.02848 -0.19587
   0.92600  0.02957 -0.20312
   0.91932  0.03065 -0.20935
   0.91254  0.03170 -0.21636
   0.90568  0.03272 -0.22515
   0.89876  0.03372 -0.23264
   0.89181  0.03467 -0.24090
   0.88484  0.03559 -0.24697
   0.87782  0.03647 -0.24969
   0.87073  0.03731 -0.25093
   0.86355  0.03812 -0.25216
   0.85628  0.03891 -0.25096
   0.84891  0.03968 -0.25026
   0.84146  0.04044 -0.25026
   0.83396  0.04117 -0.25032
   0.82645  0.04190 -0.25611
   0.81896  0.04260 -0.26116
   0.81149  0.04327 -0.26484
   0.80402  0.04391 -0.26744
   0.79655  0.04452 -0.27002
   0.78909  0.04510 -0.27222
   0.78162  0.04565 -0.27313
   0.77414  0.04617 -0.27272
   0.76665  0.04666 -0.27324
   0.75914  0.04713 -0.27206
   0.75161  0.04756 -0.27034
   0.74405  0.04798 -0.26867
   0.73646  0.04837 -0.26587
   0.72884  0.04874 -0.26350
   0.72118  0.04909 -0.26072
   0.71350  0.04943 -0.25751
   0.70580  0.04974 -0.25578
   0.69806  0.05004 -0.25281
   0.69030  0.05033 -0.25090
   0.68252  0.05060 -0.24885
   0.67473  0.05086 -0.24720
   0.66693  0.05111 -0.24506
   0.65911  0.05135 -0.24389
   0.65129  0.05157 -0.24253
   0.64347  0.05178 -0.24056
   0.63563  0.05197 -0.23953
   0.62779  0.05216 -0.23811
   0.61994  0.05233 -0.23616
   0.61208  0.05249 -0.23570
   0.60421  0.05264 -0.23329
   0.59633  0.05278 -0.23257
   0.58846  0.05291 -0.23144
   0.58058  0.05303 -0.23092
   0.57270  0.05314 -0.22977
   0.56482  0.05324 -0.22896
   0.55693  0.05333 -0.22798
   0.54904  0.05340 -0.22743
   0.54115  0.05347 -0.22610
   0.53326  0.05353 -0.22587
   0.52537  0.05358 -0.22461
   0.51748  0.05361 -0.22382
   0.50958  0.05364 -0.22362
   0.50169  0.05366 -0.22211
   0.49380  0.05367 -0.22259
   0.48590  0.05367 -0.22101
   0.47801  0.05366 -0.22150
   0.47012  0.05363 -0.22058
   0.46224  0.05360 -0.21996
   0.45437  0.05356 -0.21945
   0.44650  0.05351 -0.21903
   0.43864  0.05345 -0.21803
   0.43079  0.05338 -0.21794
   0.42295  0.05330 -0.21774
   0.41514  0.05321 -0.21750
   0.40737  0.05312 -0.21825
   0.39966  0.05301 -0.21778
   0.39202  0.05289 -0.21911
   0.38445  0.05276 -0.21630
   0.37694  0.05262 -0.21377
   0.36954  0.05249 -0.21289
   0.36229  0.05236 -0.22021
   0.35524  0.05223 -0.23126
   0.34842  0.05207 -0.24064
   0.34179  0.05185 -0.23195
   0.33530  0.05159 -0.20493
   0.32892  0.05132 -0.17814
   0.32258  0.05111 -0.16446
   0.31625  0.05098 -0.18103
   0.30988  0.05089 -0.21070
   0.30343  0.05078 -0.23835
   0.29682  0.05061 -0.24079
   0.29002  0.05037 -0.22842
   0.28299  0.05009 -0.21665
   0.27579  0.04982 -0.21551
   0.26847  0.04954 -0.21977
   0.26108  0.04924 -0.22189
   0.25361  0.04892 -0.22095
   0.24607  0.04858 -0.22118
   0.23850  0.04823 -0.22238
   0.23092  0.04786 -0.22303
   0.22333  0.04747 -0.22405
   0.21574  0.04707 -0.22479
   0.20817  0.04664 -0.22684
   0.20063  0.04620 -0.22758
   0.19311  0.04574 -0.22863
   0.18563  0.04526 -0.23207
   0.17820  0.04475 -0.23206
   0.17081  0.04423 -0.23364
   0.16349  0.04368 -0.23636
   0.15624  0.04311 -0.23673
   0.14907  0.04251 -0.23952
   0.14200  0.04189 -0.24053
   0.13503  0.04125 -0.24191
   0.12818  0.04059 -0.24309
   0.12147  0.03990 -0.24378
   0.11493  0.03919 -0.24425
   0.10856  0.03847 -0.24479
   0.10240  0.03773 -0.24484
   0.09647  0.03699 -0.24634
   0.09078  0.03624 -0.24862
   0.08537  0.03550 -0.24783
   0.08024  0.03476 -0.25372
   0.07540  0.03403 -0.25612
   0.07085  0.03331 -0.26054
   0.06658  0.03261 -0.27403
   0.06257  0.03190 -0.27542
   0.05879  0.03120 -0.28742
   0.05523  0.03050 -0.29235
   0.05189  0.02978 -0.29115
   0.04873  0.02906 -0.28563
   0.04574  0.02833 -0.27528
   0.04291  0.02760 -0.26658
   0.04024  0.02687 -0.25220
   0.03771  0.02615 -0.24072
   0.03531  0.02543 -0.23346
   0.03305  0.02471 -0.20906
   0.03089  0.02399 -0.17926
   0.02884  0.02329 -0.15595
   0.02688  0.02260 -0.14096
   0.02502  0.02195 -0.13997
   0.02326  0.02131 -0.13918
   0.02159  0.02067 -0.13892
   0.02000  0.02005 -0.13390
   0.01849  0.01942 -0.12410
   0.01706  0.01880 -0.10671
   0.01569  0.01817 -0.08079
   0.01439  0.01754 -0.05914
   0.01314  0.01692 -0.03660
   0.01194  0.01630 -0.01712
   0.01080  0.01568  0.00101
   0.00971  0.01507  0.01805
   0.00867  0.01445  0.04181
   0.00767  0.01383  0.05751
   0.00672  0.01321  0.07990
   0.00581  0.01258  0.09785
   0.00495  0.01194  0.12633
   0.00414  0.01128  0.14692
   0.00338  0.01061  0.17132
   0.00268  0.00990  0.20128
   0.00207  0.00914  0.31240
   0.00154  0.00835  0.40240
   0.00111  0.00752  0.52406
   0.00078  0.00665  0.66198
   0.00053  0.00577  0.77384
   0.00035  0.00489  0.85532
   0.00022  0.00400  0.91082
   0.00012  0.00312  0.95186
   0.00005  0.00224  0.97703
   0.00001  0.00137  0.99255
  -0.00000  0.00051  0.99952
   0.00001 -0.00034  0.99861
   0.00004 -0.00120  0.99041
   0.00010 -0.00206  0.97472
   0.00020 -0.00292  0.96001
   0.00027 -0.00380  0.92176
   0.00039 -0.00468  0.89086
   0.00054 -0.00556  0.84611
   0.00072 -0.00645  0.79105
   0.00092 -0.00735  0.72954
   0.00115 -0.00824  0.65689
   0.00142 -0.00914  0.56417
   0.00173 -0.01004  0.46098
   0.00207 -0.01094  0.34281
   0.00247 -0.01182  0.17649
   0.00292 -0.01269  0.09658
   0.00342 -0.01356 -0.23131
   0.00402 -0.01437 -0.29587
   0.00470 -0.01514 -0.40324
   0.00546 -0.01587 -0.44172
   0.00629 -0.01657 -0.47396
   0.00717 -0.01724 -0.48866
   0.00811 -0.01789 -0.50694
   0.00910 -0.01851 -0.50835
   0.01015 -0.01912 -0.50728
   0.01125 -0.01971 -0.50974
   0.01240 -0.02029 -0.50463
   0.01361 -0.02086 -0.50086
   0.01488 -0.02142 -0.49545
   0.01621 -0.02198 -0.48288
   0.01761 -0.02253 -0.47681
   0.01908 -0.02307 -0.46288
   0.02063 -0.02362 -0.45939
   0.02226 -0.02417 -0.44811
   0.02397 -0.02472 -0.43455
   0.02579 -0.02528 -0.42858
   0.02770 -0.02584 -0.41945
   0.02973 -0.02641 -0.41286
   0.03189 -0.02700 -0.40627
   0.03419 -0.02759 -0.40097
   0.03663 -0.02820 -0.39136
   0.03924 -0.02882 -0.38584
   0.04203 -0.02945 -0.37612
   0.04502 -0.03011 -0.37043
   0.04822 -0.03078 -0.36554
   0.05165 -0.03148 -0.36305
   0.05533 -0.03220 -0.35945
   0.05925 -0.03293 -0.35718
   0.06344 -0.03368 -0.35322
   0.06789 -0.03445 -0.35191
   0.07262 -0.03522 -0.34785
   0.07761 -0.03600 -0.34707
   0.08288 -0.03679 -0.34441
   0.08842 -0.03758 -0.34180
   0.09419 -0.03836 -0.33939
   0.10019 -0.03914 -0.33795
   0.10638 -0.03991 -0.33763
   0.11276 -0.04065 -0.33719
   0.11929 -0.04138 -0.33690
   0.12594 -0.04208 -0.33603
   0.13272 -0.04276 -0.33541
   0.13959 -0.04340 -0.33439
   0.14656 -0.04401 -0.33170
   0.15362 -0.04460 -0.33036
   0.16075 -0.04515 -0.32681
   0.16794 -0.04567 -0.32489
   0.17519 -0.04616 -0.32184
   0.18248 -0.04663 -0.32013
   0.18981 -0.04706 -0.31821
   0.19717 -0.04747 -0.31709
   0.20456 -0.04785 -0.31315
   0.21197 -0.04820 -0.31250
   0.21942 -0.04852 -0.30862
   0.22690 -0.04882 -0.30625
   0.23441 -0.04909 -0.30173
   0.24195 -0.04934 -0.29981
   0.24951 -0.04956 -0.29793
   0.25708 -0.04977 -0.29485
   0.26468 -0.04995 -0.29371
   0.27229 -0.05011 -0.28962
   0.27991 -0.05024 -0.28834
   0.28756 -0.05036 -0.28507
   0.29522 -0.05046 -0.28327
   0.30289 -0.05054 -0.28155
   0.31057 -0.05060 -0.27958
   0.31825 -0.05064 -0.27750
   0.32595 -0.05066 -0.27605
   0.33364 -0.05066 -0.27465
   0.34135 -0.05065 -0.27296
   0.34906 -0.05061 -0.27137
   0.35677 -0.05056 -0.26968
   0.36448 -0.05048 -0.26817
   0.37219 -0.05039 -0.26671
   0.37990 -0.05028 -0.26483
   0.38761 -0.05015 -0.26360
   0.39532 -0.05001 -0.26240
   0.40302 -0.04984 -0.26114
   0.41072 -0.04966 -0.25917
   0.41842 -0.04945 -0.25869
   0.42610 -0.04923 -0.25743
   0.43378 -0.04899 -0.25680
   0.44144 -0.04873 -0.25478
   0.44910 -0.04845 -0.25435
   0.45674 -0.04815 -0.25291
   0.46437 -0.04783 -0.25230
   0.47199 -0.04749 -0.25070
   0.47960 -0.04713 -0.24894
   0.48720 -0.04674 -0.24775
   0.49478 -0.04634 -0.24612
   0.50235 -0.04590 -0.24384
   0.50991 -0.04545 -0.24274
   0.51745 -0.04497 -0.24017
   0.52498 -0.04447 -0.23788
   0.53250 -0.04395 -0.23585
   0.54000 -0.04340 -0.23338
   0.54749 -0.04282 -0.23064
   0.55497 -0.04222 -0.22760
   0.56243 -0.04159 -0.22407
   0.56987 -0.04093 -0.22081
   0.57730 -0.04025 -0.21722
   0.58471 -0.03954 -0.21321
   0.59210 -0.03881 -0.20910
   0.59948 -0.03804 -0.20478
   0.60683 -0.03724 -0.20026
   0.61417 -0.03642 -0.19413
   0.62149 -0.03556 -0.18951
   0.62879 -0.03468 -0.18236
   0.63608 -0.03376 -0.17677
   0.64335 -0.03281 -0.16871
   0.65061 -0.03183 -0.16174
   0.65786 -0.03081 -0.15327
   0.66510 -0.02976 -0.14447
   0.67232 -0.02867 -0.13482
   0.67954 -0.02755 -0.12482
   0.68676 -0.02640 -0.11433
   0.69397 -0.02520 -0.10326
   0.70117 -0.02398 -0.09060
   0.70838 -0.02271 -0.07800
   0.71559 -0.02141 -0.06461
   0.72281 -0.02007 -0.05034
   0.73004 -0.01870 -0.03568
   0.73728 -0.01729 -0.01971
   0.74453 -0.01584 -0.00228
   0.75180 -0.01436  0.01398
   0.75910 -0.01284  0.03386
   0.76642 -0.01128  0.05179
   0.77378 -0.00969  0.07349
   0.78118 -0.00807  0.09223
   0.78863 -0.00642  0.11561
   0.79611 -0.00475  0.13633
   0.80361 -0.00306  0.16063
   0.81108 -0.00138  0.18344
   0.81847  0.00029  0.20635
   0.82574  0.00191  0.23000
   0.83289  0.00348  0.25192
   0.83991  0.00499  0.27235
   0.84680  0.00644  0.29196
   0.85358  0.00782  0.31132
   0.86023  0.00913  0.32753
   0.86676  0.01036  0.34603
   0.87316  0.01151  0.36016
   0.87944  0.01258  0.37649
   0.88561  0.01356  0.38827
   0.89167  0.01445  0.40045
   0.89763  0.01526  0.41118
   0.90349  0.01599  0.42072
   0.90927  0.01663  0.42847
   0.91493  0.01718  0.43804
   0.92047  0.01765  0.44395
   0.92588  0.01803  0.45210
   0.93120  0.01832  0.45570
   0.93644  0.01853  0.45649
   0.94160  0.01868  0.45938
   0.94662  0.01876  0.46634
   0.95140  0.01879  0.48162
   0.95595  0.01872  0.49129
   0.96030  0.01853  0.49634
   0.96456  0.01820  0.48139
   0.96881  0.01775  0.45385
   0.97308  0.01723  0.42673
   0.97733  0.01672  0.41453
   0.98147  0.01621  0.42764
   0.98549  0.01562  0.43453
   0.98945  0.01488  0.38930
   0.99342  0.01406  0.32460
   0.99738  0.01325  0.29923
   1.00000  0.01271  0.25412
