GRUMMAN K-2 AIRFOIL                             
 Alfa =  -1.32390 Re =        0.000 Xflap,Yflap =     0.000000    0.000000
#    x        y        Cp  
   1.00000  0.01371  0.25423
   0.99740  0.01444  0.09927
   0.99329  0.01549  0.06154
   0.98889  0.01657  0.04625
   0.98423  0.01772  0.00594
   0.97929  0.01890 -0.02899
   0.97409  0.02011 -0.05493
   0.96867  0.02135 -0.08527
   0.96305  0.02259 -0.11177
   0.95727  0.02381 -0.13340
   0.95131  0.02502 -0.15428
   0.94520  0.02620 -0.16933
   0.93893  0.02735 -0.18236
   0.93253  0.02848 -0.19356
   0.92600  0.02957 -0.20072
   0.91932  0.03065 -0.20673
   0.91254  0.03170 -0.21368
   0.90568  0.03272 -0.22225
   0.89876  0.03372 -0.22968
   0.89181  0.03467 -0.23774
   0.88484  0.03559 -0.24368
   0.87782  0.03647 -0.24631
   0.87073  0.03731 -0.24741
   0.86355  0.03812 -0.24850
   0.85628  0.03891 -0.24725
   0.84891  0.03968 -0.24634
   0.84146  0.04044 -0.24629
   0.83396  0.04117 -0.24619
   0.82645  0.04190 -0.25190
   0.81896  0.04260 -0.25678
   0.81149  0.04327 -0.26032
   0.80402  0.04391 -0.26284
   0.79655  0.04452 -0.26523
   0.78909  0.04510 -0.26743
   0.78162  0.04565 -0.26810
   0.77414  0.04617 -0.26763
   0.76665  0.04666 -0.26797
   0.75914  0.04713 -0.26675
   0.75161  0.04756 -0.26491
   0.74405  0.04798 -0.26318
   0.73646  0.04837 -0.26021
   0.72884  0.04874 -0.25778
   0.72118  0.04909 -0.25488
   0.71350  0.04943 -0.25154
   0.70580  0.04974 -0.24972
   0.69806  0.05004 -0.24672
   0.69030  0.05033 -0.24461
   0.68252  0.05060 -0.24253
   0.67473  0.05086 -0.24070
   0.66693  0.05111 -0.23850
   0.65911  0.05135 -0.23724
   0.65129  0.05157 -0.23571
   0.64347  0.05178 -0.23366
   0.63563  0.05197 -0.23253
   0.62779  0.05216 -0.23099
   0.61994  0.05233 -0.22890
   0.61208  0.05249 -0.22838
   0.60421  0.05264 -0.22583
   0.59633  0.05278 -0.22498
   0.58846  0.05291 -0.22374
   0.58058  0.05303 -0.22308
   0.57270  0.05314 -0.22183
   0.56482  0.05324 -0.22091
   0.55693  0.05333 -0.21980
   0.54904  0.05340 -0.21912
   0.54115  0.05347 -0.21766
   0.53326  0.05353 -0.21729
   0.52537  0.05358 -0.21591
   0.51748  0.05361 -0.21496
   0.50958  0.05364 -0.21465
   0.50169  0.05366 -0.21301
   0.49380  0.05367 -0.21334
   0.48590  0.05367 -0.21164
   0.47801  0.05366 -0.21196
   0.47012  0.05363 -0.21091
   0.46224  0.05360 -0.21012
   0.45437  0.05356 -0.20946
   0.44650  0.05351 -0.20889
   0.43864  0.05345 -0.20776
   0.43079  0.05338 -0.20747
   0.42295  0.05330 -0.20713
   0.41514  0.05321 -0.20671
   0.40737  0.05312 -0.20730
   0.39966  0.05301 -0.20662
   0.39202  0.05289 -0.20780
   0.38445  0.05276 -0.20480
   0.37694  0.05262 -0.20213
   0.36954  0.05249 -0.20108
   0.36229  0.05236 -0.20814
   0.35524  0.05223 -0.21888
   0.34842  0.05207 -0.22801
   0.34179  0.05185 -0.21919
   0.33530  0.05159 -0.19229
   0.32892  0.05132 -0.16562
   0.32258  0.05111 -0.15189
   0.31625  0.05098 -0.16811
   0.30988  0.05089 -0.19727
   0.30343  0.05078 -0.22438
   0.29682  0.05061 -0.22660
   0.29002  0.05037 -0.21412
   0.28299  0.05009 -0.20226
   0.27579  0.04982 -0.20087
   0.26847  0.04954 -0.20482
   0.26108  0.04924 -0.20664
   0.25361  0.04892 -0.20540
   0.24607  0.04858 -0.20532
   0.23850  0.04823 -0.20619
   0.23092  0.04786 -0.20648
   0.22333  0.04747 -0.20713
   0.21574  0.04707 -0.20750
   0.20817  0.04664 -0.20913
   0.20063  0.04620 -0.20945
   0.19311  0.04574 -0.21007
   0.18563  0.04526 -0.21300
   0.17820  0.04475 -0.21253
   0.17081  0.04423 -0.21358
   0.16349  0.04368 -0.21574
   0.15624  0.04311 -0.21555
   0.14907  0.04251 -0.21771
   0.14200  0.04189 -0.21809
   0.13503  0.04125 -0.21881
   0.12818  0.04059 -0.21928
   0.12147  0.03990 -0.21924
   0.11493  0.03919 -0.21894
   0.10856  0.03847 -0.21866
   0.10240  0.03773 -0.21787
   0.09647  0.03699 -0.21847
   0.09078  0.03624 -0.21978
   0.08537  0.03550 -0.21804
   0.08024  0.03476 -0.22282
   0.07540  0.03403 -0.22411
   0.07085  0.03331 -0.22738
   0.06658  0.03261 -0.23940
   0.06257  0.03190 -0.23965
   0.05879  0.03120 -0.25010
   0.05523  0.03050 -0.25368
   0.05189  0.02978 -0.25125
   0.04873  0.02906 -0.24459
   0.04574  0.02833 -0.23322
   0.04291  0.02760 -0.22343
   0.04024  0.02687 -0.20813
   0.03771  0.02615 -0.19561
   0.03531  0.02543 -0.18711
   0.03305  0.02471 -0.16210
   0.03089  0.02399 -0.13189
   0.02884  0.02329 -0.10798
   0.02688  0.02260 -0.09196
   0.02502  0.02195 -0.08935
   0.02326  0.02131 -0.08679
   0.02159  0.02067 -0.08470
   0.02000  0.02005 -0.07793
   0.01849  0.01942 -0.06651
   0.01706  0.01880 -0.04788
   0.01569  0.01817 -0.02103
   0.01439  0.01754  0.00170
   0.01314  0.01692  0.02547
   0.01194  0.01630  0.04644
   0.01080  0.01568  0.06624
   0.00971  0.01507  0.08508
   0.00867  0.01445  0.11056
   0.00767  0.01383  0.12850
   0.00672  0.01321  0.15321
   0.00581  0.01258  0.17394
   0.00495  0.01194  0.20496
   0.00414  0.01128  0.22898
   0.00338  0.01061  0.25757
   0.00268  0.00990  0.29174
   0.00207  0.00914  0.39848
   0.00154  0.00835  0.48578
   0.00111  0.00752  0.59943
   0.00078  0.00665  0.72357
   0.00053  0.00577  0.82207
   0.00035  0.00489  0.89214
   0.00022  0.00400  0.93846
   0.00012  0.00312  0.97112
   0.00005  0.00224  0.98939
   0.00001  0.00137  0.99852
  -0.00000  0.00051  0.99933
   0.00001 -0.00034  0.99293
   0.00004 -0.00120  0.97911
   0.00010 -0.00206  0.95741
   0.00020 -0.00292  0.94073
   0.00027 -0.00380  0.89285
   0.00039 -0.00468  0.85845
   0.00054 -0.00556  0.80781
   0.00072 -0.00645  0.74656
   0.00092 -0.00735  0.67906
   0.00115 -0.00824  0.60000
   0.00142 -0.00914  0.49969
   0.00173 -0.01004  0.38870
   0.00207 -0.01094  0.26268
   0.00247 -0.01182  0.08474
   0.00292 -0.01269  0.00353
   0.00342 -0.01356 -0.34848
   0.00402 -0.01437 -0.40989
   0.00470 -0.01514 -0.51888
   0.00546 -0.01587 -0.55298
   0.00629 -0.01657 -0.58133
   0.00717 -0.01724 -0.59132
   0.00811 -0.01789 -0.60570
   0.00910 -0.01851 -0.60272
   0.01015 -0.01912 -0.59742
   0.01125 -0.01971 -0.59620
   0.01240 -0.02029 -0.58745
   0.01361 -0.02086 -0.58029
   0.01488 -0.02142 -0.57163
   0.01621 -0.02198 -0.55577
   0.01761 -0.02253 -0.54680
   0.01908 -0.02307 -0.53000
   0.02063 -0.02362 -0.52403
   0.02226 -0.02417 -0.51021
   0.02397 -0.02472 -0.49416
   0.02579 -0.02528 -0.48599
   0.02770 -0.02584 -0.47476
   0.02973 -0.02641 -0.46619
   0.03189 -0.02700 -0.45771
   0.03419 -0.02759 -0.45060
   0.03663 -0.02820 -0.43916
   0.03924 -0.02882 -0.43194
   0.04203 -0.02945 -0.42049
   0.04502 -0.03011 -0.41322
   0.04822 -0.03078 -0.40683
   0.05165 -0.03148 -0.40293
   0.05533 -0.03220 -0.39795
   0.05925 -0.03293 -0.39436
   0.06344 -0.03368 -0.38908
   0.06789 -0.03445 -0.38654
   0.07262 -0.03522 -0.38127
   0.07761 -0.03600 -0.37936
   0.08288 -0.03679 -0.37558
   0.08842 -0.03758 -0.37190
   0.09419 -0.03836 -0.36847
   0.10019 -0.03914 -0.36607
   0.10638 -0.03991 -0.36487
   0.11276 -0.04065 -0.36359
   0.11929 -0.04138 -0.36250
   0.12594 -0.04208 -0.36086
   0.13272 -0.04276 -0.35952
   0.13959 -0.04340 -0.35781
   0.14656 -0.04401 -0.35444
   0.15362 -0.04460 -0.35247
   0.16075 -0.04515 -0.34831
   0.16794 -0.04567 -0.34580
   0.17519 -0.04616 -0.34220
   0.18248 -0.04663 -0.33997
   0.18981 -0.04706 -0.33757
   0.19717 -0.04747 -0.33596
   0.20456 -0.04785 -0.33157
   0.21197 -0.04820 -0.33050
   0.21942 -0.04852 -0.32618
   0.22690 -0.04882 -0.32340
   0.23441 -0.04909 -0.31848
   0.24195 -0.04934 -0.31618
   0.24951 -0.04956 -0.31396
   0.25708 -0.04977 -0.31052
   0.26468 -0.04995 -0.30906
   0.27229 -0.05011 -0.30464
   0.27991 -0.05024 -0.30305
   0.28756 -0.05036 -0.29948
   0.29522 -0.05046 -0.29739
   0.30289 -0.05054 -0.29539
   0.31057 -0.05060 -0.29315
   0.31825 -0.05064 -0.29083
   0.32595 -0.05066 -0.28910
   0.33364 -0.05066 -0.28748
   0.34135 -0.05065 -0.28554
   0.34906 -0.05061 -0.28373
   0.35677 -0.05056 -0.28180
   0.36448 -0.05048 -0.28006
   0.37219 -0.05039 -0.27843
   0.37990 -0.05028 -0.27629
   0.38761 -0.05015 -0.27490
   0.39532 -0.05001 -0.27347
   0.40302 -0.04984 -0.27203
   0.41072 -0.04966 -0.26989
   0.41842 -0.04945 -0.26921
   0.42610 -0.04923 -0.26777
   0.43378 -0.04899 -0.26698
   0.44144 -0.04873 -0.26479
   0.44910 -0.04845 -0.26416
   0.45674 -0.04815 -0.26258
   0.46437 -0.04783 -0.26180
   0.47199 -0.04749 -0.26005
   0.47960 -0.04713 -0.25814
   0.48720 -0.04674 -0.25678
   0.49478 -0.04634 -0.25501
   0.50235 -0.04590 -0.25257
   0.50991 -0.04545 -0.25128
   0.51745 -0.04497 -0.24862
   0.52498 -0.04447 -0.24614
   0.53250 -0.04395 -0.24398
   0.54000 -0.04340 -0.24136
   0.54749 -0.04282 -0.23848
   0.55497 -0.04222 -0.23530
   0.56243 -0.04159 -0.23160
   0.56987 -0.04093 -0.22823
   0.57730 -0.04025 -0.22450
   0.58471 -0.03954 -0.22031
   0.59210 -0.03881 -0.21609
   0.59948 -0.03804 -0.21161
   0.60683 -0.03724 -0.20698
   0.61417 -0.03642 -0.20070
   0.62149 -0.03556 -0.19594
   0.62879 -0.03468 -0.18863
   0.63608 -0.03376 -0.18290
   0.64335 -0.03281 -0.17473
   0.65061 -0.03183 -0.16758
   0.65786 -0.03081 -0.15899
   0.66510 -0.02976 -0.15005
   0.67232 -0.02867 -0.14023
   0.67954 -0.02755 -0.13008
   0.68676 -0.02640 -0.11950
   0.69397 -0.02520 -0.10824
   0.70117 -0.02398 -0.09544
   0.70838 -0.02271 -0.08268
   0.71559 -0.02141 -0.06914
   0.72281 -0.02007 -0.05474
   0.73004 -0.01870 -0.03996
   0.73728 -0.01729 -0.02380
   0.74453 -0.01584 -0.00619
   0.75180 -0.01436  0.01016
   0.75910 -0.01284  0.03020
   0.76642 -0.01128  0.04833
   0.77378 -0.00969  0.07016
   0.78118 -0.00807  0.08904
   0.78863 -0.00642  0.11255
   0.79611 -0.00475  0.13345
   0.80361 -0.00306  0.15789
   0.81108 -0.00138  0.18085
   0.81847  0.00029  0.20387
   0.82574  0.00191  0.22767
   0.83289  0.00348  0.24971
   0.83991  0.00499  0.27027
   0.84680  0.00644  0.28999
   0.85358  0.00782  0.30943
   0.86023  0.00913  0.32575
   0.86676  0.01036  0.34437
   0.87316  0.01151  0.35850
   0.87944  0.01258  0.37499
   0.88561  0.01356  0.38683
   0.89167  0.01445  0.39907
   0.89763  0.01526  0.40989
   0.90349  0.01599  0.41944
   0.90927  0.01663  0.42727
   0.91493  0.01718  0.43694
   0.92047  0.01765  0.44281
   0.92588  0.01803  0.45110
   0.93120  0.01832  0.45470
   0.93644  0.01853  0.45555
   0.94160  0.01868  0.45848
   0.94662  0.01876  0.46542
   0.95140  0.01879  0.48084
   0.95595  0.01872  0.49051
   0.96030  0.01853  0.49561
   0.96456  0.01820  0.48071
   0.96881  0.01775  0.45312
   0.97308  0.01723  0.42604
   0.97733  0.01672  0.41385
   0.98147  0.01621  0.42706
   0.98549  0.01562  0.43401
   0.98945  0.01488  0.38877
   0.99342  0.01406  0.32408
   0.99738  0.01325  0.29881
   1.00000  0.01271  0.25423
