GRUMMAN K-2 AIRFOIL                             
 Alfa =  -1.29420 Re =        0.000 Xflap,Yflap =     0.000000    0.000000
#    x        y        Cp  
   1.00000  0.01371  0.25422
   0.99740  0.01444  0.09923
   0.99329  0.01549  0.06149
   0.98889  0.01657  0.04616
   0.98423  0.01772  0.00582
   0.97929  0.01890 -0.02913
   0.97409  0.02011 -0.05509
   0.96867  0.02135 -0.08545
   0.96305  0.02259 -0.11198
   0.95727  0.02381 -0.13362
   0.95131  0.02502 -0.15453
   0.94520  0.02620 -0.16960
   0.93893  0.02735 -0.18266
   0.93253  0.02848 -0.19387
   0.92600  0.02957 -0.20105
   0.91932  0.03065 -0.20709
   0.91254  0.03170 -0.21404
   0.90568  0.03272 -0.22265
   0.89876  0.03372 -0.23009
   0.89181  0.03467 -0.23817
   0.88484  0.03559 -0.24413
   0.87782  0.03647 -0.24677
   0.87073  0.03731 -0.24789
   0.86355  0.03812 -0.24900
   0.85628  0.03891 -0.24776
   0.84891  0.03968 -0.24687
   0.84146  0.04044 -0.24683
   0.83396  0.04117 -0.24675
   0.82645  0.04190 -0.25247
   0.81896  0.04260 -0.25737
   0.81149  0.04327 -0.26094
   0.80402  0.04391 -0.26347
   0.79655  0.04452 -0.26588
   0.78909  0.04510 -0.26808
   0.78162  0.04565 -0.26879
   0.77414  0.04617 -0.26833
   0.76665  0.04666 -0.26869
   0.75914  0.04713 -0.26747
   0.75161  0.04756 -0.26565
   0.74405  0.04798 -0.26393
   0.73646  0.04837 -0.26099
   0.72884  0.04874 -0.25856
   0.72118  0.04909 -0.25568
   0.71350  0.04943 -0.25236
   0.70580  0.04974 -0.25055
   0.69806  0.05004 -0.24755
   0.69030  0.05033 -0.24547
   0.68252  0.05060 -0.24340
   0.67473  0.05086 -0.24159
   0.66693  0.05111 -0.23939
   0.65911  0.05135 -0.23815
   0.65129  0.05157 -0.23664
   0.64347  0.05178 -0.23460
   0.63563  0.05197 -0.23349
   0.62779  0.05216 -0.23197
   0.61994  0.05233 -0.22989
   0.61208  0.05249 -0.22938
   0.60421  0.05264 -0.22685
   0.59633  0.05278 -0.22601
   0.58846  0.05291 -0.22479
   0.58058  0.05303 -0.22415
   0.57270  0.05314 -0.22291
   0.56482  0.05324 -0.22201
   0.55693  0.05333 -0.22091
   0.54904  0.05340 -0.22025
   0.54115  0.05347 -0.21881
   0.53326  0.05353 -0.21846
   0.52537  0.05358 -0.21710
   0.51748  0.05361 -0.21617
   0.50958  0.05364 -0.21587
   0.50169  0.05366 -0.21425
   0.49380  0.05367 -0.21460
   0.48590  0.05367 -0.21292
   0.47801  0.05366 -0.21326
   0.47012  0.05363 -0.21223
   0.46224  0.05360 -0.21146
   0.45437  0.05356 -0.21082
   0.44650  0.05351 -0.21027
   0.43864  0.05345 -0.20916
   0.43079  0.05338 -0.20890
   0.42295  0.05330 -0.20857
   0.41514  0.05321 -0.20818
   0.40737  0.05312 -0.20879
   0.39966  0.05301 -0.20814
   0.39202  0.05289 -0.20934
   0.38445  0.05276 -0.20637
   0.37694  0.05262 -0.20372
   0.36954  0.05249 -0.20269
   0.36229  0.05236 -0.20978
   0.35524  0.05223 -0.22057
   0.34842  0.05207 -0.22973
   0.34179  0.05185 -0.22093
   0.33530  0.05159 -0.19401
   0.32892  0.05132 -0.16733
   0.32258  0.05111 -0.15360
   0.31625  0.05098 -0.16987
   0.30988  0.05089 -0.19910
   0.30343  0.05078 -0.22628
   0.29682  0.05061 -0.22853
   0.29002  0.05037 -0.21607
   0.28299  0.05009 -0.20422
   0.27579  0.04982 -0.20287
   0.26847  0.04954 -0.20685
   0.26108  0.04924 -0.20872
   0.25361  0.04892 -0.20752
   0.24607  0.04858 -0.20748
   0.23850  0.04823 -0.20839
   0.23092  0.04786 -0.20873
   0.22333  0.04747 -0.20943
   0.21574  0.04707 -0.20985
   0.20817  0.04664 -0.21154
   0.20063  0.04620 -0.21192
   0.19311  0.04574 -0.21259
   0.18563  0.04526 -0.21560
   0.17820  0.04475 -0.21518
   0.17081  0.04423 -0.21631
   0.16349  0.04368 -0.21854
   0.15624  0.04311 -0.21843
   0.14907  0.04251 -0.22068
   0.14200  0.04189 -0.22114
   0.13503  0.04125 -0.22195
   0.12818  0.04059 -0.22251
   0.12147  0.03990 -0.22257
   0.11493  0.03919 -0.22238
   0.10856  0.03847 -0.22221
   0.10240  0.03773 -0.22153
   0.09647  0.03699 -0.22225
   0.09078  0.03624 -0.22369
   0.08537  0.03550 -0.22208
   0.08024  0.03476 -0.22701
   0.07540  0.03403 -0.22845
   0.07085  0.03331 -0.23188
   0.06658  0.03261 -0.24410
   0.06257  0.03190 -0.24450
   0.05879  0.03120 -0.25516
   0.05523  0.03050 -0.25892
   0.05189  0.02978 -0.25665
   0.04873  0.02906 -0.25015
   0.04574  0.02833 -0.23891
   0.04291  0.02760 -0.22927
   0.04024  0.02687 -0.21410
   0.03771  0.02615 -0.20171
   0.03531  0.02543 -0.19337
   0.03305  0.02471 -0.16845
   0.03089  0.02399 -0.13829
   0.02884  0.02329 -0.11446
   0.02688  0.02260 -0.09858
   0.02502  0.02195 -0.09618
   0.02326  0.02131 -0.09386
   0.02159  0.02067 -0.09201
   0.02000  0.02005 -0.08548
   0.01849  0.01942 -0.07427
   0.01706  0.01880 -0.05581
   0.01569  0.01817 -0.02908
   0.01439  0.01754 -0.00649
   0.01314  0.01692  0.01712
   0.01194  0.01630  0.03789
   0.01080  0.01568  0.05748
   0.00971  0.01507  0.07608
   0.00867  0.01445  0.10134
   0.00767  0.01383  0.11899
   0.00672  0.01321  0.14339
   0.00581  0.01258  0.16376
   0.00495  0.01194  0.19446
   0.00414  0.01128  0.21803
   0.00338  0.01061  0.24609
   0.00268  0.00990  0.27973
   0.00207  0.00914  0.38708
   0.00154  0.00835  0.47478
   0.00111  0.00752  0.58954
   0.00078  0.00665  0.71554
   0.00053  0.00577  0.81584
   0.00035  0.00489  0.88743
   0.00022  0.00400  0.93500
   0.00012  0.00312  0.96879
   0.00005  0.00224  0.98798
   0.00001  0.00137  0.99797
  -0.00000  0.00051  0.99963
   0.00001 -0.00034  0.99396
   0.00004 -0.00120  0.98091
   0.00010 -0.00206  0.96004
   0.00020 -0.00292  0.94358
   0.00027 -0.00380  0.89706
   0.00039 -0.00468  0.86312
   0.00054 -0.00556  0.81328
   0.00072 -0.00645  0.75288
   0.00092 -0.00735  0.68619
   0.00115 -0.00824  0.60801
   0.00142 -0.00914  0.50874
   0.00173 -0.01004  0.39882
   0.00207 -0.01094  0.27387
   0.00247 -0.01182  0.09753
   0.00292 -0.01269  0.01648
   0.00342 -0.01356 -0.33220
   0.00402 -0.01437 -0.39407
   0.00470 -0.01514 -0.50285
   0.00546 -0.01587 -0.53758
   0.00629 -0.01657 -0.56648
   0.00717 -0.01724 -0.57713
   0.00811 -0.01789 -0.59206
   0.00910 -0.01851 -0.58969
   0.01015 -0.01912 -0.58498
   0.01125 -0.01971 -0.58427
   0.01240 -0.02029 -0.57603
   0.01361 -0.02086 -0.56935
   0.01488 -0.02142 -0.56113
   0.01621 -0.02198 -0.54573
   0.01761 -0.02253 -0.53717
   0.01908 -0.02307 -0.52076
   0.02063 -0.02362 -0.51514
   0.02226 -0.02417 -0.50167
   0.02397 -0.02472 -0.48597
   0.02579 -0.02528 -0.47810
   0.02770 -0.02584 -0.46716
   0.02973 -0.02641 -0.45887
   0.03189 -0.02700 -0.45065
   0.03419 -0.02759 -0.44379
   0.03663 -0.02820 -0.43260
   0.03924 -0.02882 -0.42562
   0.04203 -0.02945 -0.41441
   0.04502 -0.03011 -0.40735
   0.04822 -0.03078 -0.40116
   0.05165 -0.03148 -0.39747
   0.05533 -0.03220 -0.39267
   0.05925 -0.03293 -0.38926
   0.06344 -0.03368 -0.38417
   0.06789 -0.03445 -0.38180
   0.07262 -0.03522 -0.37669
   0.07761 -0.03600 -0.37494
   0.08288 -0.03679 -0.37131
   0.08842 -0.03758 -0.36778
   0.09419 -0.03836 -0.36449
   0.10019 -0.03914 -0.36223
   0.10638 -0.03991 -0.36114
   0.11276 -0.04065 -0.35997
   0.11929 -0.04138 -0.35900
   0.12594 -0.04208 -0.35747
   0.13272 -0.04276 -0.35622
   0.13959 -0.04340 -0.35460
   0.14656 -0.04401 -0.35133
   0.15362 -0.04460 -0.34944
   0.16075 -0.04515 -0.34537
   0.16794 -0.04567 -0.34294
   0.17519 -0.04616 -0.33942
   0.18248 -0.04663 -0.33726
   0.18981 -0.04706 -0.33493
   0.19717 -0.04747 -0.33338
   0.20456 -0.04785 -0.32905
   0.21197 -0.04820 -0.32804
   0.21942 -0.04852 -0.32378
   0.22690 -0.04882 -0.32106
   0.23441 -0.04909 -0.31619
   0.24195 -0.04934 -0.31394
   0.24951 -0.04956 -0.31177
   0.25708 -0.04977 -0.30838
   0.26468 -0.04995 -0.30697
   0.27229 -0.05011 -0.30259
   0.27991 -0.05024 -0.30104
   0.28756 -0.05036 -0.29751
   0.29522 -0.05046 -0.29547
   0.30289 -0.05054 -0.29350
   0.31057 -0.05060 -0.29129
   0.31825 -0.05064 -0.28901
   0.32595 -0.05066 -0.28732
   0.33364 -0.05066 -0.28573
   0.34135 -0.05065 -0.28382
   0.34906 -0.05061 -0.28204
   0.35677 -0.05056 -0.28015
   0.36448 -0.05048 -0.27843
   0.37219 -0.05039 -0.27683
   0.37990 -0.05028 -0.27473
   0.38761 -0.05015 -0.27336
   0.39532 -0.05001 -0.27196
   0.40302 -0.04984 -0.27055
   0.41072 -0.04966 -0.26843
   0.41842 -0.04945 -0.26777
   0.42610 -0.04923 -0.26636
   0.43378 -0.04899 -0.26559
   0.44144 -0.04873 -0.26343
   0.44910 -0.04845 -0.26283
   0.45674 -0.04815 -0.26126
   0.46437 -0.04783 -0.26051
   0.47199 -0.04749 -0.25878
   0.47960 -0.04713 -0.25688
   0.48720 -0.04674 -0.25555
   0.49478 -0.04634 -0.25380
   0.50235 -0.04590 -0.25138
   0.50991 -0.04545 -0.25012
   0.51745 -0.04497 -0.24747
   0.52498 -0.04447 -0.24501
   0.53250 -0.04395 -0.24287
   0.54000 -0.04340 -0.24027
   0.54749 -0.04282 -0.23741
   0.55497 -0.04222 -0.23425
   0.56243 -0.04159 -0.23058
   0.56987 -0.04093 -0.22722
   0.57730 -0.04025 -0.22351
   0.58471 -0.03954 -0.21934
   0.59210 -0.03881 -0.21513
   0.59948 -0.03804 -0.21068
   0.60683 -0.03724 -0.20606
   0.61417 -0.03642 -0.19981
   0.62149 -0.03556 -0.19506
   0.62879 -0.03468 -0.18778
   0.63608 -0.03376 -0.18207
   0.64335 -0.03281 -0.17391
   0.65061 -0.03183 -0.16679
   0.65786 -0.03081 -0.15821
   0.66510 -0.02976 -0.14929
   0.67232 -0.02867 -0.13949
   0.67954 -0.02755 -0.12936
   0.68676 -0.02640 -0.11879
   0.69397 -0.02520 -0.10756
   0.70117 -0.02398 -0.09478
   0.70838 -0.02271 -0.08205
   0.71559 -0.02141 -0.06852
   0.72281 -0.02007 -0.05414
   0.73004 -0.01870 -0.03938
   0.73728 -0.01729 -0.02325
   0.74453 -0.01584 -0.00566
   0.75180 -0.01436  0.01068
   0.75910 -0.01284  0.03070
   0.76642 -0.01128  0.04880
   0.77378 -0.00969  0.07061
   0.78118 -0.00807  0.08947
   0.78863 -0.00642  0.11296
   0.79611 -0.00475  0.13384
   0.80361 -0.00306  0.15827
   0.81108 -0.00138  0.18120
   0.81847  0.00029  0.20421
   0.82574  0.00191  0.22799
   0.83289  0.00348  0.25001
   0.83991  0.00499  0.27055
   0.84680  0.00644  0.29026
   0.85358  0.00782  0.30969
   0.86023  0.00913  0.32599
   0.86676  0.01036  0.34460
   0.87316  0.01151  0.35873
   0.87944  0.01258  0.37519
   0.88561  0.01356  0.38703
   0.89167  0.01445  0.39926
   0.89763  0.01526  0.41006
   0.90349  0.01599  0.41962
   0.90927  0.01663  0.42744
   0.91493  0.01718  0.43709
   0.92047  0.01765  0.44296
   0.92588  0.01803  0.45124
   0.93120  0.01832  0.45484
   0.93644  0.01853  0.45568
   0.94160  0.01868  0.45860
   0.94662  0.01876  0.46555
   0.95140  0.01879  0.48095
   0.95595  0.01872  0.49061
   0.96030  0.01853  0.49571
   0.96456  0.01820  0.48080
   0.96881  0.01775  0.45322
   0.97308  0.01723  0.42613
   0.97733  0.01672  0.41394
   0.98147  0.01621  0.42713
   0.98549  0.01562  0.43408
   0.98945  0.01488  0.38884
   0.99342  0.01406  0.32415
   0.99738  0.01325  0.29886
   1.00000  0.01271  0.25422
