GRUMMAN K-2 AIRFOIL                             
 Alfa =  -1.28940 Re =        0.000 Xflap,Yflap =     0.000000    0.000000
#    x        y        Cp  
   1.00000  0.01371  0.25221
   0.99739  0.01444  0.09671
   0.99327  0.01550  0.06269
   0.98886  0.01658  0.04429
   0.98418  0.01773  0.00259
   0.97923  0.01891 -0.02694
   0.97401  0.02013 -0.05699
   0.96856  0.02137 -0.08485
   0.96293  0.02261 -0.11267
   0.95713  0.02384 -0.13574
   0.95115  0.02505 -0.15446
   0.94501  0.02623 -0.16967
   0.93873  0.02739 -0.18328
   0.93231  0.02852 -0.19427
   0.92575  0.02962 -0.20162
   0.91905  0.03069 -0.20732
   0.91224  0.03174 -0.21456
   0.90536  0.03277 -0.22320
   0.89842  0.03376 -0.23068
   0.89145  0.03472 -0.23850
   0.88446  0.03564 -0.24386
   0.87741  0.03652 -0.24792
   0.87030  0.03736 -0.24842
   0.86310  0.03817 -0.24837
   0.85580  0.03897 -0.24796
   0.84840  0.03974 -0.24715
   0.84093  0.04049 -0.24725
   0.83341  0.04123 -0.24770
   0.82588  0.04195 -0.25228
   0.81837  0.04265 -0.25824
   0.81087  0.04332 -0.26082
   0.80338  0.04396 -0.26408
   0.79590  0.04457 -0.26659
   0.78841  0.04515 -0.26761
   0.78092  0.04570 -0.26917
   0.77342  0.04622 -0.26885
   0.76591  0.04671 -0.26889
   0.75838  0.04717 -0.26769
   0.75082  0.04761 -0.26641
   0.74324  0.04802 -0.26253
   0.73562  0.04841 -0.26122
   0.72798  0.04878 -0.25788
   0.72030  0.04913 -0.25569
   0.71260  0.04946 -0.25286
   0.70486  0.04978 -0.25026
   0.69710  0.05008 -0.24753
   0.68932  0.05037 -0.24531
   0.68152  0.05064 -0.24299
   0.67370  0.05090 -0.24202
   0.66588  0.05114 -0.23923
   0.65804  0.05138 -0.23811
   0.65020  0.05160 -0.23632
   0.64235  0.05180 -0.23467
   0.63449  0.05200 -0.23380
   0.62662  0.05218 -0.23153
   0.61875  0.05235 -0.23038
   0.61086  0.05251 -0.22876
   0.60297  0.05266 -0.22694
   0.59508  0.05280 -0.22626
   0.58718  0.05293 -0.22536
   0.57928  0.05305 -0.22396
   0.57138  0.05316 -0.22283
   0.56347  0.05325 -0.22194
   0.55556  0.05334 -0.22137
   0.54765  0.05342 -0.22003
   0.53974  0.05348 -0.21891
   0.53183  0.05354 -0.21805
   0.52391  0.05358 -0.21773
   0.51600  0.05362 -0.21619
   0.50808  0.05365 -0.21598
   0.50017  0.05366 -0.21493
   0.49225  0.05367 -0.21382
   0.48434  0.05366 -0.21375
   0.47642  0.05365 -0.21285
   0.46852  0.05363 -0.21236
   0.46062  0.05360 -0.21127
   0.45272  0.05355 -0.21178
   0.44483  0.05350 -0.21006
   0.43695  0.05344 -0.20962
   0.42908  0.05336 -0.20875
   0.42122  0.05328 -0.20887
   0.41340  0.05319 -0.20810
   0.40562  0.05309 -0.20916
   0.39791  0.05299 -0.20886
   0.39026  0.05286 -0.20913
   0.38268  0.05273 -0.20666
   0.37518  0.05259 -0.20313
   0.36779  0.05245 -0.20411
   0.36056  0.05233 -0.21200
   0.35355  0.05219 -0.22367
   0.34675  0.05202 -0.23043
   0.34015  0.05179 -0.21553
   0.33367  0.05152 -0.18725
   0.32729  0.05126 -0.16191
   0.32094  0.05107 -0.15485
   0.31459  0.05095 -0.17786
   0.30818  0.05086 -0.20817
   0.30168  0.05074 -0.22976
   0.29501  0.05055 -0.22587
   0.28812  0.05029 -0.21244
   0.28102  0.05002 -0.20304
   0.27376  0.04974 -0.20493
   0.26640  0.04946 -0.20775
   0.25896  0.04915 -0.20864
   0.25145  0.04883 -0.20839
   0.24388  0.04848 -0.20806
   0.23629  0.04812 -0.20871
   0.22868  0.04775 -0.20934
   0.22107  0.04735 -0.21036
   0.21346  0.04694 -0.21072
   0.20588  0.04651 -0.21185
   0.19832  0.04606 -0.21259
   0.19079  0.04559 -0.21399
   0.18331  0.04510 -0.21598
   0.17587  0.04459 -0.21556
   0.16848  0.04405 -0.21837
   0.16116  0.04350 -0.21865
   0.15392  0.04292 -0.21952
   0.14676  0.04231 -0.22215
   0.13969  0.04168 -0.22110
   0.13274  0.04103 -0.22315
   0.12592  0.04036 -0.22277
   0.11925  0.03966 -0.22337
   0.11274  0.03895 -0.22284
   0.10643  0.03821 -0.22257
   0.10032  0.03747 -0.22311
   0.09446  0.03673 -0.22246
   0.08886  0.03598 -0.22437
   0.08353  0.03523 -0.22477
   0.07849  0.03450 -0.22754
   0.07373  0.03377 -0.23246
   0.06927  0.03305 -0.23386
   0.06509  0.03235 -0.24577
   0.06115  0.03165 -0.25020
   0.05745  0.03095 -0.25710
   0.05396  0.03023 -0.26080
   0.05068  0.02952 -0.25587
   0.04758  0.02879 -0.24741
   0.04465  0.02805 -0.23649
   0.04187  0.02732 -0.22446
   0.03925  0.02659 -0.20976
   0.03676  0.02587 -0.20051
   0.03441  0.02515 -0.18556
   0.03218  0.02442 -0.15803
   0.03006  0.02371 -0.12997
   0.02804  0.02301 -0.10681
   0.02612  0.02234 -0.09866
   0.02429  0.02168 -0.09695
   0.02256  0.02105 -0.09327
   0.02092  0.02042 -0.09143
   0.01936  0.01979 -0.08374
   0.01788  0.01916 -0.06841
   0.01648  0.01853 -0.04676
   0.01513  0.01790 -0.02084
   0.01385  0.01728  0.00226
   0.01262  0.01665  0.02689
   0.01145  0.01603  0.04221
   0.01032  0.01542  0.06270
   0.00925  0.01480  0.08800
   0.00822  0.01418  0.10411
   0.00724  0.01356  0.13165
   0.00631  0.01293  0.15022
   0.00542  0.01229  0.17317
   0.00458  0.01164  0.20484
   0.00379  0.01098  0.22689
   0.00305  0.01029  0.26038
   0.00239  0.00956  0.30546
   0.00182  0.00878  0.44557
   0.00133  0.00797  0.51200
   0.00094  0.00712  0.65169
   0.00065  0.00624  0.76395
   0.00044  0.00536  0.85270
   0.00028  0.00447  0.91082
   0.00016  0.00358  0.95314
   0.00008  0.00270  0.97830
   0.00003  0.00182  0.99374
   0.00000  0.00095  0.99983
  -0.00000  0.00009  0.99773
   0.00003 -0.00076  0.98917
   0.00006 -0.00163  0.97074
   0.00015 -0.00249  0.95434
   0.00023 -0.00336  0.92163
   0.00032 -0.00424  0.88163
   0.00047 -0.00512  0.83997
   0.00063 -0.00601  0.78526
   0.00082 -0.00691  0.72195
   0.00104 -0.00781  0.64947
   0.00129 -0.00871  0.55802
   0.00157 -0.00961  0.45576
   0.00190 -0.01051  0.33889
   0.00227 -0.01140  0.18619
   0.00270 -0.01228  0.05738
   0.00318 -0.01315 -0.15184
   0.00373 -0.01400 -0.38269
   0.00438 -0.01479 -0.45553
   0.00511 -0.01554 -0.52370
   0.00590 -0.01626 -0.55047
   0.00676 -0.01694 -0.57012
   0.00768 -0.01760 -0.58198
   0.00865 -0.01823 -0.58639
   0.00967 -0.01885 -0.59218
   0.01075 -0.01945 -0.57703
   0.01188 -0.02004 -0.58185
   0.01307 -0.02061 -0.56877
   0.01432 -0.02118 -0.56251
   0.01563 -0.02174 -0.55364
   0.01700 -0.02229 -0.53605
   0.01845 -0.02284 -0.52661
   0.01996 -0.02339 -0.51644
   0.02156 -0.02394 -0.50457
   0.02324 -0.02449 -0.49130
   0.02502 -0.02504 -0.48036
   0.02690 -0.02561 -0.47142
   0.02888 -0.02618 -0.46045
   0.03099 -0.02676 -0.45183
   0.03324 -0.02735 -0.44518
   0.03563 -0.02795 -0.43552
   0.03818 -0.02857 -0.42717
   0.04090 -0.02920 -0.41794
   0.04382 -0.02985 -0.40918
   0.04694 -0.03052 -0.40171
   0.05029 -0.03121 -0.39905
   0.05388 -0.03192 -0.39260
   0.05772 -0.03265 -0.38987
   0.06181 -0.03340 -0.38527
   0.06618 -0.03416 -0.38129
   0.07081 -0.03493 -0.37801
   0.07572 -0.03571 -0.37449
   0.08090 -0.03650 -0.37136
   0.08636 -0.03729 -0.36867
   0.09206 -0.03808 -0.36515
   0.09799 -0.03886 -0.36179
   0.10414 -0.03963 -0.36140
   0.11047 -0.04039 -0.35918
   0.11696 -0.04113 -0.35872
   0.12360 -0.04184 -0.35765
   0.13035 -0.04253 -0.35631
   0.13721 -0.04318 -0.35439
   0.14417 -0.04381 -0.35202
   0.15121 -0.04440 -0.34897
   0.15834 -0.04497 -0.34626
   0.16553 -0.04550 -0.34340
   0.17278 -0.04600 -0.34034
   0.18008 -0.04648 -0.33721
   0.18742 -0.04692 -0.33567
   0.19479 -0.04734 -0.33286
   0.20219 -0.04773 -0.33076
   0.20962 -0.04809 -0.32696
   0.21707 -0.04842 -0.32510
   0.22456 -0.04873 -0.32114
   0.23208 -0.04901 -0.31760
   0.23964 -0.04926 -0.31392
   0.24721 -0.04950 -0.31195
   0.25481 -0.04971 -0.30926
   0.26241 -0.04990 -0.30658
   0.27004 -0.05006 -0.30361
   0.27768 -0.05021 -0.30125
   0.28534 -0.05033 -0.29803
   0.29302 -0.05043 -0.29574
   0.30071 -0.05052 -0.29346
   0.30841 -0.05058 -0.29150
   0.31611 -0.05063 -0.28982
   0.32382 -0.05066 -0.28763
   0.33154 -0.05066 -0.28524
   0.33927 -0.05065 -0.28426
   0.34699 -0.05062 -0.28166
   0.35472 -0.05057 -0.28034
   0.36246 -0.05051 -0.27868
   0.37019 -0.05042 -0.27715
   0.37793 -0.05031 -0.27472
   0.38566 -0.05019 -0.27386
   0.39339 -0.05004 -0.27191
   0.40111 -0.04988 -0.27036
   0.40883 -0.04970 -0.26867
   0.41655 -0.04951 -0.26779
   0.42426 -0.04929 -0.26634
   0.43196 -0.04905 -0.26535
   0.43965 -0.04880 -0.26382
   0.44733 -0.04852 -0.26276
   0.45499 -0.04823 -0.26158
   0.46265 -0.04791 -0.25985
   0.47029 -0.04757 -0.25895
   0.47793 -0.04721 -0.25708
   0.48555 -0.04683 -0.25545
   0.49315 -0.04642 -0.25380
   0.50075 -0.04600 -0.25223
   0.50833 -0.04555 -0.24964
   0.51589 -0.04507 -0.24803
   0.52345 -0.04458 -0.24520
   0.53099 -0.04405 -0.24327
   0.53851 -0.04351 -0.24017
   0.54603 -0.04293 -0.23770
   0.55353 -0.04234 -0.23503
   0.56101 -0.04171 -0.23086
   0.56848 -0.04106 -0.22792
   0.57593 -0.04038 -0.22389
   0.58337 -0.03967 -0.21997
   0.59078 -0.03894 -0.21595
   0.59818 -0.03818 -0.21103
   0.60556 -0.03738 -0.20643
   0.61292 -0.03656 -0.20121
   0.62026 -0.03571 -0.19526
   0.62759 -0.03483 -0.18934
   0.63490 -0.03391 -0.18176
   0.64220 -0.03296 -0.17575
   0.64948 -0.03198 -0.16759
   0.65674 -0.03097 -0.15957
   0.66400 -0.02992 -0.15030
   0.67125 -0.02883 -0.14078
   0.67849 -0.02772 -0.13109
   0.68572 -0.02656 -0.11986
   0.69295 -0.02537 -0.10909
   0.70018 -0.02415 -0.09607
   0.70741 -0.02288 -0.08377
   0.71464 -0.02159 -0.07041
   0.72188 -0.02025 -0.05545
   0.72912 -0.01888 -0.04142
   0.73638 -0.01747 -0.02448
   0.74365 -0.01602 -0.00881
   0.75094 -0.01453  0.00982
   0.75826 -0.01301  0.02777
   0.76560 -0.01146  0.04742
   0.77297 -0.00987  0.06705
   0.78039 -0.00825  0.08859
   0.78785 -0.00659  0.10972
   0.79535 -0.00492  0.13287
   0.80287 -0.00323  0.15571
   0.81037 -0.00154  0.17802
   0.81778  0.00013  0.20320
   0.82509  0.00176  0.22634
   0.83227  0.00334  0.24785
   0.83932  0.00486  0.26858
   0.84624  0.00632  0.28899
   0.85304  0.00771  0.30739
   0.85972  0.00903  0.32631
   0.86628  0.01027  0.34250
   0.87271  0.01143  0.35855
   0.87902  0.01251  0.37357
   0.88521  0.01350  0.38629
   0.89129  0.01440  0.39908
   0.89727  0.01522  0.40887
   0.90316  0.01595  0.41936
   0.90895  0.01659  0.42821
   0.91464  0.01715  0.43558
   0.92020  0.01763  0.44396
   0.92564  0.01802  0.44977
   0.93097  0.01831  0.45436
   0.93623  0.01853  0.45747
   0.94141  0.01867  0.45699
   0.94645  0.01876  0.46722
   0.95125  0.01879  0.47889
   0.95581  0.01873  0.49152
   0.96019  0.01854  0.49561
   0.96446  0.01821  0.48057
   0.96872  0.01776  0.45437
   0.97300  0.01724  0.42583
   0.97726  0.01672  0.41551
   0.98142  0.01621  0.42812
   0.98545  0.01563  0.43245
   0.98942  0.01489  0.38726
   0.99340  0.01406  0.32680
   0.99738  0.01325  0.29812
   1.00000  0.01271  0.25221
