GRUMMAN K-2 AIRFOIL                             
 Alfa =  -1.32840 Re =        0.000 Xflap,Yflap =     0.000000    0.000000
#    x        y        Cp  
   1.00000  0.01371  0.25423
   0.99740  0.01444  0.09928
   0.99329  0.01549  0.06155
   0.98889  0.01657  0.04627
   0.98423  0.01772  0.00596
   0.97929  0.01890 -0.02897
   0.97409  0.02011 -0.05491
   0.96867  0.02135 -0.08524
   0.96305  0.02259 -0.11174
   0.95727  0.02381 -0.13336
   0.95131  0.02502 -0.15424
   0.94520  0.02620 -0.16929
   0.93893  0.02735 -0.18232
   0.93253  0.02848 -0.19351
   0.92600  0.02957 -0.20067
   0.91932  0.03065 -0.20668
   0.91254  0.03170 -0.21362
   0.90568  0.03272 -0.22219
   0.89876  0.03372 -0.22962
   0.89181  0.03467 -0.23767
   0.88484  0.03559 -0.24361
   0.87782  0.03647 -0.24624
   0.87073  0.03731 -0.24733
   0.86355  0.03812 -0.24842
   0.85628  0.03891 -0.24718
   0.84891  0.03968 -0.24626
   0.84146  0.04044 -0.24621
   0.83396  0.04117 -0.24611
   0.82645  0.04190 -0.25181
   0.81896  0.04260 -0.25668
   0.81149  0.04327 -0.26023
   0.80402  0.04391 -0.26274
   0.79655  0.04452 -0.26513
   0.78909  0.04510 -0.26733
   0.78162  0.04565 -0.26800
   0.77414  0.04617 -0.26752
   0.76665  0.04666 -0.26786
   0.75914  0.04713 -0.26664
   0.75161  0.04756 -0.26480
   0.74405  0.04798 -0.26307
   0.73646  0.04837 -0.26010
   0.72884  0.04874 -0.25766
   0.72118  0.04909 -0.25476
   0.71350  0.04943 -0.25142
   0.70580  0.04974 -0.24960
   0.69806  0.05004 -0.24659
   0.69030  0.05033 -0.24448
   0.68252  0.05060 -0.24240
   0.67473  0.05086 -0.24057
   0.66693  0.05111 -0.23836
   0.65911  0.05135 -0.23710
   0.65129  0.05157 -0.23557
   0.64347  0.05178 -0.23351
   0.63563  0.05197 -0.23239
   0.62779  0.05216 -0.23085
   0.61994  0.05233 -0.22875
   0.61208  0.05249 -0.22823
   0.60421  0.05264 -0.22568
   0.59633  0.05278 -0.22482
   0.58846  0.05291 -0.22358
   0.58058  0.05303 -0.22292
   0.57270  0.05314 -0.22167
   0.56482  0.05324 -0.22075
   0.55693  0.05333 -0.21963
   0.54904  0.05340 -0.21894
   0.54115  0.05347 -0.21749
   0.53326  0.05353 -0.21711
   0.52537  0.05358 -0.21573
   0.51748  0.05361 -0.21478
   0.50958  0.05364 -0.21447
   0.50169  0.05366 -0.21282
   0.49380  0.05367 -0.21315
   0.48590  0.05367 -0.21144
   0.47801  0.05366 -0.21176
   0.47012  0.05363 -0.21071
   0.46224  0.05360 -0.20991
   0.45437  0.05356 -0.20926
   0.44650  0.05351 -0.20868
   0.43864  0.05345 -0.20754
   0.43079  0.05338 -0.20726
   0.42295  0.05330 -0.20691
   0.41514  0.05321 -0.20649
   0.40737  0.05312 -0.20707
   0.39966  0.05301 -0.20639
   0.39202  0.05289 -0.20756
   0.38445  0.05276 -0.20456
   0.37694  0.05262 -0.20189
   0.36954  0.05249 -0.20084
   0.36229  0.05236 -0.20789
   0.35524  0.05223 -0.21863
   0.34842  0.05207 -0.22775
   0.34179  0.05185 -0.21893
   0.33530  0.05159 -0.19203
   0.32892  0.05132 -0.16536
   0.32258  0.05111 -0.15163
   0.31625  0.05098 -0.16784
   0.30988  0.05089 -0.19699
   0.30343  0.05078 -0.22409
   0.29682  0.05061 -0.22631
   0.29002  0.05037 -0.21383
   0.28299  0.05009 -0.20196
   0.27579  0.04982 -0.20057
   0.26847  0.04954 -0.20451
   0.26108  0.04924 -0.20633
   0.25361  0.04892 -0.20508
   0.24607  0.04858 -0.20500
   0.23850  0.04823 -0.20586
   0.23092  0.04786 -0.20614
   0.22333  0.04747 -0.20679
   0.21574  0.04707 -0.20714
   0.20817  0.04664 -0.20877
   0.20063  0.04620 -0.20908
   0.19311  0.04574 -0.20969
   0.18563  0.04526 -0.21261
   0.17820  0.04475 -0.21213
   0.17081  0.04423 -0.21317
   0.16349  0.04368 -0.21531
   0.15624  0.04311 -0.21512
   0.14907  0.04251 -0.21726
   0.14200  0.04189 -0.21763
   0.13503  0.04125 -0.21833
   0.12818  0.04059 -0.21879
   0.12147  0.03990 -0.21873
   0.11493  0.03919 -0.21842
   0.10856  0.03847 -0.21812
   0.10240  0.03773 -0.21732
   0.09647  0.03699 -0.21789
   0.09078  0.03624 -0.21919
   0.08537  0.03550 -0.21743
   0.08024  0.03476 -0.22219
   0.07540  0.03403 -0.22345
   0.07085  0.03331 -0.22670
   0.06658  0.03261 -0.23869
   0.06257  0.03190 -0.23891
   0.05879  0.03120 -0.24934
   0.05523  0.03050 -0.25289
   0.05189  0.02978 -0.25043
   0.04873  0.02906 -0.24375
   0.04574  0.02833 -0.23236
   0.04291  0.02760 -0.22255
   0.04024  0.02687 -0.20723
   0.03771  0.02615 -0.19468
   0.03531  0.02543 -0.18616
   0.03305  0.02471 -0.16114
   0.03089  0.02399 -0.13092
   0.02884  0.02329 -0.10700
   0.02688  0.02260 -0.09096
   0.02502  0.02195 -0.08831
   0.02326  0.02131 -0.08572
   0.02159  0.02067 -0.08359
   0.02000  0.02005 -0.07679
   0.01849  0.01942 -0.06533
   0.01706  0.01880 -0.04668
   0.01569  0.01817 -0.01982
   0.01439  0.01754  0.00294
   0.01314  0.01692  0.02673
   0.01194  0.01630  0.04773
   0.01080  0.01568  0.06757
   0.00971  0.01507  0.08644
   0.00867  0.01445  0.11195
   0.00767  0.01383  0.12994
   0.00672  0.01321  0.15469
   0.00581  0.01258  0.17547
   0.00495  0.01194  0.20654
   0.00414  0.01128  0.23063
   0.00338  0.01061  0.25930
   0.00268  0.00990  0.29355
   0.00207  0.00914  0.40020
   0.00154  0.00835  0.48743
   0.00111  0.00752  0.60092
   0.00078  0.00665  0.72478
   0.00053  0.00577  0.82301
   0.00035  0.00489  0.89284
   0.00022  0.00400  0.93898
   0.00012  0.00312  0.97147
   0.00005  0.00224  0.98959
   0.00001  0.00137  0.99859
  -0.00000  0.00051  0.99928
   0.00001 -0.00034  0.99276
   0.00004 -0.00120  0.97883
   0.00010 -0.00206  0.95701
   0.00020 -0.00292  0.94029
   0.00027 -0.00380  0.89221
   0.00039 -0.00468  0.85774
   0.00054 -0.00556  0.80697
   0.00072 -0.00645  0.74560
   0.00092 -0.00735  0.67797
   0.00115 -0.00824  0.59878
   0.00142 -0.00914  0.49832
   0.00173 -0.01004  0.38716
   0.00207 -0.01094  0.26098
   0.00247 -0.01182  0.08280
   0.00292 -0.01269  0.00156
   0.00342 -0.01356 -0.35096
   0.00402 -0.01437 -0.41230
   0.00470 -0.01514 -0.52132
   0.00546 -0.01587 -0.55532
   0.00629 -0.01657 -0.58359
   0.00717 -0.01724 -0.59347
   0.00811 -0.01789 -0.60777
   0.00910 -0.01851 -0.60470
   0.01015 -0.01912 -0.59930
   0.01125 -0.01971 -0.59801
   0.01240 -0.02029 -0.58918
   0.01361 -0.02086 -0.58195
   0.01488 -0.02142 -0.57322
   0.01621 -0.02198 -0.55729
   0.01761 -0.02253 -0.54826
   0.01908 -0.02307 -0.53140
   0.02063 -0.02362 -0.52537
   0.02226 -0.02417 -0.51150
   0.02397 -0.02472 -0.49541
   0.02579 -0.02528 -0.48718
   0.02770 -0.02584 -0.47591
   0.02973 -0.02641 -0.46730
   0.03189 -0.02700 -0.45878
   0.03419 -0.02759 -0.45164
   0.03663 -0.02820 -0.44016
   0.03924 -0.02882 -0.43290
   0.04203 -0.02945 -0.42142
   0.04502 -0.03011 -0.41411
   0.04822 -0.03078 -0.40769
   0.05165 -0.03148 -0.40376
   0.05533 -0.03220 -0.39875
   0.05925 -0.03293 -0.39513
   0.06344 -0.03368 -0.38983
   0.06789 -0.03445 -0.38726
   0.07262 -0.03522 -0.38196
   0.07761 -0.03600 -0.38003
   0.08288 -0.03679 -0.37622
   0.08842 -0.03758 -0.37252
   0.09419 -0.03836 -0.36907
   0.10019 -0.03914 -0.36666
   0.10638 -0.03991 -0.36543
   0.11276 -0.04065 -0.36413
   0.11929 -0.04138 -0.36304
   0.12594 -0.04208 -0.36138
   0.13272 -0.04276 -0.36002
   0.13959 -0.04340 -0.35829
   0.14656 -0.04401 -0.35492
   0.15362 -0.04460 -0.35293
   0.16075 -0.04515 -0.34875
   0.16794 -0.04567 -0.34624
   0.17519 -0.04616 -0.34262
   0.18248 -0.04663 -0.34038
   0.18981 -0.04706 -0.33797
   0.19717 -0.04747 -0.33635
   0.20456 -0.04785 -0.33195
   0.21197 -0.04820 -0.33087
   0.21942 -0.04852 -0.32654
   0.22690 -0.04882 -0.32375
   0.23441 -0.04909 -0.31882
   0.24195 -0.04934 -0.31651
   0.24951 -0.04956 -0.31429
   0.25708 -0.04977 -0.31085
   0.26468 -0.04995 -0.30938
   0.27229 -0.05011 -0.30495
   0.27991 -0.05024 -0.30335
   0.28756 -0.05036 -0.29978
   0.29522 -0.05046 -0.29769
   0.30289 -0.05054 -0.29567
   0.31057 -0.05060 -0.29343
   0.31825 -0.05064 -0.29110
   0.32595 -0.05066 -0.28937
   0.33364 -0.05066 -0.28774
   0.34135 -0.05065 -0.28580
   0.34906 -0.05061 -0.28398
   0.35677 -0.05056 -0.28205
   0.36448 -0.05048 -0.28030
   0.37219 -0.05039 -0.27867
   0.37990 -0.05028 -0.27653
   0.38761 -0.05015 -0.27513
   0.39532 -0.05001 -0.27370
   0.40302 -0.04984 -0.27226
   0.41072 -0.04966 -0.27011
   0.41842 -0.04945 -0.26942
   0.42610 -0.04923 -0.26798
   0.43378 -0.04899 -0.26719
   0.44144 -0.04873 -0.26500
   0.44910 -0.04845 -0.26437
   0.45674 -0.04815 -0.26278
   0.46437 -0.04783 -0.26200
   0.47199 -0.04749 -0.26024
   0.47960 -0.04713 -0.25832
   0.48720 -0.04674 -0.25696
   0.49478 -0.04634 -0.25519
   0.50235 -0.04590 -0.25275
   0.50991 -0.04545 -0.25146
   0.51745 -0.04497 -0.24879
   0.52498 -0.04447 -0.24631
   0.53250 -0.04395 -0.24415
   0.54000 -0.04340 -0.24152
   0.54749 -0.04282 -0.23864
   0.55497 -0.04222 -0.23545
   0.56243 -0.04159 -0.23176
   0.56987 -0.04093 -0.22838
   0.57730 -0.04025 -0.22465
   0.58471 -0.03954 -0.22046
   0.59210 -0.03881 -0.21623
   0.59948 -0.03804 -0.21175
   0.60683 -0.03724 -0.20712
   0.61417 -0.03642 -0.20084
   0.62149 -0.03556 -0.19607
   0.62879 -0.03468 -0.18876
   0.63608 -0.03376 -0.18303
   0.64335 -0.03281 -0.17485
   0.65061 -0.03183 -0.16770
   0.65786 -0.03081 -0.15911
   0.66510 -0.02976 -0.15016
   0.67232 -0.02867 -0.14034
   0.67954 -0.02755 -0.13019
   0.68676 -0.02640 -0.11960
   0.69397 -0.02520 -0.10834
   0.70117 -0.02398 -0.09554
   0.70838 -0.02271 -0.08278
   0.71559 -0.02141 -0.06923
   0.72281 -0.02007 -0.05483
   0.73004 -0.01870 -0.04005
   0.73728 -0.01729 -0.02389
   0.74453 -0.01584 -0.00627
   0.75180 -0.01436  0.01008
   0.75910 -0.01284  0.03012
   0.76642 -0.01128  0.04826
   0.77378 -0.00969  0.07009
   0.78118 -0.00807  0.08897
   0.78863 -0.00642  0.11249
   0.79611 -0.00475  0.13339
   0.80361 -0.00306  0.15784
   0.81108 -0.00138  0.18080
   0.81847  0.00029  0.20382
   0.82574  0.00191  0.22763
   0.83289  0.00348  0.24967
   0.83991  0.00499  0.27023
   0.84680  0.00644  0.28995
   0.85358  0.00782  0.30939
   0.86023  0.00913  0.32572
   0.86676  0.01036  0.34434
   0.87316  0.01151  0.35847
   0.87944  0.01258  0.37496
   0.88561  0.01356  0.38680
   0.89167  0.01445  0.39904
   0.89763  0.01526  0.40986
   0.90349  0.01599  0.41942
   0.90927  0.01663  0.42725
   0.91493  0.01718  0.43692
   0.92047  0.01765  0.44278
   0.92588  0.01803  0.45108
   0.93120  0.01832  0.45468
   0.93644  0.01853  0.45553
   0.94160  0.01868  0.45846
   0.94662  0.01876  0.46540
   0.95140  0.01879  0.48082
   0.95595  0.01872  0.49049
   0.96030  0.01853  0.49559
   0.96456  0.01820  0.48069
   0.96881  0.01775  0.45310
   0.97308  0.01723  0.42602
   0.97733  0.01672  0.41384
   0.98147  0.01621  0.42704
   0.98549  0.01562  0.43400
   0.98945  0.01488  0.38876
   0.99342  0.01406  0.32407
   0.99738  0.01325  0.29880
   1.00000  0.01271  0.25423
