GRUMMAN K-2 AIRFOIL                             
 Alfa =  -1.16800 Re =        0.000 Xflap,Yflap =     0.000000    0.000000
#    x        y        Cp  
   1.00000  0.01371  0.25415
   0.99740  0.01444  0.09907
   0.99329  0.01549  0.06127
   0.98889  0.01657  0.04579
   0.98423  0.01772  0.00532
   0.97929  0.01890 -0.02971
   0.97409  0.02011 -0.05574
   0.96867  0.02135 -0.08624
   0.96305  0.02259 -0.11284
   0.95727  0.02381 -0.13456
   0.95131  0.02502 -0.15559
   0.94520  0.02620 -0.17076
   0.93893  0.02735 -0.18391
   0.93253  0.02848 -0.19521
   0.92600  0.02957 -0.20244
   0.91932  0.03065 -0.20861
   0.91254  0.03170 -0.21560
   0.90568  0.03272 -0.22433
   0.89876  0.03372 -0.23180
   0.89181  0.03467 -0.24000
   0.88484  0.03559 -0.24604
   0.87782  0.03647 -0.24873
   0.87073  0.03731 -0.24993
   0.86355  0.03812 -0.25112
   0.85628  0.03891 -0.24991
   0.84891  0.03968 -0.24914
   0.84146  0.04044 -0.24914
   0.83396  0.04117 -0.24915
   0.82645  0.04190 -0.25492
   0.81896  0.04260 -0.25991
   0.81149  0.04327 -0.26356
   0.80402  0.04391 -0.26613
   0.79655  0.04452 -0.26866
   0.78909  0.04510 -0.27086
   0.78162  0.04565 -0.27170
   0.77414  0.04617 -0.27128
   0.76665  0.04666 -0.27174
   0.75914  0.04713 -0.27055
   0.75161  0.04756 -0.26880
   0.74405  0.04798 -0.26711
   0.73646  0.04837 -0.26426
   0.72884  0.04874 -0.26188
   0.72118  0.04909 -0.25906
   0.71350  0.04943 -0.25581
   0.70580  0.04974 -0.25406
   0.69806  0.05004 -0.25108
   0.69030  0.05033 -0.24911
   0.68252  0.05060 -0.24706
   0.67473  0.05086 -0.24535
   0.66693  0.05111 -0.24320
   0.65911  0.05135 -0.24200
   0.65129  0.05157 -0.24059
   0.64347  0.05178 -0.23859
   0.63563  0.05197 -0.23754
   0.62779  0.05216 -0.23609
   0.61994  0.05233 -0.23410
   0.61208  0.05249 -0.23362
   0.60421  0.05264 -0.23117
   0.59633  0.05278 -0.23041
   0.58846  0.05291 -0.22925
   0.58058  0.05303 -0.22869
   0.57270  0.05314 -0.22751
   0.56482  0.05324 -0.22667
   0.55693  0.05333 -0.22565
   0.54904  0.05340 -0.22506
   0.54115  0.05347 -0.22370
   0.53326  0.05353 -0.22343
   0.52537  0.05358 -0.22213
   0.51748  0.05361 -0.22130
   0.50958  0.05364 -0.22107
   0.50169  0.05366 -0.21952
   0.49380  0.05367 -0.21995
   0.48590  0.05367 -0.21835
   0.47801  0.05366 -0.21878
   0.47012  0.05363 -0.21783
   0.46224  0.05360 -0.21716
   0.45437  0.05356 -0.21661
   0.44650  0.05351 -0.21614
   0.43864  0.05345 -0.21511
   0.43079  0.05338 -0.21496
   0.42295  0.05330 -0.21472
   0.41514  0.05321 -0.21443
   0.40737  0.05312 -0.21514
   0.39966  0.05301 -0.21461
   0.39202  0.05289 -0.21589
   0.38445  0.05276 -0.21303
   0.37694  0.05262 -0.21045
   0.36954  0.05249 -0.20953
   0.36229  0.05236 -0.21677
   0.35524  0.05223 -0.22774
   0.34842  0.05207 -0.23704
   0.34179  0.05185 -0.22831
   0.33530  0.05159 -0.20133
   0.32892  0.05132 -0.17458
   0.32258  0.05111 -0.16088
   0.31625  0.05098 -0.17735
   0.30988  0.05089 -0.20687
   0.30343  0.05078 -0.23437
   0.29682  0.05061 -0.23675
   0.29002  0.05037 -0.22434
   0.28299  0.05009 -0.21255
   0.27579  0.04982 -0.21134
   0.26847  0.04954 -0.21551
   0.26108  0.04924 -0.21754
   0.25361  0.04892 -0.21652
   0.24607  0.04858 -0.21666
   0.23850  0.04823 -0.21776
   0.23092  0.04786 -0.21831
   0.22333  0.04747 -0.21923
   0.21574  0.04707 -0.21986
   0.20817  0.04664 -0.22179
   0.20063  0.04620 -0.22241
   0.19311  0.04574 -0.22334
   0.18563  0.04526 -0.22663
   0.17820  0.04475 -0.22649
   0.17081  0.04423 -0.22792
   0.16349  0.04368 -0.23048
   0.15624  0.04311 -0.23069
   0.14907  0.04251 -0.23330
   0.14200  0.04189 -0.23413
   0.13503  0.04125 -0.23532
   0.12818  0.04059 -0.23630
   0.12147  0.03990 -0.23678
   0.11493  0.03919 -0.23703
   0.10856  0.03847 -0.23733
   0.10240  0.03773 -0.23714
   0.09647  0.03699 -0.23838
   0.09078  0.03624 -0.24038
   0.08537  0.03550 -0.23932
   0.08024  0.03476 -0.24489
   0.07540  0.03403 -0.24697
   0.07085  0.03331 -0.25106
   0.06658  0.03261 -0.26413
   0.06257  0.03190 -0.26520
   0.05879  0.03120 -0.27675
   0.05523  0.03050 -0.28129
   0.05189  0.02978 -0.27974
   0.04873  0.02906 -0.27389
   0.04574  0.02833 -0.26324
   0.04291  0.02760 -0.25423
   0.04024  0.02687 -0.23958
   0.03771  0.02615 -0.22780
   0.03531  0.02543 -0.22018
   0.03305  0.02471 -0.19561
   0.03089  0.02399 -0.16568
   0.02884  0.02329 -0.14221
   0.02688  0.02260 -0.12691
   0.02502  0.02195 -0.12546
   0.02326  0.02131 -0.12415
   0.02159  0.02067 -0.12336
   0.02000  0.02005 -0.11783
   0.01849  0.01942 -0.10756
   0.01706  0.01880 -0.08981
   0.01569  0.01817 -0.06362
   0.01439  0.01754 -0.04165
   0.01314  0.01692 -0.01875
   0.01194  0.01630  0.00117
   0.01080  0.01568  0.01979
   0.00971  0.01507  0.03736
   0.00867  0.01445  0.06163
   0.00767  0.01383  0.07799
   0.00672  0.01321  0.10107
   0.00581  0.01258  0.11984
   0.00495  0.01194  0.14908
   0.00414  0.01128  0.17068
   0.00338  0.01061  0.19634
   0.00268  0.00990  0.22757
   0.00207  0.00914  0.33748
   0.00154  0.00835  0.42676
   0.00111  0.00752  0.54616
   0.00078  0.00665  0.68013
   0.00053  0.00577  0.78815
   0.00035  0.00489  0.86634
   0.00022  0.00400  0.91920
   0.00012  0.00312  0.95784
   0.00005  0.00224  0.98103
   0.00001  0.00137  0.99471
  -0.00000  0.00051  0.99993
   0.00001 -0.00034  0.99744
   0.00004 -0.00120  0.98764
   0.00010 -0.00206  0.97025
   0.00020 -0.00292  0.95490
   0.00027 -0.00380  0.91400
   0.00039 -0.00468  0.88207
   0.00054 -0.00556  0.83564
   0.00072 -0.00645  0.77883
   0.00092 -0.00735  0.71561
   0.00115 -0.00824  0.64115
   0.00142 -0.00914  0.54627
   0.00173 -0.01004  0.44088
   0.00207 -0.01094  0.32048
   0.00247 -0.01182  0.15088
   0.00292 -0.01269  0.07057
   0.00342 -0.01356 -0.26411
   0.00402 -0.01437 -0.32783
   0.00470 -0.01514 -0.43568
   0.00546 -0.01587 -0.47296
   0.00629 -0.01657 -0.50413
   0.00717 -0.01724 -0.51753
   0.00811 -0.01789 -0.53472
   0.00910 -0.01851 -0.53492
   0.01015 -0.01912 -0.53266
   0.01125 -0.01971 -0.53410
   0.01240 -0.02029 -0.52797
   0.01361 -0.02086 -0.52326
   0.01488 -0.02142 -0.51694
   0.01621 -0.02198 -0.50345
   0.01761 -0.02253 -0.49657
   0.01908 -0.02307 -0.48183
   0.02063 -0.02362 -0.47764
   0.02226 -0.02417 -0.46565
   0.02397 -0.02472 -0.45139
   0.02579 -0.02528 -0.44480
   0.02770 -0.02584 -0.43509
   0.02973 -0.02641 -0.42794
   0.03189 -0.02700 -0.42082
   0.03419 -0.02759 -0.41501
   0.03663 -0.02820 -0.40488
   0.03924 -0.02882 -0.39889
   0.04203 -0.02945 -0.38868
   0.04502 -0.03011 -0.38254
   0.04822 -0.03078 -0.37723
   0.05165 -0.03148 -0.37434
   0.05533 -0.03220 -0.37035
   0.05925 -0.03293 -0.36771
   0.06344 -0.03368 -0.36338
   0.06789 -0.03445 -0.36172
   0.07262 -0.03522 -0.35732
   0.07761 -0.03600 -0.35623
   0.08288 -0.03679 -0.35324
   0.08842 -0.03758 -0.35033
   0.09419 -0.03836 -0.34764
   0.10019 -0.03914 -0.34592
   0.10638 -0.03991 -0.34536
   0.11276 -0.04065 -0.34468
   0.11929 -0.04138 -0.34417
   0.12594 -0.04208 -0.34308
   0.13272 -0.04276 -0.34225
   0.13959 -0.04340 -0.34104
   0.14656 -0.04401 -0.33815
   0.15362 -0.04460 -0.33663
   0.16075 -0.04515 -0.33292
   0.16794 -0.04567 -0.33082
   0.17519 -0.04616 -0.32762
   0.18248 -0.04663 -0.32577
   0.18981 -0.04706 -0.32371
   0.19717 -0.04747 -0.32245
   0.20456 -0.04785 -0.31838
   0.21197 -0.04820 -0.31762
   0.21942 -0.04852 -0.31361
   0.22690 -0.04882 -0.31112
   0.23441 -0.04909 -0.30649
   0.24195 -0.04934 -0.30446
   0.24951 -0.04956 -0.30248
   0.25708 -0.04977 -0.29931
   0.26468 -0.04995 -0.29807
   0.27229 -0.05011 -0.29389
   0.27991 -0.05024 -0.29252
   0.28756 -0.05036 -0.28916
   0.29522 -0.05046 -0.28729
   0.30289 -0.05054 -0.28548
   0.31057 -0.05060 -0.28344
   0.31825 -0.05064 -0.28129
   0.32595 -0.05066 -0.27976
   0.33364 -0.05066 -0.27830
   0.34135 -0.05065 -0.27654
   0.34906 -0.05061 -0.27488
   0.35677 -0.05056 -0.27313
   0.36448 -0.05048 -0.27155
   0.37219 -0.05039 -0.27004
   0.37990 -0.05028 -0.26809
   0.38761 -0.05015 -0.26681
   0.39532 -0.05001 -0.26555
   0.40302 -0.04984 -0.26424
   0.41072 -0.04966 -0.26222
   0.41842 -0.04945 -0.26168
   0.42610 -0.04923 -0.26037
   0.43378 -0.04899 -0.25970
   0.44144 -0.04873 -0.25763
   0.44910 -0.04845 -0.25714
   0.45674 -0.04815 -0.25566
   0.46437 -0.04783 -0.25500
   0.47199 -0.04749 -0.25336
   0.47960 -0.04713 -0.25156
   0.48720 -0.04674 -0.25032
   0.49478 -0.04634 -0.24865
   0.50235 -0.04590 -0.24633
   0.50991 -0.04545 -0.24517
   0.51745 -0.04497 -0.24258
   0.52498 -0.04447 -0.24023
   0.53250 -0.04395 -0.23816
   0.54000 -0.04340 -0.23565
   0.54749 -0.04282 -0.23287
   0.55497 -0.04222 -0.22979
   0.56243 -0.04159 -0.22622
   0.56987 -0.04093 -0.22292
   0.57730 -0.04025 -0.21929
   0.58471 -0.03954 -0.21523
   0.59210 -0.03881 -0.21109
   0.59948 -0.03804 -0.20672
   0.60683 -0.03724 -0.20217
   0.61417 -0.03642 -0.19600
   0.62149 -0.03556 -0.19134
   0.62879 -0.03468 -0.18415
   0.63608 -0.03376 -0.17852
   0.64335 -0.03281 -0.17043
   0.65061 -0.03183 -0.16341
   0.65786 -0.03081 -0.15490
   0.66510 -0.02976 -0.14606
   0.67232 -0.02867 -0.13636
   0.67954 -0.02755 -0.12632
   0.68676 -0.02640 -0.11581
   0.69397 -0.02520 -0.10468
   0.70117 -0.02398 -0.09198
   0.70838 -0.02271 -0.07933
   0.71559 -0.02141 -0.06590
   0.72281 -0.02007 -0.05159
   0.73004 -0.01870 -0.03690
   0.73728 -0.01729 -0.02087
   0.74453 -0.01584 -0.00340
   0.75180 -0.01436  0.01289
   0.75910 -0.01284  0.03282
   0.76642 -0.01128  0.05081
   0.77378 -0.00969  0.07254
   0.78118 -0.00807  0.09132
   0.78863 -0.00642  0.11473
   0.79611 -0.00475  0.13551
   0.80361 -0.00306  0.15985
   0.81108 -0.00138  0.18270
   0.81847  0.00029  0.20564
   0.82574  0.00191  0.22934
   0.83289  0.00348  0.25129
   0.83991  0.00499  0.27175
   0.84680  0.00644  0.29140
   0.85358  0.00782  0.31078
   0.86023  0.00913  0.32702
   0.86676  0.01036  0.34555
   0.87316  0.01151  0.35969
   0.87944  0.01258  0.37606
   0.88561  0.01356  0.38786
   0.89167  0.01445  0.40006
   0.89763  0.01526  0.41081
   0.90349  0.01599  0.42035
   0.90927  0.01663  0.42813
   0.91493  0.01718  0.43773
   0.92047  0.01765  0.44362
   0.92588  0.01803  0.45182
   0.93120  0.01832  0.45542
   0.93644  0.01853  0.45622
   0.94160  0.01868  0.45912
   0.94662  0.01876  0.46608
   0.95140  0.01879  0.48140
   0.95595  0.01872  0.49107
   0.96030  0.01853  0.49613
   0.96456  0.01820  0.48119
   0.96881  0.01775  0.45364
   0.97308  0.01723  0.42653
   0.97733  0.01672  0.41434
   0.98147  0.01621  0.42747
   0.98549  0.01562  0.43438
   0.98945  0.01488  0.38915
   0.99342  0.01406  0.32445
   0.99738  0.01325  0.29911
   1.00000  0.01271  0.25415
