GRUMMAN K-2 AIRFOIL                             
 Alfa =  -1.30660 Re =        0.000 Xflap,Yflap =     0.000000    0.000000
#    x        y        Cp  
   1.00000  0.01371  0.25422
   0.99740  0.01444  0.09925
   0.99329  0.01549  0.06151
   0.98889  0.01657  0.04620
   0.98423  0.01772  0.00587
   0.97929  0.01890 -0.02907
   0.97409  0.02011 -0.05502
   0.96867  0.02135 -0.08538
   0.96305  0.02259 -0.11189
   0.95727  0.02381 -0.13353
   0.95131  0.02502 -0.15442
   0.94520  0.02620 -0.16949
   0.93893  0.02735 -0.18254
   0.93253  0.02848 -0.19374
   0.92600  0.02957 -0.20091
   0.91932  0.03065 -0.20694
   0.91254  0.03170 -0.21389
   0.90568  0.03272 -0.22249
   0.89876  0.03372 -0.22992
   0.89181  0.03467 -0.23799
   0.88484  0.03559 -0.24394
   0.87782  0.03647 -0.24658
   0.87073  0.03731 -0.24769
   0.86355  0.03812 -0.24879
   0.85628  0.03891 -0.24755
   0.84891  0.03968 -0.24665
   0.84146  0.04044 -0.24661
   0.83396  0.04117 -0.24652
   0.82645  0.04190 -0.25223
   0.81896  0.04260 -0.25712
   0.81149  0.04327 -0.26068
   0.80402  0.04391 -0.26320
   0.79655  0.04452 -0.26561
   0.78909  0.04510 -0.26781
   0.78162  0.04565 -0.26850
   0.77414  0.04617 -0.26803
   0.76665  0.04666 -0.26839
   0.75914  0.04713 -0.26717
   0.75161  0.04756 -0.26534
   0.74405  0.04798 -0.26362
   0.73646  0.04837 -0.26066
   0.72884  0.04874 -0.25824
   0.72118  0.04909 -0.25535
   0.71350  0.04943 -0.25202
   0.70580  0.04974 -0.25021
   0.69806  0.05004 -0.24720
   0.69030  0.05033 -0.24511
   0.68252  0.05060 -0.24304
   0.67473  0.05086 -0.24122
   0.66693  0.05111 -0.23902
   0.65911  0.05135 -0.23777
   0.65129  0.05157 -0.23625
   0.64347  0.05178 -0.23421
   0.63563  0.05197 -0.23309
   0.62779  0.05216 -0.23156
   0.61994  0.05233 -0.22948
   0.61208  0.05249 -0.22896
   0.60421  0.05264 -0.22643
   0.59633  0.05278 -0.22558
   0.58846  0.05291 -0.22435
   0.58058  0.05303 -0.22371
   0.57270  0.05314 -0.22246
   0.56482  0.05324 -0.22155
   0.55693  0.05333 -0.22045
   0.54904  0.05340 -0.21978
   0.54115  0.05347 -0.21833
   0.53326  0.05353 -0.21797
   0.52537  0.05358 -0.21660
   0.51748  0.05361 -0.21567
   0.50958  0.05364 -0.21536
   0.50169  0.05366 -0.21373
   0.49380  0.05367 -0.21407
   0.48590  0.05367 -0.21238
   0.47801  0.05366 -0.21272
   0.47012  0.05363 -0.21168
   0.46224  0.05360 -0.21090
   0.45437  0.05356 -0.21025
   0.44650  0.05351 -0.20970
   0.43864  0.05345 -0.20857
   0.43079  0.05338 -0.20830
   0.42295  0.05330 -0.20797
   0.41514  0.05321 -0.20757
   0.40737  0.05312 -0.20817
   0.39966  0.05301 -0.20751
   0.39202  0.05289 -0.20869
   0.38445  0.05276 -0.20571
   0.37694  0.05262 -0.20306
   0.36954  0.05249 -0.20202
   0.36229  0.05236 -0.20910
   0.35524  0.05223 -0.21987
   0.34842  0.05207 -0.22901
   0.34179  0.05185 -0.22021
   0.33530  0.05159 -0.19329
   0.32892  0.05132 -0.16661
   0.32258  0.05111 -0.15288
   0.31625  0.05098 -0.16913
   0.30988  0.05089 -0.19833
   0.30343  0.05078 -0.22549
   0.29682  0.05061 -0.22773
   0.29002  0.05037 -0.21526
   0.28299  0.05009 -0.20340
   0.27579  0.04982 -0.20203
   0.26847  0.04954 -0.20600
   0.26108  0.04924 -0.20785
   0.25361  0.04892 -0.20663
   0.24607  0.04858 -0.20658
   0.23850  0.04823 -0.20747
   0.23092  0.04786 -0.20779
   0.22333  0.04747 -0.20847
   0.21574  0.04707 -0.20887
   0.20817  0.04664 -0.21053
   0.20063  0.04620 -0.21089
   0.19311  0.04574 -0.21154
   0.18563  0.04526 -0.21451
   0.17820  0.04475 -0.21408
   0.17081  0.04423 -0.21517
   0.16349  0.04368 -0.21737
   0.15624  0.04311 -0.21723
   0.14907  0.04251 -0.21944
   0.14200  0.04189 -0.21987
   0.13503  0.04125 -0.22064
   0.12818  0.04059 -0.22116
   0.12147  0.03990 -0.22118
   0.11493  0.03919 -0.22094
   0.10856  0.03847 -0.22072
   0.10240  0.03773 -0.22001
   0.09647  0.03699 -0.22067
   0.09078  0.03624 -0.22206
   0.08537  0.03550 -0.22039
   0.08024  0.03476 -0.22526
   0.07540  0.03403 -0.22664
   0.07085  0.03331 -0.23000
   0.06658  0.03261 -0.24214
   0.06257  0.03190 -0.24247
   0.05879  0.03120 -0.25304
   0.05523  0.03050 -0.25673
   0.05189  0.02978 -0.25439
   0.04873  0.02906 -0.24783
   0.04574  0.02833 -0.23654
   0.04291  0.02760 -0.22683
   0.04024  0.02687 -0.21161
   0.03771  0.02615 -0.19916
   0.03531  0.02543 -0.19076
   0.03305  0.02471 -0.16580
   0.03089  0.02399 -0.13561
   0.02884  0.02329 -0.11176
   0.02688  0.02260 -0.09581
   0.02502  0.02195 -0.09333
   0.02326  0.02131 -0.09090
   0.02159  0.02067 -0.08896
   0.02000  0.02005 -0.08233
   0.01849  0.01942 -0.07102
   0.01706  0.01880 -0.05249
   0.01569  0.01817 -0.02572
   0.01439  0.01754 -0.00307
   0.01314  0.01692  0.02061
   0.01194  0.01630  0.04146
   0.01080  0.01568  0.06114
   0.00971  0.01507  0.07984
   0.00867  0.01445  0.10519
   0.00767  0.01383  0.12297
   0.00672  0.01321  0.14750
   0.00581  0.01258  0.16802
   0.00495  0.01194  0.19885
   0.00414  0.01128  0.22261
   0.00338  0.01061  0.25089
   0.00268  0.00990  0.28475
   0.00207  0.00914  0.39186
   0.00154  0.00835  0.47939
   0.00111  0.00752  0.59368
   0.00078  0.00665  0.71891
   0.00053  0.00577  0.81846
   0.00035  0.00489  0.88941
   0.00022  0.00400  0.93646
   0.00012  0.00312  0.96977
   0.00005  0.00224  0.98858
   0.00001  0.00137  0.99821
  -0.00000  0.00051  0.99951
   0.00001 -0.00034  0.99354
   0.00004 -0.00120  0.98017
   0.00010 -0.00206  0.95895
   0.00020 -0.00292  0.94240
   0.00027 -0.00380  0.89532
   0.00039 -0.00468  0.86118
   0.00054 -0.00556  0.81100
   0.00072 -0.00645  0.75025
   0.00092 -0.00735  0.68322
   0.00115 -0.00824  0.60468
   0.00142 -0.00914  0.50497
   0.00173 -0.01004  0.39460
   0.00207 -0.01094  0.26921
   0.00247 -0.01182  0.09220
   0.00292 -0.01269  0.01108
   0.00342 -0.01356 -0.33899
   0.00402 -0.01437 -0.40067
   0.00470 -0.01514 -0.50953
   0.00546 -0.01587 -0.54400
   0.00629 -0.01657 -0.57267
   0.00717 -0.01724 -0.58304
   0.00811 -0.01789 -0.59774
   0.00910 -0.01851 -0.59513
   0.01015 -0.01912 -0.59017
   0.01125 -0.01971 -0.58925
   0.01240 -0.02029 -0.58079
   0.01361 -0.02086 -0.57391
   0.01488 -0.02142 -0.56551
   0.01621 -0.02198 -0.54992
   0.01761 -0.02253 -0.54119
   0.01908 -0.02307 -0.52462
   0.02063 -0.02362 -0.51884
   0.02226 -0.02417 -0.50523
   0.02397 -0.02472 -0.48939
   0.02579 -0.02528 -0.48139
   0.02770 -0.02584 -0.47033
   0.02973 -0.02641 -0.46192
   0.03189 -0.02700 -0.45360
   0.03419 -0.02759 -0.44663
   0.03663 -0.02820 -0.43534
   0.03924 -0.02882 -0.42826
   0.04203 -0.02945 -0.41695
   0.04502 -0.03011 -0.40980
   0.04822 -0.03078 -0.40353
   0.05165 -0.03148 -0.39975
   0.05533 -0.03220 -0.39487
   0.05925 -0.03293 -0.39139
   0.06344 -0.03368 -0.38622
   0.06789 -0.03445 -0.38378
   0.07262 -0.03522 -0.37860
   0.07761 -0.03600 -0.37679
   0.08288 -0.03679 -0.37309
   0.08842 -0.03758 -0.36950
   0.09419 -0.03836 -0.36615
   0.10019 -0.03914 -0.36383
   0.10638 -0.03991 -0.36269
   0.11276 -0.04065 -0.36148
   0.11929 -0.04138 -0.36046
   0.12594 -0.04208 -0.35889
   0.13272 -0.04276 -0.35760
   0.13959 -0.04340 -0.35594
   0.14656 -0.04401 -0.35263
   0.15362 -0.04460 -0.35071
   0.16075 -0.04515 -0.34659
   0.16794 -0.04567 -0.34414
   0.17519 -0.04616 -0.34058
   0.18248 -0.04663 -0.33839
   0.18981 -0.04706 -0.33603
   0.19717 -0.04747 -0.33446
   0.20456 -0.04785 -0.33010
   0.21197 -0.04820 -0.32907
   0.21942 -0.04852 -0.32478
   0.22690 -0.04882 -0.32203
   0.23441 -0.04909 -0.31714
   0.24195 -0.04934 -0.31487
   0.24951 -0.04956 -0.31268
   0.25708 -0.04977 -0.30928
   0.26468 -0.04995 -0.30784
   0.27229 -0.05011 -0.30345
   0.27991 -0.05024 -0.30188
   0.28756 -0.05036 -0.29834
   0.29522 -0.05046 -0.29627
   0.30289 -0.05054 -0.29429
   0.31057 -0.05060 -0.29207
   0.31825 -0.05064 -0.28977
   0.32595 -0.05066 -0.28806
   0.33364 -0.05066 -0.28646
   0.34135 -0.05065 -0.28454
   0.34906 -0.05061 -0.28275
   0.35677 -0.05056 -0.28084
   0.36448 -0.05048 -0.27911
   0.37219 -0.05039 -0.27750
   0.37990 -0.05028 -0.27538
   0.38761 -0.05015 -0.27400
   0.39532 -0.05001 -0.27259
   0.40302 -0.04984 -0.27117
   0.41072 -0.04966 -0.26904
   0.41842 -0.04945 -0.26837
   0.42610 -0.04923 -0.26695
   0.43378 -0.04899 -0.26617
   0.44144 -0.04873 -0.26400
   0.44910 -0.04845 -0.26338
   0.45674 -0.04815 -0.26181
   0.46437 -0.04783 -0.26105
   0.47199 -0.04749 -0.25931
   0.47960 -0.04713 -0.25741
   0.48720 -0.04674 -0.25606
   0.49478 -0.04634 -0.25430
   0.50235 -0.04590 -0.25187
   0.50991 -0.04545 -0.25061
   0.51745 -0.04497 -0.24795
   0.52498 -0.04447 -0.24548
   0.53250 -0.04395 -0.24334
   0.54000 -0.04340 -0.24073
   0.54749 -0.04282 -0.23786
   0.55497 -0.04222 -0.23468
   0.56243 -0.04159 -0.23100
   0.56987 -0.04093 -0.22764
   0.57730 -0.04025 -0.22392
   0.58471 -0.03954 -0.21975
   0.59210 -0.03881 -0.21553
   0.59948 -0.03804 -0.21107
   0.60683 -0.03724 -0.20645
   0.61417 -0.03642 -0.20018
   0.62149 -0.03556 -0.19543
   0.62879 -0.03468 -0.18813
   0.63608 -0.03376 -0.18242
   0.64335 -0.03281 -0.17425
   0.65061 -0.03183 -0.16712
   0.65786 -0.03081 -0.15854
   0.66510 -0.02976 -0.14960
   0.67232 -0.02867 -0.13980
   0.67954 -0.02755 -0.12966
   0.68676 -0.02640 -0.11909
   0.69397 -0.02520 -0.10785
   0.70117 -0.02398 -0.09506
   0.70838 -0.02271 -0.08231
   0.71559 -0.02141 -0.06878
   0.72281 -0.02007 -0.05439
   0.73004 -0.01870 -0.03962
   0.73728 -0.01729 -0.02348
   0.74453 -0.01584 -0.00588
   0.75180 -0.01436  0.01046
   0.75910 -0.01284  0.03049
   0.76642 -0.01128  0.04860
   0.77378 -0.00969  0.07042
   0.78118 -0.00807  0.08929
   0.78863 -0.00642  0.11279
   0.79611 -0.00475  0.13367
   0.80361 -0.00306  0.15811
   0.81108 -0.00138  0.18106
   0.81847  0.00029  0.20406
   0.82574  0.00191  0.22786
   0.83289  0.00348  0.24989
   0.83991  0.00499  0.27044
   0.84680  0.00644  0.29014
   0.85358  0.00782  0.30958
   0.86023  0.00913  0.32589
   0.86676  0.01036  0.34450
   0.87316  0.01151  0.35863
   0.87944  0.01258  0.37511
   0.88561  0.01356  0.38694
   0.89167  0.01445  0.39918
   0.89763  0.01526  0.40999
   0.90349  0.01599  0.41954
   0.90927  0.01663  0.42737
   0.91493  0.01718  0.43703
   0.92047  0.01765  0.44290
   0.92588  0.01803  0.45118
   0.93120  0.01832  0.45478
   0.93644  0.01853  0.45562
   0.94160  0.01868  0.45855
   0.94662  0.01876  0.46549
   0.95140  0.01879  0.48090
   0.95595  0.01872  0.49057
   0.96030  0.01853  0.49567
   0.96456  0.01820  0.48076
   0.96881  0.01775  0.45317
   0.97308  0.01723  0.42609
   0.97733  0.01672  0.41390
   0.98147  0.01621  0.42710
   0.98549  0.01562  0.43405
   0.98945  0.01488  0.38881
   0.99342  0.01406  0.32412
   0.99738  0.01325  0.29884
   1.00000  0.01271  0.25422
