GRUMMAN K-2 AIRFOIL                             
 Alfa =  -1.10300 Re =        0.000 Xflap,Yflap =     0.000000    0.000000
#    x        y        Cp  
   1.00000  0.01371  0.25412
   0.99740  0.01444  0.09899
   0.99329  0.01549  0.06116
   0.98889  0.01657  0.04561
   0.98423  0.01772  0.00506
   0.97929  0.01890 -0.03000
   0.97409  0.02011 -0.05607
   0.96867  0.02135 -0.08664
   0.96305  0.02259 -0.11328
   0.95727  0.02381 -0.13505
   0.95131  0.02502 -0.15614
   0.94520  0.02620 -0.17135
   0.93893  0.02735 -0.18455
   0.93253  0.02848 -0.19590
   0.92600  0.02957 -0.20315
   0.91932  0.03065 -0.20939
   0.91254  0.03170 -0.21639
   0.90568  0.03272 -0.22519
   0.89876  0.03372 -0.23268
   0.89181  0.03467 -0.24094
   0.88484  0.03559 -0.24702
   0.87782  0.03647 -0.24974
   0.87073  0.03731 -0.25098
   0.86355  0.03812 -0.25221
   0.85628  0.03891 -0.25101
   0.84891  0.03968 -0.25031
   0.84146  0.04044 -0.25032
   0.83396  0.04117 -0.25037
   0.82645  0.04190 -0.25617
   0.81896  0.04260 -0.26122
   0.81149  0.04327 -0.26490
   0.80402  0.04391 -0.26750
   0.79655  0.04452 -0.27008
   0.78909  0.04510 -0.27229
   0.78162  0.04565 -0.27320
   0.77414  0.04617 -0.27279
   0.76665  0.04666 -0.27331
   0.75914  0.04713 -0.27214
   0.75161  0.04756 -0.27042
   0.74405  0.04798 -0.26874
   0.73646  0.04837 -0.26595
   0.72884  0.04874 -0.26358
   0.72118  0.04909 -0.26080
   0.71350  0.04943 -0.25759
   0.70580  0.04974 -0.25586
   0.69806  0.05004 -0.25290
   0.69030  0.05033 -0.25098
   0.68252  0.05060 -0.24894
   0.67473  0.05086 -0.24728
   0.66693  0.05111 -0.24515
   0.65911  0.05135 -0.24398
   0.65129  0.05157 -0.24262
   0.64347  0.05178 -0.24065
   0.63563  0.05197 -0.23963
   0.62779  0.05216 -0.23821
   0.61994  0.05233 -0.23626
   0.61208  0.05249 -0.23581
   0.60421  0.05264 -0.23339
   0.59633  0.05278 -0.23267
   0.58846  0.05291 -0.23155
   0.58058  0.05303 -0.23102
   0.57270  0.05314 -0.22988
   0.56482  0.05324 -0.22907
   0.55693  0.05333 -0.22809
   0.54904  0.05340 -0.22754
   0.54115  0.05347 -0.22622
   0.53326  0.05353 -0.22598
   0.52537  0.05358 -0.22473
   0.51748  0.05361 -0.22394
   0.50958  0.05364 -0.22374
   0.50169  0.05366 -0.22224
   0.49380  0.05367 -0.22271
   0.48590  0.05367 -0.22114
   0.47801  0.05366 -0.22163
   0.47012  0.05363 -0.22071
   0.46224  0.05360 -0.22009
   0.45437  0.05356 -0.21959
   0.44650  0.05351 -0.21917
   0.43864  0.05345 -0.21817
   0.43079  0.05338 -0.21808
   0.42295  0.05330 -0.21788
   0.41514  0.05321 -0.21764
   0.40737  0.05312 -0.21841
   0.39966  0.05301 -0.21794
   0.39202  0.05289 -0.21926
   0.38445  0.05276 -0.21646
   0.37694  0.05262 -0.21393
   0.36954  0.05249 -0.21306
   0.36229  0.05236 -0.22037
   0.35524  0.05223 -0.23143
   0.34842  0.05207 -0.24081
   0.34179  0.05185 -0.23212
   0.33530  0.05159 -0.20510
   0.32892  0.05132 -0.17832
   0.32258  0.05111 -0.16463
   0.31625  0.05098 -0.18120
   0.30988  0.05089 -0.21089
   0.30343  0.05078 -0.23854
   0.29682  0.05061 -0.24099
   0.29002  0.05037 -0.22861
   0.28299  0.05009 -0.21684
   0.27579  0.04982 -0.21572
   0.26847  0.04954 -0.21998
   0.26108  0.04924 -0.22210
   0.25361  0.04892 -0.22117
   0.24607  0.04858 -0.22140
   0.23850  0.04823 -0.22260
   0.23092  0.04786 -0.22326
   0.22333  0.04747 -0.22428
   0.21574  0.04707 -0.22503
   0.20817  0.04664 -0.22709
   0.20063  0.04620 -0.22783
   0.19311  0.04574 -0.22889
   0.18563  0.04526 -0.23233
   0.17820  0.04475 -0.23233
   0.17081  0.04423 -0.23392
   0.16349  0.04368 -0.23664
   0.15624  0.04311 -0.23702
   0.14907  0.04251 -0.23982
   0.14200  0.04189 -0.24084
   0.13503  0.04125 -0.24223
   0.12818  0.04059 -0.24342
   0.12147  0.03990 -0.24412
   0.11493  0.03919 -0.24461
   0.10856  0.03847 -0.24515
   0.10240  0.03773 -0.24521
   0.09647  0.03699 -0.24673
   0.09078  0.03624 -0.24902
   0.08537  0.03550 -0.24825
   0.08024  0.03476 -0.25415
   0.07540  0.03403 -0.25656
   0.07085  0.03331 -0.26100
   0.06658  0.03261 -0.27451
   0.06257  0.03190 -0.27592
   0.05879  0.03120 -0.28793
   0.05523  0.03050 -0.29288
   0.05189  0.02978 -0.29171
   0.04873  0.02906 -0.28620
   0.04574  0.02833 -0.27586
   0.04291  0.02760 -0.26718
   0.04024  0.02687 -0.25281
   0.03771  0.02615 -0.24134
   0.03531  0.02543 -0.23410
   0.03305  0.02471 -0.20971
   0.03089  0.02399 -0.17992
   0.02884  0.02329 -0.15662
   0.02688  0.02260 -0.14164
   0.02502  0.02195 -0.14068
   0.02326  0.02131 -0.13991
   0.02159  0.02067 -0.13967
   0.02000  0.02005 -0.13468
   0.01849  0.01942 -0.12490
   0.01706  0.01880 -0.10753
   0.01569  0.01817 -0.08162
   0.01439  0.01754 -0.05999
   0.01314  0.01692 -0.03747
   0.01194  0.01630 -0.01801
   0.01080  0.01568  0.00009
   0.00971  0.01507  0.01711
   0.00867  0.01445  0.04084
   0.00767  0.01383  0.05651
   0.00672  0.01321  0.07887
   0.00581  0.01258  0.09678
   0.00495  0.01194  0.12522
   0.00414  0.01128  0.14576
   0.00338  0.01061  0.17010
   0.00268  0.00990  0.19999
   0.00207  0.00914  0.31117
   0.00154  0.00835  0.40121
   0.00111  0.00752  0.52297
   0.00078  0.00665  0.66108
   0.00053  0.00577  0.77313
   0.00035  0.00489  0.85478
   0.00022  0.00400  0.91040
   0.00012  0.00312  0.95156
   0.00005  0.00224  0.97683
   0.00001  0.00137  0.99244
  -0.00000  0.00051  0.99949
   0.00001 -0.00034  0.99865
   0.00004 -0.00120  0.99054
   0.00010 -0.00206  0.97493
   0.00020 -0.00292  0.96024
   0.00027 -0.00380  0.92213
   0.00039 -0.00468  0.89128
   0.00054 -0.00556  0.84660
   0.00072 -0.00645  0.79163
   0.00092 -0.00735  0.73020
   0.00115 -0.00824  0.65764
   0.00142 -0.00914  0.56502
   0.00173 -0.01004  0.46195
   0.00207 -0.01094  0.34388
   0.00247 -0.01182  0.17772
   0.00292 -0.01269  0.09783
   0.00342 -0.01356 -0.22973
   0.00402 -0.01437 -0.29434
   0.00470 -0.01514 -0.40168
   0.00546 -0.01587 -0.44022
   0.00629 -0.01657 -0.47251
   0.00717 -0.01724 -0.48727
   0.00811 -0.01789 -0.50560
   0.00910 -0.01851 -0.50707
   0.01015 -0.01912 -0.50606
   0.01125 -0.01971 -0.50856
   0.01240 -0.02029 -0.50351
   0.01361 -0.02086 -0.49978
   0.01488 -0.02142 -0.49442
   0.01621 -0.02198 -0.48189
   0.01761 -0.02253 -0.47586
   0.01908 -0.02307 -0.46196
   0.02063 -0.02362 -0.45851
   0.02226 -0.02417 -0.44726
   0.02397 -0.02472 -0.43374
   0.02579 -0.02528 -0.42779
   0.02770 -0.02584 -0.41870
   0.02973 -0.02641 -0.41213
   0.03189 -0.02700 -0.40557
   0.03419 -0.02759 -0.40029
   0.03663 -0.02820 -0.39070
   0.03924 -0.02882 -0.38521
   0.04203 -0.02945 -0.37551
   0.04502 -0.03011 -0.36985
   0.04822 -0.03078 -0.36497
   0.05165 -0.03148 -0.36250
   0.05533 -0.03220 -0.35892
   0.05925 -0.03293 -0.35667
   0.06344 -0.03368 -0.35273
   0.06789 -0.03445 -0.35143
   0.07262 -0.03522 -0.34739
   0.07761 -0.03600 -0.34663
   0.08288 -0.03679 -0.34398
   0.08842 -0.03758 -0.34138
   0.09419 -0.03836 -0.33900
   0.10019 -0.03914 -0.33756
   0.10638 -0.03991 -0.33726
   0.11276 -0.04065 -0.33683
   0.11929 -0.04138 -0.33655
   0.12594 -0.04208 -0.33569
   0.13272 -0.04276 -0.33508
   0.13959 -0.04340 -0.33407
   0.14656 -0.04401 -0.33138
   0.15362 -0.04460 -0.33005
   0.16075 -0.04515 -0.32652
   0.16794 -0.04567 -0.32460
   0.17519 -0.04616 -0.32156
   0.18248 -0.04663 -0.31986
   0.18981 -0.04706 -0.31795
   0.19717 -0.04747 -0.31683
   0.20456 -0.04785 -0.31290
   0.21197 -0.04820 -0.31226
   0.21942 -0.04852 -0.30838
   0.22690 -0.04882 -0.30601
   0.23441 -0.04909 -0.30150
   0.24195 -0.04934 -0.29958
   0.24951 -0.04956 -0.29771
   0.25708 -0.04977 -0.29464
   0.26468 -0.04995 -0.29350
   0.27229 -0.05011 -0.28942
   0.27991 -0.05024 -0.28814
   0.28756 -0.05036 -0.28487
   0.29522 -0.05046 -0.28308
   0.30289 -0.05054 -0.28136
   0.31057 -0.05060 -0.27939
   0.31825 -0.05064 -0.27732
   0.32595 -0.05066 -0.27587
   0.33364 -0.05066 -0.27448
   0.34135 -0.05065 -0.27279
   0.34906 -0.05061 -0.27120
   0.35677 -0.05056 -0.26951
   0.36448 -0.05048 -0.26801
   0.37219 -0.05039 -0.26655
   0.37990 -0.05028 -0.26467
   0.38761 -0.05015 -0.26344
   0.39532 -0.05001 -0.26224
   0.40302 -0.04984 -0.26099
   0.41072 -0.04966 -0.25903
   0.41842 -0.04945 -0.25854
   0.42610 -0.04923 -0.25729
   0.43378 -0.04899 -0.25666
   0.44144 -0.04873 -0.25464
   0.44910 -0.04845 -0.25421
   0.45674 -0.04815 -0.25278
   0.46437 -0.04783 -0.25217
   0.47199 -0.04749 -0.25057
   0.47960 -0.04713 -0.24882
   0.48720 -0.04674 -0.24763
   0.49478 -0.04634 -0.24600
   0.50235 -0.04590 -0.24372
   0.50991 -0.04545 -0.24262
   0.51745 -0.04497 -0.24006
   0.52498 -0.04447 -0.23776
   0.53250 -0.04395 -0.23574
   0.54000 -0.04340 -0.23328
   0.54749 -0.04282 -0.23053
   0.55497 -0.04222 -0.22749
   0.56243 -0.04159 -0.22397
   0.56987 -0.04093 -0.22071
   0.57730 -0.04025 -0.21712
   0.58471 -0.03954 -0.21311
   0.59210 -0.03881 -0.20900
   0.59948 -0.03804 -0.20468
   0.60683 -0.03724 -0.20017
   0.61417 -0.03642 -0.19404
   0.62149 -0.03556 -0.18943
   0.62879 -0.03468 -0.18227
   0.63608 -0.03376 -0.17668
   0.64335 -0.03281 -0.16863
   0.65061 -0.03183 -0.16166
   0.65786 -0.03081 -0.15319
   0.66510 -0.02976 -0.14439
   0.67232 -0.02867 -0.13475
   0.67954 -0.02755 -0.12475
   0.68676 -0.02640 -0.11426
   0.69397 -0.02520 -0.10319
   0.70117 -0.02398 -0.09053
   0.70838 -0.02271 -0.07794
   0.71559 -0.02141 -0.06455
   0.72281 -0.02007 -0.05028
   0.73004 -0.01870 -0.03562
   0.73728 -0.01729 -0.01965
   0.74453 -0.01584 -0.00223
   0.75180 -0.01436  0.01403
   0.75910 -0.01284  0.03391
   0.76642 -0.01128  0.05184
   0.77378 -0.00969  0.07353
   0.78118 -0.00807  0.09228
   0.78863 -0.00642  0.11565
   0.79611 -0.00475  0.13637
   0.80361 -0.00306  0.16067
   0.81108 -0.00138  0.18348
   0.81847  0.00029  0.20639
   0.82574  0.00191  0.23003
   0.83289  0.00348  0.25195
   0.83991  0.00499  0.27237
   0.84680  0.00644  0.29199
   0.85358  0.00782  0.31134
   0.86023  0.00913  0.32755
   0.86676  0.01036  0.34605
   0.87316  0.01151  0.36018
   0.87944  0.01258  0.37651
   0.88561  0.01356  0.38829
   0.89167  0.01445  0.40047
   0.89763  0.01526  0.41119
   0.90349  0.01599  0.42073
   0.90927  0.01663  0.42849
   0.91493  0.01718  0.43806
   0.92047  0.01765  0.44396
   0.92588  0.01803  0.45212
   0.93120  0.01832  0.45572
   0.93644  0.01853  0.45651
   0.94160  0.01868  0.45939
   0.94662  0.01876  0.46635
   0.95140  0.01879  0.48163
   0.95595  0.01872  0.49130
   0.96030  0.01853  0.49635
   0.96456  0.01820  0.48140
   0.96881  0.01775  0.45386
   0.97308  0.01723  0.42674
   0.97733  0.01672  0.41454
   0.98147  0.01621  0.42765
   0.98549  0.01562  0.43453
   0.98945  0.01488  0.38931
   0.99342  0.01406  0.32461
   0.99738  0.01325  0.29924
   1.00000  0.01271  0.25412
