GRUMMAN K-2 AIRFOIL                             
 Alfa =  -1.27430 Re =        0.000 Xflap,Yflap =     0.000000    0.000000
#    x        y        Cp  
   1.00000  0.01371  0.25421
   0.99740  0.01444  0.09921
   0.99329  0.01549  0.06146
   0.98889  0.01657  0.04610
   0.98423  0.01772  0.00574
   0.97929  0.01890 -0.02922
   0.97409  0.02011 -0.05519
   0.96867  0.02135 -0.08558
   0.96305  0.02259 -0.11212
   0.95727  0.02381 -0.13377
   0.95131  0.02502 -0.15470
   0.94520  0.02620 -0.16979
   0.93893  0.02735 -0.18286
   0.93253  0.02848 -0.19409
   0.92600  0.02957 -0.20127
   0.91932  0.03065 -0.20733
   0.91254  0.03170 -0.21429
   0.90568  0.03272 -0.22292
   0.89876  0.03372 -0.23036
   0.89181  0.03467 -0.23846
   0.88484  0.03559 -0.24443
   0.87782  0.03647 -0.24708
   0.87073  0.03731 -0.24821
   0.86355  0.03812 -0.24933
   0.85628  0.03891 -0.24810
   0.84891  0.03968 -0.24723
   0.84146  0.04044 -0.24720
   0.83396  0.04117 -0.24713
   0.82645  0.04190 -0.25286
   0.81896  0.04260 -0.25778
   0.81149  0.04327 -0.26135
   0.80402  0.04391 -0.26389
   0.79655  0.04452 -0.26632
   0.78909  0.04510 -0.26852
   0.78162  0.04565 -0.26925
   0.77414  0.04617 -0.26879
   0.76665  0.04666 -0.26917
   0.75914  0.04713 -0.26796
   0.75161  0.04756 -0.26615
   0.74405  0.04798 -0.26443
   0.73646  0.04837 -0.26150
   0.72884  0.04874 -0.25909
   0.72118  0.04909 -0.25622
   0.71350  0.04943 -0.25290
   0.70580  0.04974 -0.25111
   0.69806  0.05004 -0.24811
   0.69030  0.05033 -0.24604
   0.68252  0.05060 -0.24397
   0.67473  0.05086 -0.24218
   0.66693  0.05111 -0.23999
   0.65911  0.05135 -0.23876
   0.65129  0.05157 -0.23726
   0.64347  0.05178 -0.23523
   0.63563  0.05197 -0.23413
   0.62779  0.05216 -0.23262
   0.61994  0.05233 -0.23055
   0.61208  0.05249 -0.23005
   0.60421  0.05264 -0.22753
   0.59633  0.05278 -0.22671
   0.58846  0.05291 -0.22549
   0.58058  0.05303 -0.22487
   0.57270  0.05314 -0.22364
   0.56482  0.05324 -0.22274
   0.55693  0.05333 -0.22166
   0.54904  0.05340 -0.22101
   0.54115  0.05347 -0.21958
   0.53326  0.05353 -0.21924
   0.52537  0.05358 -0.21789
   0.51748  0.05361 -0.21698
   0.50958  0.05364 -0.21669
   0.50169  0.05366 -0.21508
   0.49380  0.05367 -0.21544
   0.48590  0.05367 -0.21377
   0.47801  0.05366 -0.21413
   0.47012  0.05363 -0.21311
   0.46224  0.05360 -0.21236
   0.45437  0.05356 -0.21173
   0.44650  0.05351 -0.21120
   0.43864  0.05345 -0.21009
   0.43079  0.05338 -0.20986
   0.42295  0.05330 -0.20954
   0.41514  0.05321 -0.20917
   0.40737  0.05312 -0.20979
   0.39966  0.05301 -0.20916
   0.39202  0.05289 -0.21037
   0.38445  0.05276 -0.20742
   0.37694  0.05262 -0.20478
   0.36954  0.05249 -0.20377
   0.36229  0.05236 -0.21088
   0.35524  0.05223 -0.22170
   0.34842  0.05207 -0.23088
   0.34179  0.05185 -0.22209
   0.33530  0.05159 -0.19516
   0.32892  0.05132 -0.16847
   0.32258  0.05111 -0.15474
   0.31625  0.05098 -0.17104
   0.30988  0.05089 -0.20032
   0.30343  0.05078 -0.22756
   0.29682  0.05061 -0.22983
   0.29002  0.05037 -0.21737
   0.28299  0.05009 -0.20553
   0.27579  0.04982 -0.20420
   0.26847  0.04954 -0.20821
   0.26108  0.04924 -0.21011
   0.25361  0.04892 -0.20893
   0.24607  0.04858 -0.20893
   0.23850  0.04823 -0.20987
   0.23092  0.04786 -0.21024
   0.22333  0.04747 -0.21098
   0.21574  0.04707 -0.21143
   0.20817  0.04664 -0.21316
   0.20063  0.04620 -0.21357
   0.19311  0.04574 -0.21429
   0.18563  0.04526 -0.21733
   0.17820  0.04475 -0.21696
   0.17081  0.04423 -0.21814
   0.16349  0.04368 -0.22042
   0.15624  0.04311 -0.22036
   0.14907  0.04251 -0.22266
   0.14200  0.04189 -0.22319
   0.13503  0.04125 -0.22405
   0.12818  0.04059 -0.22468
   0.12147  0.03990 -0.22481
   0.11493  0.03919 -0.22468
   0.10856  0.03847 -0.22459
   0.10240  0.03773 -0.22399
   0.09647  0.03699 -0.22479
   0.09078  0.03624 -0.22632
   0.08537  0.03550 -0.22479
   0.08024  0.03476 -0.22983
   0.07540  0.03403 -0.23136
   0.07085  0.03331 -0.23489
   0.06658  0.03261 -0.24725
   0.06257  0.03190 -0.24775
   0.05879  0.03120 -0.25855
   0.05523  0.03050 -0.26243
   0.05189  0.02978 -0.26028
   0.04873  0.02906 -0.25388
   0.04574  0.02833 -0.24274
   0.04291  0.02760 -0.23319
   0.04024  0.02687 -0.21810
   0.03771  0.02615 -0.20581
   0.03531  0.02543 -0.19758
   0.03305  0.02471 -0.17271
   0.03089  0.02399 -0.14259
   0.02884  0.02329 -0.11882
   0.02688  0.02260 -0.10302
   0.02502  0.02195 -0.10077
   0.02326  0.02131 -0.09861
   0.02159  0.02067 -0.09693
   0.02000  0.02005 -0.09055
   0.01849  0.01942 -0.07948
   0.01706  0.01880 -0.06113
   0.01569  0.01817 -0.03449
   0.01439  0.01754 -0.01199
   0.01314  0.01692  0.01150
   0.01194  0.01630  0.03215
   0.01080  0.01568  0.05158
   0.00971  0.01507  0.07002
   0.00867  0.01445  0.09513
   0.00767  0.01383  0.11258
   0.00672  0.01321  0.13679
   0.00581  0.01258  0.15691
   0.00495  0.01194  0.18738
   0.00414  0.01128  0.21066
   0.00338  0.01061  0.23835
   0.00268  0.00990  0.27162
   0.00207  0.00914  0.37939
   0.00154  0.00835  0.46735
   0.00111  0.00752  0.58284
   0.00078  0.00665  0.71009
   0.00053  0.00577  0.81160
   0.00035  0.00489  0.88423
   0.00022  0.00400  0.93262
   0.00012  0.00312  0.96717
   0.00005  0.00224  0.98699
   0.00001  0.00137  0.99756
  -0.00000  0.00051  0.99978
   0.00001 -0.00034  0.99461
   0.00004 -0.00120  0.98207
   0.00010 -0.00206  0.96175
   0.00020 -0.00292  0.94545
   0.00027 -0.00380  0.89983
   0.00039 -0.00468  0.86620
   0.00054 -0.00556  0.81690
   0.00072 -0.00645  0.75707
   0.00092 -0.00735  0.69093
   0.00115 -0.00824  0.61333
   0.00142 -0.00914  0.51476
   0.00173 -0.01004  0.40555
   0.00207 -0.01094  0.28132
   0.00247 -0.01182  0.10605
   0.00292 -0.01269  0.02511
   0.00342 -0.01356 -0.32135
   0.00402 -0.01437 -0.38352
   0.00470 -0.01514 -0.49216
   0.00546 -0.01587 -0.52730
   0.00629 -0.01657 -0.55656
   0.00717 -0.01724 -0.56765
   0.00811 -0.01789 -0.58295
   0.00910 -0.01851 -0.58099
   0.01015 -0.01912 -0.57667
   0.01125 -0.01971 -0.57631
   0.01240 -0.02029 -0.56841
   0.01361 -0.02086 -0.56203
   0.01488 -0.02142 -0.55412
   0.01621 -0.02198 -0.53903
   0.01761 -0.02253 -0.53073
   0.01908 -0.02307 -0.51459
   0.02063 -0.02362 -0.50919
   0.02226 -0.02417 -0.49596
   0.02397 -0.02472 -0.48049
   0.02579 -0.02528 -0.47282
   0.02770 -0.02584 -0.46208
   0.02973 -0.02641 -0.45397
   0.03189 -0.02700 -0.44593
   0.03419 -0.02759 -0.43923
   0.03663 -0.02820 -0.42821
   0.03924 -0.02882 -0.42139
   0.04203 -0.02945 -0.41033
   0.04502 -0.03011 -0.40343
   0.04822 -0.03078 -0.39738
   0.05165 -0.03148 -0.39381
   0.05533 -0.03220 -0.38914
   0.05925 -0.03293 -0.38585
   0.06344 -0.03368 -0.38088
   0.06789 -0.03445 -0.37862
   0.07262 -0.03522 -0.37363
   0.07761 -0.03600 -0.37198
   0.08288 -0.03679 -0.36845
   0.08842 -0.03758 -0.36502
   0.09419 -0.03836 -0.36183
   0.10019 -0.03914 -0.35965
   0.10638 -0.03991 -0.35865
   0.11276 -0.04065 -0.35756
   0.11929 -0.04138 -0.35666
   0.12594 -0.04208 -0.35519
   0.13272 -0.04276 -0.35401
   0.13959 -0.04340 -0.35246
   0.14656 -0.04401 -0.34925
   0.15362 -0.04460 -0.34742
   0.16075 -0.04515 -0.34340
   0.16794 -0.04567 -0.34103
   0.17519 -0.04616 -0.33756
   0.18248 -0.04663 -0.33545
   0.18981 -0.04706 -0.33316
   0.19717 -0.04747 -0.33166
   0.20456 -0.04785 -0.32737
   0.21197 -0.04820 -0.32640
   0.21942 -0.04852 -0.32217
   0.22690 -0.04882 -0.31949
   0.23441 -0.04909 -0.31466
   0.24195 -0.04934 -0.31244
   0.24951 -0.04956 -0.31030
   0.25708 -0.04977 -0.30695
   0.26468 -0.04995 -0.30556
   0.27229 -0.05011 -0.30122
   0.27991 -0.05024 -0.29970
   0.28756 -0.05036 -0.29620
   0.29522 -0.05046 -0.29418
   0.30289 -0.05054 -0.29223
   0.31057 -0.05060 -0.29005
   0.31825 -0.05064 -0.28779
   0.32595 -0.05066 -0.28613
   0.33364 -0.05066 -0.28455
   0.34135 -0.05065 -0.28267
   0.34906 -0.05061 -0.28091
   0.35677 -0.05056 -0.27904
   0.36448 -0.05048 -0.27735
   0.37219 -0.05039 -0.27576
   0.37990 -0.05028 -0.27368
   0.38761 -0.05015 -0.27232
   0.39532 -0.05001 -0.27095
   0.40302 -0.04984 -0.26955
   0.41072 -0.04966 -0.26745
   0.41842 -0.04945 -0.26681
   0.42610 -0.04923 -0.26542
   0.43378 -0.04899 -0.26466
   0.44144 -0.04873 -0.26251
   0.44910 -0.04845 -0.26193
   0.45674 -0.04815 -0.26038
   0.46437 -0.04783 -0.25964
   0.47199 -0.04749 -0.25792
   0.47960 -0.04713 -0.25604
   0.48720 -0.04674 -0.25472
   0.49478 -0.04634 -0.25298
   0.50235 -0.04590 -0.25058
   0.50991 -0.04545 -0.24934
   0.51745 -0.04497 -0.24670
   0.52498 -0.04447 -0.24426
   0.53250 -0.04395 -0.24213
   0.54000 -0.04340 -0.23954
   0.54749 -0.04282 -0.23669
   0.55497 -0.04222 -0.23354
   0.56243 -0.04159 -0.22989
   0.56987 -0.04093 -0.22654
   0.57730 -0.04025 -0.22284
   0.58471 -0.03954 -0.21870
   0.59210 -0.03881 -0.21450
   0.59948 -0.03804 -0.21006
   0.60683 -0.03724 -0.20545
   0.61417 -0.03642 -0.19921
   0.62149 -0.03556 -0.19448
   0.62879 -0.03468 -0.18720
   0.63608 -0.03376 -0.18151
   0.64335 -0.03281 -0.17336
   0.65061 -0.03183 -0.16626
   0.65786 -0.03081 -0.15769
   0.66510 -0.02976 -0.14878
   0.67232 -0.02867 -0.13900
   0.67954 -0.02755 -0.12889
   0.68676 -0.02640 -0.11832
   0.69397 -0.02520 -0.10711
   0.70117 -0.02398 -0.09434
   0.70838 -0.02271 -0.08162
   0.71559 -0.02141 -0.06811
   0.72281 -0.02007 -0.05374
   0.73004 -0.01870 -0.03899
   0.73728 -0.01729 -0.02287
   0.74453 -0.01584 -0.00530
   0.75180 -0.01436  0.01103
   0.75910 -0.01284  0.03103
   0.76642 -0.01128  0.04912
   0.77378 -0.00969  0.07091
   0.78118 -0.00807  0.08976
   0.78863 -0.00642  0.11324
   0.79611 -0.00475  0.13410
   0.80361 -0.00306  0.15852
   0.81108 -0.00138  0.18144
   0.81847  0.00029  0.20443
   0.82574  0.00191  0.22820
   0.83289  0.00348  0.25021
   0.83991  0.00499  0.27074
   0.84680  0.00644  0.29044
   0.85358  0.00782  0.30986
   0.86023  0.00913  0.32616
   0.86676  0.01036  0.34475
   0.87316  0.01151  0.35888
   0.87944  0.01258  0.37533
   0.88561  0.01356  0.38716
   0.89167  0.01445  0.39938
   0.89763  0.01526  0.41018
   0.90349  0.01599  0.41973
   0.90927  0.01663  0.42755
   0.91493  0.01718  0.43719
   0.92047  0.01765  0.44307
   0.92588  0.01803  0.45133
   0.93120  0.01832  0.45493
   0.93644  0.01853  0.45576
   0.94160  0.01868  0.45868
   0.94662  0.01876  0.46563
   0.95140  0.01879  0.48102
   0.95595  0.01872  0.49068
   0.96030  0.01853  0.49577
   0.96456  0.01820  0.48086
   0.96881  0.01775  0.45328
   0.97308  0.01723  0.42619
   0.97733  0.01672  0.41400
   0.98147  0.01621  0.42719
   0.98549  0.01562  0.43413
   0.98945  0.01488  0.38889
   0.99342  0.01406  0.32419
   0.99738  0.01325  0.29890
   1.00000  0.01271  0.25421
