GRUMMAN K-2 AIRFOIL                             
 Alfa =  -1.31990 Re =        0.000 Xflap,Yflap =     0.000000    0.000000
#    x        y        Cp  
   1.00000  0.01371  0.25423
   0.99740  0.01444  0.09927
   0.99329  0.01549  0.06154
   0.98889  0.01657  0.04624
   0.98423  0.01772  0.00593
   0.97929  0.01890 -0.02901
   0.97409  0.02011 -0.05495
   0.96867  0.02135 -0.08529
   0.96305  0.02259 -0.11180
   0.95727  0.02381 -0.13343
   0.95131  0.02502 -0.15431
   0.94520  0.02620 -0.16937
   0.93893  0.02735 -0.18240
   0.93253  0.02848 -0.19360
   0.92600  0.02957 -0.20076
   0.91932  0.03065 -0.20678
   0.91254  0.03170 -0.21372
   0.90568  0.03272 -0.22231
   0.89876  0.03372 -0.22974
   0.89181  0.03467 -0.23780
   0.88484  0.03559 -0.24374
   0.87782  0.03647 -0.24637
   0.87073  0.03731 -0.24747
   0.86355  0.03812 -0.24856
   0.85628  0.03891 -0.24732
   0.84891  0.03968 -0.24641
   0.84146  0.04044 -0.24636
   0.83396  0.04117 -0.24627
   0.82645  0.04190 -0.25198
   0.81896  0.04260 -0.25686
   0.81149  0.04327 -0.26041
   0.80402  0.04391 -0.26292
   0.79655  0.04452 -0.26532
   0.78909  0.04510 -0.26752
   0.78162  0.04565 -0.26820
   0.77414  0.04617 -0.26772
   0.76665  0.04666 -0.26807
   0.75914  0.04713 -0.26684
   0.75161  0.04756 -0.26501
   0.74405  0.04798 -0.26328
   0.73646  0.04837 -0.26032
   0.72884  0.04874 -0.25789
   0.72118  0.04909 -0.25499
   0.71350  0.04943 -0.25165
   0.70580  0.04974 -0.24984
   0.69806  0.05004 -0.24683
   0.69030  0.05033 -0.24473
   0.68252  0.05060 -0.24265
   0.67473  0.05086 -0.24082
   0.66693  0.05111 -0.23862
   0.65911  0.05135 -0.23736
   0.65129  0.05157 -0.23584
   0.64347  0.05178 -0.23378
   0.63563  0.05197 -0.23266
   0.62779  0.05216 -0.23112
   0.61994  0.05233 -0.22903
   0.61208  0.05249 -0.22852
   0.60421  0.05264 -0.22597
   0.59633  0.05278 -0.22511
   0.58846  0.05291 -0.22388
   0.58058  0.05303 -0.22323
   0.57270  0.05314 -0.22198
   0.56482  0.05324 -0.22106
   0.55693  0.05333 -0.21995
   0.54904  0.05340 -0.21927
   0.54115  0.05347 -0.21782
   0.53326  0.05353 -0.21745
   0.52537  0.05358 -0.21607
   0.51748  0.05361 -0.21513
   0.50958  0.05364 -0.21482
   0.50169  0.05366 -0.21318
   0.49380  0.05367 -0.21351
   0.48590  0.05367 -0.21181
   0.47801  0.05366 -0.21213
   0.47012  0.05363 -0.21108
   0.46224  0.05360 -0.21030
   0.45437  0.05356 -0.20964
   0.44650  0.05351 -0.20908
   0.43864  0.05345 -0.20794
   0.43079  0.05338 -0.20767
   0.42295  0.05330 -0.20732
   0.41514  0.05321 -0.20691
   0.40737  0.05312 -0.20750
   0.39966  0.05301 -0.20683
   0.39202  0.05289 -0.20800
   0.38445  0.05276 -0.20501
   0.37694  0.05262 -0.20235
   0.36954  0.05249 -0.20130
   0.36229  0.05236 -0.20836
   0.35524  0.05223 -0.21911
   0.34842  0.05207 -0.22824
   0.34179  0.05185 -0.21943
   0.33530  0.05159 -0.19252
   0.32892  0.05132 -0.16585
   0.32258  0.05111 -0.15212
   0.31625  0.05098 -0.16834
   0.30988  0.05089 -0.19751
   0.30343  0.05078 -0.22464
   0.29682  0.05061 -0.22686
   0.29002  0.05037 -0.21439
   0.28299  0.05009 -0.20252
   0.27579  0.04982 -0.20114
   0.26847  0.04954 -0.20509
   0.26108  0.04924 -0.20692
   0.25361  0.04892 -0.20569
   0.24607  0.04858 -0.20561
   0.23850  0.04823 -0.20649
   0.23092  0.04786 -0.20678
   0.22333  0.04747 -0.20744
   0.21574  0.04707 -0.20782
   0.20817  0.04664 -0.20946
   0.20063  0.04620 -0.20979
   0.19311  0.04574 -0.21041
   0.18563  0.04526 -0.21335
   0.17820  0.04475 -0.21289
   0.17081  0.04423 -0.21395
   0.16349  0.04368 -0.21611
   0.15624  0.04311 -0.21594
   0.14907  0.04251 -0.21811
   0.14200  0.04189 -0.21850
   0.13503  0.04125 -0.21923
   0.12818  0.04059 -0.21971
   0.12147  0.03990 -0.21968
   0.11493  0.03919 -0.21940
   0.10856  0.03847 -0.21914
   0.10240  0.03773 -0.21837
   0.09647  0.03699 -0.21898
   0.09078  0.03624 -0.22031
   0.08537  0.03550 -0.21859
   0.08024  0.03476 -0.22339
   0.07540  0.03403 -0.22470
   0.07085  0.03331 -0.22799
   0.06658  0.03261 -0.24003
   0.06257  0.03190 -0.24030
   0.05879  0.03120 -0.25078
   0.05523  0.03050 -0.25439
   0.05189  0.02978 -0.25197
   0.04873  0.02906 -0.24534
   0.04574  0.02833 -0.23399
   0.04291  0.02760 -0.22422
   0.04024  0.02687 -0.20894
   0.03771  0.02615 -0.19643
   0.03531  0.02543 -0.18795
   0.03305  0.02471 -0.16295
   0.03089  0.02399 -0.13275
   0.02884  0.02329 -0.10886
   0.02688  0.02260 -0.09285
   0.02502  0.02195 -0.09027
   0.02326  0.02131 -0.08774
   0.02159  0.02067 -0.08568
   0.02000  0.02005 -0.07895
   0.01849  0.01942 -0.06755
   0.01706  0.01880 -0.04895
   0.01569  0.01817 -0.02211
   0.01439  0.01754  0.00060
   0.01314  0.01692  0.02434
   0.01194  0.01630  0.04529
   0.01080  0.01568  0.06506
   0.00971  0.01507  0.08387
   0.00867  0.01445  0.10932
   0.00767  0.01383  0.12722
   0.00672  0.01321  0.15189
   0.00581  0.01258  0.17257
   0.00495  0.01194  0.20355
   0.00414  0.01128  0.22751
   0.00338  0.01061  0.25603
   0.00268  0.00990  0.29013
   0.00207  0.00914  0.39695
   0.00154  0.00835  0.48430
   0.00111  0.00752  0.59811
   0.00078  0.00665  0.72250
   0.00053  0.00577  0.82124
   0.00035  0.00489  0.89151
   0.00022  0.00400  0.93800
   0.00012  0.00312  0.97081
   0.00005  0.00224  0.98920
   0.00001  0.00137  0.99845
  -0.00000  0.00051  0.99938
   0.00001 -0.00034  0.99307
   0.00004 -0.00120  0.97936
   0.00010 -0.00206  0.95777
   0.00020 -0.00292  0.94112
   0.00027 -0.00380  0.89343
   0.00039 -0.00468  0.85908
   0.00054 -0.00556  0.80855
   0.00072 -0.00645  0.74742
   0.00092 -0.00735  0.68002
   0.00115 -0.00824  0.60109
   0.00142 -0.00914  0.50092
   0.00173 -0.01004  0.39006
   0.00207 -0.01094  0.26419
   0.00247 -0.01182  0.08647
   0.00292 -0.01269  0.00528
   0.00342 -0.01356 -0.34629
   0.00402 -0.01437 -0.40776
   0.00470 -0.01514 -0.51672
   0.00546 -0.01587 -0.55090
   0.00629 -0.01657 -0.57933
   0.00717 -0.01724 -0.58940
   0.00811 -0.01789 -0.60386
   0.00910 -0.01851 -0.60097
   0.01015 -0.01912 -0.59574
   0.01125 -0.01971 -0.59459
   0.01240 -0.02029 -0.58591
   0.01361 -0.02086 -0.57882
   0.01488 -0.02142 -0.57021
   0.01621 -0.02198 -0.55441
   0.01761 -0.02253 -0.54550
   0.01908 -0.02307 -0.52875
   0.02063 -0.02362 -0.52283
   0.02226 -0.02417 -0.50906
   0.02397 -0.02472 -0.49306
   0.02579 -0.02528 -0.48492
   0.02770 -0.02584 -0.47373
   0.02973 -0.02641 -0.46520
   0.03189 -0.02700 -0.45676
   0.03419 -0.02759 -0.44968
   0.03663 -0.02820 -0.43828
   0.03924 -0.02882 -0.43109
   0.04203 -0.02945 -0.41967
   0.04502 -0.03011 -0.41243
   0.04822 -0.03078 -0.40606
   0.05165 -0.03148 -0.40220
   0.05533 -0.03220 -0.39724
   0.05925 -0.03293 -0.39367
   0.06344 -0.03368 -0.38842
   0.06789 -0.03445 -0.38590
   0.07262 -0.03522 -0.38065
   0.07761 -0.03600 -0.37877
   0.08288 -0.03679 -0.37500
   0.08842 -0.03758 -0.37134
   0.09419 -0.03836 -0.36793
   0.10019 -0.03914 -0.36556
   0.10638 -0.03991 -0.36436
   0.11276 -0.04065 -0.36310
   0.11929 -0.04138 -0.36203
   0.12594 -0.04208 -0.36041
   0.13272 -0.04276 -0.35907
   0.13959 -0.04340 -0.35737
   0.14656 -0.04401 -0.35403
   0.15362 -0.04460 -0.35206
   0.16075 -0.04515 -0.34791
   0.16794 -0.04567 -0.34542
   0.17519 -0.04616 -0.34183
   0.18248 -0.04663 -0.33960
   0.18981 -0.04706 -0.33721
   0.19717 -0.04747 -0.33561
   0.20456 -0.04785 -0.33123
   0.21197 -0.04820 -0.33017
   0.21942 -0.04852 -0.32586
   0.22690 -0.04882 -0.32308
   0.23441 -0.04909 -0.31817
   0.24195 -0.04934 -0.31587
   0.24951 -0.04956 -0.31366
   0.25708 -0.04977 -0.31024
   0.26468 -0.04995 -0.30878
   0.27229 -0.05011 -0.30436
   0.27991 -0.05024 -0.30278
   0.28756 -0.05036 -0.29922
   0.29522 -0.05046 -0.29713
   0.30289 -0.05054 -0.29513
   0.31057 -0.05060 -0.29290
   0.31825 -0.05064 -0.29058
   0.32595 -0.05066 -0.28886
   0.33364 -0.05066 -0.28724
   0.34135 -0.05065 -0.28531
   0.34906 -0.05061 -0.28350
   0.35677 -0.05056 -0.28158
   0.36448 -0.05048 -0.27984
   0.37219 -0.05039 -0.27821
   0.37990 -0.05028 -0.27608
   0.38761 -0.05015 -0.27469
   0.39532 -0.05001 -0.27327
   0.40302 -0.04984 -0.27183
   0.41072 -0.04966 -0.26970
   0.41842 -0.04945 -0.26901
   0.42610 -0.04923 -0.26758
   0.43378 -0.04899 -0.26679
   0.44144 -0.04873 -0.26461
   0.44910 -0.04845 -0.26398
   0.45674 -0.04815 -0.26240
   0.46437 -0.04783 -0.26163
   0.47199 -0.04749 -0.25988
   0.47960 -0.04713 -0.25797
   0.48720 -0.04674 -0.25661
   0.49478 -0.04634 -0.25484
   0.50235 -0.04590 -0.25241
   0.50991 -0.04545 -0.25113
   0.51745 -0.04497 -0.24846
   0.52498 -0.04447 -0.24599
   0.53250 -0.04395 -0.24383
   0.54000 -0.04340 -0.24121
   0.54749 -0.04282 -0.23833
   0.55497 -0.04222 -0.23515
   0.56243 -0.04159 -0.23146
   0.56987 -0.04093 -0.22809
   0.57730 -0.04025 -0.22436
   0.58471 -0.03954 -0.22018
   0.59210 -0.03881 -0.21596
   0.59948 -0.03804 -0.21149
   0.60683 -0.03724 -0.20686
   0.61417 -0.03642 -0.20058
   0.62149 -0.03556 -0.19582
   0.62879 -0.03468 -0.18852
   0.63608 -0.03376 -0.18279
   0.64335 -0.03281 -0.17462
   0.65061 -0.03183 -0.16748
   0.65786 -0.03081 -0.15888
   0.66510 -0.02976 -0.14994
   0.67232 -0.02867 -0.14013
   0.67954 -0.02755 -0.12998
   0.68676 -0.02640 -0.11940
   0.69397 -0.02520 -0.10815
   0.70117 -0.02398 -0.09535
   0.70838 -0.02271 -0.08260
   0.71559 -0.02141 -0.06905
   0.72281 -0.02007 -0.05466
   0.73004 -0.01870 -0.03988
   0.73728 -0.01729 -0.02373
   0.74453 -0.01584 -0.00612
   0.75180 -0.01436  0.01023
   0.75910 -0.01284  0.03026
   0.76642 -0.01128  0.04839
   0.77378 -0.00969  0.07022
   0.78118 -0.00807  0.08909
   0.78863 -0.00642  0.11260
   0.79611 -0.00475  0.13350
   0.80361 -0.00306  0.15794
   0.81108 -0.00138  0.18090
   0.81847  0.00029  0.20391
   0.82574  0.00191  0.22772
   0.83289  0.00348  0.24975
   0.83991  0.00499  0.27031
   0.84680  0.00644  0.29002
   0.85358  0.00782  0.30946
   0.86023  0.00913  0.32579
   0.86676  0.01036  0.34440
   0.87316  0.01151  0.35853
   0.87944  0.01258  0.37502
   0.88561  0.01356  0.38686
   0.89167  0.01445  0.39909
   0.89763  0.01526  0.40991
   0.90349  0.01599  0.41947
   0.90927  0.01663  0.42730
   0.91493  0.01718  0.43696
   0.92047  0.01765  0.44283
   0.92588  0.01803  0.45112
   0.93120  0.01832  0.45472
   0.93644  0.01853  0.45557
   0.94160  0.01868  0.45850
   0.94662  0.01876  0.46544
   0.95140  0.01879  0.48086
   0.95595  0.01872  0.49052
   0.96030  0.01853  0.49562
   0.96456  0.01820  0.48072
   0.96881  0.01775  0.45313
   0.97308  0.01723  0.42605
   0.97733  0.01672  0.41386
   0.98147  0.01621  0.42707
   0.98549  0.01562  0.43402
   0.98945  0.01488  0.38878
   0.99342  0.01406  0.32409
   0.99738  0.01325  0.29881
   1.00000  0.01271  0.25423
