GRUMMAN K-2 AIRFOIL                             
 Alfa =  -1.29250 Re =        0.000 Xflap,Yflap =     0.000000    0.000000
#    x        y        Cp  
   1.00000  0.01371  0.25422
   0.99740  0.01444  0.09923
   0.99329  0.01549  0.06149
   0.98889  0.01657  0.04616
   0.98423  0.01772  0.00582
   0.97929  0.01890 -0.02913
   0.97409  0.02011 -0.05510
   0.96867  0.02135 -0.08546
   0.96305  0.02259 -0.11199
   0.95727  0.02381 -0.13363
   0.95131  0.02502 -0.15454
   0.94520  0.02620 -0.16962
   0.93893  0.02735 -0.18268
   0.93253  0.02848 -0.19389
   0.92600  0.02957 -0.20107
   0.91932  0.03065 -0.20711
   0.91254  0.03170 -0.21406
   0.90568  0.03272 -0.22267
   0.89876  0.03372 -0.23011
   0.89181  0.03467 -0.23820
   0.88484  0.03559 -0.24416
   0.87782  0.03647 -0.24680
   0.87073  0.03731 -0.24792
   0.86355  0.03812 -0.24903
   0.85628  0.03891 -0.24779
   0.84891  0.03968 -0.24691
   0.84146  0.04044 -0.24687
   0.83396  0.04117 -0.24679
   0.82645  0.04190 -0.25251
   0.81896  0.04260 -0.25741
   0.81149  0.04327 -0.26098
   0.80402  0.04391 -0.26350
   0.79655  0.04452 -0.26592
   0.78909  0.04510 -0.26812
   0.78162  0.04565 -0.26883
   0.77414  0.04617 -0.26836
   0.76665  0.04666 -0.26873
   0.75914  0.04713 -0.26751
   0.75161  0.04756 -0.26569
   0.74405  0.04798 -0.26397
   0.73646  0.04837 -0.26103
   0.72884  0.04874 -0.25861
   0.72118  0.04909 -0.25573
   0.71350  0.04943 -0.25240
   0.70580  0.04974 -0.25060
   0.69806  0.05004 -0.24760
   0.69030  0.05033 -0.24552
   0.68252  0.05060 -0.24345
   0.67473  0.05086 -0.24164
   0.66693  0.05111 -0.23945
   0.65911  0.05135 -0.23820
   0.65129  0.05157 -0.23669
   0.64347  0.05178 -0.23465
   0.63563  0.05197 -0.23354
   0.62779  0.05216 -0.23202
   0.61994  0.05233 -0.22995
   0.61208  0.05249 -0.22944
   0.60421  0.05264 -0.22691
   0.59633  0.05278 -0.22607
   0.58846  0.05291 -0.22485
   0.58058  0.05303 -0.22421
   0.57270  0.05314 -0.22298
   0.56482  0.05324 -0.22207
   0.55693  0.05333 -0.22098
   0.54904  0.05340 -0.22031
   0.54115  0.05347 -0.21888
   0.53326  0.05353 -0.21853
   0.52537  0.05358 -0.21716
   0.51748  0.05361 -0.21624
   0.50958  0.05364 -0.21594
   0.50169  0.05366 -0.21432
   0.49380  0.05367 -0.21467
   0.48590  0.05367 -0.21299
   0.47801  0.05366 -0.21333
   0.47012  0.05363 -0.21230
   0.46224  0.05360 -0.21153
   0.45437  0.05356 -0.21090
   0.44650  0.05351 -0.21035
   0.43864  0.05345 -0.20924
   0.43079  0.05338 -0.20898
   0.42295  0.05330 -0.20866
   0.41514  0.05321 -0.20827
   0.40737  0.05312 -0.20888
   0.39966  0.05301 -0.20823
   0.39202  0.05289 -0.20942
   0.38445  0.05276 -0.20646
   0.37694  0.05262 -0.20381
   0.36954  0.05249 -0.20278
   0.36229  0.05236 -0.20988
   0.35524  0.05223 -0.22067
   0.34842  0.05207 -0.22983
   0.34179  0.05185 -0.22103
   0.33530  0.05159 -0.19411
   0.32892  0.05132 -0.16742
   0.32258  0.05111 -0.15370
   0.31625  0.05098 -0.16997
   0.30988  0.05089 -0.19920
   0.30343  0.05078 -0.22639
   0.29682  0.05061 -0.22864
   0.29002  0.05037 -0.21618
   0.28299  0.05009 -0.20433
   0.27579  0.04982 -0.20298
   0.26847  0.04954 -0.20697
   0.26108  0.04924 -0.20883
   0.25361  0.04892 -0.20764
   0.24607  0.04858 -0.20760
   0.23850  0.04823 -0.20852
   0.23092  0.04786 -0.20886
   0.22333  0.04747 -0.20957
   0.21574  0.04707 -0.20999
   0.20817  0.04664 -0.21168
   0.20063  0.04620 -0.21206
   0.19311  0.04574 -0.21274
   0.18563  0.04526 -0.21574
   0.17820  0.04475 -0.21534
   0.17081  0.04423 -0.21647
   0.16349  0.04368 -0.21870
   0.15624  0.04311 -0.21860
   0.14907  0.04251 -0.22085
   0.14200  0.04189 -0.22132
   0.13503  0.04125 -0.22213
   0.12818  0.04059 -0.22270
   0.12147  0.03990 -0.22276
   0.11493  0.03919 -0.22257
   0.10856  0.03847 -0.22241
   0.10240  0.03773 -0.22174
   0.09647  0.03699 -0.22247
   0.09078  0.03624 -0.22392
   0.08537  0.03550 -0.22231
   0.08024  0.03476 -0.22725
   0.07540  0.03403 -0.22870
   0.07085  0.03331 -0.23214
   0.06658  0.03261 -0.24437
   0.06257  0.03190 -0.24477
   0.05879  0.03120 -0.25545
   0.05523  0.03050 -0.25922
   0.05189  0.02978 -0.25696
   0.04873  0.02906 -0.25047
   0.04574  0.02833 -0.23924
   0.04291  0.02760 -0.22960
   0.04024  0.02687 -0.21444
   0.03771  0.02615 -0.20206
   0.03531  0.02543 -0.19373
   0.03305  0.02471 -0.16881
   0.03089  0.02399 -0.13865
   0.02884  0.02329 -0.11484
   0.02688  0.02260 -0.09896
   0.02502  0.02195 -0.09657
   0.02326  0.02131 -0.09426
   0.02159  0.02067 -0.09243
   0.02000  0.02005 -0.08591
   0.01849  0.01942 -0.07471
   0.01706  0.01880 -0.05626
   0.01569  0.01817 -0.02954
   0.01439  0.01754 -0.00696
   0.01314  0.01692  0.01664
   0.01194  0.01630  0.03740
   0.01080  0.01568  0.05698
   0.00971  0.01507  0.07556
   0.00867  0.01445  0.10081
   0.00767  0.01383  0.11844
   0.00672  0.01321  0.14283
   0.00581  0.01258  0.16318
   0.00495  0.01194  0.19385
   0.00414  0.01128  0.21741
   0.00338  0.01061  0.24543
   0.00268  0.00990  0.27904
   0.00207  0.00914  0.38643
   0.00154  0.00835  0.47415
   0.00111  0.00752  0.58897
   0.00078  0.00665  0.71508
   0.00053  0.00577  0.81548
   0.00035  0.00489  0.88716
   0.00022  0.00400  0.93480
   0.00012  0.00312  0.96865
   0.00005  0.00224  0.98790
   0.00001  0.00137  0.99794
  -0.00000  0.00051  0.99964
   0.00001 -0.00034  0.99402
   0.00004 -0.00120  0.98101
   0.00010 -0.00206  0.96018
   0.00020 -0.00292  0.94374
   0.00027 -0.00380  0.89730
   0.00039 -0.00468  0.86338
   0.00054 -0.00556  0.81359
   0.00072 -0.00645  0.75324
   0.00092 -0.00735  0.68660
   0.00115 -0.00824  0.60847
   0.00142 -0.00914  0.50926
   0.00173 -0.01004  0.39939
   0.00207 -0.01094  0.27451
   0.00247 -0.01182  0.09826
   0.00292 -0.01269  0.01722
   0.00342 -0.01356 -0.33127
   0.00402 -0.01437 -0.39317
   0.00470 -0.01514 -0.50194
   0.00546 -0.01587 -0.53670
   0.00629 -0.01657 -0.56563
   0.00717 -0.01724 -0.57632
   0.00811 -0.01789 -0.59128
   0.00910 -0.01851 -0.58895
   0.01015 -0.01912 -0.58427
   0.01125 -0.01971 -0.58359
   0.01240 -0.02029 -0.57538
   0.01361 -0.02086 -0.56872
   0.01488 -0.02142 -0.56053
   0.01621 -0.02198 -0.54516
   0.01761 -0.02253 -0.53662
   0.01908 -0.02307 -0.52024
   0.02063 -0.02362 -0.51463
   0.02226 -0.02417 -0.50118
   0.02397 -0.02472 -0.48550
   0.02579 -0.02528 -0.47765
   0.02770 -0.02584 -0.46673
   0.02973 -0.02641 -0.45845
   0.03189 -0.02700 -0.45024
   0.03419 -0.02759 -0.44340
   0.03663 -0.02820 -0.43223
   0.03924 -0.02882 -0.42526
   0.04203 -0.02945 -0.41406
   0.04502 -0.03011 -0.40702
   0.04822 -0.03078 -0.40084
   0.05165 -0.03148 -0.39715
   0.05533 -0.03220 -0.39237
   0.05925 -0.03293 -0.38897
   0.06344 -0.03368 -0.38389
   0.06789 -0.03445 -0.38152
   0.07262 -0.03522 -0.37643
   0.07761 -0.03600 -0.37469
   0.08288 -0.03679 -0.37107
   0.08842 -0.03758 -0.36754
   0.09419 -0.03836 -0.36426
   0.10019 -0.03914 -0.36201
   0.10638 -0.03991 -0.36093
   0.11276 -0.04065 -0.35977
   0.11929 -0.04138 -0.35880
   0.12594 -0.04208 -0.35727
   0.13272 -0.04276 -0.35603
   0.13959 -0.04340 -0.35442
   0.14656 -0.04401 -0.35116
   0.15362 -0.04460 -0.34927
   0.16075 -0.04515 -0.34520
   0.16794 -0.04567 -0.34278
   0.17519 -0.04616 -0.33926
   0.18248 -0.04663 -0.33710
   0.18981 -0.04706 -0.33477
   0.19717 -0.04747 -0.33324
   0.20456 -0.04785 -0.32891
   0.21197 -0.04820 -0.32790
   0.21942 -0.04852 -0.32364
   0.22690 -0.04882 -0.32092
   0.23441 -0.04909 -0.31606
   0.24195 -0.04934 -0.31381
   0.24951 -0.04956 -0.31164
   0.25708 -0.04977 -0.30826
   0.26468 -0.04995 -0.30685
   0.27229 -0.05011 -0.30247
   0.27991 -0.05024 -0.30093
   0.28756 -0.05036 -0.29740
   0.29522 -0.05046 -0.29536
   0.30289 -0.05054 -0.29339
   0.31057 -0.05060 -0.29119
   0.31825 -0.05064 -0.28890
   0.32595 -0.05066 -0.28722
   0.33364 -0.05066 -0.28563
   0.34135 -0.05065 -0.28372
   0.34906 -0.05061 -0.28195
   0.35677 -0.05056 -0.28005
   0.36448 -0.05048 -0.27834
   0.37219 -0.05039 -0.27674
   0.37990 -0.05028 -0.27464
   0.38761 -0.05015 -0.27327
   0.39532 -0.05001 -0.27187
   0.40302 -0.04984 -0.27046
   0.41072 -0.04966 -0.26835
   0.41842 -0.04945 -0.26769
   0.42610 -0.04923 -0.26628
   0.43378 -0.04899 -0.26551
   0.44144 -0.04873 -0.26335
   0.44910 -0.04845 -0.26275
   0.45674 -0.04815 -0.26118
   0.46437 -0.04783 -0.26043
   0.47199 -0.04749 -0.25870
   0.47960 -0.04713 -0.25681
   0.48720 -0.04674 -0.25547
   0.49478 -0.04634 -0.25373
   0.50235 -0.04590 -0.25131
   0.50991 -0.04545 -0.25005
   0.51745 -0.04497 -0.24740
   0.52498 -0.04447 -0.24495
   0.53250 -0.04395 -0.24281
   0.54000 -0.04340 -0.24021
   0.54749 -0.04282 -0.23735
   0.55497 -0.04222 -0.23419
   0.56243 -0.04159 -0.23052
   0.56987 -0.04093 -0.22716
   0.57730 -0.04025 -0.22345
   0.58471 -0.03954 -0.21929
   0.59210 -0.03881 -0.21508
   0.59948 -0.03804 -0.21063
   0.60683 -0.03724 -0.20601
   0.61417 -0.03642 -0.19975
   0.62149 -0.03556 -0.19501
   0.62879 -0.03468 -0.18773
   0.63608 -0.03376 -0.18202
   0.64335 -0.03281 -0.17386
   0.65061 -0.03183 -0.16674
   0.65786 -0.03081 -0.15817
   0.66510 -0.02976 -0.14924
   0.67232 -0.02867 -0.13945
   0.67954 -0.02755 -0.12932
   0.68676 -0.02640 -0.11875
   0.69397 -0.02520 -0.10752
   0.70117 -0.02398 -0.09475
   0.70838 -0.02271 -0.08201
   0.71559 -0.02141 -0.06849
   0.72281 -0.02007 -0.05411
   0.73004 -0.01870 -0.03934
   0.73728 -0.01729 -0.02321
   0.74453 -0.01584 -0.00563
   0.75180 -0.01436  0.01071
   0.75910 -0.01284  0.03072
   0.76642 -0.01128  0.04883
   0.77378 -0.00969  0.07064
   0.78118 -0.00807  0.08949
   0.78863 -0.00642  0.11299
   0.79611 -0.00475  0.13386
   0.80361 -0.00306  0.15829
   0.81108 -0.00138  0.18122
   0.81847  0.00029  0.20422
   0.82574  0.00191  0.22801
   0.83289  0.00348  0.25003
   0.83991  0.00499  0.27057
   0.84680  0.00644  0.29027
   0.85358  0.00782  0.30970
   0.86023  0.00913  0.32601
   0.86676  0.01036  0.34461
   0.87316  0.01151  0.35874
   0.87944  0.01258  0.37520
   0.88561  0.01356  0.38704
   0.89167  0.01445  0.39927
   0.89763  0.01526  0.41007
   0.90349  0.01599  0.41963
   0.90927  0.01663  0.42745
   0.91493  0.01718  0.43710
   0.92047  0.01765  0.44297
   0.92588  0.01803  0.45125
   0.93120  0.01832  0.45484
   0.93644  0.01853  0.45569
   0.94160  0.01868  0.45861
   0.94662  0.01876  0.46555
   0.95140  0.01879  0.48095
   0.95595  0.01872  0.49062
   0.96030  0.01853  0.49571
   0.96456  0.01820  0.48080
   0.96881  0.01775  0.45322
   0.97308  0.01723  0.42614
   0.97733  0.01672  0.41395
   0.98147  0.01621  0.42714
   0.98549  0.01562  0.43409
   0.98945  0.01488  0.38884
   0.99342  0.01406  0.32415
   0.99738  0.01325  0.29887
   1.00000  0.01271  0.25422
