GRUMMAN K-2 AIRFOIL                             
 Alfa =  -1.26020 Re =        0.000 Xflap,Yflap =     0.000000    0.000000
#    x        y        Cp  
   1.00000  0.01371  0.25223
   0.99739  0.01444  0.09667
   0.99327  0.01550  0.06263
   0.98886  0.01658  0.04419
   0.98418  0.01773  0.00247
   0.97923  0.01891 -0.02708
   0.97401  0.02013 -0.05713
   0.96856  0.02137 -0.08504
   0.96293  0.02261 -0.11287
   0.95713  0.02384 -0.13597
   0.95115  0.02505 -0.15471
   0.94501  0.02623 -0.16994
   0.93873  0.02739 -0.18357
   0.93231  0.02852 -0.19458
   0.92575  0.02962 -0.20194
   0.91905  0.03069 -0.20767
   0.91224  0.03174 -0.21493
   0.90536  0.03277 -0.22359
   0.89842  0.03376 -0.23108
   0.89145  0.03472 -0.23891
   0.88446  0.03564 -0.24430
   0.87741  0.03652 -0.24837
   0.87030  0.03736 -0.24889
   0.86310  0.03817 -0.24886
   0.85580  0.03897 -0.24847
   0.84840  0.03974 -0.24767
   0.84093  0.04049 -0.24779
   0.83341  0.04123 -0.24825
   0.82588  0.04195 -0.25286
   0.81837  0.04265 -0.25882
   0.81087  0.04332 -0.26143
   0.80338  0.04396 -0.26470
   0.79590  0.04457 -0.26723
   0.78841  0.04515 -0.26826
   0.78092  0.04570 -0.26984
   0.77342  0.04622 -0.26954
   0.76591  0.04671 -0.26959
   0.75838  0.04717 -0.26840
   0.75082  0.04761 -0.26714
   0.74324  0.04802 -0.26328
   0.73562  0.04841 -0.26197
   0.72798  0.04878 -0.25865
   0.72030  0.04913 -0.25647
   0.71260  0.04946 -0.25366
   0.70486  0.04978 -0.25107
   0.69710  0.05008 -0.24836
   0.68932  0.05037 -0.24615
   0.68152  0.05064 -0.24384
   0.67370  0.05090 -0.24289
   0.66588  0.05114 -0.24011
   0.65804  0.05138 -0.23901
   0.65020  0.05160 -0.23723
   0.64235  0.05180 -0.23560
   0.63449  0.05200 -0.23474
   0.62662  0.05218 -0.23249
   0.61875  0.05235 -0.23135
   0.61086  0.05251 -0.22974
   0.60297  0.05266 -0.22794
   0.59508  0.05280 -0.22728
   0.58718  0.05293 -0.22639
   0.57928  0.05305 -0.22501
   0.57138  0.05316 -0.22390
   0.56347  0.05325 -0.22303
   0.55556  0.05334 -0.22246
   0.54765  0.05342 -0.22115
   0.53974  0.05348 -0.22005
   0.53183  0.05354 -0.21920
   0.52391  0.05358 -0.21890
   0.51600  0.05362 -0.21738
   0.50808  0.05365 -0.21719
   0.50017  0.05366 -0.21616
   0.49225  0.05367 -0.21507
   0.48434  0.05366 -0.21501
   0.47642  0.05365 -0.21413
   0.46852  0.05363 -0.21366
   0.46062  0.05360 -0.21258
   0.45272  0.05355 -0.21312
   0.44483  0.05350 -0.21142
   0.43695  0.05344 -0.21100
   0.42908  0.05336 -0.21015
   0.42122  0.05328 -0.21030
   0.41340  0.05319 -0.20955
   0.40562  0.05309 -0.21064
   0.39791  0.05299 -0.21035
   0.39026  0.05286 -0.21065
   0.38268  0.05273 -0.20821
   0.37518  0.05259 -0.20470
   0.36779  0.05245 -0.20569
   0.36056  0.05233 -0.21363
   0.35355  0.05219 -0.22533
   0.34675  0.05202 -0.23213
   0.34015  0.05179 -0.21723
   0.33367  0.05152 -0.18894
   0.32729  0.05126 -0.16358
   0.32094  0.05107 -0.15654
   0.31459  0.05095 -0.17961
   0.30818  0.05086 -0.20999
   0.30168  0.05074 -0.23164
   0.29501  0.05055 -0.22777
   0.28812  0.05029 -0.21435
   0.28102  0.05002 -0.20497
   0.27376  0.04974 -0.20690
   0.26640  0.04946 -0.20976
   0.25896  0.04915 -0.21069
   0.25145  0.04883 -0.21048
   0.24388  0.04848 -0.21020
   0.23629  0.04812 -0.21089
   0.22868  0.04775 -0.21156
   0.22107  0.04735 -0.21263
   0.21346  0.04694 -0.21305
   0.20588  0.04651 -0.21424
   0.19832  0.04606 -0.21504
   0.19079  0.04559 -0.21649
   0.18331  0.04510 -0.21855
   0.17587  0.04459 -0.21820
   0.16848  0.04405 -0.22108
   0.16116  0.04350 -0.22143
   0.15392  0.04292 -0.22238
   0.14676  0.04231 -0.22509
   0.13969  0.04168 -0.22412
   0.13274  0.04103 -0.22627
   0.12592  0.04036 -0.22599
   0.11925  0.03966 -0.22668
   0.11274  0.03895 -0.22626
   0.10643  0.03821 -0.22610
   0.10032  0.03747 -0.22675
   0.09446  0.03673 -0.22623
   0.08886  0.03598 -0.22827
   0.08353  0.03523 -0.22880
   0.07849  0.03450 -0.23172
   0.07373  0.03377 -0.23680
   0.06927  0.03305 -0.23835
   0.06509  0.03235 -0.25046
   0.06115  0.03165 -0.25505
   0.05745  0.03095 -0.26214
   0.05396  0.03023 -0.26603
   0.05068  0.02952 -0.26126
   0.04758  0.02879 -0.25294
   0.04465  0.02805 -0.24216
   0.04187  0.02732 -0.23026
   0.03925  0.02659 -0.21569
   0.03676  0.02587 -0.20659
   0.03441  0.02515 -0.19178
   0.03218  0.02442 -0.16431
   0.03006  0.02371 -0.13631
   0.02804  0.02301 -0.11325
   0.02612  0.02234 -0.10527
   0.02429  0.02168 -0.10378
   0.02256  0.02105 -0.10034
   0.02092  0.02042 -0.09875
   0.01936  0.01979 -0.09129
   0.01788  0.01916 -0.07614
   0.01648  0.01853 -0.05464
   0.01513  0.01790 -0.02884
   0.01385  0.01728 -0.00589
   0.01262  0.01665  0.01857
   0.01145  0.01603  0.03366
   0.01032  0.01542  0.05394
   0.00925  0.01480  0.07902
   0.00822  0.01418  0.09485
   0.00724  0.01356  0.12213
   0.00631  0.01293  0.14034
   0.00542  0.01229  0.16293
   0.00458  0.01164  0.19427
   0.00379  0.01098  0.21579
   0.00305  0.01029  0.24879
   0.00239  0.00956  0.29345
   0.00182  0.00878  0.43479
   0.00133  0.00797  0.50120
   0.00094  0.00712  0.64273
   0.00065  0.00624  0.75676
   0.00044  0.00536  0.84722
   0.00028  0.00447  0.90667
   0.00016  0.00358  0.95019
   0.00008  0.00270  0.97633
   0.00003  0.00182  0.99268
   0.00000  0.00095  0.99962
  -0.00000  0.00009  0.99830
   0.00003 -0.00076  0.99041
   0.00006 -0.00163  0.97291
   0.00015 -0.00249  0.95684
   0.00023 -0.00336  0.92505
   0.00032 -0.00424  0.88591
   0.00047 -0.00512  0.84484
   0.00063 -0.00601  0.79096
   0.00082 -0.00691  0.72846
   0.00104 -0.00781  0.65682
   0.00129 -0.00871  0.56633
   0.00157 -0.00961  0.46510
   0.00190 -0.01051  0.34926
   0.00227 -0.01140  0.19793
   0.00270 -0.01228  0.06993
   0.00318 -0.01315 -0.13759
   0.00373 -0.01400 -0.36680
   0.00438 -0.01479 -0.43991
   0.00511 -0.01554 -0.50834
   0.00590 -0.01626 -0.53570
   0.00676 -0.01694 -0.55595
   0.00768 -0.01760 -0.56840
   0.00865 -0.01823 -0.57338
   0.00967 -0.01885 -0.57974
   0.01075 -0.01945 -0.56516
   0.01188 -0.02004 -0.57044
   0.01307 -0.02061 -0.55786
   0.01432 -0.02118 -0.55205
   0.01563 -0.02174 -0.54361
   0.01700 -0.02229 -0.52646
   0.01845 -0.02284 -0.51740
   0.01996 -0.02339 -0.50759
   0.02156 -0.02394 -0.49606
   0.02324 -0.02449 -0.48313
   0.02502 -0.02504 -0.47250
   0.02690 -0.02561 -0.46385
   0.02888 -0.02618 -0.45316
   0.03099 -0.02676 -0.44480
   0.03324 -0.02735 -0.43840
   0.03563 -0.02795 -0.42899
   0.03818 -0.02857 -0.42087
   0.04090 -0.02920 -0.41188
   0.04382 -0.02985 -0.40334
   0.04694 -0.03052 -0.39608
   0.05029 -0.03121 -0.39361
   0.05388 -0.03192 -0.38736
   0.05772 -0.03265 -0.38480
   0.06181 -0.03340 -0.38038
   0.06618 -0.03416 -0.37657
   0.07081 -0.03493 -0.37346
   0.07572 -0.03571 -0.37010
   0.08090 -0.03650 -0.36711
   0.08636 -0.03729 -0.36458
   0.09206 -0.03808 -0.36119
   0.09799 -0.03886 -0.35797
   0.10414 -0.03963 -0.35770
   0.11047 -0.04039 -0.35560
   0.11696 -0.04113 -0.35524
   0.12360 -0.04184 -0.35428
   0.13035 -0.04253 -0.35304
   0.13721 -0.04318 -0.35122
   0.14417 -0.04381 -0.34894
   0.15121 -0.04440 -0.34598
   0.15834 -0.04497 -0.34335
   0.16553 -0.04550 -0.34056
   0.17278 -0.04600 -0.33758
   0.18008 -0.04648 -0.33452
   0.18742 -0.04692 -0.33306
   0.19479 -0.04734 -0.33031
   0.20219 -0.04773 -0.32827
   0.20962 -0.04809 -0.32453
   0.21707 -0.04842 -0.32272
   0.22456 -0.04873 -0.31882
   0.23208 -0.04901 -0.31534
   0.23964 -0.04926 -0.31171
   0.24721 -0.04950 -0.30978
   0.25481 -0.04971 -0.30715
   0.26241 -0.04990 -0.30451
   0.27004 -0.05006 -0.30158
   0.27768 -0.05021 -0.29927
   0.28534 -0.05033 -0.29609
   0.29302 -0.05043 -0.29384
   0.30071 -0.05052 -0.29159
   0.30841 -0.05058 -0.28967
   0.31611 -0.05063 -0.28803
   0.32382 -0.05066 -0.28587
   0.33154 -0.05066 -0.28351
   0.33927 -0.05065 -0.28256
   0.34699 -0.05062 -0.28000
   0.35472 -0.05057 -0.27871
   0.36246 -0.05051 -0.27708
   0.37019 -0.05042 -0.27558
   0.37793 -0.05031 -0.27317
   0.38566 -0.05019 -0.27234
   0.39339 -0.05004 -0.27042
   0.40111 -0.04988 -0.26890
   0.40883 -0.04970 -0.26723
   0.41655 -0.04951 -0.26637
   0.42426 -0.04929 -0.26495
   0.43196 -0.04905 -0.26398
   0.43965 -0.04880 -0.26248
   0.44733 -0.04852 -0.26143
   0.45499 -0.04823 -0.26028
   0.46265 -0.04791 -0.25857
   0.47029 -0.04757 -0.25769
   0.47793 -0.04721 -0.25585
   0.48555 -0.04683 -0.25424
   0.49315 -0.04642 -0.25261
   0.50075 -0.04600 -0.25106
   0.50833 -0.04555 -0.24848
   0.51589 -0.04507 -0.24690
   0.52345 -0.04458 -0.24409
   0.53099 -0.04405 -0.24218
   0.53851 -0.04351 -0.23909
   0.54603 -0.04293 -0.23665
   0.55353 -0.04234 -0.23399
   0.56101 -0.04171 -0.22985
   0.56848 -0.04106 -0.22693
   0.57593 -0.04038 -0.22291
   0.58337 -0.03967 -0.21901
   0.59078 -0.03894 -0.21501
   0.59818 -0.03818 -0.21011
   0.60556 -0.03738 -0.20553
   0.61292 -0.03656 -0.20033
   0.62026 -0.03571 -0.19440
   0.62759 -0.03483 -0.18849
   0.63490 -0.03391 -0.18094
   0.64220 -0.03296 -0.17494
   0.64948 -0.03198 -0.16681
   0.65674 -0.03097 -0.15880
   0.66400 -0.02992 -0.14955
   0.67125 -0.02883 -0.14005
   0.67849 -0.02772 -0.13038
   0.68572 -0.02656 -0.11917
   0.69295 -0.02537 -0.10842
   0.70018 -0.02415 -0.09542
   0.70741 -0.02288 -0.08314
   0.71464 -0.02159 -0.06980
   0.72188 -0.02025 -0.05487
   0.72912 -0.01888 -0.04084
   0.73638 -0.01747 -0.02393
   0.74365 -0.01602 -0.00828
   0.75094 -0.01453  0.01033
   0.75826 -0.01301  0.02826
   0.76560 -0.01146  0.04789
   0.77297 -0.00987  0.06750
   0.78039 -0.00825  0.08902
   0.78785 -0.00659  0.11013
   0.79535 -0.00492  0.13325
   0.80287 -0.00323  0.15608
   0.81037 -0.00154  0.17837
   0.81778  0.00013  0.20354
   0.82509  0.00176  0.22665
   0.83227  0.00334  0.24815
   0.83932  0.00486  0.26886
   0.84624  0.00632  0.28926
   0.85304  0.00771  0.30764
   0.85972  0.00903  0.32655
   0.86628  0.01027  0.34273
   0.87271  0.01143  0.35876
   0.87902  0.01251  0.37378
   0.88521  0.01350  0.38649
   0.89129  0.01440  0.39927
   0.89727  0.01522  0.40904
   0.90316  0.01595  0.41953
   0.90895  0.01659  0.42837
   0.91464  0.01715  0.43573
   0.92020  0.01763  0.44410
   0.92564  0.01802  0.44991
   0.93097  0.01831  0.45449
   0.93623  0.01853  0.45759
   0.94141  0.01867  0.45712
   0.94645  0.01876  0.46734
   0.95125  0.01879  0.47899
   0.95581  0.01873  0.49162
   0.96019  0.01854  0.49571
   0.96446  0.01821  0.48066
   0.96872  0.01776  0.45446
   0.97300  0.01724  0.42593
   0.97726  0.01672  0.41559
   0.98142  0.01621  0.42821
   0.98545  0.01563  0.43251
   0.98942  0.01489  0.38733
   0.99340  0.01406  0.32686
   0.99738  0.01325  0.29817
   1.00000  0.01271  0.25223
