GRUMMAN K-2 AIRFOIL                             
 Alfa =  -1.26310 Re =        0.000 Xflap,Yflap =     0.000000    0.000000
#    x        y        Cp  
   1.00000  0.01371  0.25420
   0.99740  0.01444  0.09919
   0.99329  0.01549  0.06144
   0.98889  0.01657  0.04607
   0.98423  0.01772  0.00570
   0.97929  0.01890 -0.02927
   0.97409  0.02011 -0.05525
   0.96867  0.02135 -0.08565
   0.96305  0.02259 -0.11219
   0.95727  0.02381 -0.13386
   0.95131  0.02502 -0.15479
   0.94520  0.02620 -0.16989
   0.93893  0.02735 -0.18297
   0.93253  0.02848 -0.19420
   0.92600  0.02957 -0.20139
   0.91932  0.03065 -0.20747
   0.91254  0.03170 -0.21443
   0.90568  0.03272 -0.22307
   0.89876  0.03372 -0.23051
   0.89181  0.03467 -0.23862
   0.88484  0.03559 -0.24460
   0.87782  0.03647 -0.24726
   0.87073  0.03731 -0.24839
   0.86355  0.03812 -0.24952
   0.85628  0.03891 -0.24829
   0.84891  0.03968 -0.24743
   0.84146  0.04044 -0.24740
   0.83396  0.04117 -0.24734
   0.82645  0.04190 -0.25308
   0.81896  0.04260 -0.25800
   0.81149  0.04327 -0.26159
   0.80402  0.04391 -0.26412
   0.79655  0.04452 -0.26657
   0.78909  0.04510 -0.26877
   0.78162  0.04565 -0.26951
   0.77414  0.04617 -0.26905
   0.76665  0.04666 -0.26945
   0.75914  0.04713 -0.26823
   0.75161  0.04756 -0.26643
   0.74405  0.04798 -0.26472
   0.73646  0.04837 -0.26180
   0.72884  0.04874 -0.25938
   0.72118  0.04909 -0.25652
   0.71350  0.04943 -0.25321
   0.70580  0.04974 -0.25142
   0.69806  0.05004 -0.24842
   0.69030  0.05033 -0.24637
   0.68252  0.05060 -0.24430
   0.67473  0.05086 -0.24251
   0.66693  0.05111 -0.24033
   0.65911  0.05135 -0.23910
   0.65129  0.05157 -0.23761
   0.64347  0.05178 -0.23558
   0.63563  0.05197 -0.23449
   0.62779  0.05216 -0.23298
   0.61994  0.05233 -0.23093
   0.61208  0.05249 -0.23043
   0.60421  0.05264 -0.22792
   0.59633  0.05278 -0.22710
   0.58846  0.05291 -0.22589
   0.58058  0.05303 -0.22527
   0.57270  0.05314 -0.22405
   0.56482  0.05324 -0.22316
   0.55693  0.05333 -0.22208
   0.54904  0.05340 -0.22144
   0.54115  0.05347 -0.22002
   0.53326  0.05353 -0.21968
   0.52537  0.05358 -0.21834
   0.51748  0.05361 -0.21744
   0.50958  0.05364 -0.21715
   0.50169  0.05366 -0.21555
   0.49380  0.05367 -0.21592
   0.48590  0.05367 -0.21425
   0.47801  0.05366 -0.21462
   0.47012  0.05363 -0.21361
   0.46224  0.05360 -0.21286
   0.45437  0.05356 -0.21225
   0.44650  0.05351 -0.21172
   0.43864  0.05345 -0.21062
   0.43079  0.05338 -0.21039
   0.42295  0.05330 -0.21009
   0.41514  0.05321 -0.20972
   0.40737  0.05312 -0.21035
   0.39966  0.05301 -0.20973
   0.39202  0.05289 -0.21095
   0.38445  0.05276 -0.20801
   0.37694  0.05262 -0.20538
   0.36954  0.05249 -0.20438
   0.36229  0.05236 -0.21150
   0.35524  0.05223 -0.22234
   0.34842  0.05207 -0.23153
   0.34179  0.05185 -0.22275
   0.33530  0.05159 -0.19581
   0.32892  0.05132 -0.16911
   0.32258  0.05111 -0.15539
   0.31625  0.05098 -0.17171
   0.30988  0.05089 -0.20101
   0.30343  0.05078 -0.22827
   0.29682  0.05061 -0.23056
   0.29002  0.05037 -0.21811
   0.28299  0.05009 -0.20627
   0.27579  0.04982 -0.20495
   0.26847  0.04954 -0.20898
   0.26108  0.04924 -0.21089
   0.25361  0.04892 -0.20973
   0.24607  0.04858 -0.20974
   0.23850  0.04823 -0.21070
   0.23092  0.04786 -0.21109
   0.22333  0.04747 -0.21184
   0.21574  0.04707 -0.21232
   0.20817  0.04664 -0.21406
   0.20063  0.04620 -0.21450
   0.19311  0.04574 -0.21524
   0.18563  0.04526 -0.21831
   0.17820  0.04475 -0.21797
   0.17081  0.04423 -0.21917
   0.16349  0.04368 -0.22148
   0.15624  0.04311 -0.22145
   0.14907  0.04251 -0.22378
   0.14200  0.04189 -0.22434
   0.13503  0.04125 -0.22524
   0.12818  0.04059 -0.22590
   0.12147  0.03990 -0.22606
   0.11493  0.03919 -0.22598
   0.10856  0.03847 -0.22593
   0.10240  0.03773 -0.22537
   0.09647  0.03699 -0.22622
   0.09078  0.03624 -0.22780
   0.08537  0.03550 -0.22632
   0.08024  0.03476 -0.23141
   0.07540  0.03403 -0.23300
   0.07085  0.03331 -0.23659
   0.06658  0.03261 -0.24902
   0.06257  0.03190 -0.24958
   0.05879  0.03120 -0.26046
   0.05523  0.03050 -0.26441
   0.05189  0.02978 -0.26232
   0.04873  0.02906 -0.25598
   0.04574  0.02833 -0.24489
   0.04291  0.02760 -0.23540
   0.04024  0.02687 -0.22035
   0.03771  0.02615 -0.20811
   0.03531  0.02543 -0.19995
   0.03305  0.02471 -0.17511
   0.03089  0.02399 -0.14501
   0.02884  0.02329 -0.12127
   0.02688  0.02260 -0.10553
   0.02502  0.02195 -0.10336
   0.02326  0.02131 -0.10129
   0.02159  0.02067 -0.09970
   0.02000  0.02005 -0.09341
   0.01849  0.01942 -0.08243
   0.01706  0.01880 -0.06414
   0.01569  0.01817 -0.03754
   0.01439  0.01754 -0.01510
   0.01314  0.01692  0.00834
   0.01194  0.01630  0.02891
   0.01080  0.01568  0.04826
   0.00971  0.01507  0.06661
   0.00867  0.01445  0.09163
   0.00767  0.01383  0.10897
   0.00672  0.01321  0.13306
   0.00581  0.01258  0.15304
   0.00495  0.01194  0.18339
   0.00414  0.01128  0.20649
   0.00338  0.01061  0.23398
   0.00268  0.00990  0.26704
   0.00207  0.00914  0.37504
   0.00154  0.00835  0.46314
   0.00111  0.00752  0.57905
   0.00078  0.00665  0.70701
   0.00053  0.00577  0.80920
   0.00035  0.00489  0.88241
   0.00022  0.00400  0.93126
   0.00012  0.00312  0.96624
   0.00005  0.00224  0.98641
   0.00001  0.00137  0.99731
  -0.00000  0.00051  0.99984
   0.00001 -0.00034  0.99495
   0.00004 -0.00120  0.98270
   0.00010 -0.00206  0.96269
   0.00020 -0.00292  0.94649
   0.00027 -0.00380  0.90138
   0.00039 -0.00468  0.86792
   0.00054 -0.00556  0.81892
   0.00072 -0.00645  0.75941
   0.00092 -0.00735  0.69358
   0.00115 -0.00824  0.61631
   0.00142 -0.00914  0.51813
   0.00173 -0.01004  0.40932
   0.00207 -0.01094  0.28550
   0.00247 -0.01182  0.11083
   0.00292 -0.01269  0.02995
   0.00342 -0.01356 -0.31526
   0.00402 -0.01437 -0.37760
   0.00470 -0.01514 -0.48616
   0.00546 -0.01587 -0.52153
   0.00629 -0.01657 -0.55100
   0.00717 -0.01724 -0.56233
   0.00811 -0.01789 -0.57783
   0.00910 -0.01851 -0.57611
   0.01015 -0.01912 -0.57201
   0.01125 -0.01971 -0.57183
   0.01240 -0.02029 -0.56412
   0.01361 -0.02086 -0.55793
   0.01488 -0.02142 -0.55019
   0.01621 -0.02198 -0.53526
   0.01761 -0.02253 -0.52711
   0.01908 -0.02307 -0.51112
   0.02063 -0.02362 -0.50585
   0.02226 -0.02417 -0.49275
   0.02397 -0.02472 -0.47741
   0.02579 -0.02528 -0.46986
   0.02770 -0.02584 -0.45923
   0.02973 -0.02641 -0.45122
   0.03189 -0.02700 -0.44327
   0.03419 -0.02759 -0.43667
   0.03663 -0.02820 -0.42575
   0.03924 -0.02882 -0.41901
   0.04203 -0.02945 -0.40804
   0.04502 -0.03011 -0.40122
   0.04822 -0.03078 -0.39525
   0.05165 -0.03148 -0.39175
   0.05533 -0.03220 -0.38716
   0.05925 -0.03293 -0.38394
   0.06344 -0.03368 -0.37903
   0.06789 -0.03445 -0.37684
   0.07262 -0.03522 -0.37191
   0.07761 -0.03600 -0.37032
   0.08288 -0.03679 -0.36685
   0.08842 -0.03758 -0.36347
   0.09419 -0.03836 -0.36033
   0.10019 -0.03914 -0.35820
   0.10638 -0.03991 -0.35724
   0.11276 -0.04065 -0.35620
   0.11929 -0.04138 -0.35534
   0.12594 -0.04208 -0.35392
   0.13272 -0.04276 -0.35277
   0.13959 -0.04340 -0.35126
   0.14656 -0.04401 -0.34808
   0.15362 -0.04460 -0.34628
   0.16075 -0.04515 -0.34230
   0.16794 -0.04567 -0.33995
   0.17519 -0.04616 -0.33651
   0.18248 -0.04663 -0.33442
   0.18981 -0.04706 -0.33216
   0.19717 -0.04747 -0.33069
   0.20456 -0.04785 -0.32642
   0.21197 -0.04820 -0.32547
   0.21942 -0.04852 -0.32127
   0.22690 -0.04882 -0.31861
   0.23441 -0.04909 -0.31380
   0.24195 -0.04934 -0.31160
   0.24951 -0.04956 -0.30948
   0.25708 -0.04977 -0.30615
   0.26468 -0.04995 -0.30477
   0.27229 -0.05011 -0.30045
   0.27991 -0.05024 -0.29894
   0.28756 -0.05036 -0.29545
   0.29522 -0.05046 -0.29345
   0.30289 -0.05054 -0.29152
   0.31057 -0.05060 -0.28936
   0.31825 -0.05064 -0.28710
   0.32595 -0.05066 -0.28546
   0.33364 -0.05066 -0.28390
   0.34135 -0.05065 -0.28203
   0.34906 -0.05061 -0.28028
   0.35677 -0.05056 -0.27842
   0.36448 -0.05048 -0.27674
   0.37219 -0.05039 -0.27516
   0.37990 -0.05028 -0.27309
   0.38761 -0.05015 -0.27174
   0.39532 -0.05001 -0.27038
   0.40302 -0.04984 -0.26899
   0.41072 -0.04966 -0.26690
   0.41842 -0.04945 -0.26627
   0.42610 -0.04923 -0.26488
   0.43378 -0.04899 -0.26414
   0.44144 -0.04873 -0.26200
   0.44910 -0.04845 -0.26142
   0.45674 -0.04815 -0.25988
   0.46437 -0.04783 -0.25915
   0.47199 -0.04749 -0.25744
   0.47960 -0.04713 -0.25557
   0.48720 -0.04674 -0.25426
   0.49478 -0.04634 -0.25253
   0.50235 -0.04590 -0.25013
   0.50991 -0.04545 -0.24890
   0.51745 -0.04497 -0.24626
   0.52498 -0.04447 -0.24383
   0.53250 -0.04395 -0.24171
   0.54000 -0.04340 -0.23913
   0.54749 -0.04282 -0.23629
   0.55497 -0.04222 -0.23315
   0.56243 -0.04159 -0.22950
   0.56987 -0.04093 -0.22616
   0.57730 -0.04025 -0.22247
   0.58471 -0.03954 -0.21833
   0.59210 -0.03881 -0.21414
   0.59948 -0.03804 -0.20971
   0.60683 -0.03724 -0.20511
   0.61417 -0.03642 -0.19887
   0.62149 -0.03556 -0.19415
   0.62879 -0.03468 -0.18688
   0.63608 -0.03376 -0.18119
   0.64335 -0.03281 -0.17305
   0.65061 -0.03183 -0.16596
   0.65786 -0.03081 -0.15740
   0.66510 -0.02976 -0.14849
   0.67232 -0.02867 -0.13872
   0.67954 -0.02755 -0.12862
   0.68676 -0.02640 -0.11806
   0.69397 -0.02520 -0.10685
   0.70117 -0.02398 -0.09409
   0.70838 -0.02271 -0.08138
   0.71559 -0.02141 -0.06788
   0.72281 -0.02007 -0.05352
   0.73004 -0.01870 -0.03877
   0.73728 -0.01729 -0.02266
   0.74453 -0.01584 -0.00510
   0.75180 -0.01436  0.01123
   0.75910 -0.01284  0.03122
   0.76642 -0.01128  0.04929
   0.77378 -0.00969  0.07109
   0.78118 -0.00807  0.08993
   0.78863 -0.00642  0.11340
   0.79611 -0.00475  0.13425
   0.80361 -0.00306  0.15866
   0.81108 -0.00138  0.18157
   0.81847  0.00029  0.20456
   0.82574  0.00191  0.22832
   0.83289  0.00348  0.25033
   0.83991  0.00499  0.27085
   0.84680  0.00644  0.29054
   0.85358  0.00782  0.30995
   0.86023  0.00913  0.32625
   0.86676  0.01036  0.34483
   0.87316  0.01151  0.35896
   0.87944  0.01258  0.37541
   0.88561  0.01356  0.38723
   0.89167  0.01445  0.39945
   0.89763  0.01526  0.41025
   0.90349  0.01599  0.41980
   0.90927  0.01663  0.42761
   0.91493  0.01718  0.43725
   0.92047  0.01765  0.44312
   0.92588  0.01803  0.45138
   0.93120  0.01832  0.45498
   0.93644  0.01853  0.45581
   0.94160  0.01868  0.45873
   0.94662  0.01876  0.46568
   0.95140  0.01879  0.48106
   0.95595  0.01872  0.49072
   0.96030  0.01853  0.49581
   0.96456  0.01820  0.48090
   0.96881  0.01775  0.45332
   0.97308  0.01723  0.42623
   0.97733  0.01672  0.41404
   0.98147  0.01621  0.42722
   0.98549  0.01562  0.43415
   0.98945  0.01488  0.38892
   0.99342  0.01406  0.32422
   0.99738  0.01325  0.29892
   1.00000  0.01271  0.25420
