GRUMMAN K-2 AIRFOIL                             
 Alfa =  -1.26190 Re =        0.000 Xflap,Yflap =     0.000000    0.000000
#    x        y        Cp  
   1.00000  0.01371  0.25420
   0.99740  0.01444  0.09919
   0.99329  0.01549  0.06143
   0.98889  0.01657  0.04607
   0.98423  0.01772  0.00569
   0.97929  0.01890 -0.02928
   0.97409  0.02011 -0.05525
   0.96867  0.02135 -0.08566
   0.96305  0.02259 -0.11220
   0.95727  0.02381 -0.13386
   0.95131  0.02502 -0.15480
   0.94520  0.02620 -0.16990
   0.93893  0.02735 -0.18298
   0.93253  0.02848 -0.19422
   0.92600  0.02957 -0.20141
   0.91932  0.03065 -0.20748
   0.91254  0.03170 -0.21444
   0.90568  0.03272 -0.22308
   0.89876  0.03372 -0.23053
   0.89181  0.03467 -0.23864
   0.88484  0.03559 -0.24462
   0.87782  0.03647 -0.24727
   0.87073  0.03731 -0.24841
   0.86355  0.03812 -0.24954
   0.85628  0.03891 -0.24831
   0.84891  0.03968 -0.24746
   0.84146  0.04044 -0.24742
   0.83396  0.04117 -0.24737
   0.82645  0.04190 -0.25310
   0.81896  0.04260 -0.25803
   0.81149  0.04327 -0.26161
   0.80402  0.04391 -0.26415
   0.79655  0.04452 -0.26660
   0.78909  0.04510 -0.26880
   0.78162  0.04565 -0.26954
   0.77414  0.04617 -0.26908
   0.76665  0.04666 -0.26947
   0.75914  0.04713 -0.26826
   0.75161  0.04756 -0.26646
   0.74405  0.04798 -0.26475
   0.73646  0.04837 -0.26183
   0.72884  0.04874 -0.25941
   0.72118  0.04909 -0.25655
   0.71350  0.04943 -0.25324
   0.70580  0.04974 -0.25145
   0.69806  0.05004 -0.24845
   0.69030  0.05033 -0.24640
   0.68252  0.05060 -0.24433
   0.67473  0.05086 -0.24255
   0.66693  0.05111 -0.24037
   0.65911  0.05135 -0.23914
   0.65129  0.05157 -0.23765
   0.64347  0.05178 -0.23562
   0.63563  0.05197 -0.23453
   0.62779  0.05216 -0.23302
   0.61994  0.05233 -0.23097
   0.61208  0.05249 -0.23047
   0.60421  0.05264 -0.22796
   0.59633  0.05278 -0.22714
   0.58846  0.05291 -0.22593
   0.58058  0.05303 -0.22531
   0.57270  0.05314 -0.22409
   0.56482  0.05324 -0.22320
   0.55693  0.05333 -0.22213
   0.54904  0.05340 -0.22148
   0.54115  0.05347 -0.22006
   0.53326  0.05353 -0.21973
   0.52537  0.05358 -0.21839
   0.51748  0.05361 -0.21748
   0.50958  0.05364 -0.21720
   0.50169  0.05366 -0.21560
   0.49380  0.05367 -0.21597
   0.48590  0.05367 -0.21431
   0.47801  0.05366 -0.21467
   0.47012  0.05363 -0.21366
   0.46224  0.05360 -0.21292
   0.45437  0.05356 -0.21230
   0.44650  0.05351 -0.21178
   0.43864  0.05345 -0.21068
   0.43079  0.05338 -0.21045
   0.42295  0.05330 -0.21014
   0.41514  0.05321 -0.20978
   0.40737  0.05312 -0.21041
   0.39966  0.05301 -0.20980
   0.39202  0.05289 -0.21101
   0.38445  0.05276 -0.20807
   0.37694  0.05262 -0.20544
   0.36954  0.05249 -0.20444
   0.36229  0.05236 -0.21157
   0.35524  0.05223 -0.22240
   0.34842  0.05207 -0.23160
   0.34179  0.05185 -0.22282
   0.33530  0.05159 -0.19588
   0.32892  0.05132 -0.16918
   0.32258  0.05111 -0.15546
   0.31625  0.05098 -0.17178
   0.30988  0.05089 -0.20108
   0.30343  0.05078 -0.22835
   0.29682  0.05061 -0.23063
   0.29002  0.05037 -0.21819
   0.28299  0.05009 -0.20635
   0.27579  0.04982 -0.20503
   0.26847  0.04954 -0.20907
   0.26108  0.04924 -0.21097
   0.25361  0.04892 -0.20982
   0.24607  0.04858 -0.20983
   0.23850  0.04823 -0.21079
   0.23092  0.04786 -0.21118
   0.22333  0.04747 -0.21194
   0.21574  0.04707 -0.21241
   0.20817  0.04664 -0.21416
   0.20063  0.04620 -0.21460
   0.19311  0.04574 -0.21534
   0.18563  0.04526 -0.21842
   0.17820  0.04475 -0.21807
   0.17081  0.04423 -0.21928
   0.16349  0.04368 -0.22159
   0.15624  0.04311 -0.22156
   0.14907  0.04251 -0.22390
   0.14200  0.04189 -0.22446
   0.13503  0.04125 -0.22536
   0.12818  0.04059 -0.22603
   0.12147  0.03990 -0.22620
   0.11493  0.03919 -0.22612
   0.10856  0.03847 -0.22607
   0.10240  0.03773 -0.22552
   0.09647  0.03699 -0.22637
   0.09078  0.03624 -0.22796
   0.08537  0.03550 -0.22648
   0.08024  0.03476 -0.23158
   0.07540  0.03403 -0.23318
   0.07085  0.03331 -0.23678
   0.06658  0.03261 -0.24921
   0.06257  0.03190 -0.24978
   0.05879  0.03120 -0.26067
   0.05523  0.03050 -0.26463
   0.05189  0.02978 -0.26254
   0.04873  0.02906 -0.25620
   0.04574  0.02833 -0.24512
   0.04291  0.02760 -0.23563
   0.04024  0.02687 -0.22060
   0.03771  0.02615 -0.20836
   0.03531  0.02543 -0.20021
   0.03305  0.02471 -0.17537
   0.03089  0.02399 -0.14527
   0.02884  0.02329 -0.12153
   0.02688  0.02260 -0.10580
   0.02502  0.02195 -0.10364
   0.02326  0.02131 -0.10157
   0.02159  0.02067 -0.09999
   0.02000  0.02005 -0.09372
   0.01849  0.01942 -0.08274
   0.01706  0.01880 -0.06446
   0.01569  0.01817 -0.03786
   0.01439  0.01754 -0.01543
   0.01314  0.01692  0.00800
   0.01194  0.01630  0.02856
   0.01080  0.01568  0.04790
   0.00971  0.01507  0.06624
   0.00867  0.01445  0.09125
   0.00767  0.01383  0.10858
   0.00672  0.01321  0.13266
   0.00581  0.01258  0.15263
   0.00495  0.01194  0.18296
   0.00414  0.01128  0.20605
   0.00338  0.01061  0.23351
   0.00268  0.00990  0.26655
   0.00207  0.00914  0.37457
   0.00154  0.00835  0.46269
   0.00111  0.00752  0.57864
   0.00078  0.00665  0.70667
   0.00053  0.00577  0.80894
   0.00035  0.00489  0.88221
   0.00022  0.00400  0.93112
   0.00012  0.00312  0.96614
   0.00005  0.00224  0.98635
   0.00001  0.00137  0.99728
  -0.00000  0.00051  0.99985
   0.00001 -0.00034  0.99499
   0.00004 -0.00120  0.98277
   0.00010 -0.00206  0.96279
   0.00020 -0.00292  0.94660
   0.00027 -0.00380  0.90154
   0.00039 -0.00468  0.86810
   0.00054 -0.00556  0.81914
   0.00072 -0.00645  0.75966
   0.00092 -0.00735  0.69386
   0.00115 -0.00824  0.61663
   0.00142 -0.00914  0.51849
   0.00173 -0.01004  0.40973
   0.00207 -0.01094  0.28595
   0.00247 -0.01182  0.11134
   0.00292 -0.01269  0.03047
   0.00342 -0.01356 -0.31461
   0.00402 -0.01437 -0.37697
   0.00470 -0.01514 -0.48551
   0.00546 -0.01587 -0.52091
   0.00629 -0.01657 -0.55040
   0.00717 -0.01724 -0.56176
   0.00811 -0.01789 -0.57728
   0.00910 -0.01851 -0.57558
   0.01015 -0.01912 -0.57151
   0.01125 -0.01971 -0.57135
   0.01240 -0.02029 -0.56366
   0.01361 -0.02086 -0.55749
   0.01488 -0.02142 -0.54976
   0.01621 -0.02198 -0.53486
   0.01761 -0.02253 -0.52673
   0.01908 -0.02307 -0.51075
   0.02063 -0.02362 -0.50550
   0.02226 -0.02417 -0.49241
   0.02397 -0.02472 -0.47708
   0.02579 -0.02528 -0.46954
   0.02770 -0.02584 -0.45892
   0.02973 -0.02641 -0.45092
   0.03189 -0.02700 -0.44299
   0.03419 -0.02759 -0.43640
   0.03663 -0.02820 -0.42548
   0.03924 -0.02882 -0.41875
   0.04203 -0.02945 -0.40780
   0.04502 -0.03011 -0.40098
   0.04822 -0.03078 -0.39502
   0.05165 -0.03148 -0.39153
   0.05533 -0.03220 -0.38694
   0.05925 -0.03293 -0.38373
   0.06344 -0.03368 -0.37883
   0.06789 -0.03445 -0.37664
   0.07262 -0.03522 -0.37172
   0.07761 -0.03600 -0.37014
   0.08288 -0.03679 -0.36668
   0.08842 -0.03758 -0.36330
   0.09419 -0.03836 -0.36017
   0.10019 -0.03914 -0.35805
   0.10638 -0.03991 -0.35709
   0.11276 -0.04065 -0.35605
   0.11929 -0.04138 -0.35520
   0.12594 -0.04208 -0.35378
   0.13272 -0.04276 -0.35264
   0.13959 -0.04340 -0.35113
   0.14656 -0.04401 -0.34796
   0.15362 -0.04460 -0.34616
   0.16075 -0.04515 -0.34218
   0.16794 -0.04567 -0.33984
   0.17519 -0.04616 -0.33640
   0.18248 -0.04663 -0.33431
   0.18981 -0.04706 -0.33205
   0.19717 -0.04747 -0.33058
   0.20456 -0.04785 -0.32632
   0.21197 -0.04820 -0.32537
   0.21942 -0.04852 -0.32117
   0.22690 -0.04882 -0.31851
   0.23441 -0.04909 -0.31370
   0.24195 -0.04934 -0.31151
   0.24951 -0.04956 -0.30939
   0.25708 -0.04977 -0.30606
   0.26468 -0.04995 -0.30469
   0.27229 -0.05011 -0.30036
   0.27991 -0.05024 -0.29886
   0.28756 -0.05036 -0.29538
   0.29522 -0.05046 -0.29337
   0.30289 -0.05054 -0.29145
   0.31057 -0.05060 -0.28928
   0.31825 -0.05064 -0.28703
   0.32595 -0.05066 -0.28538
   0.33364 -0.05066 -0.28382
   0.34135 -0.05065 -0.28196
   0.34906 -0.05061 -0.28021
   0.35677 -0.05056 -0.27835
   0.36448 -0.05048 -0.27667
   0.37219 -0.05039 -0.27509
   0.37990 -0.05028 -0.27303
   0.38761 -0.05015 -0.27168
   0.39532 -0.05001 -0.27032
   0.40302 -0.04984 -0.26893
   0.41072 -0.04966 -0.26684
   0.41842 -0.04945 -0.26621
   0.42610 -0.04923 -0.26483
   0.43378 -0.04899 -0.26408
   0.44144 -0.04873 -0.26194
   0.44910 -0.04845 -0.26137
   0.45674 -0.04815 -0.25983
   0.46437 -0.04783 -0.25910
   0.47199 -0.04749 -0.25739
   0.47960 -0.04713 -0.25552
   0.48720 -0.04674 -0.25421
   0.49478 -0.04634 -0.25248
   0.50235 -0.04590 -0.25008
   0.50991 -0.04545 -0.24885
   0.51745 -0.04497 -0.24622
   0.52498 -0.04447 -0.24379
   0.53250 -0.04395 -0.24167
   0.54000 -0.04340 -0.23909
   0.54749 -0.04282 -0.23625
   0.55497 -0.04222 -0.23311
   0.56243 -0.04159 -0.22946
   0.56987 -0.04093 -0.22612
   0.57730 -0.04025 -0.22243
   0.58471 -0.03954 -0.21829
   0.59210 -0.03881 -0.21410
   0.59948 -0.03804 -0.20967
   0.60683 -0.03724 -0.20507
   0.61417 -0.03642 -0.19883
   0.62149 -0.03556 -0.19411
   0.62879 -0.03468 -0.18685
   0.63608 -0.03376 -0.18116
   0.64335 -0.03281 -0.17302
   0.65061 -0.03183 -0.16592
   0.65786 -0.03081 -0.15736
   0.66510 -0.02976 -0.14846
   0.67232 -0.02867 -0.13869
   0.67954 -0.02755 -0.12859
   0.68676 -0.02640 -0.11803
   0.69397 -0.02520 -0.10682
   0.70117 -0.02398 -0.09407
   0.70838 -0.02271 -0.08135
   0.71559 -0.02141 -0.06785
   0.72281 -0.02007 -0.05349
   0.73004 -0.01870 -0.03874
   0.73728 -0.01729 -0.02264
   0.74453 -0.01584 -0.00508
   0.75180 -0.01436  0.01125
   0.75910 -0.01284  0.03124
   0.76642 -0.01128  0.04931
   0.77378 -0.00969  0.07110
   0.78118 -0.00807  0.08994
   0.78863 -0.00642  0.11342
   0.79611 -0.00475  0.13426
   0.80361 -0.00306  0.15867
   0.81108 -0.00138  0.18159
   0.81847  0.00029  0.20457
   0.82574  0.00191  0.22833
   0.83289  0.00348  0.25034
   0.83991  0.00499  0.27086
   0.84680  0.00644  0.29055
   0.85358  0.00782  0.30997
   0.86023  0.00913  0.32626
   0.86676  0.01036  0.34484
   0.87316  0.01151  0.35897
   0.87944  0.01258  0.37541
   0.88561  0.01356  0.38724
   0.89167  0.01445  0.39946
   0.89763  0.01526  0.41025
   0.90349  0.01599  0.41980
   0.90927  0.01663  0.42761
   0.91493  0.01718  0.43725
   0.92047  0.01765  0.44313
   0.92588  0.01803  0.45139
   0.93120  0.01832  0.45498
   0.93644  0.01853  0.45582
   0.94160  0.01868  0.45873
   0.94662  0.01876  0.46568
   0.95140  0.01879  0.48106
   0.95595  0.01872  0.49073
   0.96030  0.01853  0.49582
   0.96456  0.01820  0.48090
   0.96881  0.01775  0.45332
   0.97308  0.01723  0.42623
   0.97733  0.01672  0.41404
   0.98147  0.01621  0.42722
   0.98549  0.01562  0.43416
   0.98945  0.01488  0.38892
   0.99342  0.01406  0.32422
   0.99738  0.01325  0.29892
   1.00000  0.01271  0.25420
