GRUMMAN K-2 AIRFOIL                             
 Alfa =  -1.31320 Re =        0.000 Xflap,Yflap =     0.000000    0.000000
#    x        y        Cp  
   1.00000  0.01371  0.25423
   0.99740  0.01444  0.09926
   0.99329  0.01549  0.06153
   0.98889  0.01657  0.04622
   0.98423  0.01772  0.00590
   0.97929  0.01890 -0.02904
   0.97409  0.02011 -0.05499
   0.96867  0.02135 -0.08533
   0.96305  0.02259 -0.11185
   0.95727  0.02381 -0.13348
   0.95131  0.02502 -0.15437
   0.94520  0.02620 -0.16943
   0.93893  0.02735 -0.18247
   0.93253  0.02848 -0.19367
   0.92600  0.02957 -0.20084
   0.91932  0.03065 -0.20686
   0.91254  0.03170 -0.21381
   0.90568  0.03272 -0.22240
   0.89876  0.03372 -0.22983
   0.89181  0.03467 -0.23790
   0.88484  0.03559 -0.24384
   0.87782  0.03647 -0.24647
   0.87073  0.03731 -0.24758
   0.86355  0.03812 -0.24868
   0.85628  0.03891 -0.24744
   0.84891  0.03968 -0.24653
   0.84146  0.04044 -0.24649
   0.83396  0.04117 -0.24639
   0.82645  0.04190 -0.25211
   0.81896  0.04260 -0.25699
   0.81149  0.04327 -0.26055
   0.80402  0.04391 -0.26306
   0.79655  0.04452 -0.26547
   0.78909  0.04510 -0.26767
   0.78162  0.04565 -0.26835
   0.77414  0.04617 -0.26788
   0.76665  0.04666 -0.26823
   0.75914  0.04713 -0.26701
   0.75161  0.04756 -0.26518
   0.74405  0.04798 -0.26345
   0.73646  0.04837 -0.26049
   0.72884  0.04874 -0.25806
   0.72118  0.04909 -0.25517
   0.71350  0.04943 -0.25184
   0.70580  0.04974 -0.25002
   0.69806  0.05004 -0.24702
   0.69030  0.05033 -0.24492
   0.68252  0.05060 -0.24284
   0.67473  0.05086 -0.24102
   0.66693  0.05111 -0.23882
   0.65911  0.05135 -0.23757
   0.65129  0.05157 -0.23605
   0.64347  0.05178 -0.23400
   0.63563  0.05197 -0.23288
   0.62779  0.05216 -0.23134
   0.61994  0.05233 -0.22926
   0.61208  0.05249 -0.22874
   0.60421  0.05264 -0.22620
   0.59633  0.05278 -0.22535
   0.58846  0.05291 -0.22412
   0.58058  0.05303 -0.22347
   0.57270  0.05314 -0.22222
   0.56482  0.05324 -0.22131
   0.55693  0.05333 -0.22020
   0.54904  0.05340 -0.21952
   0.54115  0.05347 -0.21807
   0.53326  0.05353 -0.21771
   0.52537  0.05358 -0.21634
   0.51748  0.05361 -0.21540
   0.50958  0.05364 -0.21509
   0.50169  0.05366 -0.21346
   0.49380  0.05367 -0.21379
   0.48590  0.05367 -0.21210
   0.47801  0.05366 -0.21243
   0.47012  0.05363 -0.21138
   0.46224  0.05360 -0.21060
   0.45437  0.05356 -0.20995
   0.44650  0.05351 -0.20939
   0.43864  0.05345 -0.20826
   0.43079  0.05338 -0.20799
   0.42295  0.05330 -0.20765
   0.41514  0.05321 -0.20724
   0.40737  0.05312 -0.20784
   0.39966  0.05301 -0.20717
   0.39202  0.05289 -0.20835
   0.38445  0.05276 -0.20537
   0.37694  0.05262 -0.20270
   0.36954  0.05249 -0.20166
   0.36229  0.05236 -0.20873
   0.35524  0.05223 -0.21949
   0.34842  0.05207 -0.22863
   0.34179  0.05185 -0.21982
   0.33530  0.05159 -0.19291
   0.32892  0.05132 -0.16624
   0.32258  0.05111 -0.15250
   0.31625  0.05098 -0.16874
   0.30988  0.05089 -0.19793
   0.30343  0.05078 -0.22507
   0.29682  0.05061 -0.22730
   0.29002  0.05037 -0.21483
   0.28299  0.05009 -0.20296
   0.27579  0.04982 -0.20159
   0.26847  0.04954 -0.20555
   0.26108  0.04924 -0.20739
   0.25361  0.04892 -0.20616
   0.24607  0.04858 -0.20610
   0.23850  0.04823 -0.20698
   0.23092  0.04786 -0.20729
   0.22333  0.04747 -0.20796
   0.21574  0.04707 -0.20835
   0.20817  0.04664 -0.21000
   0.20063  0.04620 -0.21034
   0.19311  0.04574 -0.21098
   0.18563  0.04526 -0.21394
   0.17820  0.04475 -0.21349
   0.17081  0.04423 -0.21456
   0.16349  0.04368 -0.21675
   0.15624  0.04311 -0.21659
   0.14907  0.04251 -0.21878
   0.14200  0.04189 -0.21919
   0.13503  0.04125 -0.21994
   0.12818  0.04059 -0.22044
   0.12147  0.03990 -0.22044
   0.11493  0.03919 -0.22018
   0.10856  0.03847 -0.21994
   0.10240  0.03773 -0.21919
   0.09647  0.03699 -0.21983
   0.09078  0.03624 -0.22119
   0.08537  0.03550 -0.21950
   0.08024  0.03476 -0.22433
   0.07540  0.03403 -0.22567
   0.07085  0.03331 -0.22900
   0.06658  0.03261 -0.24109
   0.06257  0.03190 -0.24139
   0.05879  0.03120 -0.25192
   0.05523  0.03050 -0.25557
   0.05189  0.02978 -0.25319
   0.04873  0.02906 -0.24659
   0.04574  0.02833 -0.23527
   0.04291  0.02760 -0.22553
   0.04024  0.02687 -0.21028
   0.03771  0.02615 -0.19780
   0.03531  0.02543 -0.18936
   0.03305  0.02471 -0.16439
   0.03089  0.02399 -0.13419
   0.02884  0.02329 -0.11032
   0.02688  0.02260 -0.09434
   0.02502  0.02195 -0.09181
   0.02326  0.02131 -0.08933
   0.02159  0.02067 -0.08733
   0.02000  0.02005 -0.08065
   0.01849  0.01942 -0.06930
   0.01706  0.01880 -0.05073
   0.01569  0.01817 -0.02393
   0.01439  0.01754 -0.00125
   0.01314  0.01692  0.02246
   0.01194  0.01630  0.04336
   0.01080  0.01568  0.06309
   0.00971  0.01507  0.08184
   0.00867  0.01445  0.10724
   0.00767  0.01383  0.12508
   0.00672  0.01321  0.14968
   0.00581  0.01258  0.17028
   0.00495  0.01194  0.20118
   0.00414  0.01128  0.22504
   0.00338  0.01061  0.25344
   0.00268  0.00990  0.28742
   0.00207  0.00914  0.39439
   0.00154  0.00835  0.48183
   0.00111  0.00752  0.59588
   0.00078  0.00665  0.72069
   0.00053  0.00577  0.81984
   0.00035  0.00489  0.89045
   0.00022  0.00400  0.93723
   0.00012  0.00312  0.97029
   0.00005  0.00224  0.98889
   0.00001  0.00137  0.99833
  -0.00000  0.00051  0.99945
   0.00001 -0.00034  0.99331
   0.00004 -0.00120  0.97977
   0.00010 -0.00206  0.95837
   0.00020 -0.00292  0.94176
   0.00027 -0.00380  0.89438
   0.00039 -0.00468  0.86014
   0.00054 -0.00556  0.80979
   0.00072 -0.00645  0.74885
   0.00092 -0.00735  0.68164
   0.00115 -0.00824  0.60290
   0.00142 -0.00914  0.50296
   0.00173 -0.01004  0.39235
   0.00207 -0.01094  0.26672
   0.00247 -0.01182  0.08936
   0.00292 -0.01269  0.00821
   0.00342 -0.01356 -0.34261
   0.00402 -0.01437 -0.40418
   0.00470 -0.01514 -0.51310
   0.00546 -0.01587 -0.54742
   0.00629 -0.01657 -0.57597
   0.00717 -0.01724 -0.58620
   0.00811 -0.01789 -0.60078
   0.00910 -0.01851 -0.59802
   0.01015 -0.01912 -0.59293
   0.01125 -0.01971 -0.59190
   0.01240 -0.02029 -0.58333
   0.01361 -0.02086 -0.57634
   0.01488 -0.02142 -0.56784
   0.01621 -0.02198 -0.55215
   0.01761 -0.02253 -0.54333
   0.01908 -0.02307 -0.52667
   0.02063 -0.02362 -0.52082
   0.02226 -0.02417 -0.50713
   0.02397 -0.02472 -0.49121
   0.02579 -0.02528 -0.48314
   0.02770 -0.02584 -0.47202
   0.02973 -0.02641 -0.46355
   0.03189 -0.02700 -0.45517
   0.03419 -0.02759 -0.44815
   0.03663 -0.02820 -0.43680
   0.03924 -0.02882 -0.42966
   0.04203 -0.02945 -0.41830
   0.04502 -0.03011 -0.41111
   0.04822 -0.03078 -0.40479
   0.05165 -0.03148 -0.40096
   0.05533 -0.03220 -0.39605
   0.05925 -0.03293 -0.39252
   0.06344 -0.03368 -0.38731
   0.06789 -0.03445 -0.38483
   0.07262 -0.03522 -0.37962
   0.07761 -0.03600 -0.37777
   0.08288 -0.03679 -0.37404
   0.08842 -0.03758 -0.37041
   0.09419 -0.03836 -0.36704
   0.10019 -0.03914 -0.36469
   0.10638 -0.03991 -0.36352
   0.11276 -0.04065 -0.36228
   0.11929 -0.04138 -0.36124
   0.12594 -0.04208 -0.35964
   0.13272 -0.04276 -0.35833
   0.13959 -0.04340 -0.35665
   0.14656 -0.04401 -0.35332
   0.15362 -0.04460 -0.35138
   0.16075 -0.04515 -0.34725
   0.16794 -0.04567 -0.34477
   0.17519 -0.04616 -0.34120
   0.18248 -0.04663 -0.33899
   0.18981 -0.04706 -0.33662
   0.19717 -0.04747 -0.33503
   0.20456 -0.04785 -0.33066
   0.21197 -0.04820 -0.32962
   0.21942 -0.04852 -0.32531
   0.22690 -0.04882 -0.32255
   0.23441 -0.04909 -0.31765
   0.24195 -0.04934 -0.31537
   0.24951 -0.04956 -0.31317
   0.25708 -0.04977 -0.30975
   0.26468 -0.04995 -0.30831
   0.27229 -0.05011 -0.30390
   0.27991 -0.05024 -0.30233
   0.28756 -0.05036 -0.29877
   0.29522 -0.05046 -0.29670
   0.30289 -0.05054 -0.29471
   0.31057 -0.05060 -0.29248
   0.31825 -0.05064 -0.29017
   0.32595 -0.05066 -0.28846
   0.33364 -0.05066 -0.28685
   0.34135 -0.05065 -0.28492
   0.34906 -0.05061 -0.28312
   0.35677 -0.05056 -0.28121
   0.36448 -0.05048 -0.27947
   0.37219 -0.05039 -0.27785
   0.37990 -0.05028 -0.27573
   0.38761 -0.05015 -0.27434
   0.39532 -0.05001 -0.27293
   0.40302 -0.04984 -0.27150
   0.41072 -0.04966 -0.26937
   0.41842 -0.04945 -0.26869
   0.42610 -0.04923 -0.26726
   0.43378 -0.04899 -0.26648
   0.44144 -0.04873 -0.26430
   0.44910 -0.04845 -0.26368
   0.45674 -0.04815 -0.26210
   0.46437 -0.04783 -0.26133
   0.47199 -0.04749 -0.25959
   0.47960 -0.04713 -0.25768
   0.48720 -0.04674 -0.25633
   0.49478 -0.04634 -0.25457
   0.50235 -0.04590 -0.25214
   0.50991 -0.04545 -0.25086
   0.51745 -0.04497 -0.24820
   0.52498 -0.04447 -0.24573
   0.53250 -0.04395 -0.24358
   0.54000 -0.04340 -0.24097
   0.54749 -0.04282 -0.23809
   0.55497 -0.04222 -0.23492
   0.56243 -0.04159 -0.23123
   0.56987 -0.04093 -0.22786
   0.57730 -0.04025 -0.22414
   0.58471 -0.03954 -0.21996
   0.59210 -0.03881 -0.21574
   0.59948 -0.03804 -0.21128
   0.60683 -0.03724 -0.20665
   0.61417 -0.03642 -0.20038
   0.62149 -0.03556 -0.19562
   0.62879 -0.03468 -0.18832
   0.63608 -0.03376 -0.18260
   0.64335 -0.03281 -0.17443
   0.65061 -0.03183 -0.16730
   0.65786 -0.03081 -0.15871
   0.66510 -0.02976 -0.14977
   0.67232 -0.02867 -0.13996
   0.67954 -0.02755 -0.12982
   0.68676 -0.02640 -0.11924
   0.69397 -0.02520 -0.10800
   0.70117 -0.02398 -0.09521
   0.70838 -0.02271 -0.08245
   0.71559 -0.02141 -0.06892
   0.72281 -0.02007 -0.05453
   0.73004 -0.01870 -0.03975
   0.73728 -0.01729 -0.02360
   0.74453 -0.01584 -0.00600
   0.75180 -0.01436  0.01035
   0.75910 -0.01284  0.03038
   0.76642 -0.01128  0.04850
   0.77378 -0.00969  0.07032
   0.78118 -0.00807  0.08919
   0.78863 -0.00642  0.11270
   0.79611 -0.00475  0.13359
   0.80361 -0.00306  0.15803
   0.81108 -0.00138  0.18098
   0.81847  0.00029  0.20399
   0.82574  0.00191  0.22779
   0.83289  0.00348  0.24982
   0.83991  0.00499  0.27037
   0.84680  0.00644  0.29008
   0.85358  0.00782  0.30952
   0.86023  0.00913  0.32584
   0.86676  0.01036  0.34445
   0.87316  0.01151  0.35858
   0.87944  0.01258  0.37506
   0.88561  0.01356  0.38690
   0.89167  0.01445  0.39914
   0.89763  0.01526  0.40995
   0.90349  0.01599  0.41951
   0.90927  0.01663  0.42733
   0.91493  0.01718  0.43700
   0.92047  0.01765  0.44286
   0.92588  0.01803  0.45115
   0.93120  0.01832  0.45475
   0.93644  0.01853  0.45560
   0.94160  0.01868  0.45852
   0.94662  0.01876  0.46547
   0.95140  0.01879  0.48088
   0.95595  0.01872  0.49055
   0.96030  0.01853  0.49564
   0.96456  0.01820  0.48074
   0.96881  0.01775  0.45315
   0.97308  0.01723  0.42607
   0.97733  0.01672  0.41388
   0.98147  0.01621  0.42708
   0.98549  0.01562  0.43404
   0.98945  0.01488  0.38879
   0.99342  0.01406  0.32410
   0.99738  0.01325  0.29883
   1.00000  0.01271  0.25423
