GRUMMAN K-2 AIRFOIL                             
 Alfa =  -1.32710 Re =        0.000 Xflap,Yflap =     0.000000    0.000000
#    x        y        Cp  
   1.00000  0.01371  0.25423
   0.99740  0.01444  0.09928
   0.99329  0.01549  0.06155
   0.98889  0.01657  0.04626
   0.98423  0.01772  0.00596
   0.97929  0.01890 -0.02897
   0.97409  0.02011 -0.05492
   0.96867  0.02135 -0.08525
   0.96305  0.02259 -0.11175
   0.95727  0.02381 -0.13337
   0.95131  0.02502 -0.15425
   0.94520  0.02620 -0.16930
   0.93893  0.02735 -0.18233
   0.93253  0.02848 -0.19352
   0.92600  0.02957 -0.20068
   0.91932  0.03065 -0.20669
   0.91254  0.03170 -0.21364
   0.90568  0.03272 -0.22221
   0.89876  0.03372 -0.22964
   0.89181  0.03467 -0.23769
   0.88484  0.03559 -0.24363
   0.87782  0.03647 -0.24626
   0.87073  0.03731 -0.24735
   0.86355  0.03812 -0.24844
   0.85628  0.03891 -0.24720
   0.84891  0.03968 -0.24628
   0.84146  0.04044 -0.24623
   0.83396  0.04117 -0.24613
   0.82645  0.04190 -0.25184
   0.81896  0.04260 -0.25671
   0.81149  0.04327 -0.26026
   0.80402  0.04391 -0.26277
   0.79655  0.04452 -0.26516
   0.78909  0.04510 -0.26736
   0.78162  0.04565 -0.26803
   0.77414  0.04617 -0.26755
   0.76665  0.04666 -0.26790
   0.75914  0.04713 -0.26667
   0.75161  0.04756 -0.26483
   0.74405  0.04798 -0.26310
   0.73646  0.04837 -0.26013
   0.72884  0.04874 -0.25770
   0.72118  0.04909 -0.25480
   0.71350  0.04943 -0.25146
   0.70580  0.04974 -0.24964
   0.69806  0.05004 -0.24663
   0.69030  0.05033 -0.24452
   0.68252  0.05060 -0.24244
   0.67473  0.05086 -0.24061
   0.66693  0.05111 -0.23840
   0.65911  0.05135 -0.23714
   0.65129  0.05157 -0.23561
   0.64347  0.05178 -0.23356
   0.63563  0.05197 -0.23243
   0.62779  0.05216 -0.23089
   0.61994  0.05233 -0.22879
   0.61208  0.05249 -0.22827
   0.60421  0.05264 -0.22572
   0.59633  0.05278 -0.22486
   0.58846  0.05291 -0.22362
   0.58058  0.05303 -0.22297
   0.57270  0.05314 -0.22171
   0.56482  0.05324 -0.22079
   0.55693  0.05333 -0.21968
   0.54904  0.05340 -0.21899
   0.54115  0.05347 -0.21754
   0.53326  0.05353 -0.21717
   0.52537  0.05358 -0.21578
   0.51748  0.05361 -0.21483
   0.50958  0.05364 -0.21452
   0.50169  0.05366 -0.21287
   0.49380  0.05367 -0.21320
   0.48590  0.05367 -0.21150
   0.47801  0.05366 -0.21182
   0.47012  0.05363 -0.21077
   0.46224  0.05360 -0.20997
   0.45437  0.05356 -0.20932
   0.44650  0.05351 -0.20875
   0.43864  0.05345 -0.20760
   0.43079  0.05338 -0.20732
   0.42295  0.05330 -0.20697
   0.41514  0.05321 -0.20655
   0.40737  0.05312 -0.20714
   0.39966  0.05301 -0.20646
   0.39202  0.05289 -0.20763
   0.38445  0.05276 -0.20463
   0.37694  0.05262 -0.20196
   0.36954  0.05249 -0.20091
   0.36229  0.05236 -0.20796
   0.35524  0.05223 -0.21870
   0.34842  0.05207 -0.22783
   0.34179  0.05185 -0.21901
   0.33530  0.05159 -0.19210
   0.32892  0.05132 -0.16544
   0.32258  0.05111 -0.15170
   0.31625  0.05098 -0.16792
   0.30988  0.05089 -0.19707
   0.30343  0.05078 -0.22418
   0.29682  0.05061 -0.22639
   0.29002  0.05037 -0.21392
   0.28299  0.05009 -0.20205
   0.27579  0.04982 -0.20066
   0.26847  0.04954 -0.20460
   0.26108  0.04924 -0.20642
   0.25361  0.04892 -0.20517
   0.24607  0.04858 -0.20509
   0.23850  0.04823 -0.20595
   0.23092  0.04786 -0.20623
   0.22333  0.04747 -0.20689
   0.21574  0.04707 -0.20725
   0.20817  0.04664 -0.20887
   0.20063  0.04620 -0.20919
   0.19311  0.04574 -0.20980
   0.18563  0.04526 -0.21272
   0.17820  0.04475 -0.21224
   0.17081  0.04423 -0.21329
   0.16349  0.04368 -0.21543
   0.15624  0.04311 -0.21524
   0.14907  0.04251 -0.21739
   0.14200  0.04189 -0.21777
   0.13503  0.04125 -0.21847
   0.12818  0.04059 -0.21893
   0.12147  0.03990 -0.21888
   0.11493  0.03919 -0.21857
   0.10856  0.03847 -0.21828
   0.10240  0.03773 -0.21748
   0.09647  0.03699 -0.21806
   0.09078  0.03624 -0.21936
   0.08537  0.03550 -0.21761
   0.08024  0.03476 -0.22237
   0.07540  0.03403 -0.22364
   0.07085  0.03331 -0.22690
   0.06658  0.03261 -0.23890
   0.06257  0.03190 -0.23913
   0.05879  0.03120 -0.24956
   0.05523  0.03050 -0.25312
   0.05189  0.02978 -0.25066
   0.04873  0.02906 -0.24399
   0.04574  0.02833 -0.23261
   0.04291  0.02760 -0.22280
   0.04024  0.02687 -0.20749
   0.03771  0.02615 -0.19495
   0.03531  0.02543 -0.18643
   0.03305  0.02471 -0.16142
   0.03089  0.02399 -0.13120
   0.02884  0.02329 -0.10729
   0.02688  0.02260 -0.09125
   0.02502  0.02195 -0.08861
   0.02326  0.02131 -0.08603
   0.02159  0.02067 -0.08391
   0.02000  0.02005 -0.07712
   0.01849  0.01942 -0.06567
   0.01706  0.01880 -0.04703
   0.01569  0.01817 -0.02017
   0.01439  0.01754  0.00258
   0.01314  0.01692  0.02636
   0.01194  0.01630  0.04735
   0.01080  0.01568  0.06718
   0.00971  0.01507  0.08604
   0.00867  0.01445  0.11155
   0.00767  0.01383  0.12952
   0.00672  0.01321  0.15426
   0.00581  0.01258  0.17503
   0.00495  0.01194  0.20609
   0.00414  0.01128  0.23015
   0.00338  0.01061  0.25880
   0.00268  0.00990  0.29303
   0.00207  0.00914  0.39970
   0.00154  0.00835  0.48696
   0.00111  0.00752  0.60049
   0.00078  0.00665  0.72443
   0.00053  0.00577  0.82274
   0.00035  0.00489  0.89264
   0.00022  0.00400  0.93883
   0.00012  0.00312  0.97137
   0.00005  0.00224  0.98953
   0.00001  0.00137  0.99857
  -0.00000  0.00051  0.99930
   0.00001 -0.00034  0.99281
   0.00004 -0.00120  0.97892
   0.00010 -0.00206  0.95713
   0.00020 -0.00292  0.94042
   0.00027 -0.00380  0.89240
   0.00039 -0.00468  0.85794
   0.00054 -0.00556  0.80722
   0.00072 -0.00645  0.74588
   0.00092 -0.00735  0.67828
   0.00115 -0.00824  0.59914
   0.00142 -0.00914  0.49871
   0.00173 -0.01004  0.38760
   0.00207 -0.01094  0.26147
   0.00247 -0.01182  0.08336
   0.00292 -0.01269  0.00213
   0.00342 -0.01356 -0.35024
   0.00402 -0.01437 -0.41160
   0.00470 -0.01514 -0.52061
   0.00546 -0.01587 -0.55465
   0.00629 -0.01657 -0.58294
   0.00717 -0.01724 -0.59285
   0.00811 -0.01789 -0.60717
   0.00910 -0.01851 -0.60413
   0.01015 -0.01912 -0.59876
   0.01125 -0.01971 -0.59748
   0.01240 -0.02029 -0.58868
   0.01361 -0.02086 -0.58147
   0.01488 -0.02142 -0.57276
   0.01621 -0.02198 -0.55685
   0.01761 -0.02253 -0.54784
   0.01908 -0.02307 -0.53100
   0.02063 -0.02362 -0.52498
   0.02226 -0.02417 -0.51113
   0.02397 -0.02472 -0.49505
   0.02579 -0.02528 -0.48684
   0.02770 -0.02584 -0.47558
   0.02973 -0.02641 -0.46698
   0.03189 -0.02700 -0.45847
   0.03419 -0.02759 -0.45134
   0.03663 -0.02820 -0.43987
   0.03924 -0.02882 -0.43263
   0.04203 -0.02945 -0.42115
   0.04502 -0.03011 -0.41386
   0.04822 -0.03078 -0.40744
   0.05165 -0.03148 -0.40352
   0.05533 -0.03220 -0.39852
   0.05925 -0.03293 -0.39491
   0.06344 -0.03368 -0.38961
   0.06789 -0.03445 -0.38705
   0.07262 -0.03522 -0.38176
   0.07761 -0.03600 -0.37984
   0.08288 -0.03679 -0.37604
   0.08842 -0.03758 -0.37234
   0.09419 -0.03836 -0.36890
   0.10019 -0.03914 -0.36649
   0.10638 -0.03991 -0.36527
   0.11276 -0.04065 -0.36397
   0.11929 -0.04138 -0.36288
   0.12594 -0.04208 -0.36123
   0.13272 -0.04276 -0.35987
   0.13959 -0.04340 -0.35815
   0.14656 -0.04401 -0.35478
   0.15362 -0.04460 -0.35279
   0.16075 -0.04515 -0.34862
   0.16794 -0.04567 -0.34611
   0.17519 -0.04616 -0.34250
   0.18248 -0.04663 -0.34026
   0.18981 -0.04706 -0.33786
   0.19717 -0.04747 -0.33624
   0.20456 -0.04785 -0.33184
   0.21197 -0.04820 -0.33077
   0.21942 -0.04852 -0.32644
   0.22690 -0.04882 -0.32365
   0.23441 -0.04909 -0.31872
   0.24195 -0.04934 -0.31642
   0.24951 -0.04956 -0.31419
   0.25708 -0.04977 -0.31075
   0.26468 -0.04995 -0.30929
   0.27229 -0.05011 -0.30486
   0.27991 -0.05024 -0.30327
   0.28756 -0.05036 -0.29969
   0.29522 -0.05046 -0.29760
   0.30289 -0.05054 -0.29559
   0.31057 -0.05060 -0.29335
   0.31825 -0.05064 -0.29102
   0.32595 -0.05066 -0.28929
   0.33364 -0.05066 -0.28767
   0.34135 -0.05065 -0.28572
   0.34906 -0.05061 -0.28391
   0.35677 -0.05056 -0.28198
   0.36448 -0.05048 -0.28023
   0.37219 -0.05039 -0.27860
   0.37990 -0.05028 -0.27646
   0.38761 -0.05015 -0.27506
   0.39532 -0.05001 -0.27363
   0.40302 -0.04984 -0.27219
   0.41072 -0.04966 -0.27005
   0.41842 -0.04945 -0.26936
   0.42610 -0.04923 -0.26792
   0.43378 -0.04899 -0.26713
   0.44144 -0.04873 -0.26494
   0.44910 -0.04845 -0.26431
   0.45674 -0.04815 -0.26272
   0.46437 -0.04783 -0.26194
   0.47199 -0.04749 -0.26019
   0.47960 -0.04713 -0.25827
   0.48720 -0.04674 -0.25691
   0.49478 -0.04634 -0.25514
   0.50235 -0.04590 -0.25269
   0.50991 -0.04545 -0.25141
   0.51745 -0.04497 -0.24874
   0.52498 -0.04447 -0.24626
   0.53250 -0.04395 -0.24410
   0.54000 -0.04340 -0.24148
   0.54749 -0.04282 -0.23859
   0.55497 -0.04222 -0.23541
   0.56243 -0.04159 -0.23171
   0.56987 -0.04093 -0.22834
   0.57730 -0.04025 -0.22460
   0.58471 -0.03954 -0.22042
   0.59210 -0.03881 -0.21619
   0.59948 -0.03804 -0.21171
   0.60683 -0.03724 -0.20708
   0.61417 -0.03642 -0.20080
   0.62149 -0.03556 -0.19603
   0.62879 -0.03468 -0.18872
   0.63608 -0.03376 -0.18299
   0.64335 -0.03281 -0.17481
   0.65061 -0.03183 -0.16767
   0.65786 -0.03081 -0.15907
   0.66510 -0.02976 -0.15013
   0.67232 -0.02867 -0.14031
   0.67954 -0.02755 -0.13016
   0.68676 -0.02640 -0.11957
   0.69397 -0.02520 -0.10831
   0.70117 -0.02398 -0.09551
   0.70838 -0.02271 -0.08275
   0.71559 -0.02141 -0.06920
   0.72281 -0.02007 -0.05481
   0.73004 -0.01870 -0.04002
   0.73728 -0.01729 -0.02386
   0.74453 -0.01584 -0.00624
   0.75180 -0.01436  0.01011
   0.75910 -0.01284  0.03014
   0.76642 -0.01128  0.04828
   0.77378 -0.00969  0.07011
   0.78118 -0.00807  0.08899
   0.78863 -0.00642  0.11250
   0.79611 -0.00475  0.13340
   0.80361 -0.00306  0.15785
   0.81108 -0.00138  0.18081
   0.81847  0.00029  0.20383
   0.82574  0.00191  0.22764
   0.83289  0.00348  0.24968
   0.83991  0.00499  0.27024
   0.84680  0.00644  0.28996
   0.85358  0.00782  0.30940
   0.86023  0.00913  0.32573
   0.86676  0.01036  0.34435
   0.87316  0.01151  0.35848
   0.87944  0.01258  0.37497
   0.88561  0.01356  0.38681
   0.89167  0.01445  0.39905
   0.89763  0.01526  0.40987
   0.90349  0.01599  0.41943
   0.90927  0.01663  0.42726
   0.91493  0.01718  0.43693
   0.92047  0.01765  0.44279
   0.92588  0.01803  0.45109
   0.93120  0.01832  0.45468
   0.93644  0.01853  0.45554
   0.94160  0.01868  0.45847
   0.94662  0.01876  0.46541
   0.95140  0.01879  0.48083
   0.95595  0.01872  0.49050
   0.96030  0.01853  0.49560
   0.96456  0.01820  0.48070
   0.96881  0.01775  0.45311
   0.97308  0.01723  0.42603
   0.97733  0.01672  0.41384
   0.98147  0.01621  0.42705
   0.98549  0.01562  0.43401
   0.98945  0.01488  0.38876
   0.99342  0.01406  0.32407
   0.99738  0.01325  0.29880
   1.00000  0.01271  0.25423
