GRUMMAN K-2 AIRFOIL                             
 Alfa =  -1.31050 Re =        0.000 Xflap,Yflap =     0.000000    0.000000
#    x        y        Cp  
   1.00000  0.01371  0.25422
   0.99740  0.01444  0.09925
   0.99329  0.01549  0.06152
   0.98889  0.01657  0.04621
   0.98423  0.01772  0.00589
   0.97929  0.01890 -0.02905
   0.97409  0.02011 -0.05500
   0.96867  0.02135 -0.08535
   0.96305  0.02259 -0.11187
   0.95727  0.02381 -0.13350
   0.95131  0.02502 -0.15439
   0.94520  0.02620 -0.16945
   0.93893  0.02735 -0.18250
   0.93253  0.02848 -0.19370
   0.92600  0.02957 -0.20087
   0.91932  0.03065 -0.20689
   0.91254  0.03170 -0.21384
   0.90568  0.03272 -0.22243
   0.89876  0.03372 -0.22987
   0.89181  0.03467 -0.23793
   0.88484  0.03559 -0.24388
   0.87782  0.03647 -0.24652
   0.87073  0.03731 -0.24762
   0.86355  0.03812 -0.24872
   0.85628  0.03891 -0.24748
   0.84891  0.03968 -0.24658
   0.84146  0.04044 -0.24654
   0.83396  0.04117 -0.24645
   0.82645  0.04190 -0.25216
   0.81896  0.04260 -0.25705
   0.81149  0.04327 -0.26060
   0.80402  0.04391 -0.26312
   0.79655  0.04452 -0.26553
   0.78909  0.04510 -0.26772
   0.78162  0.04565 -0.26841
   0.77414  0.04617 -0.26794
   0.76665  0.04666 -0.26830
   0.75914  0.04713 -0.26707
   0.75161  0.04756 -0.26524
   0.74405  0.04798 -0.26352
   0.73646  0.04837 -0.26056
   0.72884  0.04874 -0.25813
   0.72118  0.04909 -0.25524
   0.71350  0.04943 -0.25191
   0.70580  0.04974 -0.25010
   0.69806  0.05004 -0.24709
   0.69030  0.05033 -0.24500
   0.68252  0.05060 -0.24292
   0.67473  0.05086 -0.24110
   0.66693  0.05111 -0.23890
   0.65911  0.05135 -0.23765
   0.65129  0.05157 -0.23613
   0.64347  0.05178 -0.23408
   0.63563  0.05197 -0.23296
   0.62779  0.05216 -0.23143
   0.61994  0.05233 -0.22935
   0.61208  0.05249 -0.22883
   0.60421  0.05264 -0.22629
   0.59633  0.05278 -0.22544
   0.58846  0.05291 -0.22421
   0.58058  0.05303 -0.22357
   0.57270  0.05314 -0.22232
   0.56482  0.05324 -0.22141
   0.55693  0.05333 -0.22030
   0.54904  0.05340 -0.21963
   0.54115  0.05347 -0.21818
   0.53326  0.05353 -0.21782
   0.52537  0.05358 -0.21645
   0.51748  0.05361 -0.21551
   0.50958  0.05364 -0.21520
   0.50169  0.05366 -0.21357
   0.49380  0.05367 -0.21391
   0.48590  0.05367 -0.21221
   0.47801  0.05366 -0.21254
   0.47012  0.05363 -0.21150
   0.46224  0.05360 -0.21072
   0.45437  0.05356 -0.21008
   0.44650  0.05351 -0.20952
   0.43864  0.05345 -0.20839
   0.43079  0.05338 -0.20812
   0.42295  0.05330 -0.20778
   0.41514  0.05321 -0.20738
   0.40737  0.05312 -0.20797
   0.39966  0.05301 -0.20731
   0.39202  0.05289 -0.20849
   0.38445  0.05276 -0.20551
   0.37694  0.05262 -0.20285
   0.36954  0.05249 -0.20181
   0.36229  0.05236 -0.20888
   0.35524  0.05223 -0.21964
   0.34842  0.05207 -0.22879
   0.34179  0.05185 -0.21998
   0.33530  0.05159 -0.19306
   0.32892  0.05132 -0.16639
   0.32258  0.05111 -0.15266
   0.31625  0.05098 -0.16890
   0.30988  0.05089 -0.19809
   0.30343  0.05078 -0.22524
   0.29682  0.05061 -0.22747
   0.29002  0.05037 -0.21500
   0.28299  0.05009 -0.20314
   0.27579  0.04982 -0.20177
   0.26847  0.04954 -0.20573
   0.26108  0.04924 -0.20758
   0.25361  0.04892 -0.20635
   0.24607  0.04858 -0.20630
   0.23850  0.04823 -0.20718
   0.23092  0.04786 -0.20749
   0.22333  0.04747 -0.20817
   0.21574  0.04707 -0.20856
   0.20817  0.04664 -0.21022
   0.20063  0.04620 -0.21057
   0.19311  0.04574 -0.21121
   0.18563  0.04526 -0.21417
   0.17820  0.04475 -0.21373
   0.17081  0.04423 -0.21481
   0.16349  0.04368 -0.21700
   0.15624  0.04311 -0.21685
   0.14907  0.04251 -0.21905
   0.14200  0.04189 -0.21947
   0.13503  0.04125 -0.22022
   0.12818  0.04059 -0.22074
   0.12147  0.03990 -0.22074
   0.11493  0.03919 -0.22049
   0.10856  0.03847 -0.22026
   0.10240  0.03773 -0.21952
   0.09647  0.03699 -0.22017
   0.09078  0.03624 -0.22154
   0.08537  0.03550 -0.21986
   0.08024  0.03476 -0.22471
   0.07540  0.03403 -0.22607
   0.07085  0.03331 -0.22941
   0.06658  0.03261 -0.24152
   0.06257  0.03190 -0.24183
   0.05879  0.03120 -0.25238
   0.05523  0.03050 -0.25604
   0.05189  0.02978 -0.25368
   0.04873  0.02906 -0.24710
   0.04574  0.02833 -0.23579
   0.04291  0.02760 -0.22606
   0.04024  0.02687 -0.21082
   0.03771  0.02615 -0.19836
   0.03531  0.02543 -0.18993
   0.03305  0.02471 -0.16496
   0.03089  0.02399 -0.13477
   0.02884  0.02329 -0.11091
   0.02688  0.02260 -0.09494
   0.02502  0.02195 -0.09243
   0.02326  0.02131 -0.08998
   0.02159  0.02067 -0.08800
   0.02000  0.02005 -0.08134
   0.01849  0.01942 -0.07001
   0.01706  0.01880 -0.05145
   0.01569  0.01817 -0.02466
   0.01439  0.01754 -0.00199
   0.01314  0.01692  0.02170
   0.01194  0.01630  0.04259
   0.01080  0.01568  0.06229
   0.00971  0.01507  0.08102
   0.00867  0.01445  0.10640
   0.00767  0.01383  0.12422
   0.00672  0.01321  0.14879
   0.00581  0.01258  0.16935
   0.00495  0.01194  0.20023
   0.00414  0.01128  0.22405
   0.00338  0.01061  0.25240
   0.00268  0.00990  0.28633
   0.00207  0.00914  0.39335
   0.00154  0.00835  0.48083
   0.00111  0.00752  0.59498
   0.00078  0.00665  0.71996
   0.00053  0.00577  0.81927
   0.00035  0.00489  0.89003
   0.00022  0.00400  0.93691
   0.00012  0.00312  0.97008
   0.00005  0.00224  0.98876
   0.00001  0.00137  0.99828
  -0.00000  0.00051  0.99948
   0.00001 -0.00034  0.99340
   0.00004 -0.00120  0.97993
   0.00010 -0.00206  0.95861
   0.00020 -0.00292  0.94202
   0.00027 -0.00380  0.89476
   0.00039 -0.00468  0.86057
   0.00054 -0.00556  0.81029
   0.00072 -0.00645  0.74942
   0.00092 -0.00735  0.68229
   0.00115 -0.00824  0.60363
   0.00142 -0.00914  0.50379
   0.00173 -0.01004  0.39327
   0.00207 -0.01094  0.26774
   0.00247 -0.01182  0.09052
   0.00292 -0.01269  0.00938
   0.00342 -0.01356 -0.34113
   0.00402 -0.01437 -0.40275
   0.00470 -0.01514 -0.51164
   0.00546 -0.01587 -0.54602
   0.00629 -0.01657 -0.57462
   0.00717 -0.01724 -0.58491
   0.00811 -0.01789 -0.59954
   0.00910 -0.01851 -0.59684
   0.01015 -0.01912 -0.59180
   0.01125 -0.01971 -0.59081
   0.01240 -0.02029 -0.58229
   0.01361 -0.02086 -0.57535
   0.01488 -0.02142 -0.56689
   0.01621 -0.02198 -0.55124
   0.01761 -0.02253 -0.54245
   0.01908 -0.02307 -0.52583
   0.02063 -0.02362 -0.52001
   0.02226 -0.02417 -0.50635
   0.02397 -0.02472 -0.49046
   0.02579 -0.02528 -0.48243
   0.02770 -0.02584 -0.47133
   0.02973 -0.02641 -0.46288
   0.03189 -0.02700 -0.45452
   0.03419 -0.02759 -0.44753
   0.03663 -0.02820 -0.43620
   0.03924 -0.02882 -0.42909
   0.04203 -0.02945 -0.41775
   0.04502 -0.03011 -0.41057
   0.04822 -0.03078 -0.40427
   0.05165 -0.03148 -0.40047
   0.05533 -0.03220 -0.39557
   0.05925 -0.03293 -0.39206
   0.06344 -0.03368 -0.38686
   0.06789 -0.03445 -0.38440
   0.07262 -0.03522 -0.37920
   0.07761 -0.03600 -0.37737
   0.08288 -0.03679 -0.37365
   0.08842 -0.03758 -0.37004
   0.09419 -0.03836 -0.36668
   0.10019 -0.03914 -0.36434
   0.10638 -0.03991 -0.36318
   0.11276 -0.04065 -0.36196
   0.11929 -0.04138 -0.36092
   0.12594 -0.04208 -0.35933
   0.13272 -0.04276 -0.35803
   0.13959 -0.04340 -0.35636
   0.14656 -0.04401 -0.35304
   0.15362 -0.04460 -0.35110
   0.16075 -0.04515 -0.34698
   0.16794 -0.04567 -0.34451
   0.17519 -0.04616 -0.34095
   0.18248 -0.04663 -0.33875
   0.18981 -0.04706 -0.33638
   0.19717 -0.04747 -0.33480
   0.20456 -0.04785 -0.33043
   0.21197 -0.04820 -0.32939
   0.21942 -0.04852 -0.32510
   0.22690 -0.04882 -0.32234
   0.23441 -0.04909 -0.31744
   0.24195 -0.04934 -0.31517
   0.24951 -0.04956 -0.31297
   0.25708 -0.04977 -0.30956
   0.26468 -0.04995 -0.30812
   0.27229 -0.05011 -0.30372
   0.27991 -0.05024 -0.30214
   0.28756 -0.05036 -0.29859
   0.29522 -0.05046 -0.29652
   0.30289 -0.05054 -0.29454
   0.31057 -0.05060 -0.29231
   0.31825 -0.05064 -0.29001
   0.32595 -0.05066 -0.28830
   0.33364 -0.05066 -0.28669
   0.34135 -0.05065 -0.28476
   0.34906 -0.05061 -0.28297
   0.35677 -0.05056 -0.28106
   0.36448 -0.05048 -0.27932
   0.37219 -0.05039 -0.27771
   0.37990 -0.05028 -0.27559
   0.38761 -0.05015 -0.27420
   0.39532 -0.05001 -0.27279
   0.40302 -0.04984 -0.27136
   0.41072 -0.04966 -0.26923
   0.41842 -0.04945 -0.26856
   0.42610 -0.04923 -0.26713
   0.43378 -0.04899 -0.26635
   0.44144 -0.04873 -0.26418
   0.44910 -0.04845 -0.26356
   0.45674 -0.04815 -0.26198
   0.46437 -0.04783 -0.26122
   0.47199 -0.04749 -0.25948
   0.47960 -0.04713 -0.25757
   0.48720 -0.04674 -0.25622
   0.49478 -0.04634 -0.25446
   0.50235 -0.04590 -0.25203
   0.50991 -0.04545 -0.25076
   0.51745 -0.04497 -0.24810
   0.52498 -0.04447 -0.24563
   0.53250 -0.04395 -0.24348
   0.54000 -0.04340 -0.24087
   0.54749 -0.04282 -0.23800
   0.55497 -0.04222 -0.23482
   0.56243 -0.04159 -0.23114
   0.56987 -0.04093 -0.22777
   0.57730 -0.04025 -0.22405
   0.58471 -0.03954 -0.21988
   0.59210 -0.03881 -0.21566
   0.59948 -0.03804 -0.21119
   0.60683 -0.03724 -0.20657
   0.61417 -0.03642 -0.20030
   0.62149 -0.03556 -0.19554
   0.62879 -0.03468 -0.18825
   0.63608 -0.03376 -0.18253
   0.64335 -0.03281 -0.17436
   0.65061 -0.03183 -0.16722
   0.65786 -0.03081 -0.15864
   0.66510 -0.02976 -0.14970
   0.67232 -0.02867 -0.13989
   0.67954 -0.02755 -0.12976
   0.68676 -0.02640 -0.11918
   0.69397 -0.02520 -0.10793
   0.70117 -0.02398 -0.09515
   0.70838 -0.02271 -0.08240
   0.71559 -0.02141 -0.06886
   0.72281 -0.02007 -0.05447
   0.73004 -0.01870 -0.03970
   0.73728 -0.01729 -0.02355
   0.74453 -0.01584 -0.00595
   0.75180 -0.01436  0.01040
   0.75910 -0.01284  0.03042
   0.76642 -0.01128  0.04854
   0.77378 -0.00969  0.07036
   0.78118 -0.00807  0.08923
   0.78863 -0.00642  0.11274
   0.79611 -0.00475  0.13362
   0.80361 -0.00306  0.15806
   0.81108 -0.00138  0.18101
   0.81847  0.00029  0.20402
   0.82574  0.00191  0.22782
   0.83289  0.00348  0.24985
   0.83991  0.00499  0.27040
   0.84680  0.00644  0.29011
   0.85358  0.00782  0.30955
   0.86023  0.00913  0.32586
   0.86676  0.01036  0.34447
   0.87316  0.01151  0.35861
   0.87944  0.01258  0.37508
   0.88561  0.01356  0.38692
   0.89167  0.01445  0.39915
   0.89763  0.01526  0.40997
   0.90349  0.01599  0.41952
   0.90927  0.01663  0.42735
   0.91493  0.01718  0.43701
   0.92047  0.01765  0.44288
   0.92588  0.01803  0.45116
   0.93120  0.01832  0.45476
   0.93644  0.01853  0.45561
   0.94160  0.01868  0.45853
   0.94662  0.01876  0.46548
   0.95140  0.01879  0.48089
   0.95595  0.01872  0.49055
   0.96030  0.01853  0.49565
   0.96456  0.01820  0.48075
   0.96881  0.01775  0.45316
   0.97308  0.01723  0.42608
   0.97733  0.01672  0.41389
   0.98147  0.01621  0.42709
   0.98549  0.01562  0.43404
   0.98945  0.01488  0.38880
   0.99342  0.01406  0.32411
   0.99738  0.01325  0.29883
   1.00000  0.01271  0.25422
