GRUMMAN K-2 AIRFOIL                             
 Alfa =  -1.30340 Re =        0.000 Xflap,Yflap =     0.000000    0.000000
#    x        y        Cp  
   1.00000  0.01371  0.25422
   0.99740  0.01444  0.09925
   0.99329  0.01549  0.06151
   0.98889  0.01657  0.04619
   0.98423  0.01772  0.00586
   0.97929  0.01890 -0.02908
   0.97409  0.02011 -0.05504
   0.96867  0.02135 -0.08540
   0.96305  0.02259 -0.11192
   0.95727  0.02381 -0.13355
   0.95131  0.02502 -0.15445
   0.94520  0.02620 -0.16952
   0.93893  0.02735 -0.18257
   0.93253  0.02848 -0.19378
   0.92600  0.02957 -0.20095
   0.91932  0.03065 -0.20698
   0.91254  0.03170 -0.21393
   0.90568  0.03272 -0.22253
   0.89876  0.03372 -0.22996
   0.89181  0.03467 -0.23804
   0.88484  0.03559 -0.24399
   0.87782  0.03647 -0.24663
   0.87073  0.03731 -0.24774
   0.86355  0.03812 -0.24884
   0.85628  0.03891 -0.24760
   0.84891  0.03968 -0.24671
   0.84146  0.04044 -0.24667
   0.83396  0.04117 -0.24658
   0.82645  0.04190 -0.25230
   0.81896  0.04260 -0.25719
   0.81149  0.04327 -0.26075
   0.80402  0.04391 -0.26327
   0.79655  0.04452 -0.26568
   0.78909  0.04510 -0.26788
   0.78162  0.04565 -0.26858
   0.77414  0.04617 -0.26811
   0.76665  0.04666 -0.26847
   0.75914  0.04713 -0.26725
   0.75161  0.04756 -0.26542
   0.74405  0.04798 -0.26370
   0.73646  0.04837 -0.26075
   0.72884  0.04874 -0.25832
   0.72118  0.04909 -0.25543
   0.71350  0.04943 -0.25211
   0.70580  0.04974 -0.25030
   0.69806  0.05004 -0.24729
   0.69030  0.05033 -0.24520
   0.68252  0.05060 -0.24313
   0.67473  0.05086 -0.24131
   0.66693  0.05111 -0.23912
   0.65911  0.05135 -0.23787
   0.65129  0.05157 -0.23635
   0.64347  0.05178 -0.23431
   0.63563  0.05197 -0.23319
   0.62779  0.05216 -0.23166
   0.61994  0.05233 -0.22959
   0.61208  0.05249 -0.22907
   0.60421  0.05264 -0.22654
   0.59633  0.05278 -0.22569
   0.58846  0.05291 -0.22446
   0.58058  0.05303 -0.22382
   0.57270  0.05314 -0.22258
   0.56482  0.05324 -0.22167
   0.55693  0.05333 -0.22057
   0.54904  0.05340 -0.21990
   0.54115  0.05347 -0.21845
   0.53326  0.05353 -0.21810
   0.52537  0.05358 -0.21673
   0.51748  0.05361 -0.21580
   0.50958  0.05364 -0.21550
   0.50169  0.05366 -0.21386
   0.49380  0.05367 -0.21421
   0.48590  0.05367 -0.21252
   0.47801  0.05366 -0.21286
   0.47012  0.05363 -0.21182
   0.46224  0.05360 -0.21104
   0.45437  0.05356 -0.21040
   0.44650  0.05351 -0.20985
   0.43864  0.05345 -0.20872
   0.43079  0.05338 -0.20846
   0.42295  0.05330 -0.20813
   0.41514  0.05321 -0.20773
   0.40737  0.05312 -0.20833
   0.39966  0.05301 -0.20767
   0.39202  0.05289 -0.20886
   0.38445  0.05276 -0.20588
   0.37694  0.05262 -0.20323
   0.36954  0.05249 -0.20219
   0.36229  0.05236 -0.20927
   0.35524  0.05223 -0.22005
   0.34842  0.05207 -0.22920
   0.34179  0.05185 -0.22039
   0.33530  0.05159 -0.19347
   0.32892  0.05132 -0.16680
   0.32258  0.05111 -0.15307
   0.31625  0.05098 -0.16932
   0.30988  0.05089 -0.19853
   0.30343  0.05078 -0.22569
   0.29682  0.05061 -0.22793
   0.29002  0.05037 -0.21547
   0.28299  0.05009 -0.20361
   0.27579  0.04982 -0.20225
   0.26847  0.04954 -0.20622
   0.26108  0.04924 -0.20807
   0.25361  0.04892 -0.20686
   0.24607  0.04858 -0.20681
   0.23850  0.04823 -0.20771
   0.23092  0.04786 -0.20803
   0.22333  0.04747 -0.20872
   0.21574  0.04707 -0.20912
   0.20817  0.04664 -0.21079
   0.20063  0.04620 -0.21116
   0.19311  0.04574 -0.21181
   0.18563  0.04526 -0.21479
   0.17820  0.04475 -0.21436
   0.17081  0.04423 -0.21546
   0.16349  0.04368 -0.21767
   0.15624  0.04311 -0.21754
   0.14907  0.04251 -0.21976
   0.14200  0.04189 -0.22020
   0.13503  0.04125 -0.22097
   0.12818  0.04059 -0.22151
   0.12147  0.03990 -0.22154
   0.11493  0.03919 -0.22131
   0.10856  0.03847 -0.22111
   0.10240  0.03773 -0.22040
   0.09647  0.03699 -0.22108
   0.09078  0.03624 -0.22248
   0.08537  0.03550 -0.22083
   0.08024  0.03476 -0.22572
   0.07540  0.03403 -0.22711
   0.07085  0.03331 -0.23049
   0.06658  0.03261 -0.24264
   0.06257  0.03190 -0.24299
   0.05879  0.03120 -0.25359
   0.05523  0.03050 -0.25729
   0.05189  0.02978 -0.25498
   0.04873  0.02906 -0.24842
   0.04574  0.02833 -0.23715
   0.04291  0.02760 -0.22746
   0.04024  0.02687 -0.21225
   0.03771  0.02615 -0.19982
   0.03531  0.02543 -0.19143
   0.03305  0.02471 -0.16648
   0.03089  0.02399 -0.13630
   0.02884  0.02329 -0.11246
   0.02688  0.02260 -0.09653
   0.02502  0.02195 -0.09406
   0.02326  0.02131 -0.09167
   0.02159  0.02067 -0.08974
   0.02000  0.02005 -0.08314
   0.01849  0.01942 -0.07186
   0.01706  0.01880 -0.05335
   0.01569  0.01817 -0.02658
   0.01439  0.01754 -0.00395
   0.01314  0.01692  0.01971
   0.01194  0.01630  0.04054
   0.01080  0.01568  0.06020
   0.00971  0.01507  0.07887
   0.00867  0.01445  0.10420
   0.00767  0.01383  0.12194
   0.00672  0.01321  0.14644
   0.00581  0.01258  0.16692
   0.00495  0.01194  0.19772
   0.00414  0.01128  0.22143
   0.00338  0.01061  0.24965
   0.00268  0.00990  0.28346
   0.00207  0.00914  0.39063
   0.00154  0.00835  0.47820
   0.00111  0.00752  0.59262
   0.00078  0.00665  0.71804
   0.00053  0.00577  0.81778
   0.00035  0.00489  0.88890
   0.00022  0.00400  0.93608
   0.00012  0.00312  0.96952
   0.00005  0.00224  0.98843
   0.00001  0.00137  0.99815
  -0.00000  0.00051  0.99954
   0.00001 -0.00034  0.99365
   0.00004 -0.00120  0.98036
   0.00010 -0.00206  0.95923
   0.00020 -0.00292  0.94270
   0.00027 -0.00380  0.89577
   0.00039 -0.00468  0.86168
   0.00054 -0.00556  0.81159
   0.00072 -0.00645  0.75093
   0.00092 -0.00735  0.68399
   0.00115 -0.00824  0.60554
   0.00142 -0.00914  0.50595
   0.00173 -0.01004  0.39569
   0.00207 -0.01094  0.27041
   0.00247 -0.01182  0.09358
   0.00292 -0.01269  0.01248
   0.00342 -0.01356 -0.33724
   0.00402 -0.01437 -0.39896
   0.00470 -0.01514 -0.50781
   0.00546 -0.01587 -0.54234
   0.00629 -0.01657 -0.57107
   0.00717 -0.01724 -0.58152
   0.00811 -0.01789 -0.59628
   0.00910 -0.01851 -0.59372
   0.01015 -0.01912 -0.58883
   0.01125 -0.01971 -0.58796
   0.01240 -0.02029 -0.57956
   0.01361 -0.02086 -0.57273
   0.01488 -0.02142 -0.56438
   0.01621 -0.02198 -0.54884
   0.01761 -0.02253 -0.54015
   0.01908 -0.02307 -0.52362
   0.02063 -0.02362 -0.51789
   0.02226 -0.02417 -0.50431
   0.02397 -0.02472 -0.48850
   0.02579 -0.02528 -0.48054
   0.02770 -0.02584 -0.46951
   0.02973 -0.02641 -0.46113
   0.03189 -0.02700 -0.45284
   0.03419 -0.02759 -0.44590
   0.03663 -0.02820 -0.43463
   0.03924 -0.02882 -0.42758
   0.04203 -0.02945 -0.41629
   0.04502 -0.03011 -0.40917
   0.04822 -0.03078 -0.40292
   0.05165 -0.03148 -0.39916
   0.05533 -0.03220 -0.39431
   0.05925 -0.03293 -0.39084
   0.06344 -0.03368 -0.38569
   0.06789 -0.03445 -0.38327
   0.07262 -0.03522 -0.37811
   0.07761 -0.03600 -0.37631
   0.08288 -0.03679 -0.37263
   0.08842 -0.03758 -0.36905
   0.09419 -0.03836 -0.36572
   0.10019 -0.03914 -0.36342
   0.10638 -0.03991 -0.36229
   0.11276 -0.04065 -0.36109
   0.11929 -0.04138 -0.36009
   0.12594 -0.04208 -0.35852
   0.13272 -0.04276 -0.35724
   0.13959 -0.04340 -0.35560
   0.14656 -0.04401 -0.35230
   0.15362 -0.04460 -0.35038
   0.16075 -0.04515 -0.34628
   0.16794 -0.04567 -0.34383
   0.17519 -0.04616 -0.34028
   0.18248 -0.04663 -0.33810
   0.18981 -0.04706 -0.33574
   0.19717 -0.04747 -0.33418
   0.20456 -0.04785 -0.32983
   0.21197 -0.04820 -0.32881
   0.21942 -0.04852 -0.32452
   0.22690 -0.04882 -0.32178
   0.23441 -0.04909 -0.31690
   0.24195 -0.04934 -0.31463
   0.24951 -0.04956 -0.31245
   0.25708 -0.04977 -0.30905
   0.26468 -0.04995 -0.30762
   0.27229 -0.05011 -0.30323
   0.27991 -0.05024 -0.30166
   0.28756 -0.05036 -0.29812
   0.29522 -0.05046 -0.29606
   0.30289 -0.05054 -0.29408
   0.31057 -0.05060 -0.29187
   0.31825 -0.05064 -0.28957
   0.32595 -0.05066 -0.28787
   0.33364 -0.05066 -0.28627
   0.34135 -0.05065 -0.28435
   0.34906 -0.05061 -0.28256
   0.35677 -0.05056 -0.28066
   0.36448 -0.05048 -0.27894
   0.37219 -0.05039 -0.27733
   0.37990 -0.05028 -0.27521
   0.38761 -0.05015 -0.27383
   0.39532 -0.05001 -0.27243
   0.40302 -0.04984 -0.27101
   0.41072 -0.04966 -0.26888
   0.41842 -0.04945 -0.26822
   0.42610 -0.04923 -0.26680
   0.43378 -0.04899 -0.26602
   0.44144 -0.04873 -0.26385
   0.44910 -0.04845 -0.26324
   0.45674 -0.04815 -0.26167
   0.46437 -0.04783 -0.26091
   0.47199 -0.04749 -0.25917
   0.47960 -0.04713 -0.25727
   0.48720 -0.04674 -0.25593
   0.49478 -0.04634 -0.25417
   0.50235 -0.04590 -0.25175
   0.50991 -0.04545 -0.25048
   0.51745 -0.04497 -0.24782
   0.52498 -0.04447 -0.24536
   0.53250 -0.04395 -0.24322
   0.54000 -0.04340 -0.24061
   0.54749 -0.04282 -0.23774
   0.55497 -0.04222 -0.23457
   0.56243 -0.04159 -0.23089
   0.56987 -0.04093 -0.22753
   0.57730 -0.04025 -0.22381
   0.58471 -0.03954 -0.21964
   0.59210 -0.03881 -0.21543
   0.59948 -0.03804 -0.21097
   0.60683 -0.03724 -0.20635
   0.61417 -0.03642 -0.20008
   0.62149 -0.03556 -0.19533
   0.62879 -0.03468 -0.18804
   0.63608 -0.03376 -0.18233
   0.64335 -0.03281 -0.17416
   0.65061 -0.03183 -0.16703
   0.65786 -0.03081 -0.15845
   0.66510 -0.02976 -0.14952
   0.67232 -0.02867 -0.13972
   0.67954 -0.02755 -0.12959
   0.68676 -0.02640 -0.11901
   0.69397 -0.02520 -0.10777
   0.70117 -0.02398 -0.09499
   0.70838 -0.02271 -0.08224
   0.71559 -0.02141 -0.06871
   0.72281 -0.02007 -0.05433
   0.73004 -0.01870 -0.03956
   0.73728 -0.01729 -0.02342
   0.74453 -0.01584 -0.00582
   0.75180 -0.01436  0.01052
   0.75910 -0.01284  0.03054
   0.76642 -0.01128  0.04865
   0.77378 -0.00969  0.07047
   0.78118 -0.00807  0.08934
   0.78863 -0.00642  0.11284
   0.79611 -0.00475  0.13372
   0.80361 -0.00306  0.15815
   0.81108 -0.00138  0.18109
   0.81847  0.00029  0.20410
   0.82574  0.00191  0.22789
   0.83289  0.00348  0.24992
   0.83991  0.00499  0.27047
   0.84680  0.00644  0.29017
   0.85358  0.00782  0.30961
   0.86023  0.00913  0.32592
   0.86676  0.01036  0.34453
   0.87316  0.01151  0.35866
   0.87944  0.01258  0.37513
   0.88561  0.01356  0.38696
   0.89167  0.01445  0.39920
   0.89763  0.01526  0.41001
   0.90349  0.01599  0.41956
   0.90927  0.01663  0.42739
   0.91493  0.01718  0.43705
   0.92047  0.01765  0.44291
   0.92588  0.01803  0.45120
   0.93120  0.01832  0.45479
   0.93644  0.01853  0.45564
   0.94160  0.01868  0.45856
   0.94662  0.01876  0.46551
   0.95140  0.01879  0.48091
   0.95595  0.01872  0.49058
   0.96030  0.01853  0.49568
   0.96456  0.01820  0.48077
   0.96881  0.01775  0.45318
   0.97308  0.01723  0.42610
   0.97733  0.01672  0.41391
   0.98147  0.01621  0.42711
   0.98549  0.01562  0.43406
   0.98945  0.01488  0.38882
   0.99342  0.01406  0.32413
   0.99738  0.01325  0.29884
   1.00000  0.01271  0.25422
