GRUMMAN K-2 AIRFOIL                             
 Alfa =  -1.26060 Re =        0.000 Xflap,Yflap =     0.000000    0.000000
#    x        y        Cp  
   1.00000  0.01371  0.25420
   0.99740  0.01444  0.09919
   0.99329  0.01549  0.06143
   0.98889  0.01657  0.04606
   0.98423  0.01772  0.00569
   0.97929  0.01890 -0.02928
   0.97409  0.02011 -0.05526
   0.96867  0.02135 -0.08566
   0.96305  0.02259 -0.11221
   0.95727  0.02381 -0.13387
   0.95131  0.02502 -0.15481
   0.94520  0.02620 -0.16991
   0.93893  0.02735 -0.18299
   0.93253  0.02848 -0.19423
   0.92600  0.02957 -0.20142
   0.91932  0.03065 -0.20750
   0.91254  0.03170 -0.21446
   0.90568  0.03272 -0.22310
   0.89876  0.03372 -0.23055
   0.89181  0.03467 -0.23866
   0.88484  0.03559 -0.24464
   0.87782  0.03647 -0.24729
   0.87073  0.03731 -0.24843
   0.86355  0.03812 -0.24956
   0.85628  0.03891 -0.24833
   0.84891  0.03968 -0.24748
   0.84146  0.04044 -0.24745
   0.83396  0.04117 -0.24739
   0.82645  0.04190 -0.25313
   0.81896  0.04260 -0.25805
   0.81149  0.04327 -0.26164
   0.80402  0.04391 -0.26418
   0.79655  0.04452 -0.26662
   0.78909  0.04510 -0.26882
   0.78162  0.04565 -0.26957
   0.77414  0.04617 -0.26911
   0.76665  0.04666 -0.26951
   0.75914  0.04713 -0.26829
   0.75161  0.04756 -0.26649
   0.74405  0.04798 -0.26478
   0.73646  0.04837 -0.26186
   0.72884  0.04874 -0.25945
   0.72118  0.04909 -0.25658
   0.71350  0.04943 -0.25328
   0.70580  0.04974 -0.25149
   0.69806  0.05004 -0.24849
   0.69030  0.05033 -0.24644
   0.68252  0.05060 -0.24437
   0.67473  0.05086 -0.24259
   0.66693  0.05111 -0.24041
   0.65911  0.05135 -0.23918
   0.65129  0.05157 -0.23769
   0.64347  0.05178 -0.23566
   0.63563  0.05197 -0.23457
   0.62779  0.05216 -0.23306
   0.61994  0.05233 -0.23101
   0.61208  0.05249 -0.23051
   0.60421  0.05264 -0.22800
   0.59633  0.05278 -0.22718
   0.58846  0.05291 -0.22598
   0.58058  0.05303 -0.22536
   0.57270  0.05314 -0.22414
   0.56482  0.05324 -0.22325
   0.55693  0.05333 -0.22218
   0.54904  0.05340 -0.22153
   0.54115  0.05347 -0.22011
   0.53326  0.05353 -0.21978
   0.52537  0.05358 -0.21844
   0.51748  0.05361 -0.21754
   0.50958  0.05364 -0.21726
   0.50169  0.05366 -0.21565
   0.49380  0.05367 -0.21602
   0.48590  0.05367 -0.21436
   0.47801  0.05366 -0.21473
   0.47012  0.05363 -0.21372
   0.46224  0.05360 -0.21298
   0.45437  0.05356 -0.21236
   0.44650  0.05351 -0.21184
   0.43864  0.05345 -0.21074
   0.43079  0.05338 -0.21051
   0.42295  0.05330 -0.21021
   0.41514  0.05321 -0.20984
   0.40737  0.05312 -0.21048
   0.39966  0.05301 -0.20986
   0.39202  0.05289 -0.21108
   0.38445  0.05276 -0.20814
   0.37694  0.05262 -0.20551
   0.36954  0.05249 -0.20451
   0.36229  0.05236 -0.21164
   0.35524  0.05223 -0.22248
   0.34842  0.05207 -0.23168
   0.34179  0.05185 -0.22290
   0.33530  0.05159 -0.19595
   0.32892  0.05132 -0.16925
   0.32258  0.05111 -0.15553
   0.31625  0.05098 -0.17186
   0.30988  0.05089 -0.20116
   0.30343  0.05078 -0.22843
   0.29682  0.05061 -0.23072
   0.29002  0.05037 -0.21827
   0.28299  0.05009 -0.20643
   0.27579  0.04982 -0.20512
   0.26847  0.04954 -0.20915
   0.26108  0.04924 -0.21106
   0.25361  0.04892 -0.20991
   0.24607  0.04858 -0.20992
   0.23850  0.04823 -0.21088
   0.23092  0.04786 -0.21128
   0.22333  0.04747 -0.21204
   0.21574  0.04707 -0.21251
   0.20817  0.04664 -0.21427
   0.20063  0.04620 -0.21471
   0.19311  0.04574 -0.21545
   0.18563  0.04526 -0.21853
   0.17820  0.04475 -0.21819
   0.17081  0.04423 -0.21940
   0.16349  0.04368 -0.22171
   0.15624  0.04311 -0.22169
   0.14907  0.04251 -0.22403
   0.14200  0.04189 -0.22459
   0.13503  0.04125 -0.22550
   0.12818  0.04059 -0.22618
   0.12147  0.03990 -0.22635
   0.11493  0.03919 -0.22627
   0.10856  0.03847 -0.22622
   0.10240  0.03773 -0.22568
   0.09647  0.03699 -0.22654
   0.09078  0.03624 -0.22813
   0.08537  0.03550 -0.22666
   0.08024  0.03476 -0.23176
   0.07540  0.03403 -0.23337
   0.07085  0.03331 -0.23697
   0.06658  0.03261 -0.24942
   0.06257  0.03190 -0.24999
   0.05879  0.03120 -0.26089
   0.05523  0.03050 -0.26486
   0.05189  0.02978 -0.26278
   0.04873  0.02906 -0.25645
   0.04574  0.02833 -0.24537
   0.04291  0.02760 -0.23589
   0.04024  0.02687 -0.22086
   0.03771  0.02615 -0.20863
   0.03531  0.02543 -0.20048
   0.03305  0.02471 -0.17565
   0.03089  0.02399 -0.14555
   0.02884  0.02329 -0.12182
   0.02688  0.02260 -0.10609
   0.02502  0.02195 -0.10394
   0.02326  0.02131 -0.10188
   0.02159  0.02067 -0.10032
   0.02000  0.02005 -0.09405
   0.01849  0.01942 -0.08308
   0.01706  0.01880 -0.06481
   0.01569  0.01817 -0.03822
   0.01439  0.01754 -0.01579
   0.01314  0.01692  0.00763
   0.01194  0.01630  0.02818
   0.01080  0.01568  0.04752
   0.00971  0.01507  0.06585
   0.00867  0.01445  0.09085
   0.00767  0.01383  0.10816
   0.00672  0.01321  0.13222
   0.00581  0.01258  0.15218
   0.00495  0.01194  0.18250
   0.00414  0.01128  0.20556
   0.00338  0.01061  0.23300
   0.00268  0.00990  0.26602
   0.00207  0.00914  0.37406
   0.00154  0.00835  0.46220
   0.00111  0.00752  0.57820
   0.00078  0.00665  0.70631
   0.00053  0.00577  0.80866
   0.00035  0.00489  0.88200
   0.00022  0.00400  0.93096
   0.00012  0.00312  0.96603
   0.00005  0.00224  0.98628
   0.00001  0.00137  0.99725
  -0.00000  0.00051  0.99986
   0.00001 -0.00034  0.99503
   0.00004 -0.00120  0.98284
   0.00010 -0.00206  0.96290
   0.00020 -0.00292  0.94672
   0.00027 -0.00380  0.90172
   0.00039 -0.00468  0.86830
   0.00054 -0.00556  0.81937
   0.00072 -0.00645  0.75993
   0.00092 -0.00735  0.69417
   0.00115 -0.00824  0.61698
   0.00142 -0.00914  0.51888
   0.00173 -0.01004  0.41016
   0.00207 -0.01094  0.28643
   0.00247 -0.01182  0.11189
   0.00292 -0.01269  0.03103
   0.00342 -0.01356 -0.31390
   0.00402 -0.01437 -0.37628
   0.00470 -0.01514 -0.48482
   0.00546 -0.01587 -0.52024
   0.00629 -0.01657 -0.54976
   0.00717 -0.01724 -0.56115
   0.00811 -0.01789 -0.57669
   0.00910 -0.01851 -0.57502
   0.01015 -0.01912 -0.57097
   0.01125 -0.01971 -0.57084
   0.01240 -0.02029 -0.56317
   0.01361 -0.02086 -0.55701
   0.01488 -0.02142 -0.54931
   0.01621 -0.02198 -0.53442
   0.01761 -0.02253 -0.52631
   0.01908 -0.02307 -0.51035
   0.02063 -0.02362 -0.50511
   0.02226 -0.02417 -0.49204
   0.02397 -0.02472 -0.47672
   0.02579 -0.02528 -0.46920
   0.02770 -0.02584 -0.45859
   0.02973 -0.02641 -0.45060
   0.03189 -0.02700 -0.44268
   0.03419 -0.02759 -0.43610
   0.03663 -0.02820 -0.42520
   0.03924 -0.02882 -0.41848
   0.04203 -0.02945 -0.40753
   0.04502 -0.03011 -0.40073
   0.04822 -0.03078 -0.39477
   0.05165 -0.03148 -0.39129
   0.05533 -0.03220 -0.38671
   0.05925 -0.03293 -0.38351
   0.06344 -0.03368 -0.37862
   0.06789 -0.03445 -0.37644
   0.07262 -0.03522 -0.37152
   0.07761 -0.03600 -0.36995
   0.08288 -0.03679 -0.36649
   0.08842 -0.03758 -0.36312
   0.09419 -0.03836 -0.36000
   0.10019 -0.03914 -0.35788
   0.10638 -0.03991 -0.35693
   0.11276 -0.04065 -0.35589
   0.11929 -0.04138 -0.35505
   0.12594 -0.04208 -0.35363
   0.13272 -0.04276 -0.35250
   0.13959 -0.04340 -0.35099
   0.14656 -0.04401 -0.34782
   0.15362 -0.04460 -0.34603
   0.16075 -0.04515 -0.34205
   0.16794 -0.04567 -0.33971
   0.17519 -0.04616 -0.33628
   0.18248 -0.04663 -0.33420
   0.18981 -0.04706 -0.33194
   0.19717 -0.04747 -0.33047
   0.20456 -0.04785 -0.32621
   0.21197 -0.04820 -0.32527
   0.21942 -0.04852 -0.32107
   0.22690 -0.04882 -0.31841
   0.23441 -0.04909 -0.31360
   0.24195 -0.04934 -0.31141
   0.24951 -0.04956 -0.30930
   0.25708 -0.04977 -0.30597
   0.26468 -0.04995 -0.30460
   0.27229 -0.05011 -0.30027
   0.27991 -0.05024 -0.29877
   0.28756 -0.05036 -0.29529
   0.29522 -0.05046 -0.29329
   0.30289 -0.05054 -0.29136
   0.31057 -0.05060 -0.28920
   0.31825 -0.05064 -0.28695
   0.32595 -0.05066 -0.28531
   0.33364 -0.05066 -0.28375
   0.34135 -0.05065 -0.28188
   0.34906 -0.05061 -0.28014
   0.35677 -0.05056 -0.27828
   0.36448 -0.05048 -0.27660
   0.37219 -0.05039 -0.27502
   0.37990 -0.05028 -0.27296
   0.38761 -0.05015 -0.27161
   0.39532 -0.05001 -0.27025
   0.40302 -0.04984 -0.26887
   0.41072 -0.04966 -0.26678
   0.41842 -0.04945 -0.26615
   0.42610 -0.04923 -0.26477
   0.43378 -0.04899 -0.26402
   0.44144 -0.04873 -0.26188
   0.44910 -0.04845 -0.26131
   0.45674 -0.04815 -0.25977
   0.46437 -0.04783 -0.25904
   0.47199 -0.04749 -0.25733
   0.47960 -0.04713 -0.25547
   0.48720 -0.04674 -0.25415
   0.49478 -0.04634 -0.25243
   0.50235 -0.04590 -0.25003
   0.50991 -0.04545 -0.24880
   0.51745 -0.04497 -0.24617
   0.52498 -0.04447 -0.24374
   0.53250 -0.04395 -0.24162
   0.54000 -0.04340 -0.23904
   0.54749 -0.04282 -0.23620
   0.55497 -0.04222 -0.23306
   0.56243 -0.04159 -0.22942
   0.56987 -0.04093 -0.22608
   0.57730 -0.04025 -0.22239
   0.58471 -0.03954 -0.21825
   0.59210 -0.03881 -0.21406
   0.59948 -0.03804 -0.20963
   0.60683 -0.03724 -0.20503
   0.61417 -0.03642 -0.19879
   0.62149 -0.03556 -0.19407
   0.62879 -0.03468 -0.18681
   0.63608 -0.03376 -0.18112
   0.64335 -0.03281 -0.17298
   0.65061 -0.03183 -0.16589
   0.65786 -0.03081 -0.15733
   0.66510 -0.02976 -0.14843
   0.67232 -0.02867 -0.13866
   0.67954 -0.02755 -0.12855
   0.68676 -0.02640 -0.11800
   0.69397 -0.02520 -0.10679
   0.70117 -0.02398 -0.09404
   0.70838 -0.02271 -0.08133
   0.71559 -0.02141 -0.06782
   0.72281 -0.02007 -0.05346
   0.73004 -0.01870 -0.03872
   0.73728 -0.01729 -0.02262
   0.74453 -0.01584 -0.00505
   0.75180 -0.01436  0.01127
   0.75910 -0.01284  0.03126
   0.76642 -0.01128  0.04933
   0.77378 -0.00969  0.07112
   0.78118 -0.00807  0.08996
   0.78863 -0.00642  0.11343
   0.79611 -0.00475  0.13428
   0.80361 -0.00306  0.15869
   0.81108 -0.00138  0.18160
   0.81847  0.00029  0.20459
   0.82574  0.00191  0.22835
   0.83289  0.00348  0.25035
   0.83991  0.00499  0.27087
   0.84680  0.00644  0.29056
   0.85358  0.00782  0.30998
   0.86023  0.00913  0.32627
   0.86676  0.01036  0.34485
   0.87316  0.01151  0.35898
   0.87944  0.01258  0.37542
   0.88561  0.01356  0.38725
   0.89167  0.01445  0.39947
   0.89763  0.01526  0.41026
   0.90349  0.01599  0.41981
   0.90927  0.01663  0.42762
   0.91493  0.01718  0.43726
   0.92047  0.01765  0.44314
   0.92588  0.01803  0.45139
   0.93120  0.01832  0.45499
   0.93644  0.01853  0.45582
   0.94160  0.01868  0.45874
   0.94662  0.01876  0.46569
   0.95140  0.01879  0.48107
   0.95595  0.01872  0.49073
   0.96030  0.01853  0.49582
   0.96456  0.01820  0.48090
   0.96881  0.01775  0.45333
   0.97308  0.01723  0.42624
   0.97733  0.01672  0.41405
   0.98147  0.01621  0.42722
   0.98549  0.01562  0.43416
   0.98945  0.01488  0.38892
   0.99342  0.01406  0.32423
   0.99738  0.01325  0.29893
   1.00000  0.01271  0.25420
