GRUMMAN K-2 AIRFOIL                             
 Alfa =  -1.29750 Re =        0.000 Xflap,Yflap =     0.000000    0.000000
#    x        y        Cp  
   1.00000  0.01371  0.25220
   0.99739  0.01444  0.09672
   0.99327  0.01550  0.06271
   0.98886  0.01658  0.04432
   0.98418  0.01773  0.00263
   0.97923  0.01891 -0.02691
   0.97401  0.02013 -0.05694
   0.96856  0.02137 -0.08480
   0.96293  0.02261 -0.11262
   0.95713  0.02384 -0.13567
   0.95115  0.02505 -0.15439
   0.94501  0.02623 -0.16960
   0.93873  0.02739 -0.18320
   0.93231  0.02852 -0.19418
   0.92575  0.02962 -0.20153
   0.91905  0.03069 -0.20723
   0.91224  0.03174 -0.21446
   0.90536  0.03277 -0.22310
   0.89842  0.03376 -0.23056
   0.89145  0.03472 -0.23838
   0.88446  0.03564 -0.24373
   0.87741  0.03652 -0.24779
   0.87030  0.03736 -0.24829
   0.86310  0.03817 -0.24823
   0.85580  0.03897 -0.24782
   0.84840  0.03974 -0.24700
   0.84093  0.04049 -0.24711
   0.83341  0.04123 -0.24754
   0.82588  0.04195 -0.25213
   0.81837  0.04265 -0.25807
   0.81087  0.04332 -0.26065
   0.80338  0.04396 -0.26391
   0.79590  0.04457 -0.26641
   0.78841  0.04515 -0.26743
   0.78092  0.04570 -0.26898
   0.77342  0.04622 -0.26867
   0.76591  0.04671 -0.26869
   0.75838  0.04717 -0.26749
   0.75082  0.04761 -0.26621
   0.74324  0.04802 -0.26233
   0.73562  0.04841 -0.26101
   0.72798  0.04878 -0.25766
   0.72030  0.04913 -0.25547
   0.71260  0.04946 -0.25264
   0.70486  0.04978 -0.25004
   0.69710  0.05008 -0.24730
   0.68932  0.05037 -0.24508
   0.68152  0.05064 -0.24275
   0.67370  0.05090 -0.24178
   0.66588  0.05114 -0.23898
   0.65804  0.05138 -0.23786
   0.65020  0.05160 -0.23606
   0.64235  0.05180 -0.23442
   0.63449  0.05200 -0.23354
   0.62662  0.05218 -0.23126
   0.61875  0.05235 -0.23011
   0.61086  0.05251 -0.22848
   0.60297  0.05266 -0.22666
   0.59508  0.05280 -0.22598
   0.58718  0.05293 -0.22507
   0.57928  0.05305 -0.22367
   0.57138  0.05316 -0.22254
   0.56347  0.05325 -0.22164
   0.55556  0.05334 -0.22106
   0.54765  0.05342 -0.21971
   0.53974  0.05348 -0.21860
   0.53183  0.05354 -0.21773
   0.52391  0.05358 -0.21741
   0.51600  0.05362 -0.21586
   0.50808  0.05365 -0.21564
   0.50017  0.05366 -0.21459
   0.49225  0.05367 -0.21348
   0.48434  0.05366 -0.21340
   0.47642  0.05365 -0.21250
   0.46852  0.05363 -0.21200
   0.46062  0.05360 -0.21090
   0.45272  0.05355 -0.21141
   0.44483  0.05350 -0.20968
   0.43695  0.05344 -0.20924
   0.42908  0.05336 -0.20836
   0.42122  0.05328 -0.20848
   0.41340  0.05319 -0.20770
   0.40562  0.05309 -0.20875
   0.39791  0.05299 -0.20844
   0.39026  0.05286 -0.20871
   0.38268  0.05273 -0.20624
   0.37518  0.05259 -0.20270
   0.36779  0.05245 -0.20367
   0.36056  0.05233 -0.21155
   0.35355  0.05219 -0.22320
   0.34675  0.05202 -0.22996
   0.34015  0.05179 -0.21506
   0.33367  0.05152 -0.18678
   0.32729  0.05126 -0.16144
   0.32094  0.05107 -0.15438
   0.31459  0.05095 -0.17738
   0.30818  0.05086 -0.20766
   0.30168  0.05074 -0.22924
   0.29501  0.05055 -0.22534
   0.28812  0.05029 -0.21190
   0.28102  0.05002 -0.20251
   0.27376  0.04974 -0.20438
   0.26640  0.04946 -0.20719
   0.25896  0.04915 -0.20807
   0.25145  0.04883 -0.20781
   0.24388  0.04848 -0.20747
   0.23629  0.04812 -0.20811
   0.22868  0.04775 -0.20872
   0.22107  0.04735 -0.20972
   0.21346  0.04694 -0.21007
   0.20588  0.04651 -0.21119
   0.19832  0.04606 -0.21192
   0.19079  0.04559 -0.21329
   0.18331  0.04510 -0.21527
   0.17587  0.04459 -0.21483
   0.16848  0.04405 -0.21762
   0.16116  0.04350 -0.21788
   0.15392  0.04292 -0.21873
   0.14676  0.04231 -0.22133
   0.13969  0.04168 -0.22026
   0.13274  0.04103 -0.22229
   0.12592  0.04036 -0.22188
   0.11925  0.03966 -0.22245
   0.11274  0.03895 -0.22190
   0.10643  0.03821 -0.22159
   0.10032  0.03747 -0.22209
   0.09446  0.03673 -0.22142
   0.08886  0.03598 -0.22329
   0.08353  0.03523 -0.22366
   0.07849  0.03450 -0.22639
   0.07373  0.03377 -0.23126
   0.06927  0.03305 -0.23262
   0.06509  0.03235 -0.24448
   0.06115  0.03165 -0.24885
   0.05745  0.03095 -0.25570
   0.05396  0.03023 -0.25935
   0.05068  0.02952 -0.25438
   0.04758  0.02879 -0.24588
   0.04465  0.02805 -0.23492
   0.04187  0.02732 -0.22285
   0.03925  0.02659 -0.20812
   0.03676  0.02587 -0.19882
   0.03441  0.02515 -0.18384
   0.03218  0.02442 -0.15629
   0.03006  0.02371 -0.12821
   0.02804  0.02301 -0.10503
   0.02612  0.02234 -0.09683
   0.02429  0.02168 -0.09505
   0.02256  0.02105 -0.09131
   0.02092  0.02042 -0.08941
   0.01936  0.01979 -0.08166
   0.01788  0.01916 -0.06627
   0.01648  0.01853 -0.04458
   0.01513  0.01790 -0.01862
   0.01385  0.01728  0.00451
   0.01262  0.01665  0.02920
   0.01145  0.01603  0.04457
   0.01032  0.01542  0.06513
   0.00925  0.01480  0.09048
   0.00822  0.01418  0.10667
   0.00724  0.01356  0.13428
   0.00631  0.01293  0.15295
   0.00542  0.01229  0.17599
   0.00458  0.01164  0.20776
   0.00379  0.01098  0.22996
   0.00305  0.01029  0.26359
   0.00239  0.00956  0.30878
   0.00182  0.00878  0.44855
   0.00133  0.00797  0.51498
   0.00094  0.00712  0.65415
   0.00065  0.00624  0.76593
   0.00044  0.00536  0.85421
   0.00028  0.00447  0.91195
   0.00016  0.00358  0.95394
   0.00008  0.00270  0.97884
   0.00003  0.00182  0.99402
   0.00000  0.00095  0.99987
  -0.00000  0.00009  0.99756
   0.00003 -0.00076  0.98881
   0.00006 -0.00163  0.97013
   0.00015 -0.00249  0.95364
   0.00023 -0.00336  0.92067
   0.00032 -0.00424  0.88043
   0.00047 -0.00512  0.83861
   0.00063 -0.00601  0.78366
   0.00082 -0.00691  0.72013
   0.00104 -0.00781  0.64741
   0.00129 -0.00871  0.55570
   0.00157 -0.00961  0.45315
   0.00190 -0.01051  0.33600
   0.00227 -0.01140  0.18292
   0.00270 -0.01228  0.05389
   0.00318 -0.01315 -0.15581
   0.00373 -0.01400 -0.38712
   0.00438 -0.01479 -0.45987
   0.00511 -0.01554 -0.52798
   0.00590 -0.01626 -0.55458
   0.00676 -0.01694 -0.57406
   0.00768 -0.01760 -0.58575
   0.00865 -0.01823 -0.59001
   0.00967 -0.01885 -0.59564
   0.01075 -0.01945 -0.58033
   0.01188 -0.02004 -0.58502
   0.01307 -0.02061 -0.57180
   0.01432 -0.02118 -0.56542
   0.01563 -0.02174 -0.55643
   0.01700 -0.02229 -0.53871
   0.01845 -0.02284 -0.52917
   0.01996 -0.02339 -0.51890
   0.02156 -0.02394 -0.50693
   0.02324 -0.02449 -0.49357
   0.02502 -0.02504 -0.48254
   0.02690 -0.02561 -0.47352
   0.02888 -0.02618 -0.46247
   0.03099 -0.02676 -0.45378
   0.03324 -0.02735 -0.44706
   0.03563 -0.02795 -0.43734
   0.03818 -0.02857 -0.42892
   0.04090 -0.02920 -0.41962
   0.04382 -0.02985 -0.41080
   0.04694 -0.03052 -0.40328
   0.05029 -0.03121 -0.40056
   0.05388 -0.03192 -0.39406
   0.05772 -0.03265 -0.39127
   0.06181 -0.03340 -0.38663
   0.06618 -0.03416 -0.38260
   0.07081 -0.03493 -0.37928
   0.07572 -0.03571 -0.37571
   0.08090 -0.03650 -0.37253
   0.08636 -0.03729 -0.36981
   0.09206 -0.03808 -0.36625
   0.09799 -0.03886 -0.36286
   0.10414 -0.03963 -0.36243
   0.11047 -0.04039 -0.36018
   0.11696 -0.04113 -0.35968
   0.12360 -0.04184 -0.35858
   0.13035 -0.04253 -0.35722
   0.13721 -0.04318 -0.35527
   0.14417 -0.04381 -0.35288
   0.15121 -0.04440 -0.34980
   0.15834 -0.04497 -0.34707
   0.16553 -0.04550 -0.34418
   0.17278 -0.04600 -0.34110
   0.18008 -0.04648 -0.33795
   0.18742 -0.04692 -0.33640
   0.19479 -0.04734 -0.33357
   0.20219 -0.04773 -0.33145
   0.20962 -0.04809 -0.32763
   0.21707 -0.04842 -0.32576
   0.22456 -0.04873 -0.32178
   0.23208 -0.04901 -0.31823
   0.23964 -0.04926 -0.31454
   0.24721 -0.04950 -0.31255
   0.25481 -0.04971 -0.30985
   0.26241 -0.04990 -0.30716
   0.27004 -0.05006 -0.30417
   0.27768 -0.05021 -0.30180
   0.28534 -0.05033 -0.29857
   0.29302 -0.05043 -0.29627
   0.30071 -0.05052 -0.29398
   0.30841 -0.05058 -0.29200
   0.31611 -0.05063 -0.29032
   0.32382 -0.05066 -0.28812
   0.33154 -0.05066 -0.28572
   0.33927 -0.05065 -0.28473
   0.34699 -0.05062 -0.28213
   0.35472 -0.05057 -0.28080
   0.36246 -0.05051 -0.27913
   0.37019 -0.05042 -0.27759
   0.37793 -0.05031 -0.27514
   0.38566 -0.05019 -0.27428
   0.39339 -0.05004 -0.27232
   0.40111 -0.04988 -0.27077
   0.40883 -0.04970 -0.26907
   0.41655 -0.04951 -0.26818
   0.42426 -0.04929 -0.26673
   0.43196 -0.04905 -0.26572
   0.43965 -0.04880 -0.26420
   0.44733 -0.04852 -0.26312
   0.45499 -0.04823 -0.26194
   0.46265 -0.04791 -0.26021
   0.47029 -0.04757 -0.25930
   0.47793 -0.04721 -0.25742
   0.48555 -0.04683 -0.25579
   0.49315 -0.04642 -0.25413
   0.50075 -0.04600 -0.25255
   0.50833 -0.04555 -0.24996
   0.51589 -0.04507 -0.24834
   0.52345 -0.04458 -0.24551
   0.53099 -0.04405 -0.24357
   0.53851 -0.04351 -0.24046
   0.54603 -0.04293 -0.23799
   0.55353 -0.04234 -0.23531
   0.56101 -0.04171 -0.23115
   0.56848 -0.04106 -0.22820
   0.57593 -0.04038 -0.22416
   0.58337 -0.03967 -0.22024
   0.59078 -0.03894 -0.21621
   0.59818 -0.03818 -0.21129
   0.60556 -0.03738 -0.20667
   0.61292 -0.03656 -0.20146
   0.62026 -0.03571 -0.19550
   0.62759 -0.03483 -0.18957
   0.63490 -0.03391 -0.18198
   0.64220 -0.03296 -0.17597
   0.64948 -0.03198 -0.16781
   0.65674 -0.03097 -0.15979
   0.66400 -0.02992 -0.15050
   0.67125 -0.02883 -0.14098
   0.67849 -0.02772 -0.13128
   0.68572 -0.02656 -0.12005
   0.69295 -0.02537 -0.10927
   0.70018 -0.02415 -0.09625
   0.70741 -0.02288 -0.08395
   0.71464 -0.02159 -0.07058
   0.72188 -0.02025 -0.05562
   0.72912 -0.01888 -0.04157
   0.73638 -0.01747 -0.02464
   0.74365 -0.01602 -0.00896
   0.75094 -0.01453  0.00968
   0.75826 -0.01301  0.02764
   0.76560 -0.01146  0.04729
   0.77297 -0.00987  0.06693
   0.78039 -0.00825  0.08848
   0.78785 -0.00659  0.10960
   0.79535 -0.00492  0.13276
   0.80287 -0.00323  0.15561
   0.81037 -0.00154  0.17792
   0.81778  0.00013  0.20311
   0.82509  0.00176  0.22625
   0.83227  0.00334  0.24777
   0.83932  0.00486  0.26850
   0.84624  0.00632  0.28892
   0.85304  0.00771  0.30733
   0.85972  0.00903  0.32624
   0.86628  0.01027  0.34244
   0.87271  0.01143  0.35850
   0.87902  0.01251  0.37352
   0.88521  0.01350  0.38624
   0.89129  0.01440  0.39903
   0.89727  0.01522  0.40882
   0.90316  0.01595  0.41932
   0.90895  0.01659  0.42816
   0.91464  0.01715  0.43554
   0.92020  0.01763  0.44392
   0.92564  0.01802  0.44973
   0.93097  0.01831  0.45432
   0.93623  0.01853  0.45744
   0.94141  0.01867  0.45695
   0.94645  0.01876  0.46719
   0.95125  0.01879  0.47886
   0.95581  0.01873  0.49149
   0.96019  0.01854  0.49559
   0.96446  0.01821  0.48054
   0.96872  0.01776  0.45434
   0.97300  0.01724  0.42580
   0.97726  0.01672  0.41549
   0.98142  0.01621  0.42810
   0.98545  0.01563  0.43244
   0.98942  0.01489  0.38724
   0.99340  0.01406  0.32678
   0.99738  0.01325  0.29811
   1.00000  0.01271  0.25220
