GRUMMAN K-2 AIRFOIL                             
 Alfa =  -1.04900 Re =        0.000 Xflap,Yflap =     0.000000    0.000000
#    x        y        Cp  
   1.00000  0.01371  0.25410
   0.99740  0.01444  0.09892
   0.99329  0.01549  0.06107
   0.98889  0.01657  0.04545
   0.98423  0.01772  0.00485
   0.97929  0.01890 -0.03024
   0.97409  0.02011 -0.05634
   0.96867  0.02135 -0.08697
   0.96305  0.02259 -0.11365
   0.95727  0.02381 -0.13544
   0.95131  0.02502 -0.15659
   0.94520  0.02620 -0.17184
   0.93893  0.02735 -0.18508
   0.93253  0.02848 -0.19646
   0.92600  0.02957 -0.20374
   0.91932  0.03065 -0.21003
   0.91254  0.03170 -0.21705
   0.90568  0.03272 -0.22590
   0.89876  0.03372 -0.23341
   0.89181  0.03467 -0.24172
   0.88484  0.03559 -0.24783
   0.87782  0.03647 -0.25057
   0.87073  0.03731 -0.25185
   0.86355  0.03812 -0.25311
   0.85628  0.03891 -0.25193
   0.84891  0.03968 -0.25128
   0.84146  0.04044 -0.25130
   0.83396  0.04117 -0.25139
   0.82645  0.04190 -0.25721
   0.81896  0.04260 -0.26230
   0.81149  0.04327 -0.26602
   0.80402  0.04391 -0.26863
   0.79655  0.04452 -0.27127
   0.78909  0.04510 -0.27347
   0.78162  0.04565 -0.27444
   0.77414  0.04617 -0.27405
   0.76665  0.04666 -0.27461
   0.75914  0.04713 -0.27345
   0.75161  0.04756 -0.27176
   0.74405  0.04798 -0.27010
   0.73646  0.04837 -0.26735
   0.72884  0.04874 -0.26500
   0.72118  0.04909 -0.26225
   0.71350  0.04943 -0.25906
   0.70580  0.04974 -0.25736
   0.69806  0.05004 -0.25441
   0.69030  0.05033 -0.25254
   0.68252  0.05060 -0.25050
   0.67473  0.05086 -0.24889
   0.66693  0.05111 -0.24678
   0.65911  0.05135 -0.24563
   0.65129  0.05157 -0.24431
   0.64347  0.05178 -0.24236
   0.63563  0.05197 -0.24136
   0.62779  0.05216 -0.23997
   0.61994  0.05233 -0.23805
   0.61208  0.05249 -0.23762
   0.60421  0.05264 -0.23524
   0.59633  0.05278 -0.23455
   0.58846  0.05291 -0.23345
   0.58058  0.05303 -0.23296
   0.57270  0.05314 -0.23184
   0.56482  0.05324 -0.23106
   0.55693  0.05333 -0.23012
   0.54904  0.05340 -0.22960
   0.54115  0.05347 -0.22831
   0.53326  0.05353 -0.22811
   0.52537  0.05358 -0.22688
   0.51748  0.05361 -0.22613
   0.50958  0.05364 -0.22597
   0.50169  0.05366 -0.22449
   0.49380  0.05367 -0.22501
   0.48590  0.05367 -0.22347
   0.47801  0.05366 -0.22399
   0.47012  0.05363 -0.22311
   0.46224  0.05360 -0.22253
   0.45437  0.05356 -0.22206
   0.44650  0.05351 -0.22168
   0.43864  0.05345 -0.22072
   0.43079  0.05338 -0.22068
   0.42295  0.05330 -0.22051
   0.41514  0.05321 -0.22032
   0.40737  0.05312 -0.22112
   0.39966  0.05301 -0.22071
   0.39202  0.05289 -0.22207
   0.38445  0.05276 -0.21931
   0.37694  0.05262 -0.21681
   0.36954  0.05249 -0.21599
   0.36229  0.05236 -0.22337
   0.35524  0.05223 -0.23451
   0.34842  0.05207 -0.24394
   0.34179  0.05185 -0.23529
   0.33530  0.05159 -0.20824
   0.32892  0.05132 -0.18142
   0.32258  0.05111 -0.16775
   0.31625  0.05098 -0.18441
   0.30988  0.05089 -0.21422
   0.30343  0.05078 -0.24201
   0.29682  0.05061 -0.24451
   0.29002  0.05037 -0.23216
   0.28299  0.05009 -0.22042
   0.27579  0.04982 -0.21935
   0.26847  0.04954 -0.22369
   0.26108  0.04924 -0.22589
   0.25361  0.04892 -0.22503
   0.24607  0.04858 -0.22534
   0.23850  0.04823 -0.22662
   0.23092  0.04786 -0.22737
   0.22333  0.04747 -0.22848
   0.21574  0.04707 -0.22932
   0.20817  0.04664 -0.23149
   0.20063  0.04620 -0.23234
   0.19311  0.04574 -0.23350
   0.18563  0.04526 -0.23708
   0.17820  0.04475 -0.23719
   0.17081  0.04423 -0.23891
   0.16349  0.04368 -0.24177
   0.15624  0.04311 -0.24229
   0.14907  0.04251 -0.24525
   0.14200  0.04189 -0.24643
   0.13503  0.04125 -0.24799
   0.12818  0.04059 -0.24936
   0.12147  0.03990 -0.25024
   0.11493  0.03919 -0.25091
   0.10856  0.03847 -0.25166
   0.10240  0.03773 -0.25194
   0.09647  0.03699 -0.25368
   0.09078  0.03624 -0.25621
   0.08537  0.03550 -0.25568
   0.08024  0.03476 -0.26186
   0.07540  0.03403 -0.26455
   0.07085  0.03331 -0.26928
   0.06658  0.03261 -0.28316
   0.06257  0.03190 -0.28486
   0.05879  0.03120 -0.29726
   0.05523  0.03050 -0.30255
   0.05189  0.02978 -0.30169
   0.04873  0.02906 -0.29647
   0.04574  0.02833 -0.28639
   0.04291  0.02760 -0.27798
   0.04024  0.02687 -0.26385
   0.03771  0.02615 -0.25265
   0.03531  0.02543 -0.24572
   0.03305  0.02471 -0.22149
   0.03089  0.02399 -0.19181
   0.02884  0.02329 -0.16867
   0.02688  0.02260 -0.15395
   0.02502  0.02195 -0.15340
   0.02326  0.02131 -0.15308
   0.02159  0.02067 -0.15331
   0.02000  0.02005 -0.14877
   0.01849  0.01942 -0.13941
   0.01706  0.01880 -0.12236
   0.01569  0.01817 -0.09670
   0.01439  0.01754 -0.07535
   0.01314  0.01692 -0.05314
   0.01194  0.01630 -0.03407
   0.01080  0.01568 -0.01642
   0.00971  0.01507  0.00013
   0.00867  0.01445  0.02341
   0.00767  0.01383  0.03848
   0.00672  0.01321  0.06023
   0.00581  0.01258  0.07740
   0.00495  0.01194  0.10516
   0.00414  0.01128  0.12477
   0.00338  0.01061  0.14798
   0.00268  0.00990  0.17672
   0.00207  0.00914  0.28894
   0.00154  0.00835  0.37956
   0.00111  0.00752  0.50327
   0.00078  0.00665  0.64484
   0.00053  0.00577  0.76027
   0.00035  0.00489  0.84480
   0.00022  0.00400  0.90274
   0.00012  0.00312  0.94602
   0.00005  0.00224  0.97302
   0.00001  0.00137  0.99024
  -0.00000  0.00051  0.99882
   0.00001 -0.00034  0.99937
   0.00004 -0.00120  0.99265
   0.00010 -0.00206  0.97851
   0.00020 -0.00292  0.96442
   0.00027 -0.00380  0.92857
   0.00039 -0.00468  0.89864
   0.00054 -0.00556  0.85542
   0.00072 -0.00645  0.80198
   0.00092 -0.00735  0.74203
   0.00115 -0.00824  0.67105
   0.00142 -0.00914  0.58030
   0.00173 -0.01004  0.47914
   0.00207 -0.01094  0.36302
   0.00247 -0.01182  0.19970
   0.00292 -0.01269  0.12017
   0.00342 -0.01356 -0.20153
   0.00402 -0.01437 -0.26683
   0.00470 -0.01514 -0.37374
   0.00546 -0.01587 -0.41329
   0.00629 -0.01657 -0.44649
   0.00717 -0.01724 -0.46236
   0.00811 -0.01789 -0.48161
   0.00910 -0.01851 -0.48413
   0.01015 -0.01912 -0.48412
   0.01125 -0.01971 -0.48751
   0.01240 -0.02029 -0.48333
   0.01361 -0.02086 -0.48041
   0.01488 -0.02142 -0.47583
   0.01621 -0.02198 -0.46410
   0.01761 -0.02253 -0.45876
   0.01908 -0.02307 -0.44556
   0.02063 -0.02362 -0.44271
   0.02226 -0.02417 -0.43207
   0.02397 -0.02472 -0.41915
   0.02579 -0.02528 -0.41374
   0.02770 -0.02584 -0.40515
   0.02973 -0.02641 -0.39906
   0.03189 -0.02700 -0.39296
   0.03419 -0.02759 -0.38812
   0.03663 -0.02820 -0.37898
   0.03924 -0.02882 -0.37390
   0.04203 -0.02945 -0.36462
   0.04502 -0.03011 -0.35934
   0.04822 -0.03078 -0.35483
   0.05165 -0.03148 -0.35270
   0.05533 -0.03220 -0.34946
   0.05925 -0.03293 -0.34753
   0.06344 -0.03368 -0.34391
   0.06789 -0.03445 -0.34291
   0.07262 -0.03522 -0.33917
   0.07761 -0.03600 -0.33869
   0.08288 -0.03679 -0.33631
   0.08842 -0.03758 -0.33397
   0.09419 -0.03836 -0.33183
   0.10019 -0.03914 -0.33063
   0.10638 -0.03991 -0.33055
   0.11276 -0.04065 -0.33032
   0.11929 -0.04138 -0.33024
   0.12594 -0.04208 -0.32957
   0.13272 -0.04276 -0.32913
   0.13959 -0.04340 -0.32829
   0.14656 -0.04401 -0.32577
   0.15362 -0.04460 -0.32460
   0.16075 -0.04515 -0.32121
   0.16794 -0.04567 -0.31943
   0.17519 -0.04616 -0.31654
   0.18248 -0.04663 -0.31496
   0.18981 -0.04706 -0.31317
   0.19717 -0.04747 -0.31217
   0.20456 -0.04785 -0.30835
   0.21197 -0.04820 -0.30781
   0.21942 -0.04852 -0.30404
   0.22690 -0.04882 -0.30177
   0.23441 -0.04909 -0.29736
   0.24195 -0.04934 -0.29553
   0.24951 -0.04956 -0.29375
   0.25708 -0.04977 -0.29076
   0.26468 -0.04995 -0.28970
   0.27229 -0.05011 -0.28570
   0.27991 -0.05024 -0.28450
   0.28756 -0.05036 -0.28130
   0.29522 -0.05046 -0.27959
   0.30289 -0.05054 -0.27793
   0.31057 -0.05060 -0.27604
   0.31825 -0.05064 -0.27402
   0.32595 -0.05066 -0.27264
   0.33364 -0.05066 -0.27130
   0.34135 -0.05065 -0.26968
   0.34906 -0.05061 -0.26814
   0.35677 -0.05056 -0.26651
   0.36448 -0.05048 -0.26506
   0.37219 -0.05039 -0.26365
   0.37990 -0.05028 -0.26183
   0.38761 -0.05015 -0.26064
   0.39532 -0.05001 -0.25950
   0.40302 -0.04984 -0.25829
   0.41072 -0.04966 -0.25637
   0.41842 -0.04945 -0.25594
   0.42610 -0.04923 -0.25473
   0.43378 -0.04899 -0.25414
   0.44144 -0.04873 -0.25216
   0.44910 -0.04845 -0.25178
   0.45674 -0.04815 -0.25038
   0.46437 -0.04783 -0.24981
   0.47199 -0.04749 -0.24826
   0.47960 -0.04713 -0.24654
   0.48720 -0.04674 -0.24539
   0.49478 -0.04634 -0.24380
   0.50235 -0.04590 -0.24156
   0.50991 -0.04545 -0.24050
   0.51745 -0.04497 -0.23796
   0.52498 -0.04447 -0.23572
   0.53250 -0.04395 -0.23372
   0.54000 -0.04340 -0.23130
   0.54749 -0.04282 -0.22858
   0.55497 -0.04222 -0.22558
   0.56243 -0.04159 -0.22210
   0.56987 -0.04093 -0.21887
   0.57730 -0.04025 -0.21532
   0.58471 -0.03954 -0.21135
   0.59210 -0.03881 -0.20727
   0.59948 -0.03804 -0.20299
   0.60683 -0.03724 -0.19850
   0.61417 -0.03642 -0.19241
   0.62149 -0.03556 -0.18783
   0.62879 -0.03468 -0.18072
   0.63608 -0.03376 -0.17516
   0.64335 -0.03281 -0.16714
   0.65061 -0.03183 -0.16021
   0.65786 -0.03081 -0.15178
   0.66510 -0.02976 -0.14300
   0.67232 -0.02867 -0.13340
   0.67954 -0.02755 -0.12345
   0.68676 -0.02640 -0.11298
   0.69397 -0.02520 -0.10195
   0.70117 -0.02398 -0.08932
   0.70838 -0.02271 -0.07677
   0.71559 -0.02141 -0.06342
   0.72281 -0.02007 -0.04918
   0.73004 -0.01870 -0.03456
   0.73728 -0.01729 -0.01863
   0.74453 -0.01584 -0.00126
   0.75180 -0.01436  0.01498
   0.75910 -0.01284  0.03482
   0.76642 -0.01128  0.05271
   0.77378 -0.00969  0.07436
   0.78118 -0.00807  0.09307
   0.78863 -0.00642  0.11641
   0.79611 -0.00475  0.13709
   0.80361 -0.00306  0.16135
   0.81108 -0.00138  0.18412
   0.81847  0.00029  0.20701
   0.82574  0.00191  0.23061
   0.83289  0.00348  0.25250
   0.83991  0.00499  0.27289
   0.84680  0.00644  0.29248
   0.85358  0.00782  0.31181
   0.86023  0.00913  0.32799
   0.86676  0.01036  0.34646
   0.87316  0.01151  0.36060
   0.87944  0.01258  0.37688
   0.88561  0.01356  0.38865
   0.89167  0.01445  0.40082
   0.89763  0.01526  0.41152
   0.90349  0.01599  0.42105
   0.90927  0.01663  0.42879
   0.91493  0.01718  0.43833
   0.92047  0.01765  0.44425
   0.92588  0.01803  0.45237
   0.93120  0.01832  0.45597
   0.93644  0.01853  0.45674
   0.94160  0.01868  0.45961
   0.94662  0.01876  0.46658
   0.95140  0.01879  0.48183
   0.95595  0.01872  0.49150
   0.96030  0.01853  0.49654
   0.96456  0.01820  0.48157
   0.96881  0.01775  0.45404
   0.97308  0.01723  0.42692
   0.97733  0.01672  0.41471
   0.98147  0.01621  0.42779
   0.98549  0.01562  0.43466
   0.98945  0.01488  0.38944
   0.99342  0.01406  0.32474
   0.99738  0.01325  0.29934
   1.00000  0.01271  0.25410
