GRUMMAN K-2 AIRFOIL                             
 Alfa =  -1.28830 Re =        0.000 Xflap,Yflap =     0.000000    0.000000
#    x        y        Cp  
   1.00000  0.01371  0.25221
   0.99739  0.01444  0.09670
   0.99327  0.01550  0.06269
   0.98886  0.01658  0.04429
   0.98418  0.01773  0.00259
   0.97923  0.01891 -0.02695
   0.97401  0.02013 -0.05699
   0.96856  0.02137 -0.08486
   0.96293  0.02261 -0.11268
   0.95713  0.02384 -0.13575
   0.95115  0.02505 -0.15447
   0.94501  0.02623 -0.16968
   0.93873  0.02739 -0.18329
   0.93231  0.02852 -0.19428
   0.92575  0.02962 -0.20163
   0.91905  0.03069 -0.20734
   0.91224  0.03174 -0.21457
   0.90536  0.03277 -0.22322
   0.89842  0.03376 -0.23069
   0.89145  0.03472 -0.23851
   0.88446  0.03564 -0.24387
   0.87741  0.03652 -0.24793
   0.87030  0.03736 -0.24844
   0.86310  0.03817 -0.24839
   0.85580  0.03897 -0.24798
   0.84840  0.03974 -0.24717
   0.84093  0.04049 -0.24727
   0.83341  0.04123 -0.24772
   0.82588  0.04195 -0.25231
   0.81837  0.04265 -0.25826
   0.81087  0.04332 -0.26084
   0.80338  0.04396 -0.26411
   0.79590  0.04457 -0.26661
   0.78841  0.04515 -0.26763
   0.78092  0.04570 -0.26919
   0.77342  0.04622 -0.26888
   0.76591  0.04671 -0.26891
   0.75838  0.04717 -0.26772
   0.75082  0.04761 -0.26644
   0.74324  0.04802 -0.26256
   0.73562  0.04841 -0.26124
   0.72798  0.04878 -0.25791
   0.72030  0.04913 -0.25572
   0.71260  0.04946 -0.25289
   0.70486  0.04978 -0.25029
   0.69710  0.05008 -0.24756
   0.68932  0.05037 -0.24534
   0.68152  0.05064 -0.24302
   0.67370  0.05090 -0.24205
   0.66588  0.05114 -0.23926
   0.65804  0.05138 -0.23815
   0.65020  0.05160 -0.23635
   0.64235  0.05180 -0.23471
   0.63449  0.05200 -0.23383
   0.62662  0.05218 -0.23156
   0.61875  0.05235 -0.23041
   0.61086  0.05251 -0.22879
   0.60297  0.05266 -0.22697
   0.59508  0.05280 -0.22630
   0.58718  0.05293 -0.22540
   0.57928  0.05305 -0.22400
   0.57138  0.05316 -0.22287
   0.56347  0.05325 -0.22198
   0.55556  0.05334 -0.22141
   0.54765  0.05342 -0.22007
   0.53974  0.05348 -0.21896
   0.53183  0.05354 -0.21809
   0.52391  0.05358 -0.21778
   0.51600  0.05362 -0.21624
   0.50808  0.05365 -0.21602
   0.50017  0.05366 -0.21498
   0.49225  0.05367 -0.21387
   0.48434  0.05366 -0.21380
   0.47642  0.05365 -0.21290
   0.46852  0.05363 -0.21241
   0.46062  0.05360 -0.21132
   0.45272  0.05355 -0.21183
   0.44483  0.05350 -0.21011
   0.43695  0.05344 -0.20967
   0.42908  0.05336 -0.20880
   0.42122  0.05328 -0.20893
   0.41340  0.05319 -0.20815
   0.40562  0.05309 -0.20922
   0.39791  0.05299 -0.20891
   0.39026  0.05286 -0.20919
   0.38268  0.05273 -0.20672
   0.37518  0.05259 -0.20319
   0.36779  0.05245 -0.20417
   0.36056  0.05233 -0.21206
   0.35355  0.05219 -0.22373
   0.34675  0.05202 -0.23049
   0.34015  0.05179 -0.21559
   0.33367  0.05152 -0.18731
   0.32729  0.05126 -0.16197
   0.32094  0.05107 -0.15492
   0.31459  0.05095 -0.17793
   0.30818  0.05086 -0.20824
   0.30168  0.05074 -0.22983
   0.29501  0.05055 -0.22594
   0.28812  0.05029 -0.21251
   0.28102  0.05002 -0.20312
   0.27376  0.04974 -0.20501
   0.26640  0.04946 -0.20782
   0.25896  0.04915 -0.20871
   0.25145  0.04883 -0.20847
   0.24388  0.04848 -0.20814
   0.23629  0.04812 -0.20880
   0.22868  0.04775 -0.20942
   0.22107  0.04735 -0.21044
   0.21346  0.04694 -0.21081
   0.20588  0.04651 -0.21194
   0.19832  0.04606 -0.21269
   0.19079  0.04559 -0.21408
   0.18331  0.04510 -0.21608
   0.17587  0.04459 -0.21566
   0.16848  0.04405 -0.21847
   0.16116  0.04350 -0.21875
   0.15392  0.04292 -0.21963
   0.14676  0.04231 -0.22226
   0.13969  0.04168 -0.22121
   0.13274  0.04103 -0.22327
   0.12592  0.04036 -0.22290
   0.11925  0.03966 -0.22349
   0.11274  0.03895 -0.22297
   0.10643  0.03821 -0.22270
   0.10032  0.03747 -0.22324
   0.09446  0.03673 -0.22260
   0.08886  0.03598 -0.22452
   0.08353  0.03523 -0.22493
   0.07849  0.03450 -0.22770
   0.07373  0.03377 -0.23263
   0.06927  0.03305 -0.23403
   0.06509  0.03235 -0.24595
   0.06115  0.03165 -0.25038
   0.05745  0.03095 -0.25729
   0.05396  0.03023 -0.26100
   0.05068  0.02952 -0.25608
   0.04758  0.02879 -0.24762
   0.04465  0.02805 -0.23670
   0.04187  0.02732 -0.22468
   0.03925  0.02659 -0.20998
   0.03676  0.02587 -0.20074
   0.03441  0.02515 -0.18579
   0.03218  0.02442 -0.15827
   0.03006  0.02371 -0.13021
   0.02804  0.02301 -0.10706
   0.02612  0.02234 -0.09891
   0.02429  0.02168 -0.09720
   0.02256  0.02105 -0.09353
   0.02092  0.02042 -0.09171
   0.01936  0.01979 -0.08403
   0.01788  0.01916 -0.06870
   0.01648  0.01853 -0.04705
   0.01513  0.01790 -0.02114
   0.01385  0.01728  0.00195
   0.01262  0.01665  0.02658
   0.01145  0.01603  0.04189
   0.01032  0.01542  0.06237
   0.00925  0.01480  0.08766
   0.00822  0.01418  0.10376
   0.00724  0.01356  0.13129
   0.00631  0.01293  0.14985
   0.00542  0.01229  0.17278
   0.00458  0.01164  0.20445
   0.00379  0.01098  0.22647
   0.00305  0.01029  0.25995
   0.00239  0.00956  0.30501
   0.00182  0.00878  0.44517
   0.00133  0.00797  0.51160
   0.00094  0.00712  0.65135
   0.00065  0.00624  0.76368
   0.00044  0.00536  0.85250
   0.00028  0.00447  0.91067
   0.00016  0.00358  0.95303
   0.00008  0.00270  0.97823
   0.00003  0.00182  0.99370
   0.00000  0.00095  0.99982
  -0.00000  0.00009  0.99776
   0.00003 -0.00076  0.98922
   0.00006 -0.00163  0.97083
   0.00015 -0.00249  0.95444
   0.00023 -0.00336  0.92176
   0.00032 -0.00424  0.88179
   0.00047 -0.00512  0.84016
   0.00063 -0.00601  0.78547
   0.00082 -0.00691  0.72219
   0.00104 -0.00781  0.64974
   0.00129 -0.00871  0.55834
   0.00157 -0.00961  0.45611
   0.00190 -0.01051  0.33928
   0.00227 -0.01140  0.18663
   0.00270 -0.01228  0.05786
   0.00318 -0.01315 -0.15130
   0.00373 -0.01400 -0.38209
   0.00438 -0.01479 -0.45494
   0.00511 -0.01554 -0.52312
   0.00590 -0.01626 -0.54991
   0.00676 -0.01694 -0.56959
   0.00768 -0.01760 -0.58147
   0.00865 -0.01823 -0.58590
   0.00967 -0.01885 -0.59171
   0.01075 -0.01945 -0.57658
   0.01188 -0.02004 -0.58142
   0.01307 -0.02061 -0.56836
   0.01432 -0.02118 -0.56211
   0.01563 -0.02174 -0.55326
   0.01700 -0.02229 -0.53568
   0.01845 -0.02284 -0.52626
   0.01996 -0.02339 -0.51611
   0.02156 -0.02394 -0.50425
   0.02324 -0.02449 -0.49099
   0.02502 -0.02504 -0.48006
   0.02690 -0.02561 -0.47114
   0.02888 -0.02618 -0.46018
   0.03099 -0.02676 -0.45156
   0.03324 -0.02735 -0.44493
   0.03563 -0.02795 -0.43528
   0.03818 -0.02857 -0.42693
   0.04090 -0.02920 -0.41771
   0.04382 -0.02985 -0.40896
   0.04694 -0.03052 -0.40150
   0.05029 -0.03121 -0.39884
   0.05388 -0.03192 -0.39241
   0.05772 -0.03265 -0.38968
   0.06181 -0.03340 -0.38509
   0.06618 -0.03416 -0.38111
   0.07081 -0.03493 -0.37784
   0.07572 -0.03571 -0.37432
   0.08090 -0.03650 -0.37120
   0.08636 -0.03729 -0.36852
   0.09206 -0.03808 -0.36500
   0.09799 -0.03886 -0.36165
   0.10414 -0.03963 -0.36126
   0.11047 -0.04039 -0.35905
   0.11696 -0.04113 -0.35859
   0.12360 -0.04184 -0.35752
   0.13035 -0.04253 -0.35619
   0.13721 -0.04318 -0.35427
   0.14417 -0.04381 -0.35191
   0.15121 -0.04440 -0.34886
   0.15834 -0.04497 -0.34616
   0.16553 -0.04550 -0.34329
   0.17278 -0.04600 -0.34023
   0.18008 -0.04648 -0.33711
   0.18742 -0.04692 -0.33558
   0.19479 -0.04734 -0.33276
   0.20219 -0.04773 -0.33067
   0.20962 -0.04809 -0.32687
   0.21707 -0.04842 -0.32501
   0.22456 -0.04873 -0.32105
   0.23208 -0.04901 -0.31752
   0.23964 -0.04926 -0.31384
   0.24721 -0.04950 -0.31187
   0.25481 -0.04971 -0.30918
   0.26241 -0.04990 -0.30651
   0.27004 -0.05006 -0.30353
   0.27768 -0.05021 -0.30118
   0.28534 -0.05033 -0.29796
   0.29302 -0.05043 -0.29567
   0.30071 -0.05052 -0.29339
   0.30841 -0.05058 -0.29143
   0.31611 -0.05063 -0.28975
   0.32382 -0.05066 -0.28757
   0.33154 -0.05066 -0.28517
   0.33927 -0.05065 -0.28419
   0.34699 -0.05062 -0.28160
   0.35472 -0.05057 -0.28028
   0.36246 -0.05051 -0.27862
   0.37019 -0.05042 -0.27710
   0.37793 -0.05031 -0.27466
   0.38566 -0.05019 -0.27380
   0.39339 -0.05004 -0.27185
   0.40111 -0.04988 -0.27031
   0.40883 -0.04970 -0.26862
   0.41655 -0.04951 -0.26773
   0.42426 -0.04929 -0.26629
   0.43196 -0.04905 -0.26529
   0.43965 -0.04880 -0.26377
   0.44733 -0.04852 -0.26271
   0.45499 -0.04823 -0.26153
   0.46265 -0.04791 -0.25980
   0.47029 -0.04757 -0.25890
   0.47793 -0.04721 -0.25704
   0.48555 -0.04683 -0.25541
   0.49315 -0.04642 -0.25375
   0.50075 -0.04600 -0.25219
   0.50833 -0.04555 -0.24959
   0.51589 -0.04507 -0.24798
   0.52345 -0.04458 -0.24516
   0.53099 -0.04405 -0.24323
   0.53851 -0.04351 -0.24013
   0.54603 -0.04293 -0.23766
   0.55353 -0.04234 -0.23499
   0.56101 -0.04171 -0.23083
   0.56848 -0.04106 -0.22788
   0.57593 -0.04038 -0.22385
   0.58337 -0.03967 -0.21993
   0.59078 -0.03894 -0.21591
   0.59818 -0.03818 -0.21100
   0.60556 -0.03738 -0.20639
   0.61292 -0.03656 -0.20118
   0.62026 -0.03571 -0.19523
   0.62759 -0.03483 -0.18931
   0.63490 -0.03391 -0.18173
   0.64220 -0.03296 -0.17572
   0.64948 -0.03198 -0.16756
   0.65674 -0.03097 -0.15954
   0.66400 -0.02992 -0.15027
   0.67125 -0.02883 -0.14075
   0.67849 -0.02772 -0.13106
   0.68572 -0.02656 -0.11983
   0.69295 -0.02537 -0.10906
   0.70018 -0.02415 -0.09604
   0.70741 -0.02288 -0.08375
   0.71464 -0.02159 -0.07039
   0.72188 -0.02025 -0.05543
   0.72912 -0.01888 -0.04139
   0.73638 -0.01747 -0.02446
   0.74365 -0.01602 -0.00879
   0.75094 -0.01453  0.00984
   0.75826 -0.01301  0.02779
   0.76560 -0.01146  0.04744
   0.77297 -0.00987  0.06707
   0.78039 -0.00825  0.08861
   0.78785 -0.00659  0.10973
   0.79535 -0.00492  0.13288
   0.80287 -0.00323  0.15573
   0.81037 -0.00154  0.17803
   0.81778  0.00013  0.20321
   0.82509  0.00176  0.22635
   0.83227  0.00334  0.24786
   0.83932  0.00486  0.26859
   0.84624  0.00632  0.28900
   0.85304  0.00771  0.30740
   0.85972  0.00903  0.32632
   0.86628  0.01027  0.34251
   0.87271  0.01143  0.35856
   0.87902  0.01251  0.37358
   0.88521  0.01350  0.38630
   0.89129  0.01440  0.39909
   0.89727  0.01522  0.40887
   0.90316  0.01595  0.41937
   0.90895  0.01659  0.42821
   0.91464  0.01715  0.43558
   0.92020  0.01763  0.44397
   0.92564  0.01802  0.44977
   0.93097  0.01831  0.45436
   0.93623  0.01853  0.45748
   0.94141  0.01867  0.45699
   0.94645  0.01876  0.46723
   0.95125  0.01879  0.47889
   0.95581  0.01873  0.49152
   0.96019  0.01854  0.49562
   0.96446  0.01821  0.48057
   0.96872  0.01776  0.45437
   0.97300  0.01724  0.42583
   0.97726  0.01672  0.41552
   0.98142  0.01621  0.42812
   0.98545  0.01563  0.43245
   0.98942  0.01489  0.38726
   0.99340  0.01406  0.32680
   0.99738  0.01325  0.29812
   1.00000  0.01271  0.25221
