GRUMMAN K-2 AIRFOIL                             
 Alfa =  -1.32900 Re =        0.000 Xflap,Yflap =     0.000000    0.000000
#    x        y        Cp  
   1.00000  0.01371  0.25423
   0.99740  0.01444  0.09928
   0.99329  0.01549  0.06155
   0.98889  0.01657  0.04627
   0.98423  0.01772  0.00597
   0.97929  0.01890 -0.02896
   0.97409  0.02011 -0.05491
   0.96867  0.02135 -0.08524
   0.96305  0.02259 -0.11174
   0.95727  0.02381 -0.13336
   0.95131  0.02502 -0.15423
   0.94520  0.02620 -0.16928
   0.93893  0.02735 -0.18231
   0.93253  0.02848 -0.19350
   0.92600  0.02957 -0.20066
   0.91932  0.03065 -0.20667
   0.91254  0.03170 -0.21361
   0.90568  0.03272 -0.22219
   0.89876  0.03372 -0.22961
   0.89181  0.03467 -0.23767
   0.88484  0.03559 -0.24360
   0.87782  0.03647 -0.24623
   0.87073  0.03731 -0.24732
   0.86355  0.03812 -0.24841
   0.85628  0.03891 -0.24717
   0.84891  0.03968 -0.24625
   0.84146  0.04044 -0.24620
   0.83396  0.04117 -0.24609
   0.82645  0.04190 -0.25180
   0.81896  0.04260 -0.25667
   0.81149  0.04327 -0.26022
   0.80402  0.04391 -0.26273
   0.79655  0.04452 -0.26512
   0.78909  0.04510 -0.26732
   0.78162  0.04565 -0.26798
   0.77414  0.04617 -0.26751
   0.76665  0.04666 -0.26785
   0.75914  0.04713 -0.26662
   0.75161  0.04756 -0.26478
   0.74405  0.04798 -0.26305
   0.73646  0.04837 -0.26008
   0.72884  0.04874 -0.25765
   0.72118  0.04909 -0.25475
   0.71350  0.04943 -0.25140
   0.70580  0.04974 -0.24958
   0.69806  0.05004 -0.24657
   0.69030  0.05033 -0.24446
   0.68252  0.05060 -0.24239
   0.67473  0.05086 -0.24055
   0.66693  0.05111 -0.23834
   0.65911  0.05135 -0.23709
   0.65129  0.05157 -0.23555
   0.64347  0.05178 -0.23350
   0.63563  0.05197 -0.23237
   0.62779  0.05216 -0.23083
   0.61994  0.05233 -0.22873
   0.61208  0.05249 -0.22821
   0.60421  0.05264 -0.22566
   0.59633  0.05278 -0.22480
   0.58846  0.05291 -0.22356
   0.58058  0.05303 -0.22290
   0.57270  0.05314 -0.22165
   0.56482  0.05324 -0.22072
   0.55693  0.05333 -0.21961
   0.54904  0.05340 -0.21892
   0.54115  0.05347 -0.21746
   0.53326  0.05353 -0.21709
   0.52537  0.05358 -0.21571
   0.51748  0.05361 -0.21476
   0.50958  0.05364 -0.21444
   0.50169  0.05366 -0.21280
   0.49380  0.05367 -0.21312
   0.48590  0.05367 -0.21142
   0.47801  0.05366 -0.21173
   0.47012  0.05363 -0.21068
   0.46224  0.05360 -0.20989
   0.45437  0.05356 -0.20923
   0.44650  0.05351 -0.20866
   0.43864  0.05345 -0.20752
   0.43079  0.05338 -0.20723
   0.42295  0.05330 -0.20688
   0.41514  0.05321 -0.20646
   0.40737  0.05312 -0.20704
   0.39966  0.05301 -0.20636
   0.39202  0.05289 -0.20753
   0.38445  0.05276 -0.20453
   0.37694  0.05262 -0.20186
   0.36954  0.05249 -0.20081
   0.36229  0.05236 -0.20786
   0.35524  0.05223 -0.21859
   0.34842  0.05207 -0.22772
   0.34179  0.05185 -0.21890
   0.33530  0.05159 -0.19199
   0.32892  0.05132 -0.16533
   0.32258  0.05111 -0.15159
   0.31625  0.05098 -0.16781
   0.30988  0.05089 -0.19695
   0.30343  0.05078 -0.22405
   0.29682  0.05061 -0.22627
   0.29002  0.05037 -0.21379
   0.28299  0.05009 -0.20192
   0.27579  0.04982 -0.20053
   0.26847  0.04954 -0.20447
   0.26108  0.04924 -0.20628
   0.25361  0.04892 -0.20504
   0.24607  0.04858 -0.20495
   0.23850  0.04823 -0.20581
   0.23092  0.04786 -0.20609
   0.22333  0.04747 -0.20674
   0.21574  0.04707 -0.20710
   0.20817  0.04664 -0.20872
   0.20063  0.04620 -0.20903
   0.19311  0.04574 -0.20964
   0.18563  0.04526 -0.21256
   0.17820  0.04475 -0.21207
   0.17081  0.04423 -0.21312
   0.16349  0.04368 -0.21525
   0.15624  0.04311 -0.21506
   0.14907  0.04251 -0.21721
   0.14200  0.04189 -0.21757
   0.13503  0.04125 -0.21827
   0.12818  0.04059 -0.21872
   0.12147  0.03990 -0.21866
   0.11493  0.03919 -0.21835
   0.10856  0.03847 -0.21805
   0.10240  0.03773 -0.21725
   0.09647  0.03699 -0.21782
   0.09078  0.03624 -0.21911
   0.08537  0.03550 -0.21735
   0.08024  0.03476 -0.22210
   0.07540  0.03403 -0.22337
   0.07085  0.03331 -0.22661
   0.06658  0.03261 -0.23860
   0.06257  0.03190 -0.23882
   0.05879  0.03120 -0.24923
   0.05523  0.03050 -0.25278
   0.05189  0.02978 -0.25032
   0.04873  0.02906 -0.24364
   0.04574  0.02833 -0.23224
   0.04291  0.02760 -0.22243
   0.04024  0.02687 -0.20711
   0.03771  0.02615 -0.19456
   0.03531  0.02543 -0.18603
   0.03305  0.02471 -0.16101
   0.03089  0.02399 -0.13079
   0.02884  0.02329 -0.10687
   0.02688  0.02260 -0.09083
   0.02502  0.02195 -0.08817
   0.02326  0.02131 -0.08558
   0.02159  0.02067 -0.08344
   0.02000  0.02005 -0.07664
   0.01849  0.01942 -0.06518
   0.01706  0.01880 -0.04652
   0.01569  0.01817 -0.01965
   0.01439  0.01754  0.00310
   0.01314  0.01692  0.02690
   0.01194  0.01630  0.04790
   0.01080  0.01568  0.06774
   0.00971  0.01507  0.08662
   0.00867  0.01445  0.11214
   0.00767  0.01383  0.13013
   0.00672  0.01321  0.15489
   0.00581  0.01258  0.17568
   0.00495  0.01194  0.20675
   0.00414  0.01128  0.23085
   0.00338  0.01061  0.25953
   0.00268  0.00990  0.29379
   0.00207  0.00914  0.40043
   0.00154  0.00835  0.48765
   0.00111  0.00752  0.60112
   0.00078  0.00665  0.72494
   0.00053  0.00577  0.82313
   0.00035  0.00489  0.89293
   0.00022  0.00400  0.93905
   0.00012  0.00312  0.97151
   0.00005  0.00224  0.98962
   0.00001  0.00137  0.99860
  -0.00000  0.00051  0.99927
   0.00001 -0.00034  0.99274
   0.00004 -0.00120  0.97880
   0.00010 -0.00206  0.95695
   0.00020 -0.00292  0.94023
   0.00027 -0.00380  0.89212
   0.00039 -0.00468  0.85764
   0.00054 -0.00556  0.80686
   0.00072 -0.00645  0.74547
   0.00092 -0.00735  0.67782
   0.00115 -0.00824  0.59862
   0.00142 -0.00914  0.49813
   0.00173 -0.01004  0.38695
   0.00207 -0.01094  0.26075
   0.00247 -0.01182  0.08254
   0.00292 -0.01269  0.00130
   0.00342 -0.01356 -0.35129
   0.00402 -0.01437 -0.41262
   0.00470 -0.01514 -0.52164
   0.00546 -0.01587 -0.55563
   0.00629 -0.01657 -0.58389
   0.00717 -0.01724 -0.59376
   0.00811 -0.01789 -0.60805
   0.00910 -0.01851 -0.60497
   0.01015 -0.01912 -0.59956
   0.01125 -0.01971 -0.59825
   0.01240 -0.02029 -0.58941
   0.01361 -0.02086 -0.58217
   0.01488 -0.02142 -0.57343
   0.01621 -0.02198 -0.55749
   0.01761 -0.02253 -0.54846
   0.01908 -0.02307 -0.53159
   0.02063 -0.02362 -0.52555
   0.02226 -0.02417 -0.51168
   0.02397 -0.02472 -0.49557
   0.02579 -0.02528 -0.48734
   0.02770 -0.02584 -0.47607
   0.02973 -0.02641 -0.46745
   0.03189 -0.02700 -0.45893
   0.03419 -0.02759 -0.45177
   0.03663 -0.02820 -0.44029
   0.03924 -0.02882 -0.43303
   0.04203 -0.02945 -0.42154
   0.04502 -0.03011 -0.41423
   0.04822 -0.03078 -0.40780
   0.05165 -0.03148 -0.40387
   0.05533 -0.03220 -0.39886
   0.05925 -0.03293 -0.39523
   0.06344 -0.03368 -0.38993
   0.06789 -0.03445 -0.38736
   0.07262 -0.03522 -0.38206
   0.07761 -0.03600 -0.38012
   0.08288 -0.03679 -0.37631
   0.08842 -0.03758 -0.37261
   0.09419 -0.03836 -0.36915
   0.10019 -0.03914 -0.36673
   0.10638 -0.03991 -0.36551
   0.11276 -0.04065 -0.36421
   0.11929 -0.04138 -0.36311
   0.12594 -0.04208 -0.36145
   0.13272 -0.04276 -0.36009
   0.13959 -0.04340 -0.35836
   0.14656 -0.04401 -0.35498
   0.15362 -0.04460 -0.35299
   0.16075 -0.04515 -0.34881
   0.16794 -0.04567 -0.34629
   0.17519 -0.04616 -0.34268
   0.18248 -0.04663 -0.34044
   0.18981 -0.04706 -0.33802
   0.19717 -0.04747 -0.33640
   0.20456 -0.04785 -0.33200
   0.21197 -0.04820 -0.33092
   0.21942 -0.04852 -0.32659
   0.22690 -0.04882 -0.32380
   0.23441 -0.04909 -0.31887
   0.24195 -0.04934 -0.31656
   0.24951 -0.04956 -0.31433
   0.25708 -0.04977 -0.31089
   0.26468 -0.04995 -0.30942
   0.27229 -0.05011 -0.30499
   0.27991 -0.05024 -0.30339
   0.28756 -0.05036 -0.29982
   0.29522 -0.05046 -0.29772
   0.30289 -0.05054 -0.29571
   0.31057 -0.05060 -0.29346
   0.31825 -0.05064 -0.29114
   0.32595 -0.05066 -0.28941
   0.33364 -0.05066 -0.28778
   0.34135 -0.05065 -0.28583
   0.34906 -0.05061 -0.28402
   0.35677 -0.05056 -0.28209
   0.36448 -0.05048 -0.28033
   0.37219 -0.05039 -0.27870
   0.37990 -0.05028 -0.27656
   0.38761 -0.05015 -0.27516
   0.39532 -0.05001 -0.27373
   0.40302 -0.04984 -0.27229
   0.41072 -0.04966 -0.27014
   0.41842 -0.04945 -0.26945
   0.42610 -0.04923 -0.26801
   0.43378 -0.04899 -0.26721
   0.44144 -0.04873 -0.26503
   0.44910 -0.04845 -0.26439
   0.45674 -0.04815 -0.26280
   0.46437 -0.04783 -0.26202
   0.47199 -0.04749 -0.26027
   0.47960 -0.04713 -0.25835
   0.48720 -0.04674 -0.25699
   0.49478 -0.04634 -0.25521
   0.50235 -0.04590 -0.25277
   0.50991 -0.04545 -0.25148
   0.51745 -0.04497 -0.24882
   0.52498 -0.04447 -0.24633
   0.53250 -0.04395 -0.24417
   0.54000 -0.04340 -0.24154
   0.54749 -0.04282 -0.23866
   0.55497 -0.04222 -0.23548
   0.56243 -0.04159 -0.23178
   0.56987 -0.04093 -0.22840
   0.57730 -0.04025 -0.22467
   0.58471 -0.03954 -0.22048
   0.59210 -0.03881 -0.21625
   0.59948 -0.03804 -0.21177
   0.60683 -0.03724 -0.20714
   0.61417 -0.03642 -0.20085
   0.62149 -0.03556 -0.19609
   0.62879 -0.03468 -0.18878
   0.63608 -0.03376 -0.18305
   0.64335 -0.03281 -0.17487
   0.65061 -0.03183 -0.16772
   0.65786 -0.03081 -0.15912
   0.66510 -0.02976 -0.15018
   0.67232 -0.02867 -0.14035
   0.67954 -0.02755 -0.13020
   0.68676 -0.02640 -0.11962
   0.69397 -0.02520 -0.10836
   0.70117 -0.02398 -0.09556
   0.70838 -0.02271 -0.08279
   0.71559 -0.02141 -0.06924
   0.72281 -0.02007 -0.05485
   0.73004 -0.01870 -0.04006
   0.73728 -0.01729 -0.02390
   0.74453 -0.01584 -0.00628
   0.75180 -0.01436  0.01007
   0.75910 -0.01284  0.03011
   0.76642 -0.01128  0.04825
   0.77378 -0.00969  0.07008
   0.78118 -0.00807  0.08896
   0.78863 -0.00642  0.11248
   0.79611 -0.00475  0.13338
   0.80361 -0.00306  0.15783
   0.81108 -0.00138  0.18079
   0.81847  0.00029  0.20381
   0.82574  0.00191  0.22762
   0.83289  0.00348  0.24966
   0.83991  0.00499  0.27022
   0.84680  0.00644  0.28994
   0.85358  0.00782  0.30939
   0.86023  0.00913  0.32571
   0.86676  0.01036  0.34433
   0.87316  0.01151  0.35847
   0.87944  0.01258  0.37495
   0.88561  0.01356  0.38680
   0.89167  0.01445  0.39904
   0.89763  0.01526  0.40986
   0.90349  0.01599  0.41941
   0.90927  0.01663  0.42725
   0.91493  0.01718  0.43692
   0.92047  0.01765  0.44278
   0.92588  0.01803  0.45108
   0.93120  0.01832  0.45468
   0.93644  0.01853  0.45553
   0.94160  0.01868  0.45846
   0.94662  0.01876  0.46540
   0.95140  0.01879  0.48082
   0.95595  0.01872  0.49049
   0.96030  0.01853  0.49559
   0.96456  0.01820  0.48069
   0.96881  0.01775  0.45310
   0.97308  0.01723  0.42602
   0.97733  0.01672  0.41383
   0.98147  0.01621  0.42704
   0.98549  0.01562  0.43400
   0.98945  0.01488  0.38876
   0.99342  0.01406  0.32406
   0.99738  0.01325  0.29880
   1.00000  0.01271  0.25423
