GRUMMAN K-2 AIRFOIL                             
 Alfa =  -1.32990 Re =        0.000 Xflap,Yflap =     0.000000    0.000000
#    x        y        Cp  
   1.00000  0.01371  0.25218
   0.99739  0.01444  0.09676
   0.99327  0.01550  0.06277
   0.98886  0.01658  0.04442
   0.98418  0.01773  0.00276
   0.97923  0.01891 -0.02676
   0.97401  0.02013 -0.05678
   0.96856  0.02137 -0.08459
   0.96293  0.02261 -0.11240
   0.95713  0.02384 -0.13541
   0.95115  0.02505 -0.15412
   0.94501  0.02623 -0.16931
   0.93873  0.02739 -0.18288
   0.93231  0.02852 -0.19383
   0.92575  0.02962 -0.20117
   0.91905  0.03069 -0.20685
   0.91224  0.03174 -0.21405
   0.90536  0.03277 -0.22267
   0.89842  0.03376 -0.23011
   0.89145  0.03472 -0.23792
   0.88446  0.03564 -0.24324
   0.87741  0.03652 -0.24728
   0.87030  0.03736 -0.24776
   0.86310  0.03817 -0.24768
   0.85580  0.03897 -0.24726
   0.84840  0.03974 -0.24643
   0.84093  0.04049 -0.24651
   0.83341  0.04123 -0.24693
   0.82588  0.04195 -0.25149
   0.81837  0.04265 -0.25743
   0.81087  0.04332 -0.25998
   0.80338  0.04396 -0.26322
   0.79590  0.04457 -0.26570
   0.78841  0.04515 -0.26670
   0.78092  0.04570 -0.26823
   0.77342  0.04622 -0.26791
   0.76591  0.04671 -0.26791
   0.75838  0.04717 -0.26670
   0.75082  0.04761 -0.26540
   0.74324  0.04802 -0.26150
   0.73562  0.04841 -0.26017
   0.72798  0.04878 -0.25681
   0.72030  0.04913 -0.25460
   0.71260  0.04946 -0.25176
   0.70486  0.04978 -0.24914
   0.69710  0.05008 -0.24638
   0.68932  0.05037 -0.24415
   0.68152  0.05064 -0.24180
   0.67370  0.05090 -0.24082
   0.66588  0.05114 -0.23800
   0.65804  0.05138 -0.23687
   0.65020  0.05160 -0.23505
   0.64235  0.05180 -0.23339
   0.63449  0.05200 -0.23249
   0.62662  0.05218 -0.23020
   0.61875  0.05235 -0.22903
   0.61086  0.05251 -0.22739
   0.60297  0.05266 -0.22554
   0.59508  0.05280 -0.22485
   0.58718  0.05293 -0.22392
   0.57928  0.05305 -0.22251
   0.57138  0.05316 -0.22135
   0.56347  0.05325 -0.22043
   0.55556  0.05334 -0.21985
   0.54765  0.05342 -0.21847
   0.53974  0.05348 -0.21734
   0.53183  0.05354 -0.21645
   0.52391  0.05358 -0.21611
   0.51600  0.05362 -0.21454
   0.50808  0.05365 -0.21430
   0.50017  0.05366 -0.21324
   0.49225  0.05367 -0.21210
   0.48434  0.05366 -0.21201
   0.47642  0.05365 -0.21107
   0.46852  0.05363 -0.21055
   0.46062  0.05360 -0.20944
   0.45272  0.05355 -0.20992
   0.44483  0.05350 -0.20817
   0.43695  0.05344 -0.20770
   0.42908  0.05336 -0.20680
   0.42122  0.05328 -0.20689
   0.41340  0.05319 -0.20609
   0.40562  0.05309 -0.20711
   0.39791  0.05299 -0.20678
   0.39026  0.05286 -0.20702
   0.38268  0.05273 -0.20452
   0.37518  0.05259 -0.20096
   0.36779  0.05245 -0.20191
   0.36056  0.05233 -0.20975
   0.35355  0.05219 -0.22136
   0.34675  0.05202 -0.22807
   0.34015  0.05179 -0.21317
   0.33367  0.05152 -0.18490
   0.32729  0.05126 -0.15958
   0.32094  0.05107 -0.15251
   0.31459  0.05095 -0.17544
   0.30818  0.05086 -0.20565
   0.30168  0.05074 -0.22715
   0.29501  0.05055 -0.22323
   0.28812  0.05029 -0.20978
   0.28102  0.05002 -0.20036
   0.27376  0.04974 -0.20220
   0.26640  0.04946 -0.20496
   0.25896  0.04915 -0.20579
   0.25145  0.04883 -0.20549
   0.24388  0.04848 -0.20510
   0.23629  0.04812 -0.20569
   0.22868  0.04775 -0.20625
   0.22107  0.04735 -0.20720
   0.21346  0.04694 -0.20749
   0.20588  0.04651 -0.20854
   0.19832  0.04606 -0.20921
   0.19079  0.04559 -0.21052
   0.18331  0.04510 -0.21242
   0.17587  0.04459 -0.21191
   0.16848  0.04405 -0.21462
   0.16116  0.04350 -0.21480
   0.15392  0.04292 -0.21556
   0.14676  0.04231 -0.21807
   0.13969  0.04168 -0.21690
   0.13274  0.04103 -0.21883
   0.12592  0.04036 -0.21832
   0.11925  0.03966 -0.21877
   0.11274  0.03895 -0.21811
   0.10643  0.03821 -0.21768
   0.10032  0.03747 -0.21806
   0.09446  0.03673 -0.21724
   0.08886  0.03598 -0.21897
   0.08353  0.03523 -0.21919
   0.07849  0.03450 -0.22176
   0.07373  0.03377 -0.22646
   0.06927  0.03305 -0.22766
   0.06509  0.03235 -0.23929
   0.06115  0.03165 -0.24348
   0.05745  0.03095 -0.25011
   0.05396  0.03023 -0.25356
   0.05068  0.02952 -0.24842
   0.04758  0.02879 -0.23977
   0.04465  0.02805 -0.22865
   0.04187  0.02732 -0.21644
   0.03925  0.02659 -0.20156
   0.03676  0.02587 -0.19209
   0.03441  0.02515 -0.17696
   0.03218  0.02442 -0.14935
   0.03006  0.02371 -0.12120
   0.02804  0.02301 -0.09792
   0.02612  0.02234 -0.08952
   0.02429  0.02168 -0.08750
   0.02256  0.02105 -0.08350
   0.02092  0.02042 -0.08132
   0.01936  0.01979 -0.07332
   0.01788  0.01916 -0.05772
   0.01648  0.01853 -0.03588
   0.01513  0.01790 -0.00978
   0.01385  0.01728  0.01351
   0.01262  0.01665  0.03837
   0.01145  0.01603  0.05400
   0.01032  0.01542  0.07480
   0.00925  0.01480  0.10038
   0.00822  0.01418  0.11688
   0.00724  0.01356  0.14476
   0.00631  0.01293  0.16382
   0.00542  0.01229  0.18726
   0.00458  0.01164  0.21939
   0.00379  0.01098  0.24215
   0.00305  0.01029  0.27632
   0.00239  0.00956  0.32196
   0.00182  0.00878  0.46036
   0.00133  0.00797  0.52678
   0.00094  0.00712  0.66393
   0.00065  0.00624  0.77375
   0.00044  0.00536  0.86014
   0.00028  0.00447  0.91642
   0.00016  0.00358  0.95708
   0.00008  0.00270  0.98090
   0.00003  0.00182  0.99508
   0.00000  0.00095  0.99998
  -0.00000  0.00009  0.99681
   0.00003 -0.00076  0.98732
   0.00006 -0.00163  0.96760
   0.00015 -0.00249  0.95077
   0.00023 -0.00336  0.91676
   0.00032 -0.00424  0.87556
   0.00047 -0.00512  0.83309
   0.00063 -0.00601  0.77722
   0.00082 -0.00691  0.71278
   0.00104 -0.00781  0.63914
   0.00129 -0.00871  0.54636
   0.00157 -0.00961  0.44267
   0.00190 -0.01051  0.32437
   0.00227 -0.01140  0.16977
   0.00270 -0.01228  0.03984
   0.00318 -0.01315 -0.17175
   0.00373 -0.01400 -0.40489
   0.00438 -0.01479 -0.47733
   0.00511 -0.01554 -0.54514
   0.00590 -0.01626 -0.57107
   0.00676 -0.01694 -0.58988
   0.00768 -0.01760 -0.60090
   0.00865 -0.01823 -0.60453
   0.00967 -0.01885 -0.60953
   0.01075 -0.01945 -0.59357
   0.01188 -0.02004 -0.59773
   0.01307 -0.02061 -0.58396
   0.01432 -0.02118 -0.57708
   0.01563 -0.02174 -0.56760
   0.01700 -0.02229 -0.54940
   0.01845 -0.02284 -0.53943
   0.01996 -0.02339 -0.52877
   0.02156 -0.02394 -0.51641
   0.02324 -0.02449 -0.50266
   0.02502 -0.02504 -0.49128
   0.02690 -0.02561 -0.48195
   0.02888 -0.02618 -0.47059
   0.03099 -0.02676 -0.46160
   0.03324 -0.02735 -0.45461
   0.03563 -0.02795 -0.44461
   0.03818 -0.02857 -0.43592
   0.04090 -0.02920 -0.42637
   0.04382 -0.02985 -0.41730
   0.04694 -0.03052 -0.40954
   0.05029 -0.03121 -0.40661
   0.05388 -0.03192 -0.39990
   0.05772 -0.03265 -0.39691
   0.06181 -0.03340 -0.39206
   0.06618 -0.03416 -0.38784
   0.07081 -0.03493 -0.38434
   0.07572 -0.03571 -0.38059
   0.08090 -0.03650 -0.37725
   0.08636 -0.03729 -0.37436
   0.09206 -0.03808 -0.37065
   0.09799 -0.03886 -0.36710
   0.10414 -0.03963 -0.36654
   0.11047 -0.04039 -0.36416
   0.11696 -0.04113 -0.36354
   0.12360 -0.04184 -0.36233
   0.13035 -0.04253 -0.36085
   0.13721 -0.04318 -0.35880
   0.14417 -0.04381 -0.35630
   0.15121 -0.04440 -0.35313
   0.15834 -0.04497 -0.35031
   0.16553 -0.04550 -0.34733
   0.17278 -0.04600 -0.34417
   0.18008 -0.04648 -0.34093
   0.18742 -0.04692 -0.33931
   0.19479 -0.04734 -0.33640
   0.20219 -0.04773 -0.33422
   0.20962 -0.04809 -0.33033
   0.21707 -0.04842 -0.32839
   0.22456 -0.04873 -0.32435
   0.23208 -0.04901 -0.32074
   0.23964 -0.04926 -0.31699
   0.24721 -0.04950 -0.31495
   0.25481 -0.04971 -0.31220
   0.26241 -0.04990 -0.30946
   0.27004 -0.05006 -0.30642
   0.27768 -0.05021 -0.30401
   0.28534 -0.05033 -0.30073
   0.29302 -0.05043 -0.29839
   0.30071 -0.05052 -0.29605
   0.30841 -0.05058 -0.29403
   0.31611 -0.05063 -0.29231
   0.32382 -0.05066 -0.29008
   0.33154 -0.05066 -0.28764
   0.33927 -0.05065 -0.28661
   0.34699 -0.05062 -0.28397
   0.35472 -0.05057 -0.28261
   0.36246 -0.05051 -0.28091
   0.37019 -0.05042 -0.27934
   0.37793 -0.05031 -0.27686
   0.38566 -0.05019 -0.27597
   0.39339 -0.05004 -0.27398
   0.40111 -0.04988 -0.27240
   0.40883 -0.04970 -0.27067
   0.41655 -0.04951 -0.26975
   0.42426 -0.04929 -0.26828
   0.43196 -0.04905 -0.26724
   0.43965 -0.04880 -0.26569
   0.44733 -0.04852 -0.26459
   0.45499 -0.04823 -0.26338
   0.46265 -0.04791 -0.26162
   0.47029 -0.04757 -0.26069
   0.47793 -0.04721 -0.25879
   0.48555 -0.04683 -0.25714
   0.49315 -0.04642 -0.25545
   0.50075 -0.04600 -0.25386
   0.50833 -0.04555 -0.25124
   0.51589 -0.04507 -0.24959
   0.52345 -0.04458 -0.24674
   0.53099 -0.04405 -0.24479
   0.53851 -0.04351 -0.24165
   0.54603 -0.04293 -0.23916
   0.55353 -0.04234 -0.23646
   0.56101 -0.04171 -0.23227
   0.56848 -0.04106 -0.22930
   0.57593 -0.04038 -0.22524
   0.58337 -0.03967 -0.22129
   0.59078 -0.03894 -0.21725
   0.59818 -0.03818 -0.21231
   0.60556 -0.03738 -0.20767
   0.61292 -0.03656 -0.20244
   0.62026 -0.03571 -0.19646
   0.62759 -0.03483 -0.19051
   0.63490 -0.03391 -0.18289
   0.64220 -0.03296 -0.17687
   0.64948 -0.03198 -0.16869
   0.65674 -0.03097 -0.16064
   0.66400 -0.02992 -0.15133
   0.67125 -0.02883 -0.14179
   0.67849 -0.02772 -0.13207
   0.68572 -0.02656 -0.12081
   0.69295 -0.02537 -0.11002
   0.70018 -0.02415 -0.09697
   0.70741 -0.02288 -0.08465
   0.71464 -0.02159 -0.07126
   0.72188 -0.02025 -0.05627
   0.72912 -0.01888 -0.04221
   0.73638 -0.01747 -0.02524
   0.74365 -0.01602 -0.00955
   0.75094 -0.01453  0.00911
   0.75826 -0.01301  0.02709
   0.76560 -0.01146  0.04678
   0.77297 -0.00987  0.06642
   0.78039 -0.00825  0.08801
   0.78785 -0.00659  0.10914
   0.79535 -0.00492  0.13233
   0.80287 -0.00323  0.15520
   0.81037 -0.00154  0.17754
   0.81778  0.00013  0.20274
   0.82509  0.00176  0.22591
   0.83227  0.00334  0.24744
   0.83932  0.00486  0.26819
   0.84624  0.00632  0.28862
   0.85304  0.00771  0.30705
   0.85972  0.00903  0.32598
   0.86628  0.01027  0.34218
   0.87271  0.01143  0.35826
   0.87902  0.01251  0.37329
   0.88521  0.01350  0.38602
   0.89129  0.01440  0.39883
   0.89727  0.01522  0.40863
   0.90316  0.01595  0.41913
   0.90895  0.01659  0.42799
   0.91464  0.01715  0.43537
   0.92020  0.01763  0.44377
   0.92564  0.01802  0.44957
   0.93097  0.01831  0.45418
   0.93623  0.01853  0.45730
   0.94141  0.01867  0.45681
   0.94645  0.01876  0.46707
   0.95125  0.01879  0.47875
   0.95581  0.01873  0.49137
   0.96019  0.01854  0.49549
   0.96446  0.01821  0.48044
   0.96872  0.01776  0.45424
   0.97300  0.01724  0.42569
   0.97726  0.01672  0.41540
   0.98142  0.01621  0.42800
   0.98545  0.01563  0.43237
   0.98942  0.01489  0.38716
   0.99340  0.01406  0.32671
   0.99738  0.01325  0.29806
   1.00000  0.01271  0.25218
