GRUMMAN K-2 AIRFOIL                             
 Alfa =  -1.31920 Re =        0.000 Xflap,Yflap =     0.000000    0.000000
#    x        y        Cp  
   1.00000  0.01371  0.25219
   0.99739  0.01444  0.09675
   0.99327  0.01550  0.06275
   0.98886  0.01658  0.04439
   0.98418  0.01773  0.00272
   0.97923  0.01891 -0.02681
   0.97401  0.02013 -0.05683
   0.96856  0.02137 -0.08466
   0.96293  0.02261 -0.11247
   0.95713  0.02384 -0.13550
   0.95115  0.02505 -0.15421
   0.94501  0.02623 -0.16941
   0.93873  0.02739 -0.18298
   0.93231  0.02852 -0.19395
   0.92575  0.02962 -0.20129
   0.91905  0.03069 -0.20697
   0.91224  0.03174 -0.21418
   0.90536  0.03277 -0.22281
   0.89842  0.03376 -0.23026
   0.89145  0.03472 -0.23807
   0.88446  0.03564 -0.24340
   0.87741  0.03652 -0.24745
   0.87030  0.03736 -0.24793
   0.86310  0.03817 -0.24787
   0.85580  0.03897 -0.24744
   0.84840  0.03974 -0.24662
   0.84093  0.04049 -0.24671
   0.83341  0.04123 -0.24713
   0.82588  0.04195 -0.25170
   0.81837  0.04265 -0.25764
   0.81087  0.04332 -0.26020
   0.80338  0.04396 -0.26345
   0.79590  0.04457 -0.26594
   0.78841  0.04515 -0.26694
   0.78092  0.04570 -0.26848
   0.77342  0.04622 -0.26816
   0.76591  0.04671 -0.26817
   0.75838  0.04717 -0.26696
   0.75082  0.04761 -0.26567
   0.74324  0.04802 -0.26177
   0.73562  0.04841 -0.26044
   0.72798  0.04878 -0.25709
   0.72030  0.04913 -0.25489
   0.71260  0.04946 -0.25205
   0.70486  0.04978 -0.24944
   0.69710  0.05008 -0.24669
   0.68932  0.05037 -0.24445
   0.68152  0.05064 -0.24211
   0.67370  0.05090 -0.24114
   0.66588  0.05114 -0.23833
   0.65804  0.05138 -0.23720
   0.65020  0.05160 -0.23539
   0.64235  0.05180 -0.23373
   0.63449  0.05200 -0.23284
   0.62662  0.05218 -0.23055
   0.61875  0.05235 -0.22938
   0.61086  0.05251 -0.22775
   0.60297  0.05266 -0.22591
   0.59508  0.05280 -0.22523
   0.58718  0.05293 -0.22430
   0.57928  0.05305 -0.22289
   0.57138  0.05316 -0.22174
   0.56347  0.05325 -0.22083
   0.55556  0.05334 -0.22025
   0.54765  0.05342 -0.21888
   0.53974  0.05348 -0.21776
   0.53183  0.05354 -0.21687
   0.52391  0.05358 -0.21654
   0.51600  0.05362 -0.21498
   0.50808  0.05365 -0.21475
   0.50017  0.05366 -0.21368
   0.49225  0.05367 -0.21256
   0.48434  0.05366 -0.21247
   0.47642  0.05365 -0.21154
   0.46852  0.05363 -0.21103
   0.46062  0.05360 -0.20992
   0.45272  0.05355 -0.21041
   0.44483  0.05350 -0.20867
   0.43695  0.05344 -0.20821
   0.42908  0.05336 -0.20732
   0.42122  0.05328 -0.20742
   0.41340  0.05319 -0.20662
   0.40562  0.05309 -0.20765
   0.39791  0.05299 -0.20733
   0.39026  0.05286 -0.20758
   0.38268  0.05273 -0.20509
   0.37518  0.05259 -0.20154
   0.36779  0.05245 -0.20249
   0.36056  0.05233 -0.21034
   0.35355  0.05219 -0.22197
   0.34675  0.05202 -0.22870
   0.34015  0.05179 -0.21379
   0.33367  0.05152 -0.18552
   0.32729  0.05126 -0.16020
   0.32094  0.05107 -0.15313
   0.31459  0.05095 -0.17608
   0.30818  0.05086 -0.20631
   0.30168  0.05074 -0.22784
   0.29501  0.05055 -0.22393
   0.28812  0.05029 -0.21048
   0.28102  0.05002 -0.20107
   0.27376  0.04974 -0.20292
   0.26640  0.04946 -0.20569
   0.25896  0.04915 -0.20654
   0.25145  0.04883 -0.20626
   0.24388  0.04848 -0.20589
   0.23629  0.04812 -0.20649
   0.22868  0.04775 -0.20706
   0.22107  0.04735 -0.20803
   0.21346  0.04694 -0.20834
   0.20588  0.04651 -0.20942
   0.19832  0.04606 -0.21010
   0.19079  0.04559 -0.21143
   0.18331  0.04510 -0.21336
   0.17587  0.04459 -0.21288
   0.16848  0.04405 -0.21561
   0.16116  0.04350 -0.21582
   0.15392  0.04292 -0.21661
   0.14676  0.04231 -0.21914
   0.13969  0.04168 -0.21801
   0.13274  0.04103 -0.21997
   0.12592  0.04036 -0.21950
   0.11925  0.03966 -0.21999
   0.11274  0.03895 -0.21936
   0.10643  0.03821 -0.21897
   0.10032  0.03747 -0.21939
   0.09446  0.03673 -0.21862
   0.08886  0.03598 -0.22039
   0.08353  0.03523 -0.22067
   0.07849  0.03450 -0.22329
   0.07373  0.03377 -0.22805
   0.06927  0.03305 -0.22929
   0.06509  0.03235 -0.24100
   0.06115  0.03165 -0.24526
   0.05745  0.03095 -0.25195
   0.05396  0.03023 -0.25547
   0.05068  0.02952 -0.25039
   0.04758  0.02879 -0.24178
   0.04465  0.02805 -0.23072
   0.04187  0.02732 -0.21855
   0.03925  0.02659 -0.20372
   0.03676  0.02587 -0.19431
   0.03441  0.02515 -0.17923
   0.03218  0.02442 -0.15164
   0.03006  0.02371 -0.12351
   0.02804  0.02301 -0.10027
   0.02612  0.02234 -0.09193
   0.02429  0.02168 -0.08999
   0.02256  0.02105 -0.08608
   0.02092  0.02042 -0.08399
   0.01936  0.01979 -0.07607
   0.01788  0.01916 -0.06054
   0.01648  0.01853 -0.03875
   0.01513  0.01790 -0.01270
   0.01385  0.01728  0.01054
   0.01262  0.01665  0.03535
   0.01145  0.01603  0.05089
   0.01032  0.01542  0.07161
   0.00925  0.01480  0.09711
   0.00822  0.01418  0.11351
   0.00724  0.01356  0.14131
   0.00631  0.01293  0.16023
   0.00542  0.01229  0.18355
   0.00458  0.01164  0.21556
   0.00379  0.01098  0.23814
   0.00305  0.01029  0.27213
   0.00239  0.00956  0.31762
   0.00182  0.00878  0.45647
   0.00133  0.00797  0.52290
   0.00094  0.00712  0.66071
   0.00065  0.00624  0.77118
   0.00044  0.00536  0.85820
   0.00028  0.00447  0.91496
   0.00016  0.00358  0.95605
   0.00008  0.00270  0.98023
   0.00003  0.00182  0.99474
   0.00000  0.00095  0.99996
  -0.00000  0.00009  0.99707
   0.00003 -0.00076  0.98782
   0.00006 -0.00163  0.96844
   0.00015 -0.00249  0.95173
   0.00023 -0.00336  0.91806
   0.00032 -0.00424  0.87718
   0.00047 -0.00512  0.83492
   0.00063 -0.00601  0.77935
   0.00082 -0.00691  0.71522
   0.00104 -0.00781  0.64188
   0.00129 -0.00871  0.54946
   0.00157 -0.00961  0.44614
   0.00190 -0.01051  0.32822
   0.00227 -0.01140  0.17413
   0.00270 -0.01228  0.04449
   0.00318 -0.01315 -0.16647
   0.00373 -0.01400 -0.39901
   0.00438 -0.01479 -0.47155
   0.00511 -0.01554 -0.53946
   0.00590 -0.01626 -0.56561
   0.00676 -0.01694 -0.58465
   0.00768 -0.01760 -0.59589
   0.00865 -0.01823 -0.59973
   0.00967 -0.01885 -0.60494
   0.01075 -0.01945 -0.58919
   0.01188 -0.02004 -0.59353
   0.01307 -0.02061 -0.57994
   0.01432 -0.02118 -0.57322
   0.01563 -0.02174 -0.56390
   0.01700 -0.02229 -0.54587
   0.01845 -0.02284 -0.53604
   0.01996 -0.02339 -0.52551
   0.02156 -0.02394 -0.51328
   0.02324 -0.02449 -0.49966
   0.02502 -0.02504 -0.48839
   0.02690 -0.02561 -0.47916
   0.02888 -0.02618 -0.46791
   0.03099 -0.02676 -0.45901
   0.03324 -0.02735 -0.45211
   0.03563 -0.02795 -0.44220
   0.03818 -0.02857 -0.43361
   0.04090 -0.02920 -0.42414
   0.04382 -0.02985 -0.41515
   0.04694 -0.03052 -0.40747
   0.05029 -0.03121 -0.40461
   0.05388 -0.03192 -0.39797
   0.05772 -0.03265 -0.39505
   0.06181 -0.03340 -0.39027
   0.06618 -0.03416 -0.38611
   0.07081 -0.03493 -0.38266
   0.07572 -0.03571 -0.37898
   0.08090 -0.03650 -0.37569
   0.08636 -0.03729 -0.37286
   0.09206 -0.03808 -0.36919
   0.09799 -0.03886 -0.36570
   0.10414 -0.03963 -0.36518
   0.11047 -0.04039 -0.36284
   0.11696 -0.04113 -0.36227
   0.12360 -0.04184 -0.36109
   0.13035 -0.04253 -0.35965
   0.13721 -0.04318 -0.35764
   0.14417 -0.04381 -0.35517
   0.15121 -0.04440 -0.35203
   0.15834 -0.04497 -0.34924
   0.16553 -0.04550 -0.34629
   0.17278 -0.04600 -0.34315
   0.18008 -0.04648 -0.33995
   0.18742 -0.04692 -0.33835
   0.19479 -0.04734 -0.33547
   0.20219 -0.04773 -0.33330
   0.20962 -0.04809 -0.32944
   0.21707 -0.04842 -0.32752
   0.22456 -0.04873 -0.32350
   0.23208 -0.04901 -0.31991
   0.23964 -0.04926 -0.31618
   0.24721 -0.04950 -0.31416
   0.25481 -0.04971 -0.31142
   0.26241 -0.04990 -0.30870
   0.27004 -0.05006 -0.30567
   0.27768 -0.05021 -0.30328
   0.28534 -0.05033 -0.30002
   0.29302 -0.05043 -0.29769
   0.30071 -0.05052 -0.29536
   0.30841 -0.05058 -0.29336
   0.31611 -0.05063 -0.29165
   0.32382 -0.05066 -0.28943
   0.33154 -0.05066 -0.28700
   0.33927 -0.05065 -0.28599
   0.34699 -0.05062 -0.28336
   0.35472 -0.05057 -0.28201
   0.36246 -0.05051 -0.28032
   0.37019 -0.05042 -0.27876
   0.37793 -0.05031 -0.27630
   0.38566 -0.05019 -0.27541
   0.39339 -0.05004 -0.27343
   0.40111 -0.04988 -0.27186
   0.40883 -0.04970 -0.27014
   0.41655 -0.04951 -0.26923
   0.42426 -0.04929 -0.26777
   0.43196 -0.04905 -0.26674
   0.43965 -0.04880 -0.26520
   0.44733 -0.04852 -0.26411
   0.45499 -0.04823 -0.26290
   0.46265 -0.04791 -0.26115
   0.47029 -0.04757 -0.26023
   0.47793 -0.04721 -0.25834
   0.48555 -0.04683 -0.25669
   0.49315 -0.04642 -0.25502
   0.50075 -0.04600 -0.25343
   0.50833 -0.04555 -0.25081
   0.51589 -0.04507 -0.24918
   0.52345 -0.04458 -0.24634
   0.53099 -0.04405 -0.24438
   0.53851 -0.04351 -0.24126
   0.54603 -0.04293 -0.23878
   0.55353 -0.04234 -0.23608
   0.56101 -0.04171 -0.23190
   0.56848 -0.04106 -0.22894
   0.57593 -0.04038 -0.22488
   0.58337 -0.03967 -0.22094
   0.59078 -0.03894 -0.21691
   0.59818 -0.03818 -0.21197
   0.60556 -0.03738 -0.20734
   0.61292 -0.03656 -0.20211
   0.62026 -0.03571 -0.19614
   0.62759 -0.03483 -0.19020
   0.63490 -0.03391 -0.18259
   0.64220 -0.03296 -0.17657
   0.64948 -0.03198 -0.16840
   0.65674 -0.03097 -0.16036
   0.66400 -0.02992 -0.15105
   0.67125 -0.02883 -0.14153
   0.67849 -0.02772 -0.13181
   0.68572 -0.02656 -0.12055
   0.69295 -0.02537 -0.10977
   0.70018 -0.02415 -0.09673
   0.70741 -0.02288 -0.08442
   0.71464 -0.02159 -0.07103
   0.72188 -0.02025 -0.05605
   0.72912 -0.01888 -0.04200
   0.73638 -0.01747 -0.02504
   0.74365 -0.01602 -0.00936
   0.75094 -0.01453  0.00930
   0.75826 -0.01301  0.02727
   0.76560 -0.01146  0.04695
   0.77297 -0.00987  0.06659
   0.78039 -0.00825  0.08816
   0.78785 -0.00659  0.10930
   0.79535 -0.00492  0.13248
   0.80287 -0.00323  0.15534
   0.81037 -0.00154  0.17766
   0.81778  0.00013  0.20286
   0.82509  0.00176  0.22602
   0.83227  0.00334  0.24755
   0.83932  0.00486  0.26830
   0.84624  0.00632  0.28872
   0.85304  0.00771  0.30714
   0.85972  0.00903  0.32607
   0.86628  0.01027  0.34227
   0.87271  0.01143  0.35834
   0.87902  0.01251  0.37336
   0.88521  0.01350  0.38609
   0.89129  0.01440  0.39889
   0.89727  0.01522  0.40869
   0.90316  0.01595  0.41919
   0.90895  0.01659  0.42805
   0.91464  0.01715  0.43542
   0.92020  0.01763  0.44382
   0.92564  0.01802  0.44962
   0.93097  0.01831  0.45423
   0.93623  0.01853  0.45735
   0.94141  0.01867  0.45685
   0.94645  0.01876  0.46711
   0.95125  0.01879  0.47879
   0.95581  0.01873  0.49141
   0.96019  0.01854  0.49552
   0.96446  0.01821  0.48048
   0.96872  0.01776  0.45427
   0.97300  0.01724  0.42573
   0.97726  0.01672  0.41543
   0.98142  0.01621  0.42803
   0.98545  0.01563  0.43239
   0.98942  0.01489  0.38719
   0.99340  0.01406  0.32674
   0.99738  0.01325  0.29807
   1.00000  0.01271  0.25219
