GRUMMAN K-2 AIRFOIL                             
 Alfa =  -1.30590 Re =        0.000 Xflap,Yflap =     0.000000    0.000000
#    x        y        Cp  
   1.00000  0.01371  0.25220
   0.99739  0.01444  0.09673
   0.99327  0.01550  0.06272
   0.98886  0.01658  0.04434
   0.98418  0.01773  0.00266
   0.97923  0.01891 -0.02687
   0.97401  0.02013 -0.05690
   0.96856  0.02137 -0.08474
   0.96293  0.02261 -0.11256
   0.95713  0.02384 -0.13561
   0.95115  0.02505 -0.15432
   0.94501  0.02623 -0.16953
   0.93873  0.02739 -0.18311
   0.93231  0.02852 -0.19409
   0.92575  0.02962 -0.20144
   0.91905  0.03069 -0.20713
   0.91224  0.03174 -0.21435
   0.90536  0.03277 -0.22298
   0.89842  0.03376 -0.23044
   0.89145  0.03472 -0.23826
   0.88446  0.03564 -0.24360
   0.87741  0.03652 -0.24766
   0.87030  0.03736 -0.24815
   0.86310  0.03817 -0.24809
   0.85580  0.03897 -0.24767
   0.84840  0.03974 -0.24685
   0.84093  0.04049 -0.24695
   0.83341  0.04123 -0.24738
   0.82588  0.04195 -0.25196
   0.81837  0.04265 -0.25791
   0.81087  0.04332 -0.26048
   0.80338  0.04396 -0.26373
   0.79590  0.04457 -0.26623
   0.78841  0.04515 -0.26724
   0.78092  0.04570 -0.26879
   0.77342  0.04622 -0.26847
   0.76591  0.04671 -0.26849
   0.75838  0.04717 -0.26728
   0.75082  0.04761 -0.26600
   0.74324  0.04802 -0.26211
   0.73562  0.04841 -0.26079
   0.72798  0.04878 -0.25744
   0.72030  0.04913 -0.25524
   0.71260  0.04946 -0.25241
   0.70486  0.04978 -0.24981
   0.69710  0.05008 -0.24706
   0.68932  0.05037 -0.24484
   0.68152  0.05064 -0.24250
   0.67370  0.05090 -0.24153
   0.66588  0.05114 -0.23873
   0.65804  0.05138 -0.23761
   0.65020  0.05160 -0.23580
   0.64235  0.05180 -0.23415
   0.63449  0.05200 -0.23327
   0.62662  0.05218 -0.23099
   0.61875  0.05235 -0.22983
   0.61086  0.05251 -0.22820
   0.60297  0.05266 -0.22637
   0.59508  0.05280 -0.22569
   0.58718  0.05293 -0.22477
   0.57928  0.05305 -0.22337
   0.57138  0.05316 -0.22223
   0.56347  0.05325 -0.22133
   0.55556  0.05334 -0.22075
   0.54765  0.05342 -0.21939
   0.53974  0.05348 -0.21828
   0.53183  0.05354 -0.21739
   0.52391  0.05358 -0.21707
   0.51600  0.05362 -0.21552
   0.50808  0.05365 -0.21530
   0.50017  0.05366 -0.21424
   0.49225  0.05367 -0.21312
   0.48434  0.05366 -0.21304
   0.47642  0.05365 -0.21213
   0.46852  0.05363 -0.21162
   0.46062  0.05360 -0.21052
   0.45272  0.05355 -0.21102
   0.44483  0.05350 -0.20929
   0.43695  0.05344 -0.20884
   0.42908  0.05336 -0.20796
   0.42122  0.05328 -0.20807
   0.41340  0.05319 -0.20728
   0.40562  0.05309 -0.20833
   0.39791  0.05299 -0.20801
   0.39026  0.05286 -0.20827
   0.38268  0.05273 -0.20579
   0.37518  0.05259 -0.20225
   0.36779  0.05245 -0.20321
   0.36056  0.05233 -0.21108
   0.35355  0.05219 -0.22273
   0.34675  0.05202 -0.22947
   0.34015  0.05179 -0.21457
   0.33367  0.05152 -0.18629
   0.32729  0.05126 -0.16096
   0.32094  0.05107 -0.15390
   0.31459  0.05095 -0.17687
   0.30818  0.05086 -0.20714
   0.30168  0.05074 -0.22870
   0.29501  0.05055 -0.22479
   0.28812  0.05029 -0.21135
   0.28102  0.05002 -0.20195
   0.27376  0.04974 -0.20382
   0.26640  0.04946 -0.20661
   0.25896  0.04915 -0.20748
   0.25145  0.04883 -0.20721
   0.24388  0.04848 -0.20686
   0.23629  0.04812 -0.20748
   0.22868  0.04775 -0.20808
   0.22107  0.04735 -0.20907
   0.21346  0.04694 -0.20940
   0.20588  0.04651 -0.21050
   0.19832  0.04606 -0.21121
   0.19079  0.04559 -0.21257
   0.18331  0.04510 -0.21453
   0.17587  0.04459 -0.21407
   0.16848  0.04405 -0.21684
   0.16116  0.04350 -0.21708
   0.15392  0.04292 -0.21791
   0.14676  0.04231 -0.22048
   0.13969  0.04168 -0.21939
   0.13274  0.04103 -0.22139
   0.12592  0.04036 -0.22096
   0.11925  0.03966 -0.22149
   0.11274  0.03895 -0.22091
   0.10643  0.03821 -0.22058
   0.10032  0.03747 -0.22105
   0.09446  0.03673 -0.22033
   0.08886  0.03598 -0.22217
   0.08353  0.03523 -0.22250
   0.07849  0.03450 -0.22519
   0.07373  0.03377 -0.23002
   0.06927  0.03305 -0.23133
   0.06509  0.03235 -0.24313
   0.06115  0.03165 -0.24746
   0.05745  0.03095 -0.25425
   0.05396  0.03023 -0.25785
   0.05068  0.02952 -0.25284
   0.04758  0.02879 -0.24430
   0.04465  0.02805 -0.23329
   0.04187  0.02732 -0.22119
   0.03925  0.02659 -0.20642
   0.03676  0.02587 -0.19708
   0.03441  0.02515 -0.18205
   0.03218  0.02442 -0.15449
   0.03006  0.02371 -0.12639
   0.02804  0.02301 -0.10319
   0.02612  0.02234 -0.09493
   0.02429  0.02168 -0.09309
   0.02256  0.02105 -0.08928
   0.02092  0.02042 -0.08731
   0.01936  0.01979 -0.07949
   0.01788  0.01916 -0.06405
   0.01648  0.01853 -0.04232
   0.01513  0.01790 -0.01633
   0.01385  0.01728  0.00685
   0.01262  0.01665  0.03158
   0.01145  0.01603  0.04702
   0.01032  0.01542  0.06764
   0.00925  0.01480  0.09305
   0.00822  0.01418  0.10932
   0.00724  0.01356  0.13700
   0.00631  0.01293  0.15577
   0.00542  0.01229  0.17892
   0.00458  0.01164  0.21079
   0.00379  0.01098  0.23313
   0.00305  0.01029  0.26690
   0.00239  0.00956  0.31221
   0.00182  0.00878  0.45162
   0.00133  0.00797  0.51805
   0.00094  0.00712  0.65670
   0.00065  0.00624  0.76797
   0.00044  0.00536  0.85576
   0.00028  0.00447  0.91312
   0.00016  0.00358  0.95476
   0.00008  0.00270  0.97938
   0.00003  0.00182  0.99430
   0.00000  0.00095  0.99991
  -0.00000  0.00009  0.99738
   0.00003 -0.00076  0.98843
   0.00006 -0.00163  0.96948
   0.00015 -0.00249  0.95290
   0.00023 -0.00336  0.91967
   0.00032 -0.00424  0.87918
   0.00047 -0.00512  0.83719
   0.00063 -0.00601  0.78200
   0.00082 -0.00691  0.71823
   0.00104 -0.00781  0.64528
   0.00129 -0.00871  0.55329
   0.00157 -0.00961  0.45045
   0.00190 -0.01051  0.33299
   0.00227 -0.01140  0.17952
   0.00270 -0.01228  0.05026
   0.00318 -0.01315 -0.15993
   0.00373 -0.01400 -0.39171
   0.00438 -0.01479 -0.46439
   0.00511 -0.01554 -0.53242
   0.00590 -0.01626 -0.55884
   0.00676 -0.01694 -0.57816
   0.00768 -0.01760 -0.58967
   0.00865 -0.01823 -0.59377
   0.00967 -0.01885 -0.59924
   0.01075 -0.01945 -0.58376
   0.01188 -0.02004 -0.58831
   0.01307 -0.02061 -0.57495
   0.01432 -0.02118 -0.56844
   0.01563 -0.02174 -0.55932
   0.01700 -0.02229 -0.54148
   0.01845 -0.02284 -0.53183
   0.01996 -0.02339 -0.52146
   0.02156 -0.02394 -0.50939
   0.02324 -0.02449 -0.49592
   0.02502 -0.02504 -0.48481
   0.02690 -0.02561 -0.47571
   0.02888 -0.02618 -0.46458
   0.03099 -0.02676 -0.45580
   0.03324 -0.02735 -0.44902
   0.03563 -0.02795 -0.43922
   0.03818 -0.02857 -0.43073
   0.04090 -0.02920 -0.42137
   0.04382 -0.02985 -0.41248
   0.04694 -0.03052 -0.40490
   0.05029 -0.03121 -0.40213
   0.05388 -0.03192 -0.39557
   0.05772 -0.03265 -0.39273
   0.06181 -0.03340 -0.38804
   0.06618 -0.03416 -0.38396
   0.07081 -0.03493 -0.38059
   0.07572 -0.03571 -0.37698
   0.08090 -0.03650 -0.37376
   0.08636 -0.03729 -0.37099
   0.09206 -0.03808 -0.36739
   0.09799 -0.03886 -0.36396
   0.10414 -0.03963 -0.36349
   0.11047 -0.04039 -0.36121
   0.11696 -0.04113 -0.36068
   0.12360 -0.04184 -0.35955
   0.13035 -0.04253 -0.35816
   0.13721 -0.04318 -0.35619
   0.14417 -0.04381 -0.35377
   0.15121 -0.04440 -0.35067
   0.15834 -0.04497 -0.34791
   0.16553 -0.04550 -0.34500
   0.17278 -0.04600 -0.34190
   0.18008 -0.04648 -0.33873
   0.18742 -0.04692 -0.33716
   0.19479 -0.04734 -0.33430
   0.20219 -0.04773 -0.33217
   0.20962 -0.04809 -0.32833
   0.21707 -0.04842 -0.32644
   0.22456 -0.04873 -0.32245
   0.23208 -0.04901 -0.31888
   0.23964 -0.04926 -0.31517
   0.24721 -0.04950 -0.31317
   0.25481 -0.04971 -0.31046
   0.26241 -0.04990 -0.30776
   0.27004 -0.05006 -0.30475
   0.27768 -0.05021 -0.30237
   0.28534 -0.05033 -0.29913
   0.29302 -0.05043 -0.29682
   0.30071 -0.05052 -0.29451
   0.30841 -0.05058 -0.29253
   0.31611 -0.05063 -0.29083
   0.32382 -0.05066 -0.28863
   0.33154 -0.05066 -0.28622
   0.33927 -0.05065 -0.28521
   0.34699 -0.05062 -0.28260
   0.35472 -0.05057 -0.28127
   0.36246 -0.05051 -0.27959
   0.37019 -0.05042 -0.27804
   0.37793 -0.05031 -0.27559
   0.38566 -0.05019 -0.27472
   0.39339 -0.05004 -0.27275
   0.40111 -0.04988 -0.27119
   0.40883 -0.04970 -0.26948
   0.41655 -0.04951 -0.26858
   0.42426 -0.04929 -0.26713
   0.43196 -0.04905 -0.26612
   0.43965 -0.04880 -0.26458
   0.44733 -0.04852 -0.26350
   0.45499 -0.04823 -0.26231
   0.46265 -0.04791 -0.26057
   0.47029 -0.04757 -0.25966
   0.47793 -0.04721 -0.25778
   0.48555 -0.04683 -0.25614
   0.49315 -0.04642 -0.25447
   0.50075 -0.04600 -0.25289
   0.50833 -0.04555 -0.25029
   0.51589 -0.04507 -0.24866
   0.52345 -0.04458 -0.24583
   0.53099 -0.04405 -0.24389
   0.53851 -0.04351 -0.24077
   0.54603 -0.04293 -0.23830
   0.55353 -0.04234 -0.23561
   0.56101 -0.04171 -0.23144
   0.56848 -0.04106 -0.22848
   0.57593 -0.04038 -0.22444
   0.58337 -0.03967 -0.22051
   0.59078 -0.03894 -0.21648
   0.59818 -0.03818 -0.21155
   0.60556 -0.03738 -0.20693
   0.61292 -0.03656 -0.20171
   0.62026 -0.03571 -0.19575
   0.62759 -0.03483 -0.18982
   0.63490 -0.03391 -0.18222
   0.64220 -0.03296 -0.17620
   0.64948 -0.03198 -0.16804
   0.65674 -0.03097 -0.16001
   0.66400 -0.02992 -0.15072
   0.67125 -0.02883 -0.14119
   0.67849 -0.02772 -0.13149
   0.68572 -0.02656 -0.12024
   0.69295 -0.02537 -0.10947
   0.70018 -0.02415 -0.09643
   0.70741 -0.02288 -0.08413
   0.71464 -0.02159 -0.07075
   0.72188 -0.02025 -0.05578
   0.72912 -0.01888 -0.04174
   0.73638 -0.01747 -0.02479
   0.74365 -0.01602 -0.00911
   0.75094 -0.01453  0.00953
   0.75826 -0.01301  0.02750
   0.76560 -0.01146  0.04716
   0.77297 -0.00987  0.06680
   0.78039 -0.00825  0.08835
   0.78785 -0.00659  0.10948
   0.79535 -0.00492  0.13265
   0.80287 -0.00323  0.15551
   0.81037 -0.00154  0.17782
   0.81778  0.00013  0.20301
   0.82509  0.00176  0.22616
   0.83227  0.00334  0.24769
   0.83932  0.00486  0.26842
   0.84624  0.00632  0.28884
   0.85304  0.00771  0.30725
   0.85972  0.00903  0.32618
   0.86628  0.01027  0.34237
   0.87271  0.01143  0.35844
   0.87902  0.01251  0.37346
   0.88521  0.01350  0.38618
   0.89129  0.01440  0.39898
   0.89727  0.01522  0.40877
   0.90316  0.01595  0.41927
   0.90895  0.01659  0.42812
   0.91464  0.01715  0.43549
   0.92020  0.01763  0.44388
   0.92564  0.01802  0.44969
   0.93097  0.01831  0.45429
   0.93623  0.01853  0.45740
   0.94141  0.01867  0.45691
   0.94645  0.01876  0.46716
   0.95125  0.01879  0.47883
   0.95581  0.01873  0.49146
   0.96019  0.01854  0.49556
   0.96446  0.01821  0.48052
   0.96872  0.01776  0.45432
   0.97300  0.01724  0.42577
   0.97726  0.01672  0.41547
   0.98142  0.01621  0.42807
   0.98545  0.01563  0.43242
   0.98942  0.01489  0.38722
   0.99340  0.01406  0.32676
   0.99738  0.01325  0.29810
   1.00000  0.01271  0.25220
