GRUMMAN K-2 AIRFOIL                             
 Alfa =  -1.15600 Re =        0.000 Xflap,Yflap =     0.000000    0.000000
#    x        y        Cp  
   1.00000  0.01371  0.25415
   0.99740  0.01444  0.09906
   0.99329  0.01549  0.06125
   0.98889  0.01657  0.04576
   0.98423  0.01772  0.00527
   0.97929  0.01890 -0.02976
   0.97409  0.02011 -0.05580
   0.96867  0.02135 -0.08631
   0.96305  0.02259 -0.11292
   0.95727  0.02381 -0.13465
   0.95131  0.02502 -0.15569
   0.94520  0.02620 -0.17087
   0.93893  0.02735 -0.18403
   0.93253  0.02848 -0.19534
   0.92600  0.02957 -0.20257
   0.91932  0.03065 -0.20875
   0.91254  0.03170 -0.21574
   0.90568  0.03272 -0.22449
   0.89876  0.03372 -0.23197
   0.89181  0.03467 -0.24017
   0.88484  0.03559 -0.24622
   0.87782  0.03647 -0.24892
   0.87073  0.03731 -0.25012
   0.86355  0.03812 -0.25132
   0.85628  0.03891 -0.25011
   0.84891  0.03968 -0.24936
   0.84146  0.04044 -0.24936
   0.83396  0.04117 -0.24937
   0.82645  0.04190 -0.25515
   0.81896  0.04260 -0.26015
   0.81149  0.04327 -0.26381
   0.80402  0.04391 -0.26638
   0.79655  0.04452 -0.26892
   0.78909  0.04510 -0.27113
   0.78162  0.04565 -0.27198
   0.77414  0.04617 -0.27156
   0.76665  0.04666 -0.27203
   0.75914  0.04713 -0.27085
   0.75161  0.04756 -0.26910
   0.74405  0.04798 -0.26741
   0.73646  0.04837 -0.26458
   0.72884  0.04874 -0.26219
   0.72118  0.04909 -0.25938
   0.71350  0.04943 -0.25614
   0.70580  0.04974 -0.25439
   0.69806  0.05004 -0.25142
   0.69030  0.05033 -0.24945
   0.68252  0.05060 -0.24741
   0.67473  0.05086 -0.24571
   0.66693  0.05111 -0.24356
   0.65911  0.05135 -0.24237
   0.65129  0.05157 -0.24096
   0.64347  0.05178 -0.23897
   0.63563  0.05197 -0.23793
   0.62779  0.05216 -0.23648
   0.61994  0.05233 -0.23449
   0.61208  0.05249 -0.23403
   0.60421  0.05264 -0.23158
   0.59633  0.05278 -0.23083
   0.58846  0.05291 -0.22967
   0.58058  0.05303 -0.22912
   0.57270  0.05314 -0.22795
   0.56482  0.05324 -0.22711
   0.55693  0.05333 -0.22610
   0.54904  0.05340 -0.22552
   0.54115  0.05347 -0.22416
   0.53326  0.05353 -0.22390
   0.52537  0.05358 -0.22261
   0.51748  0.05361 -0.22179
   0.50958  0.05364 -0.22156
   0.50169  0.05366 -0.22002
   0.49380  0.05367 -0.22046
   0.48590  0.05367 -0.21886
   0.47801  0.05366 -0.21931
   0.47012  0.05363 -0.21836
   0.46224  0.05360 -0.21770
   0.45437  0.05356 -0.21716
   0.44650  0.05351 -0.21670
   0.43864  0.05345 -0.21567
   0.43079  0.05338 -0.21554
   0.42295  0.05330 -0.21530
   0.41514  0.05321 -0.21502
   0.40737  0.05312 -0.21574
   0.39966  0.05301 -0.21522
   0.39202  0.05289 -0.21651
   0.38445  0.05276 -0.21366
   0.37694  0.05262 -0.21110
   0.36954  0.05249 -0.21018
   0.36229  0.05236 -0.21743
   0.35524  0.05223 -0.22842
   0.34842  0.05207 -0.23774
   0.34179  0.05185 -0.22902
   0.33530  0.05159 -0.20202
   0.32892  0.05132 -0.17527
   0.32258  0.05111 -0.16157
   0.31625  0.05098 -0.17806
   0.30988  0.05089 -0.20761
   0.30343  0.05078 -0.23514
   0.29682  0.05061 -0.23753
   0.29002  0.05037 -0.22513
   0.28299  0.05009 -0.21334
   0.27579  0.04982 -0.21215
   0.26847  0.04954 -0.21634
   0.26108  0.04924 -0.21838
   0.25361  0.04892 -0.21738
   0.24607  0.04858 -0.21754
   0.23850  0.04823 -0.21866
   0.23092  0.04786 -0.21922
   0.22333  0.04747 -0.22016
   0.21574  0.04707 -0.22081
   0.20817  0.04664 -0.22277
   0.20063  0.04620 -0.22341
   0.19311  0.04574 -0.22436
   0.18563  0.04526 -0.22769
   0.17820  0.04475 -0.22757
   0.17081  0.04423 -0.22903
   0.16349  0.04368 -0.23161
   0.15624  0.04311 -0.23186
   0.14907  0.04251 -0.23450
   0.14200  0.04189 -0.23537
   0.13503  0.04125 -0.23659
   0.12818  0.04059 -0.23761
   0.12147  0.03990 -0.23813
   0.11493  0.03919 -0.23843
   0.10856  0.03847 -0.23877
   0.10240  0.03773 -0.23863
   0.09647  0.03699 -0.23992
   0.09078  0.03624 -0.24198
   0.08537  0.03550 -0.24097
   0.08024  0.03476 -0.24660
   0.07540  0.03403 -0.24874
   0.07085  0.03331 -0.25289
   0.06658  0.03261 -0.26604
   0.06257  0.03190 -0.26717
   0.05879  0.03120 -0.27881
   0.05523  0.03050 -0.28343
   0.05189  0.02978 -0.28194
   0.04873  0.02906 -0.27616
   0.04574  0.02833 -0.26557
   0.04291  0.02760 -0.25661
   0.04024  0.02687 -0.24202
   0.03771  0.02615 -0.23030
   0.03531  0.02543 -0.22275
   0.03305  0.02471 -0.19820
   0.03089  0.02399 -0.16831
   0.02884  0.02329 -0.14486
   0.02688  0.02260 -0.12962
   0.02502  0.02195 -0.12826
   0.02326  0.02131 -0.12705
   0.02159  0.02067 -0.12636
   0.02000  0.02005 -0.12094
   0.01849  0.01942 -0.11075
   0.01706  0.01880 -0.09307
   0.01569  0.01817 -0.06693
   0.01439  0.01754 -0.04502
   0.01314  0.01692 -0.02219
   0.01194  0.01630 -0.00236
   0.01080  0.01568  0.01617
   0.00971  0.01507  0.03363
   0.00867  0.01445  0.05781
   0.00767  0.01383  0.07404
   0.00672  0.01321  0.09699
   0.00581  0.01258  0.11560
   0.00495  0.01194  0.14470
   0.00414  0.01128  0.16611
   0.00338  0.01061  0.19153
   0.00268  0.00990  0.22251
   0.00207  0.00914  0.33266
   0.00154  0.00835  0.42209
   0.00111  0.00752  0.54192
   0.00078  0.00665  0.67666
   0.00053  0.00577  0.78542
   0.00035  0.00489  0.86425
   0.00022  0.00400  0.91761
   0.00012  0.00312  0.95672
   0.00005  0.00224  0.98028
   0.00001  0.00137  0.99433
  -0.00000  0.00051  0.99988
   0.00001 -0.00034  0.99769
   0.00004 -0.00120  0.98820
   0.00010 -0.00206  0.97115
   0.00020 -0.00292  0.95592
   0.00027 -0.00380  0.91553
   0.00039 -0.00468  0.88379
   0.00054 -0.00556  0.83769
   0.00072 -0.00645  0.78122
   0.00092 -0.00735  0.71834
   0.00115 -0.00824  0.64422
   0.00142 -0.00914  0.54976
   0.00173 -0.01004  0.44480
   0.00207 -0.01094  0.32483
   0.00247 -0.01182  0.15586
   0.00292 -0.01269  0.07563
   0.00342 -0.01356 -0.25773
   0.00402 -0.01437 -0.32161
   0.00470 -0.01514 -0.42937
   0.00546 -0.01587 -0.46689
   0.00629 -0.01657 -0.49827
   0.00717 -0.01724 -0.51192
   0.00811 -0.01789 -0.52933
   0.00910 -0.01851 -0.52976
   0.01015 -0.01912 -0.52773
   0.01125 -0.01971 -0.52937
   0.01240 -0.02029 -0.52344
   0.01361 -0.02086 -0.51891
   0.01488 -0.02142 -0.51277
   0.01621 -0.02198 -0.49946
   0.01761 -0.02253 -0.49273
   0.01908 -0.02307 -0.47815
   0.02063 -0.02362 -0.47410
   0.02226 -0.02417 -0.46225
   0.02397 -0.02472 -0.44813
   0.02579 -0.02528 -0.44165
   0.02770 -0.02584 -0.43205
   0.02973 -0.02641 -0.42501
   0.03189 -0.02700 -0.41800
   0.03419 -0.02759 -0.41228
   0.03663 -0.02820 -0.40226
   0.03924 -0.02882 -0.39636
   0.04203 -0.02945 -0.38624
   0.04502 -0.03011 -0.38019
   0.04822 -0.03078 -0.37496
   0.05165 -0.03148 -0.37215
   0.05533 -0.03220 -0.36824
   0.05925 -0.03293 -0.36567
   0.06344 -0.03368 -0.36141
   0.06789 -0.03445 -0.35982
   0.07262 -0.03522 -0.35549
   0.07761 -0.03600 -0.35445
   0.08288 -0.03679 -0.35153
   0.08842 -0.03758 -0.34868
   0.09419 -0.03836 -0.34604
   0.10019 -0.03914 -0.34438
   0.10638 -0.03991 -0.34386
   0.11276 -0.04065 -0.34323
   0.11929 -0.04138 -0.34276
   0.12594 -0.04208 -0.34171
   0.13272 -0.04276 -0.34092
   0.13959 -0.04340 -0.33975
   0.14656 -0.04401 -0.33690
   0.15362 -0.04460 -0.33542
   0.16075 -0.04515 -0.33173
   0.16794 -0.04567 -0.32967
   0.17519 -0.04616 -0.32651
   0.18248 -0.04663 -0.32468
   0.18981 -0.04706 -0.32265
   0.19717 -0.04747 -0.32141
   0.20456 -0.04785 -0.31737
   0.21197 -0.04820 -0.31663
   0.21942 -0.04852 -0.31264
   0.22690 -0.04882 -0.31018
   0.23441 -0.04909 -0.30557
   0.24195 -0.04934 -0.30356
   0.24951 -0.04956 -0.30160
   0.25708 -0.04977 -0.29844
   0.26468 -0.04995 -0.29723
   0.27229 -0.05011 -0.29306
   0.27991 -0.05024 -0.29171
   0.28756 -0.05036 -0.28837
   0.29522 -0.05046 -0.28651
   0.30289 -0.05054 -0.28472
   0.31057 -0.05060 -0.28269
   0.31825 -0.05064 -0.28055
   0.32595 -0.05066 -0.27904
   0.33364 -0.05066 -0.27759
   0.34135 -0.05065 -0.27585
   0.34906 -0.05061 -0.27420
   0.35677 -0.05056 -0.27246
   0.36448 -0.05048 -0.27090
   0.37219 -0.05039 -0.26940
   0.37990 -0.05028 -0.26746
   0.38761 -0.05015 -0.26619
   0.39532 -0.05001 -0.26494
   0.40302 -0.04984 -0.26364
   0.41072 -0.04966 -0.26163
   0.41842 -0.04945 -0.26110
   0.42610 -0.04923 -0.25980
   0.43378 -0.04899 -0.25914
   0.44144 -0.04873 -0.25708
   0.44910 -0.04845 -0.25660
   0.45674 -0.04815 -0.25513
   0.46437 -0.04783 -0.25448
   0.47199 -0.04749 -0.25285
   0.47960 -0.04713 -0.25105
   0.48720 -0.04674 -0.24982
   0.49478 -0.04634 -0.24816
   0.50235 -0.04590 -0.24584
   0.50991 -0.04545 -0.24470
   0.51745 -0.04497 -0.24211
   0.52498 -0.04447 -0.23977
   0.53250 -0.04395 -0.23772
   0.54000 -0.04340 -0.23522
   0.54749 -0.04282 -0.23244
   0.55497 -0.04222 -0.22937
   0.56243 -0.04159 -0.22580
   0.56987 -0.04093 -0.22252
   0.57730 -0.04025 -0.21889
   0.58471 -0.03954 -0.21484
   0.59210 -0.03881 -0.21070
   0.59948 -0.03804 -0.20635
   0.60683 -0.03724 -0.20180
   0.61417 -0.03642 -0.19564
   0.62149 -0.03556 -0.19099
   0.62879 -0.03468 -0.18380
   0.63608 -0.03376 -0.17818
   0.64335 -0.03281 -0.17009
   0.65061 -0.03183 -0.16308
   0.65786 -0.03081 -0.15459
   0.66510 -0.02976 -0.14575
   0.67232 -0.02867 -0.13606
   0.67954 -0.02755 -0.12603
   0.68676 -0.02640 -0.11552
   0.69397 -0.02520 -0.10440
   0.70117 -0.02398 -0.09171
   0.70838 -0.02271 -0.07908
   0.71559 -0.02141 -0.06565
   0.72281 -0.02007 -0.05135
   0.73004 -0.01870 -0.03667
   0.73728 -0.01729 -0.02065
   0.74453 -0.01584 -0.00318
   0.75180 -0.01436  0.01310
   0.75910 -0.01284  0.03302
   0.76642 -0.01128  0.05100
   0.77378 -0.00969  0.07272
   0.78118 -0.00807  0.09150
   0.78863 -0.00642  0.11490
   0.79611 -0.00475  0.13567
   0.80361 -0.00306  0.16000
   0.81108 -0.00138  0.18285
   0.81847  0.00029  0.20578
   0.82574  0.00191  0.22946
   0.83289  0.00348  0.25141
   0.83991  0.00499  0.27187
   0.84680  0.00644  0.29151
   0.85358  0.00782  0.31088
   0.86023  0.00913  0.32712
   0.86676  0.01036  0.34565
   0.87316  0.01151  0.35978
   0.87944  0.01258  0.37614
   0.88561  0.01356  0.38794
   0.89167  0.01445  0.40013
   0.89763  0.01526  0.41088
   0.90349  0.01599  0.42042
   0.90927  0.01663  0.42820
   0.91493  0.01718  0.43779
   0.92047  0.01765  0.44368
   0.92588  0.01803  0.45187
   0.93120  0.01832  0.45547
   0.93644  0.01853  0.45628
   0.94160  0.01868  0.45917
   0.94662  0.01876  0.46613
   0.95140  0.01879  0.48144
   0.95595  0.01872  0.49111
   0.96030  0.01853  0.49617
   0.96456  0.01820  0.48123
   0.96881  0.01775  0.45368
   0.97308  0.01723  0.42657
   0.97733  0.01672  0.41437
   0.98147  0.01621  0.42750
   0.98549  0.01562  0.43441
   0.98945  0.01488  0.38918
   0.99342  0.01406  0.32448
   0.99738  0.01325  0.29913
   1.00000  0.01271  0.25415
