GRUMMAN K-2 AIRFOIL                             
 Alfa =  -1.09300 Re =        0.000 Xflap,Yflap =     0.000000    0.000000
#    x        y        Cp  
   1.00000  0.01371  0.25412
   0.99740  0.01444  0.09898
   0.99329  0.01549  0.06114
   0.98889  0.01657  0.04558
   0.98423  0.01772  0.00502
   0.97929  0.01890 -0.03004
   0.97409  0.02011 -0.05612
   0.96867  0.02135 -0.08670
   0.96305  0.02259 -0.11335
   0.95727  0.02381 -0.13512
   0.95131  0.02502 -0.15622
   0.94520  0.02620 -0.17144
   0.93893  0.02735 -0.18465
   0.93253  0.02848 -0.19600
   0.92600  0.02957 -0.20326
   0.91932  0.03065 -0.20951
   0.91254  0.03170 -0.21652
   0.90568  0.03272 -0.22532
   0.89876  0.03372 -0.23282
   0.89181  0.03467 -0.24108
   0.88484  0.03559 -0.24717
   0.87782  0.03647 -0.24989
   0.87073  0.03731 -0.25114
   0.86355  0.03812 -0.25238
   0.85628  0.03891 -0.25118
   0.84891  0.03968 -0.25049
   0.84146  0.04044 -0.25050
   0.83396  0.04117 -0.25056
   0.82645  0.04190 -0.25636
   0.81896  0.04260 -0.26142
   0.81149  0.04327 -0.26511
   0.80402  0.04391 -0.26771
   0.79655  0.04452 -0.27030
   0.78909  0.04510 -0.27251
   0.78162  0.04565 -0.27343
   0.77414  0.04617 -0.27302
   0.76665  0.04666 -0.27355
   0.75914  0.04713 -0.27238
   0.75161  0.04756 -0.27067
   0.74405  0.04798 -0.26899
   0.73646  0.04837 -0.26621
   0.72884  0.04874 -0.26385
   0.72118  0.04909 -0.26107
   0.71350  0.04943 -0.25786
   0.70580  0.04974 -0.25614
   0.69806  0.05004 -0.25318
   0.69030  0.05033 -0.25127
   0.68252  0.05060 -0.24923
   0.67473  0.05086 -0.24758
   0.66693  0.05111 -0.24545
   0.65911  0.05135 -0.24429
   0.65129  0.05157 -0.24293
   0.64347  0.05178 -0.24097
   0.63563  0.05197 -0.23995
   0.62779  0.05216 -0.23854
   0.61994  0.05233 -0.23659
   0.61208  0.05249 -0.23614
   0.60421  0.05264 -0.23374
   0.59633  0.05278 -0.23302
   0.58846  0.05291 -0.23190
   0.58058  0.05303 -0.23138
   0.57270  0.05314 -0.23024
   0.56482  0.05324 -0.22944
   0.55693  0.05333 -0.22847
   0.54904  0.05340 -0.22793
   0.54115  0.05347 -0.22660
   0.53326  0.05353 -0.22638
   0.52537  0.05358 -0.22513
   0.51748  0.05361 -0.22435
   0.50958  0.05364 -0.22415
   0.50169  0.05366 -0.22265
   0.49380  0.05367 -0.22314
   0.48590  0.05367 -0.22157
   0.47801  0.05366 -0.22207
   0.47012  0.05363 -0.22116
   0.46224  0.05360 -0.22055
   0.45437  0.05356 -0.22005
   0.44650  0.05351 -0.21963
   0.43864  0.05345 -0.21865
   0.43079  0.05338 -0.21856
   0.42295  0.05330 -0.21837
   0.41514  0.05321 -0.21814
   0.40737  0.05312 -0.21891
   0.39966  0.05301 -0.21845
   0.39202  0.05289 -0.21978
   0.38445  0.05276 -0.21699
   0.37694  0.05262 -0.21446
   0.36954  0.05249 -0.21360
   0.36229  0.05236 -0.22093
   0.35524  0.05223 -0.23200
   0.34842  0.05207 -0.24139
   0.34179  0.05185 -0.23271
   0.33530  0.05159 -0.20568
   0.32892  0.05132 -0.17889
   0.32258  0.05111 -0.16521
   0.31625  0.05098 -0.18180
   0.30988  0.05089 -0.21150
   0.30343  0.05078 -0.23918
   0.29682  0.05061 -0.24164
   0.29002  0.05037 -0.22927
   0.28299  0.05009 -0.21751
   0.27579  0.04982 -0.21639
   0.26847  0.04954 -0.22067
   0.26108  0.04924 -0.22280
   0.25361  0.04892 -0.22188
   0.24607  0.04858 -0.22213
   0.23850  0.04823 -0.22334
   0.23092  0.04786 -0.22402
   0.22333  0.04747 -0.22506
   0.21574  0.04707 -0.22582
   0.20817  0.04664 -0.22790
   0.20063  0.04620 -0.22866
   0.19311  0.04574 -0.22974
   0.18563  0.04526 -0.23321
   0.17820  0.04475 -0.23323
   0.17081  0.04423 -0.23484
   0.16349  0.04368 -0.23759
   0.15624  0.04311 -0.23800
   0.14907  0.04251 -0.24083
   0.14200  0.04189 -0.24188
   0.13503  0.04125 -0.24330
   0.12818  0.04059 -0.24452
   0.12147  0.03990 -0.24525
   0.11493  0.03919 -0.24577
   0.10856  0.03847 -0.24635
   0.10240  0.03773 -0.24646
   0.09647  0.03699 -0.24801
   0.09078  0.03624 -0.25035
   0.08537  0.03550 -0.24962
   0.08024  0.03476 -0.25557
   0.07540  0.03403 -0.25804
   0.07085  0.03331 -0.26253
   0.06658  0.03261 -0.27611
   0.06257  0.03190 -0.27757
   0.05879  0.03120 -0.28966
   0.05523  0.03050 -0.29467
   0.05189  0.02978 -0.29355
   0.04873  0.02906 -0.28810
   0.04574  0.02833 -0.27781
   0.04291  0.02760 -0.26917
   0.04024  0.02687 -0.25485
   0.03771  0.02615 -0.24343
   0.03531  0.02543 -0.23625
   0.03305  0.02471 -0.21189
   0.03089  0.02399 -0.18212
   0.02884  0.02329 -0.15885
   0.02688  0.02260 -0.14392
   0.02502  0.02195 -0.14303
   0.02326  0.02131 -0.14234
   0.02159  0.02067 -0.14219
   0.02000  0.02005 -0.13728
   0.01849  0.01942 -0.12758
   0.01706  0.01880 -0.11027
   0.01569  0.01817 -0.08441
   0.01439  0.01754 -0.06283
   0.01314  0.01692 -0.04036
   0.01194  0.01630 -0.02097
   0.01080  0.01568 -0.00295
   0.00971  0.01507  0.01397
   0.00867  0.01445  0.03763
   0.00767  0.01383  0.05318
   0.00672  0.01321  0.07543
   0.00581  0.01258  0.09321
   0.00495  0.01194  0.12152
   0.00414  0.01128  0.14189
   0.00338  0.01061  0.16602
   0.00268  0.00990  0.19571
   0.00207  0.00914  0.30708
   0.00154  0.00835  0.39723
   0.00111  0.00752  0.51935
   0.00078  0.00665  0.65810
   0.00053  0.00577  0.77078
   0.00035  0.00489  0.85295
   0.00022  0.00400  0.90901
   0.00012  0.00312  0.95056
   0.00005  0.00224  0.97615
   0.00001  0.00137  0.99205
  -0.00000  0.00051  0.99939
   0.00001 -0.00034  0.99881
   0.00004 -0.00120  0.99095
   0.00010 -0.00206  0.97561
   0.00020 -0.00292  0.96104
   0.00027 -0.00380  0.92334
   0.00039 -0.00468  0.89266
   0.00054 -0.00556  0.84826
   0.00072 -0.00645  0.79357
   0.00092 -0.00735  0.73241
   0.00115 -0.00824  0.66015
   0.00142 -0.00914  0.56787
   0.00173 -0.01004  0.46515
   0.00207 -0.01094  0.34745
   0.00247 -0.01182  0.18181
   0.00292 -0.01269  0.10199
   0.00342 -0.01356 -0.22449
   0.00402 -0.01437 -0.28922
   0.00470 -0.01514 -0.39648
   0.00546 -0.01587 -0.43521
   0.00629 -0.01657 -0.46767
   0.00717 -0.01724 -0.48264
   0.00811 -0.01789 -0.50114
   0.00910 -0.01851 -0.50281
   0.01015 -0.01912 -0.50198
   0.01125 -0.01971 -0.50465
   0.01240 -0.02029 -0.49976
   0.01361 -0.02086 -0.49618
   0.01488 -0.02142 -0.49097
   0.01621 -0.02198 -0.47859
   0.01761 -0.02253 -0.47269
   0.01908 -0.02307 -0.45892
   0.02063 -0.02362 -0.45558
   0.02226 -0.02417 -0.44444
   0.02397 -0.02472 -0.43103
   0.02579 -0.02528 -0.42518
   0.02770 -0.02584 -0.41619
   0.02973 -0.02641 -0.40971
   0.03189 -0.02700 -0.40323
   0.03419 -0.02759 -0.39803
   0.03663 -0.02820 -0.38853
   0.03924 -0.02882 -0.38311
   0.04203 -0.02945 -0.37349
   0.04502 -0.03011 -0.36790
   0.04822 -0.03078 -0.36309
   0.05165 -0.03148 -0.36068
   0.05533 -0.03220 -0.35717
   0.05925 -0.03293 -0.35497
   0.06344 -0.03368 -0.35109
   0.06789 -0.03445 -0.34985
   0.07262 -0.03522 -0.34587
   0.07761 -0.03600 -0.34516
   0.08288 -0.03679 -0.34256
   0.08842 -0.03758 -0.34001
   0.09419 -0.03836 -0.33767
   0.10019 -0.03914 -0.33628
   0.10638 -0.03991 -0.33601
   0.11276 -0.04065 -0.33562
   0.11929 -0.04138 -0.33538
   0.12594 -0.04208 -0.33455
   0.13272 -0.04276 -0.33397
   0.13959 -0.04340 -0.33300
   0.14656 -0.04401 -0.33034
   0.15362 -0.04460 -0.32904
   0.16075 -0.04515 -0.32554
   0.16794 -0.04567 -0.32364
   0.17519 -0.04616 -0.32063
   0.18248 -0.04663 -0.31895
   0.18981 -0.04706 -0.31706
   0.19717 -0.04747 -0.31597
   0.20456 -0.04785 -0.31206
   0.21197 -0.04820 -0.31143
   0.21942 -0.04852 -0.30757
   0.22690 -0.04882 -0.30523
   0.23441 -0.04909 -0.30073
   0.24195 -0.04934 -0.29883
   0.24951 -0.04956 -0.29697
   0.25708 -0.04977 -0.29392
   0.26468 -0.04995 -0.29280
   0.27229 -0.05011 -0.28873
   0.27991 -0.05024 -0.28747
   0.28756 -0.05036 -0.28421
   0.29522 -0.05046 -0.28243
   0.30289 -0.05054 -0.28072
   0.31057 -0.05060 -0.27877
   0.31825 -0.05064 -0.27671
   0.32595 -0.05066 -0.27527
   0.33364 -0.05066 -0.27389
   0.34135 -0.05065 -0.27221
   0.34906 -0.05061 -0.27063
   0.35677 -0.05056 -0.26896
   0.36448 -0.05048 -0.26746
   0.37219 -0.05039 -0.26601
   0.37990 -0.05028 -0.26415
   0.38761 -0.05015 -0.26292
   0.39532 -0.05001 -0.26174
   0.40302 -0.04984 -0.26049
   0.41072 -0.04966 -0.25853
   0.41842 -0.04945 -0.25806
   0.42610 -0.04923 -0.25682
   0.43378 -0.04899 -0.25620
   0.44144 -0.04873 -0.25418
   0.44910 -0.04845 -0.25376
   0.45674 -0.04815 -0.25233
   0.46437 -0.04783 -0.25173
   0.47199 -0.04749 -0.25015
   0.47960 -0.04713 -0.24840
   0.48720 -0.04674 -0.24721
   0.49478 -0.04634 -0.24559
   0.50235 -0.04590 -0.24332
   0.50991 -0.04545 -0.24223
   0.51745 -0.04497 -0.23967
   0.52498 -0.04447 -0.23738
   0.53250 -0.04395 -0.23536
   0.54000 -0.04340 -0.23291
   0.54749 -0.04282 -0.23017
   0.55497 -0.04222 -0.22714
   0.56243 -0.04159 -0.22362
   0.56987 -0.04093 -0.22037
   0.57730 -0.04025 -0.21679
   0.58471 -0.03954 -0.21278
   0.59210 -0.03881 -0.20868
   0.59948 -0.03804 -0.20437
   0.60683 -0.03724 -0.19986
   0.61417 -0.03642 -0.19374
   0.62149 -0.03556 -0.18913
   0.62879 -0.03468 -0.18199
   0.63608 -0.03376 -0.17640
   0.64335 -0.03281 -0.16835
   0.65061 -0.03183 -0.16139
   0.65786 -0.03081 -0.15293
   0.66510 -0.02976 -0.14413
   0.67232 -0.02867 -0.13450
   0.67954 -0.02755 -0.12451
   0.68676 -0.02640 -0.11403
   0.69397 -0.02520 -0.10296
   0.70117 -0.02398 -0.09031
   0.70838 -0.02271 -0.07772
   0.71559 -0.02141 -0.06434
   0.72281 -0.02007 -0.05007
   0.73004 -0.01870 -0.03543
   0.73728 -0.01729 -0.01946
   0.74453 -0.01584 -0.00205
   0.75180 -0.01436  0.01421
   0.75910 -0.01284  0.03408
   0.76642 -0.01128  0.05200
   0.77378 -0.00969  0.07369
   0.78118 -0.00807  0.09243
   0.78863 -0.00642  0.11579
   0.79611 -0.00475  0.13650
   0.80361 -0.00306  0.16080
   0.81108 -0.00138  0.18360
   0.81847  0.00029  0.20650
   0.82574  0.00191  0.23014
   0.83289  0.00348  0.25205
   0.83991  0.00499  0.27247
   0.84680  0.00644  0.29208
   0.85358  0.00782  0.31143
   0.86023  0.00913  0.32763
   0.86676  0.01036  0.34613
   0.87316  0.01151  0.36026
   0.87944  0.01258  0.37658
   0.88561  0.01356  0.38836
   0.89167  0.01445  0.40053
   0.89763  0.01526  0.41125
   0.90349  0.01599  0.42079
   0.90927  0.01663  0.42855
   0.91493  0.01718  0.43811
   0.92047  0.01765  0.44402
   0.92588  0.01803  0.45217
   0.93120  0.01832  0.45576
   0.93644  0.01853  0.45655
   0.94160  0.01868  0.45943
   0.94662  0.01876  0.46640
   0.95140  0.01879  0.48167
   0.95595  0.01872  0.49134
   0.96030  0.01853  0.49639
   0.96456  0.01820  0.48143
   0.96881  0.01775  0.45389
   0.97308  0.01723  0.42678
   0.97733  0.01672  0.41457
   0.98147  0.01621  0.42767
   0.98549  0.01562  0.43456
   0.98945  0.01488  0.38933
   0.99342  0.01406  0.32463
   0.99738  0.01325  0.29926
   1.00000  0.01271  0.25412
