GRUMMAN K-2 AIRFOIL                             
 Alfa =  -1.29050 Re =        0.000 Xflap,Yflap =     0.000000    0.000000
#    x        y        Cp  
   1.00000  0.01371  0.25421
   0.99740  0.01444  0.09923
   0.99329  0.01549  0.06148
   0.98889  0.01657  0.04615
   0.98423  0.01772  0.00581
   0.97929  0.01890 -0.02914
   0.97409  0.02011 -0.05511
   0.96867  0.02135 -0.08548
   0.96305  0.02259 -0.11200
   0.95727  0.02381 -0.13365
   0.95131  0.02502 -0.15456
   0.94520  0.02620 -0.16964
   0.93893  0.02735 -0.18270
   0.93253  0.02848 -0.19391
   0.92600  0.02957 -0.20109
   0.91932  0.03065 -0.20714
   0.91254  0.03170 -0.21409
   0.90568  0.03272 -0.22270
   0.89876  0.03372 -0.23014
   0.89181  0.03467 -0.23823
   0.88484  0.03559 -0.24419
   0.87782  0.03647 -0.24683
   0.87073  0.03731 -0.24795
   0.86355  0.03812 -0.24906
   0.85628  0.03891 -0.24783
   0.84891  0.03968 -0.24694
   0.84146  0.04044 -0.24690
   0.83396  0.04117 -0.24683
   0.82645  0.04190 -0.25255
   0.81896  0.04260 -0.25745
   0.81149  0.04327 -0.26102
   0.80402  0.04391 -0.26354
   0.79655  0.04452 -0.26597
   0.78909  0.04510 -0.26817
   0.78162  0.04565 -0.26888
   0.77414  0.04617 -0.26841
   0.76665  0.04666 -0.26878
   0.75914  0.04713 -0.26756
   0.75161  0.04756 -0.26574
   0.74405  0.04798 -0.26402
   0.73646  0.04837 -0.26108
   0.72884  0.04874 -0.25866
   0.72118  0.04909 -0.25578
   0.71350  0.04943 -0.25246
   0.70580  0.04974 -0.25065
   0.69806  0.05004 -0.24765
   0.69030  0.05033 -0.24557
   0.68252  0.05060 -0.24350
   0.67473  0.05086 -0.24170
   0.66693  0.05111 -0.23951
   0.65911  0.05135 -0.23826
   0.65129  0.05157 -0.23676
   0.64347  0.05178 -0.23472
   0.63563  0.05197 -0.23361
   0.62779  0.05216 -0.23209
   0.61994  0.05233 -0.23001
   0.61208  0.05249 -0.22951
   0.60421  0.05264 -0.22698
   0.59633  0.05278 -0.22614
   0.58846  0.05291 -0.22492
   0.58058  0.05303 -0.22429
   0.57270  0.05314 -0.22305
   0.56482  0.05324 -0.22215
   0.55693  0.05333 -0.22105
   0.54904  0.05340 -0.22039
   0.54115  0.05347 -0.21895
   0.53326  0.05353 -0.21861
   0.52537  0.05358 -0.21724
   0.51748  0.05361 -0.21632
   0.50958  0.05364 -0.21603
   0.50169  0.05366 -0.21440
   0.49380  0.05367 -0.21475
   0.48590  0.05367 -0.21307
   0.47801  0.05366 -0.21342
   0.47012  0.05363 -0.21239
   0.46224  0.05360 -0.21163
   0.45437  0.05356 -0.21099
   0.44650  0.05351 -0.21045
   0.43864  0.05345 -0.20933
   0.43079  0.05338 -0.20908
   0.42295  0.05330 -0.20875
   0.41514  0.05321 -0.20836
   0.40737  0.05312 -0.20898
   0.39966  0.05301 -0.20833
   0.39202  0.05289 -0.20953
   0.38445  0.05276 -0.20656
   0.37694  0.05262 -0.20391
   0.36954  0.05249 -0.20289
   0.36229  0.05236 -0.20999
   0.35524  0.05223 -0.22078
   0.34842  0.05207 -0.22995
   0.34179  0.05185 -0.22115
   0.33530  0.05159 -0.19422
   0.32892  0.05132 -0.16754
   0.32258  0.05111 -0.15381
   0.31625  0.05098 -0.17009
   0.30988  0.05089 -0.19932
   0.30343  0.05078 -0.22652
   0.29682  0.05061 -0.22877
   0.29002  0.05037 -0.21631
   0.28299  0.05009 -0.20446
   0.27579  0.04982 -0.20311
   0.26847  0.04954 -0.20710
   0.26108  0.04924 -0.20897
   0.25361  0.04892 -0.20778
   0.24607  0.04858 -0.20775
   0.23850  0.04823 -0.20867
   0.23092  0.04786 -0.20901
   0.22333  0.04747 -0.20972
   0.21574  0.04707 -0.21015
   0.20817  0.04664 -0.21184
   0.20063  0.04620 -0.21223
   0.19311  0.04574 -0.21291
   0.18563  0.04526 -0.21592
   0.17820  0.04475 -0.21552
   0.17081  0.04423 -0.21665
   0.16349  0.04368 -0.21889
   0.15624  0.04311 -0.21879
   0.14907  0.04251 -0.22105
   0.14200  0.04189 -0.22152
   0.13503  0.04125 -0.22234
   0.12818  0.04059 -0.22291
   0.12147  0.03990 -0.22299
   0.11493  0.03919 -0.22280
   0.10856  0.03847 -0.22265
   0.10240  0.03773 -0.22199
   0.09647  0.03699 -0.22272
   0.09078  0.03624 -0.22418
   0.08537  0.03550 -0.22259
   0.08024  0.03476 -0.22754
   0.07540  0.03403 -0.22899
   0.07085  0.03331 -0.23244
   0.06658  0.03261 -0.24468
   0.06257  0.03190 -0.24510
   0.05879  0.03120 -0.25579
   0.05523  0.03050 -0.25957
   0.05189  0.02978 -0.25732
   0.04873  0.02906 -0.25084
   0.04574  0.02833 -0.23962
   0.04291  0.02760 -0.23000
   0.04024  0.02687 -0.21484
   0.03771  0.02615 -0.20247
   0.03531  0.02543 -0.19416
   0.03305  0.02471 -0.16924
   0.03089  0.02399 -0.13909
   0.02884  0.02329 -0.11527
   0.02688  0.02260 -0.09940
   0.02502  0.02195 -0.09703
   0.02326  0.02131 -0.09474
   0.02159  0.02067 -0.09293
   0.02000  0.02005 -0.08642
   0.01849  0.01942 -0.07524
   0.01706  0.01880 -0.05680
   0.01569  0.01817 -0.03008
   0.01439  0.01754 -0.00751
   0.01314  0.01692  0.01607
   0.01194  0.01630  0.03682
   0.01080  0.01568  0.05638
   0.00971  0.01507  0.07495
   0.00867  0.01445  0.10018
   0.00767  0.01383  0.11780
   0.00672  0.01321  0.14217
   0.00581  0.01258  0.16249
   0.00495  0.01194  0.19315
   0.00414  0.01128  0.21667
   0.00338  0.01061  0.24465
   0.00268  0.00990  0.27822
   0.00207  0.00914  0.38566
   0.00154  0.00835  0.47340
   0.00111  0.00752  0.58830
   0.00078  0.00665  0.71453
   0.00053  0.00577  0.81506
   0.00035  0.00489  0.88684
   0.00022  0.00400  0.93456
   0.00012  0.00312  0.96849
   0.00005  0.00224  0.98780
   0.00001  0.00137  0.99790
  -0.00000  0.00051  0.99966
   0.00001 -0.00034  0.99408
   0.00004 -0.00120  0.98113
   0.00010 -0.00206  0.96036
   0.00020 -0.00292  0.94393
   0.00027 -0.00380  0.89758
   0.00039 -0.00468  0.86369
   0.00054 -0.00556  0.81395
   0.00072 -0.00645  0.75366
   0.00092 -0.00735  0.68707
   0.00115 -0.00824  0.60901
   0.00142 -0.00914  0.50986
   0.00173 -0.01004  0.40007
   0.00207 -0.01094  0.27526
   0.00247 -0.01182  0.09912
   0.00292 -0.01269  0.01809
   0.00342 -0.01356 -0.33018
   0.00402 -0.01437 -0.39211
   0.00470 -0.01514 -0.50086
   0.00546 -0.01587 -0.53566
   0.00629 -0.01657 -0.56463
   0.00717 -0.01724 -0.57536
   0.00811 -0.01789 -0.59036
   0.00910 -0.01851 -0.58808
   0.01015 -0.01912 -0.58343
   0.01125 -0.01971 -0.58279
   0.01240 -0.02029 -0.57461
   0.01361 -0.02086 -0.56799
   0.01488 -0.02142 -0.55983
   0.01621 -0.02198 -0.54449
   0.01761 -0.02253 -0.53597
   0.01908 -0.02307 -0.51962
   0.02063 -0.02362 -0.51403
   0.02226 -0.02417 -0.50061
   0.02397 -0.02472 -0.48495
   0.02579 -0.02528 -0.47712
   0.02770 -0.02584 -0.46622
   0.02973 -0.02641 -0.45796
   0.03189 -0.02700 -0.44977
   0.03419 -0.02759 -0.44294
   0.03663 -0.02820 -0.43179
   0.03924 -0.02882 -0.42483
   0.04203 -0.02945 -0.41365
   0.04502 -0.03011 -0.40662
   0.04822 -0.03078 -0.40046
   0.05165 -0.03148 -0.39678
   0.05533 -0.03220 -0.39201
   0.05925 -0.03293 -0.38863
   0.06344 -0.03368 -0.38356
   0.06789 -0.03445 -0.38121
   0.07262 -0.03522 -0.37612
   0.07761 -0.03600 -0.37439
   0.08288 -0.03679 -0.37078
   0.08842 -0.03758 -0.36727
   0.09419 -0.03836 -0.36400
   0.10019 -0.03914 -0.36175
   0.10638 -0.03991 -0.36068
   0.11276 -0.04065 -0.35953
   0.11929 -0.04138 -0.35857
   0.12594 -0.04208 -0.35705
   0.13272 -0.04276 -0.35581
   0.13959 -0.04340 -0.35421
   0.14656 -0.04401 -0.35095
   0.15362 -0.04460 -0.34907
   0.16075 -0.04515 -0.34500
   0.16794 -0.04567 -0.34259
   0.17519 -0.04616 -0.33907
   0.18248 -0.04663 -0.33692
   0.18981 -0.04706 -0.33460
   0.19717 -0.04747 -0.33306
   0.20456 -0.04785 -0.32874
   0.21197 -0.04820 -0.32774
   0.21942 -0.04852 -0.32348
   0.22690 -0.04882 -0.32077
   0.23441 -0.04909 -0.31590
   0.24195 -0.04934 -0.31366
   0.24951 -0.04956 -0.31150
   0.25708 -0.04977 -0.30812
   0.26468 -0.04995 -0.30671
   0.27229 -0.05011 -0.30234
   0.27991 -0.05024 -0.30079
   0.28756 -0.05036 -0.29727
   0.29522 -0.05046 -0.29523
   0.30289 -0.05054 -0.29326
   0.31057 -0.05060 -0.29106
   0.31825 -0.05064 -0.28878
   0.32595 -0.05066 -0.28710
   0.33364 -0.05066 -0.28551
   0.34135 -0.05065 -0.28361
   0.34906 -0.05061 -0.28183
   0.35677 -0.05056 -0.27994
   0.36448 -0.05048 -0.27823
   0.37219 -0.05039 -0.27663
   0.37990 -0.05028 -0.27453
   0.38761 -0.05015 -0.27316
   0.39532 -0.05001 -0.27177
   0.40302 -0.04984 -0.27036
   0.41072 -0.04966 -0.26825
   0.41842 -0.04945 -0.26759
   0.42610 -0.04923 -0.26618
   0.43378 -0.04899 -0.26542
   0.44144 -0.04873 -0.26326
   0.44910 -0.04845 -0.26266
   0.45674 -0.04815 -0.26110
   0.46437 -0.04783 -0.26034
   0.47199 -0.04749 -0.25862
   0.47960 -0.04713 -0.25673
   0.48720 -0.04674 -0.25539
   0.49478 -0.04634 -0.25364
   0.50235 -0.04590 -0.25123
   0.50991 -0.04545 -0.24997
   0.51745 -0.04497 -0.24732
   0.52498 -0.04447 -0.24487
   0.53250 -0.04395 -0.24274
   0.54000 -0.04340 -0.24014
   0.54749 -0.04282 -0.23728
   0.55497 -0.04222 -0.23412
   0.56243 -0.04159 -0.23045
   0.56987 -0.04093 -0.22709
   0.57730 -0.04025 -0.22338
   0.58471 -0.03954 -0.21922
   0.59210 -0.03881 -0.21501
   0.59948 -0.03804 -0.21057
   0.60683 -0.03724 -0.20595
   0.61417 -0.03642 -0.19969
   0.62149 -0.03556 -0.19495
   0.62879 -0.03468 -0.18767
   0.63608 -0.03376 -0.18196
   0.64335 -0.03281 -0.17381
   0.65061 -0.03183 -0.16669
   0.65786 -0.03081 -0.15811
   0.66510 -0.02976 -0.14919
   0.67232 -0.02867 -0.13940
   0.67954 -0.02755 -0.12928
   0.68676 -0.02640 -0.11871
   0.69397 -0.02520 -0.10748
   0.70117 -0.02398 -0.09470
   0.70838 -0.02271 -0.08197
   0.71559 -0.02141 -0.06844
   0.72281 -0.02007 -0.05407
   0.73004 -0.01870 -0.03930
   0.73728 -0.01729 -0.02318
   0.74453 -0.01584 -0.00559
   0.75180 -0.01436  0.01075
   0.75910 -0.01284  0.03076
   0.76642 -0.01128  0.04886
   0.77378 -0.00969  0.07067
   0.78118 -0.00807  0.08952
   0.78863 -0.00642  0.11302
   0.79611 -0.00475  0.13389
   0.80361 -0.00306  0.15831
   0.81108 -0.00138  0.18125
   0.81847  0.00029  0.20425
   0.82574  0.00191  0.22803
   0.83289  0.00348  0.25005
   0.83991  0.00499  0.27059
   0.84680  0.00644  0.29029
   0.85358  0.00782  0.30972
   0.86023  0.00913  0.32602
   0.86676  0.01036  0.34462
   0.87316  0.01151  0.35876
   0.87944  0.01258  0.37522
   0.88561  0.01356  0.38705
   0.89167  0.01445  0.39928
   0.89763  0.01526  0.41008
   0.90349  0.01599  0.41964
   0.90927  0.01663  0.42746
   0.91493  0.01718  0.43711
   0.92047  0.01765  0.44298
   0.92588  0.01803  0.45125
   0.93120  0.01832  0.45485
   0.93644  0.01853  0.45569
   0.94160  0.01868  0.45862
   0.94662  0.01876  0.46556
   0.95140  0.01879  0.48096
   0.95595  0.01872  0.49063
   0.96030  0.01853  0.49572
   0.96456  0.01820  0.48081
   0.96881  0.01775  0.45323
   0.97308  0.01723  0.42614
   0.97733  0.01672  0.41395
   0.98147  0.01621  0.42714
   0.98549  0.01562  0.43409
   0.98945  0.01488  0.38885
   0.99342  0.01406  0.32416
   0.99738  0.01325  0.29887
   1.00000  0.01271  0.25421
