GRUMMAN K-2 AIRFOIL                             
 Alfa =  -1.11100 Re =        0.000 Xflap,Yflap =     0.000000    0.000000
#    x        y        Cp  
   1.00000  0.01371  0.25413
   0.99740  0.01444  0.09900
   0.99329  0.01549  0.06117
   0.98889  0.01657  0.04563
   0.98423  0.01772  0.00509
   0.97929  0.01890 -0.02996
   0.97409  0.02011 -0.05603
   0.96867  0.02135 -0.08659
   0.96305  0.02259 -0.11323
   0.95727  0.02381 -0.13499
   0.95131  0.02502 -0.15607
   0.94520  0.02620 -0.17128
   0.93893  0.02735 -0.18447
   0.93253  0.02848 -0.19581
   0.92600  0.02957 -0.20306
   0.91932  0.03065 -0.20929
   0.91254  0.03170 -0.21630
   0.90568  0.03272 -0.22509
   0.89876  0.03372 -0.23258
   0.89181  0.03467 -0.24082
   0.88484  0.03559 -0.24690
   0.87782  0.03647 -0.24961
   0.87073  0.03731 -0.25085
   0.86355  0.03812 -0.25208
   0.85628  0.03891 -0.25088
   0.84891  0.03968 -0.25017
   0.84146  0.04044 -0.25017
   0.83396  0.04117 -0.25022
   0.82645  0.04190 -0.25602
   0.81896  0.04260 -0.26106
   0.81149  0.04327 -0.26474
   0.80402  0.04391 -0.26733
   0.79655  0.04452 -0.26991
   0.78909  0.04510 -0.27211
   0.78162  0.04565 -0.27302
   0.77414  0.04617 -0.27261
   0.76665  0.04666 -0.27312
   0.75914  0.04713 -0.27194
   0.75161  0.04756 -0.27022
   0.74405  0.04798 -0.26854
   0.73646  0.04837 -0.26574
   0.72884  0.04874 -0.26337
   0.72118  0.04909 -0.26059
   0.71350  0.04943 -0.25737
   0.70580  0.04974 -0.25564
   0.69806  0.05004 -0.25267
   0.69030  0.05033 -0.25075
   0.68252  0.05060 -0.24871
   0.67473  0.05086 -0.24705
   0.66693  0.05111 -0.24491
   0.65911  0.05135 -0.24374
   0.65129  0.05157 -0.24237
   0.64347  0.05178 -0.24040
   0.63563  0.05197 -0.23937
   0.62779  0.05216 -0.23795
   0.61994  0.05233 -0.23599
   0.61208  0.05249 -0.23554
   0.60421  0.05264 -0.23312
   0.59633  0.05278 -0.23240
   0.58846  0.05291 -0.23126
   0.58058  0.05303 -0.23074
   0.57270  0.05314 -0.22959
   0.56482  0.05324 -0.22877
   0.55693  0.05333 -0.22779
   0.54904  0.05340 -0.22724
   0.54115  0.05347 -0.22591
   0.53326  0.05353 -0.22567
   0.52537  0.05358 -0.22441
   0.51748  0.05361 -0.22362
   0.50958  0.05364 -0.22341
   0.50169  0.05366 -0.22190
   0.49380  0.05367 -0.22237
   0.48590  0.05367 -0.22080
   0.47801  0.05366 -0.22128
   0.47012  0.05363 -0.22036
   0.46224  0.05360 -0.21973
   0.45437  0.05356 -0.21922
   0.44650  0.05351 -0.21880
   0.43864  0.05345 -0.21780
   0.43079  0.05338 -0.21770
   0.42295  0.05330 -0.21749
   0.41514  0.05321 -0.21725
   0.40737  0.05312 -0.21800
   0.39966  0.05301 -0.21753
   0.39202  0.05289 -0.21885
   0.38445  0.05276 -0.21604
   0.37694  0.05262 -0.21350
   0.36954  0.05249 -0.21262
   0.36229  0.05236 -0.21993
   0.35524  0.05223 -0.23098
   0.34842  0.05207 -0.24035
   0.34179  0.05185 -0.23165
   0.33530  0.05159 -0.20464
   0.32892  0.05132 -0.17786
   0.32258  0.05111 -0.16417
   0.31625  0.05098 -0.18073
   0.30988  0.05089 -0.21039
   0.30343  0.05078 -0.23803
   0.29682  0.05061 -0.24046
   0.29002  0.05037 -0.22809
   0.28299  0.05009 -0.21632
   0.27579  0.04982 -0.21518
   0.26847  0.04954 -0.21943
   0.26108  0.04924 -0.22154
   0.25361  0.04892 -0.22059
   0.24607  0.04858 -0.22082
   0.23850  0.04823 -0.22200
   0.23092  0.04786 -0.22265
   0.22333  0.04747 -0.22366
   0.21574  0.04707 -0.22439
   0.20817  0.04664 -0.22644
   0.20063  0.04620 -0.22716
   0.19311  0.04574 -0.22820
   0.18563  0.04526 -0.23163
   0.17820  0.04475 -0.23161
   0.17081  0.04423 -0.23318
   0.16349  0.04368 -0.23588
   0.15624  0.04311 -0.23624
   0.14907  0.04251 -0.23902
   0.14200  0.04189 -0.24001
   0.13503  0.04125 -0.24138
   0.12818  0.04059 -0.24254
   0.12147  0.03990 -0.24322
   0.11493  0.03919 -0.24367
   0.10856  0.03847 -0.24419
   0.10240  0.03773 -0.24422
   0.09647  0.03699 -0.24570
   0.09078  0.03624 -0.24795
   0.08537  0.03550 -0.24715
   0.08024  0.03476 -0.25301
   0.07540  0.03403 -0.25538
   0.07085  0.03331 -0.25977
   0.06658  0.03261 -0.27323
   0.06257  0.03190 -0.27460
   0.05879  0.03120 -0.28656
   0.05523  0.03050 -0.29145
   0.05189  0.02978 -0.29023
   0.04873  0.02906 -0.28468
   0.04574  0.02833 -0.27431
   0.04291  0.02760 -0.26558
   0.04024  0.02687 -0.25118
   0.03771  0.02615 -0.23967
   0.03531  0.02543 -0.23238
   0.03305  0.02471 -0.20797
   0.03089  0.02399 -0.17816
   0.02884  0.02329 -0.15484
   0.02688  0.02260 -0.13982
   0.02502  0.02195 -0.13880
   0.02326  0.02131 -0.13796
   0.02159  0.02067 -0.13766
   0.02000  0.02005 -0.13260
   0.01849  0.01942 -0.12276
   0.01706  0.01880 -0.10534
   0.01569  0.01817 -0.07940
   0.01439  0.01754 -0.05772
   0.01314  0.01692 -0.03515
   0.01194  0.01630 -0.01564
   0.01080  0.01568  0.00253
   0.00971  0.01507  0.01961
   0.00867  0.01445  0.04341
   0.00767  0.01383  0.05917
   0.00672  0.01321  0.08162
   0.00581  0.01258  0.09964
   0.00495  0.01194  0.12818
   0.00414  0.01128  0.14884
   0.00338  0.01061  0.17335
   0.00268  0.00990  0.20341
   0.00207  0.00914  0.31444
   0.00154  0.00835  0.40439
   0.00111  0.00752  0.52586
   0.00078  0.00665  0.66346
   0.00053  0.00577  0.77501
   0.00035  0.00489  0.85623
   0.00022  0.00400  0.91151
   0.00012  0.00312  0.95236
   0.00005  0.00224  0.97737
   0.00001  0.00137  0.99274
  -0.00000  0.00051  0.99957
   0.00001 -0.00034  0.99852
   0.00004 -0.00120  0.99020
   0.00010 -0.00206  0.97438
   0.00020 -0.00292  0.95961
   0.00027 -0.00380  0.92115
   0.00039 -0.00468  0.89016
   0.00054 -0.00556  0.84527
   0.00072 -0.00645  0.79008
   0.00092 -0.00735  0.72843
   0.00115 -0.00824  0.65563
   0.00142 -0.00914  0.56274
   0.00173 -0.01004  0.45937
   0.00207 -0.01094  0.34103
   0.00247 -0.01182  0.17444
   0.00292 -0.01269  0.09450
   0.00342 -0.01356 -0.23394
   0.00402 -0.01437 -0.29844
   0.00470 -0.01514 -0.40584
   0.00546 -0.01587 -0.44423
   0.00629 -0.01657 -0.47638
   0.00717 -0.01724 -0.49098
   0.00811 -0.01789 -0.50917
   0.00910 -0.01851 -0.51049
   0.01015 -0.01912 -0.50932
   0.01125 -0.01971 -0.51169
   0.01240 -0.02029 -0.50651
   0.01361 -0.02086 -0.50266
   0.01488 -0.02142 -0.49718
   0.01621 -0.02198 -0.48454
   0.01761 -0.02253 -0.47840
   0.01908 -0.02307 -0.46440
   0.02063 -0.02362 -0.46086
   0.02226 -0.02417 -0.44952
   0.02397 -0.02472 -0.43591
   0.02579 -0.02528 -0.42988
   0.02770 -0.02584 -0.42071
   0.02973 -0.02641 -0.41407
   0.03189 -0.02700 -0.40744
   0.03419 -0.02759 -0.40210
   0.03663 -0.02820 -0.39245
   0.03924 -0.02882 -0.38689
   0.04203 -0.02945 -0.37713
   0.04502 -0.03011 -0.37141
   0.04822 -0.03078 -0.36648
   0.05165 -0.03148 -0.36396
   0.05533 -0.03220 -0.36033
   0.05925 -0.03293 -0.35803
   0.06344 -0.03368 -0.35403
   0.06789 -0.03445 -0.35270
   0.07262 -0.03522 -0.34861
   0.07761 -0.03600 -0.34781
   0.08288 -0.03679 -0.34512
   0.08842 -0.03758 -0.34248
   0.09419 -0.03836 -0.34006
   0.10019 -0.03914 -0.33859
   0.10638 -0.03991 -0.33825
   0.11276 -0.04065 -0.33779
   0.11929 -0.04138 -0.33749
   0.12594 -0.04208 -0.33660
   0.13272 -0.04276 -0.33596
   0.13959 -0.04340 -0.33492
   0.14656 -0.04401 -0.33222
   0.15362 -0.04460 -0.33086
   0.16075 -0.04515 -0.32731
   0.16794 -0.04567 -0.32536
   0.17519 -0.04616 -0.32231
   0.18248 -0.04663 -0.32059
   0.18981 -0.04706 -0.31866
   0.19717 -0.04747 -0.31752
   0.20456 -0.04785 -0.31357
   0.21197 -0.04820 -0.31292
   0.21942 -0.04852 -0.30902
   0.22690 -0.04882 -0.30664
   0.23441 -0.04909 -0.30211
   0.24195 -0.04934 -0.30018
   0.24951 -0.04956 -0.29830
   0.25708 -0.04977 -0.29521
   0.26468 -0.04995 -0.29406
   0.27229 -0.05011 -0.28997
   0.27991 -0.05024 -0.28868
   0.28756 -0.05036 -0.28540
   0.29522 -0.05046 -0.28360
   0.30289 -0.05054 -0.28186
   0.31057 -0.05060 -0.27989
   0.31825 -0.05064 -0.27780
   0.32595 -0.05066 -0.27635
   0.33364 -0.05066 -0.27495
   0.34135 -0.05065 -0.27325
   0.34906 -0.05061 -0.27165
   0.35677 -0.05056 -0.26996
   0.36448 -0.05048 -0.26844
   0.37219 -0.05039 -0.26698
   0.37990 -0.05028 -0.26509
   0.38761 -0.05015 -0.26385
   0.39532 -0.05001 -0.26265
   0.40302 -0.04984 -0.26139
   0.41072 -0.04966 -0.25942
   0.41842 -0.04945 -0.25893
   0.42610 -0.04923 -0.25767
   0.43378 -0.04899 -0.25704
   0.44144 -0.04873 -0.25501
   0.44910 -0.04845 -0.25457
   0.45674 -0.04815 -0.25313
   0.46437 -0.04783 -0.25252
   0.47199 -0.04749 -0.25092
   0.47960 -0.04713 -0.24916
   0.48720 -0.04674 -0.24796
   0.49478 -0.04634 -0.24633
   0.50235 -0.04590 -0.24404
   0.50991 -0.04545 -0.24293
   0.51745 -0.04497 -0.24037
   0.52498 -0.04447 -0.23807
   0.53250 -0.04395 -0.23604
   0.54000 -0.04340 -0.23357
   0.54749 -0.04282 -0.23082
   0.55497 -0.04222 -0.22777
   0.56243 -0.04159 -0.22424
   0.56987 -0.04093 -0.22098
   0.57730 -0.04025 -0.21739
   0.58471 -0.03954 -0.21337
   0.59210 -0.03881 -0.20926
   0.59948 -0.03804 -0.20493
   0.60683 -0.03724 -0.20042
   0.61417 -0.03642 -0.19428
   0.62149 -0.03556 -0.18966
   0.62879 -0.03468 -0.18250
   0.63608 -0.03376 -0.17691
   0.64335 -0.03281 -0.16885
   0.65061 -0.03183 -0.16188
   0.65786 -0.03081 -0.15340
   0.66510 -0.02976 -0.14460
   0.67232 -0.02867 -0.13494
   0.67954 -0.02755 -0.12495
   0.68676 -0.02640 -0.11445
   0.69397 -0.02520 -0.10337
   0.70117 -0.02398 -0.09071
   0.70838 -0.02271 -0.07811
   0.71559 -0.02141 -0.06471
   0.72281 -0.02007 -0.05044
   0.73004 -0.01870 -0.03578
   0.73728 -0.01729 -0.01980
   0.74453 -0.01584 -0.00237
   0.75180 -0.01436  0.01389
   0.75910 -0.01284  0.03378
   0.76642 -0.01128  0.05172
   0.77378 -0.00969  0.07341
   0.78118 -0.00807  0.09216
   0.78863 -0.00642  0.11554
   0.79611 -0.00475  0.13626
   0.80361 -0.00306  0.16057
   0.81108 -0.00138  0.18338
   0.81847  0.00029  0.20630
   0.82574  0.00191  0.22995
   0.83289  0.00348  0.25187
   0.83991  0.00499  0.27230
   0.84680  0.00644  0.29192
   0.85358  0.00782  0.31127
   0.86023  0.00913  0.32749
   0.86676  0.01036  0.34599
   0.87316  0.01151  0.36012
   0.87944  0.01258  0.37645
   0.88561  0.01356  0.38824
   0.89167  0.01445  0.40042
   0.89763  0.01526  0.41115
   0.90349  0.01599  0.42069
   0.90927  0.01663  0.42845
   0.91493  0.01718  0.43802
   0.92047  0.01765  0.44392
   0.92588  0.01803  0.45208
   0.93120  0.01832  0.45568
   0.93644  0.01853  0.45647
   0.94160  0.01868  0.45936
   0.94662  0.01876  0.46632
   0.95140  0.01879  0.48161
   0.95595  0.01872  0.49127
   0.96030  0.01853  0.49632
   0.96456  0.01820  0.48137
   0.96881  0.01775  0.45383
   0.97308  0.01723  0.42672
   0.97733  0.01672  0.41452
   0.98147  0.01621  0.42762
   0.98549  0.01562  0.43451
   0.98945  0.01488  0.38929
   0.99342  0.01406  0.32459
   0.99738  0.01325  0.29922
   1.00000  0.01271  0.25413
