GRUMMAN K-2 AIRFOIL                             
 Alfa =  -1.30020 Re =        0.000 Xflap,Yflap =     0.000000    0.000000
#    x        y        Cp  
   1.00000  0.01371  0.25422
   0.99740  0.01444  0.09924
   0.99329  0.01549  0.06150
   0.98889  0.01657  0.04618
   0.98423  0.01772  0.00585
   0.97929  0.01890 -0.02910
   0.97409  0.02011 -0.05506
   0.96867  0.02135 -0.08542
   0.96305  0.02259 -0.11194
   0.95727  0.02381 -0.13358
   0.95131  0.02502 -0.15448
   0.94520  0.02620 -0.16955
   0.93893  0.02735 -0.18260
   0.93253  0.02848 -0.19381
   0.92600  0.02957 -0.20098
   0.91932  0.03065 -0.20702
   0.91254  0.03170 -0.21397
   0.90568  0.03272 -0.22257
   0.89876  0.03372 -0.23001
   0.89181  0.03467 -0.23808
   0.88484  0.03559 -0.24404
   0.87782  0.03647 -0.24668
   0.87073  0.03731 -0.24779
   0.86355  0.03812 -0.24890
   0.85628  0.03891 -0.24766
   0.84891  0.03968 -0.24677
   0.84146  0.04044 -0.24672
   0.83396  0.04117 -0.24664
   0.82645  0.04190 -0.25236
   0.81896  0.04260 -0.25725
   0.81149  0.04327 -0.26082
   0.80402  0.04391 -0.26334
   0.79655  0.04452 -0.26575
   0.78909  0.04510 -0.26795
   0.78162  0.04565 -0.26865
   0.77414  0.04617 -0.26818
   0.76665  0.04666 -0.26855
   0.75914  0.04713 -0.26733
   0.75161  0.04756 -0.26550
   0.74405  0.04798 -0.26378
   0.73646  0.04837 -0.26083
   0.72884  0.04874 -0.25840
   0.72118  0.04909 -0.25552
   0.71350  0.04943 -0.25219
   0.70580  0.04974 -0.25038
   0.69806  0.05004 -0.24738
   0.69030  0.05033 -0.24529
   0.68252  0.05060 -0.24322
   0.67473  0.05086 -0.24141
   0.66693  0.05111 -0.23921
   0.65911  0.05135 -0.23797
   0.65129  0.05157 -0.23645
   0.64347  0.05178 -0.23441
   0.63563  0.05197 -0.23329
   0.62779  0.05216 -0.23177
   0.61994  0.05233 -0.22969
   0.61208  0.05249 -0.22918
   0.60421  0.05264 -0.22665
   0.59633  0.05278 -0.22580
   0.58846  0.05291 -0.22458
   0.58058  0.05303 -0.22394
   0.57270  0.05314 -0.22269
   0.56482  0.05324 -0.22179
   0.55693  0.05333 -0.22069
   0.54904  0.05340 -0.22002
   0.54115  0.05347 -0.21858
   0.53326  0.05353 -0.21822
   0.52537  0.05358 -0.21686
   0.51748  0.05361 -0.21593
   0.50958  0.05364 -0.21563
   0.50169  0.05366 -0.21400
   0.49380  0.05367 -0.21434
   0.48590  0.05367 -0.21266
   0.47801  0.05366 -0.21300
   0.47012  0.05363 -0.21196
   0.46224  0.05360 -0.21119
   0.45437  0.05356 -0.21055
   0.44650  0.05351 -0.21000
   0.43864  0.05345 -0.20887
   0.43079  0.05338 -0.20861
   0.42295  0.05330 -0.20828
   0.41514  0.05321 -0.20788
   0.40737  0.05312 -0.20849
   0.39966  0.05301 -0.20784
   0.39202  0.05289 -0.20902
   0.38445  0.05276 -0.20605
   0.37694  0.05262 -0.20340
   0.36954  0.05249 -0.20237
   0.36229  0.05236 -0.20945
   0.35524  0.05223 -0.22023
   0.34842  0.05207 -0.22938
   0.34179  0.05185 -0.22058
   0.33530  0.05159 -0.19366
   0.32892  0.05132 -0.16698
   0.32258  0.05111 -0.15325
   0.31625  0.05098 -0.16951
   0.30988  0.05089 -0.19873
   0.30343  0.05078 -0.22590
   0.29682  0.05061 -0.22814
   0.29002  0.05037 -0.21568
   0.28299  0.05009 -0.20382
   0.27579  0.04982 -0.20246
   0.26847  0.04954 -0.20644
   0.26108  0.04924 -0.20830
   0.25361  0.04892 -0.20709
   0.24607  0.04858 -0.20704
   0.23850  0.04823 -0.20795
   0.23092  0.04786 -0.20827
   0.22333  0.04747 -0.20897
   0.21574  0.04707 -0.20938
   0.20817  0.04664 -0.21105
   0.20063  0.04620 -0.21142
   0.19311  0.04574 -0.21208
   0.18563  0.04526 -0.21507
   0.17820  0.04475 -0.21465
   0.17081  0.04423 -0.21576
   0.16349  0.04368 -0.21797
   0.15624  0.04311 -0.21785
   0.14907  0.04251 -0.22008
   0.14200  0.04189 -0.22053
   0.13503  0.04125 -0.22131
   0.12818  0.04059 -0.22186
   0.12147  0.03990 -0.22190
   0.11493  0.03919 -0.22168
   0.10856  0.03847 -0.22149
   0.10240  0.03773 -0.22079
   0.09647  0.03699 -0.22148
   0.09078  0.03624 -0.22290
   0.08537  0.03550 -0.22127
   0.08024  0.03476 -0.22617
   0.07540  0.03403 -0.22757
   0.07085  0.03331 -0.23097
   0.06658  0.03261 -0.24315
   0.06257  0.03190 -0.24352
   0.05879  0.03120 -0.25413
   0.05523  0.03050 -0.25786
   0.05189  0.02978 -0.25556
   0.04873  0.02906 -0.24902
   0.04574  0.02833 -0.23776
   0.04291  0.02760 -0.22809
   0.04024  0.02687 -0.21289
   0.03771  0.02615 -0.20047
   0.03531  0.02543 -0.19211
   0.03305  0.02471 -0.16716
   0.03089  0.02399 -0.13699
   0.02884  0.02329 -0.11315
   0.02688  0.02260 -0.09724
   0.02502  0.02195 -0.09480
   0.02326  0.02131 -0.09243
   0.02159  0.02067 -0.09053
   0.02000  0.02005 -0.08395
   0.01849  0.01942 -0.07270
   0.01706  0.01880 -0.05420
   0.01569  0.01817 -0.02745
   0.01439  0.01754 -0.00483
   0.01314  0.01692  0.01881
   0.01194  0.01630  0.03962
   0.01080  0.01568  0.05925
   0.00971  0.01507  0.07790
   0.00867  0.01445  0.10320
   0.00767  0.01383  0.12091
   0.00672  0.01321  0.14538
   0.00581  0.01258  0.16582
   0.00495  0.01194  0.19658
   0.00414  0.01128  0.22025
   0.00338  0.01061  0.24841
   0.00268  0.00990  0.28216
   0.00207  0.00914  0.38940
   0.00154  0.00835  0.47701
   0.00111  0.00752  0.59155
   0.00078  0.00665  0.71717
   0.00053  0.00577  0.81711
   0.00035  0.00489  0.88839
   0.00022  0.00400  0.93571
   0.00012  0.00312  0.96926
   0.00005  0.00224  0.98827
   0.00001  0.00137  0.99809
  -0.00000  0.00051  0.99957
   0.00001 -0.00034  0.99376
   0.00004 -0.00120  0.98055
   0.00010 -0.00206  0.95951
   0.00020 -0.00292  0.94301
   0.00027 -0.00380  0.89622
   0.00039 -0.00468  0.86218
   0.00054 -0.00556  0.81218
   0.00072 -0.00645  0.75161
   0.00092 -0.00735  0.68476
   0.00115 -0.00824  0.60640
   0.00142 -0.00914  0.50692
   0.00173 -0.01004  0.39678
   0.00207 -0.01094  0.27162
   0.00247 -0.01182  0.09495
   0.00292 -0.01269  0.01387
   0.00342 -0.01356 -0.33548
   0.00402 -0.01437 -0.39726
   0.00470 -0.01514 -0.50608
   0.00546 -0.01587 -0.54068
   0.00629 -0.01657 -0.56947
   0.00717 -0.01724 -0.57999
   0.00811 -0.01789 -0.59481
   0.00910 -0.01851 -0.59232
   0.01015 -0.01912 -0.58749
   0.01125 -0.01971 -0.58668
   0.01240 -0.02029 -0.57834
   0.01361 -0.02086 -0.57155
   0.01488 -0.02142 -0.56325
   0.01621 -0.02198 -0.54776
   0.01761 -0.02253 -0.53911
   0.01908 -0.02307 -0.52263
   0.02063 -0.02362 -0.51693
   0.02226 -0.02417 -0.50339
   0.02397 -0.02472 -0.48762
   0.02579 -0.02528 -0.47969
   0.02770 -0.02584 -0.46869
   0.02973 -0.02641 -0.46034
   0.03189 -0.02700 -0.45207
   0.03419 -0.02759 -0.44516
   0.03663 -0.02820 -0.43393
   0.03924 -0.02882 -0.42689
   0.04203 -0.02945 -0.41563
   0.04502 -0.03011 -0.40854
   0.04822 -0.03078 -0.40231
   0.05165 -0.03148 -0.39857
   0.05533 -0.03220 -0.39374
   0.05925 -0.03293 -0.39029
   0.06344 -0.03368 -0.38516
   0.06789 -0.03445 -0.38275
   0.07262 -0.03522 -0.37762
   0.07761 -0.03600 -0.37583
   0.08288 -0.03679 -0.37217
   0.08842 -0.03758 -0.36861
   0.09419 -0.03836 -0.36530
   0.10019 -0.03914 -0.36300
   0.10638 -0.03991 -0.36189
   0.11276 -0.04065 -0.36070
   0.11929 -0.04138 -0.35971
   0.12594 -0.04208 -0.35815
   0.13272 -0.04276 -0.35689
   0.13959 -0.04340 -0.35525
   0.14656 -0.04401 -0.35196
   0.15362 -0.04460 -0.35006
   0.16075 -0.04515 -0.34596
   0.16794 -0.04567 -0.34352
   0.17519 -0.04616 -0.33998
   0.18248 -0.04663 -0.33781
   0.18981 -0.04706 -0.33546
   0.19717 -0.04747 -0.33390
   0.20456 -0.04785 -0.32956
   0.21197 -0.04820 -0.32854
   0.21942 -0.04852 -0.32426
   0.22690 -0.04882 -0.32153
   0.23441 -0.04909 -0.31665
   0.24195 -0.04934 -0.31439
   0.24951 -0.04956 -0.31221
   0.25708 -0.04977 -0.30882
   0.26468 -0.04995 -0.30739
   0.27229 -0.05011 -0.30300
   0.27991 -0.05024 -0.30145
   0.28756 -0.05036 -0.29791
   0.29522 -0.05046 -0.29586
   0.30289 -0.05054 -0.29388
   0.31057 -0.05060 -0.29167
   0.31825 -0.05064 -0.28938
   0.32595 -0.05066 -0.28768
   0.33364 -0.05066 -0.28608
   0.34135 -0.05065 -0.28417
   0.34906 -0.05061 -0.28238
   0.35677 -0.05056 -0.28048
   0.36448 -0.05048 -0.27876
   0.37219 -0.05039 -0.27715
   0.37990 -0.05028 -0.27504
   0.38761 -0.05015 -0.27367
   0.39532 -0.05001 -0.27227
   0.40302 -0.04984 -0.27085
   0.41072 -0.04966 -0.26873
   0.41842 -0.04945 -0.26806
   0.42610 -0.04923 -0.26664
   0.43378 -0.04899 -0.26587
   0.44144 -0.04873 -0.26370
   0.44910 -0.04845 -0.26310
   0.45674 -0.04815 -0.26153
   0.46437 -0.04783 -0.26077
   0.47199 -0.04749 -0.25903
   0.47960 -0.04713 -0.25714
   0.48720 -0.04674 -0.25579
   0.49478 -0.04634 -0.25404
   0.50235 -0.04590 -0.25162
   0.50991 -0.04545 -0.25035
   0.51745 -0.04497 -0.24770
   0.52498 -0.04447 -0.24524
   0.53250 -0.04395 -0.24310
   0.54000 -0.04340 -0.24049
   0.54749 -0.04282 -0.23763
   0.55497 -0.04222 -0.23446
   0.56243 -0.04159 -0.23078
   0.56987 -0.04093 -0.22742
   0.57730 -0.04025 -0.22371
   0.58471 -0.03954 -0.21954
   0.59210 -0.03881 -0.21533
   0.59948 -0.03804 -0.21087
   0.60683 -0.03724 -0.20625
   0.61417 -0.03642 -0.19999
   0.62149 -0.03556 -0.19524
   0.62879 -0.03468 -0.18795
   0.63608 -0.03376 -0.18224
   0.64335 -0.03281 -0.17407
   0.65061 -0.03183 -0.16695
   0.65786 -0.03081 -0.15837
   0.66510 -0.02976 -0.14944
   0.67232 -0.02867 -0.13964
   0.67954 -0.02755 -0.12951
   0.68676 -0.02640 -0.11894
   0.69397 -0.02520 -0.10770
   0.70117 -0.02398 -0.09492
   0.70838 -0.02271 -0.08218
   0.71559 -0.02141 -0.06865
   0.72281 -0.02007 -0.05426
   0.73004 -0.01870 -0.03949
   0.73728 -0.01729 -0.02336
   0.74453 -0.01584 -0.00576
   0.75180 -0.01436  0.01058
   0.75910 -0.01284  0.03059
   0.76642 -0.01128  0.04870
   0.77378 -0.00969  0.07052
   0.78118 -0.00807  0.08938
   0.78863 -0.00642  0.11288
   0.79611 -0.00475  0.13376
   0.80361 -0.00306  0.15819
   0.81108 -0.00138  0.18113
   0.81847  0.00029  0.20414
   0.82574  0.00191  0.22793
   0.83289  0.00348  0.24995
   0.83991  0.00499  0.27050
   0.84680  0.00644  0.29020
   0.85358  0.00782  0.30963
   0.86023  0.00913  0.32595
   0.86676  0.01036  0.34455
   0.87316  0.01151  0.35868
   0.87944  0.01258  0.37515
   0.88561  0.01356  0.38699
   0.89167  0.01445  0.39922
   0.89763  0.01526  0.41003
   0.90349  0.01599  0.41958
   0.90927  0.01663  0.42740
   0.91493  0.01718  0.43706
   0.92047  0.01765  0.44293
   0.92588  0.01803  0.45121
   0.93120  0.01832  0.45481
   0.93644  0.01853  0.45565
   0.94160  0.01868  0.45858
   0.94662  0.01876  0.46552
   0.95140  0.01879  0.48093
   0.95595  0.01872  0.49059
   0.96030  0.01853  0.49569
   0.96456  0.01820  0.48078
   0.96881  0.01775  0.45320
   0.97308  0.01723  0.42611
   0.97733  0.01672  0.41392
   0.98147  0.01621  0.42712
   0.98549  0.01562  0.43407
   0.98945  0.01488  0.38883
   0.99342  0.01406  0.32413
   0.99738  0.01325  0.29885
   1.00000  0.01271  0.25422
