GRUMMAN K-2 AIRFOIL                             
 Alfa =  -1.26090 Re =        0.000 Xflap,Yflap =     0.000000    0.000000
#    x        y        Cp  
   1.00000  0.01371  0.25420
   0.99740  0.01444  0.09919
   0.99329  0.01549  0.06143
   0.98889  0.01657  0.04607
   0.98423  0.01772  0.00569
   0.97929  0.01890 -0.02928
   0.97409  0.02011 -0.05526
   0.96867  0.02135 -0.08566
   0.96305  0.02259 -0.11221
   0.95727  0.02381 -0.13387
   0.95131  0.02502 -0.15481
   0.94520  0.02620 -0.16991
   0.93893  0.02735 -0.18299
   0.93253  0.02848 -0.19423
   0.92600  0.02957 -0.20142
   0.91932  0.03065 -0.20749
   0.91254  0.03170 -0.21445
   0.90568  0.03272 -0.22310
   0.89876  0.03372 -0.23054
   0.89181  0.03467 -0.23866
   0.88484  0.03559 -0.24463
   0.87782  0.03647 -0.24729
   0.87073  0.03731 -0.24843
   0.86355  0.03812 -0.24956
   0.85628  0.03891 -0.24833
   0.84891  0.03968 -0.24747
   0.84146  0.04044 -0.24744
   0.83396  0.04117 -0.24739
   0.82645  0.04190 -0.25312
   0.81896  0.04260 -0.25805
   0.81149  0.04327 -0.26163
   0.80402  0.04391 -0.26417
   0.79655  0.04452 -0.26662
   0.78909  0.04510 -0.26882
   0.78162  0.04565 -0.26956
   0.77414  0.04617 -0.26910
   0.76665  0.04666 -0.26950
   0.75914  0.04713 -0.26829
   0.75161  0.04756 -0.26648
   0.74405  0.04798 -0.26477
   0.73646  0.04837 -0.26185
   0.72884  0.04874 -0.25944
   0.72118  0.04909 -0.25657
   0.71350  0.04943 -0.25327
   0.70580  0.04974 -0.25148
   0.69806  0.05004 -0.24848
   0.69030  0.05033 -0.24643
   0.68252  0.05060 -0.24436
   0.67473  0.05086 -0.24258
   0.66693  0.05111 -0.24040
   0.65911  0.05135 -0.23917
   0.65129  0.05157 -0.23768
   0.64347  0.05178 -0.23565
   0.63563  0.05197 -0.23456
   0.62779  0.05216 -0.23305
   0.61994  0.05233 -0.23100
   0.61208  0.05249 -0.23050
   0.60421  0.05264 -0.22799
   0.59633  0.05278 -0.22717
   0.58846  0.05291 -0.22597
   0.58058  0.05303 -0.22535
   0.57270  0.05314 -0.22413
   0.56482  0.05324 -0.22324
   0.55693  0.05333 -0.22217
   0.54904  0.05340 -0.22152
   0.54115  0.05347 -0.22010
   0.53326  0.05353 -0.21977
   0.52537  0.05358 -0.21843
   0.51748  0.05361 -0.21753
   0.50958  0.05364 -0.21724
   0.50169  0.05366 -0.21564
   0.49380  0.05367 -0.21601
   0.48590  0.05367 -0.21435
   0.47801  0.05366 -0.21472
   0.47012  0.05363 -0.21370
   0.46224  0.05360 -0.21296
   0.45437  0.05356 -0.21235
   0.44650  0.05351 -0.21182
   0.43864  0.05345 -0.21073
   0.43079  0.05338 -0.21050
   0.42295  0.05330 -0.21019
   0.41514  0.05321 -0.20983
   0.40737  0.05312 -0.21046
   0.39966  0.05301 -0.20985
   0.39202  0.05289 -0.21106
   0.38445  0.05276 -0.20812
   0.37694  0.05262 -0.20549
   0.36954  0.05249 -0.20450
   0.36229  0.05236 -0.21163
   0.35524  0.05223 -0.22246
   0.34842  0.05207 -0.23166
   0.34179  0.05185 -0.22288
   0.33530  0.05159 -0.19594
   0.32892  0.05132 -0.16924
   0.32258  0.05111 -0.15552
   0.31625  0.05098 -0.17184
   0.30988  0.05089 -0.20115
   0.30343  0.05078 -0.22842
   0.29682  0.05061 -0.23070
   0.29002  0.05037 -0.21825
   0.28299  0.05009 -0.20641
   0.27579  0.04982 -0.20510
   0.26847  0.04954 -0.20913
   0.26108  0.04924 -0.21104
   0.25361  0.04892 -0.20989
   0.24607  0.04858 -0.20990
   0.23850  0.04823 -0.21086
   0.23092  0.04786 -0.21125
   0.22333  0.04747 -0.21202
   0.21574  0.04707 -0.21249
   0.20817  0.04664 -0.21424
   0.20063  0.04620 -0.21468
   0.19311  0.04574 -0.21543
   0.18563  0.04526 -0.21850
   0.17820  0.04475 -0.21816
   0.17081  0.04423 -0.21937
   0.16349  0.04368 -0.22168
   0.15624  0.04311 -0.22166
   0.14907  0.04251 -0.22400
   0.14200  0.04189 -0.22456
   0.13503  0.04125 -0.22547
   0.12818  0.04059 -0.22614
   0.12147  0.03990 -0.22631
   0.11493  0.03919 -0.22623
   0.10856  0.03847 -0.22619
   0.10240  0.03773 -0.22564
   0.09647  0.03699 -0.22650
   0.09078  0.03624 -0.22809
   0.08537  0.03550 -0.22662
   0.08024  0.03476 -0.23172
   0.07540  0.03403 -0.23333
   0.07085  0.03331 -0.23693
   0.06658  0.03261 -0.24937
   0.06257  0.03190 -0.24994
   0.05879  0.03120 -0.26084
   0.05523  0.03050 -0.26480
   0.05189  0.02978 -0.26272
   0.04873  0.02906 -0.25639
   0.04574  0.02833 -0.24531
   0.04291  0.02760 -0.23583
   0.04024  0.02687 -0.22080
   0.03771  0.02615 -0.20857
   0.03531  0.02543 -0.20042
   0.03305  0.02471 -0.17559
   0.03089  0.02399 -0.14549
   0.02884  0.02329 -0.12175
   0.02688  0.02260 -0.10602
   0.02502  0.02195 -0.10387
   0.02326  0.02131 -0.10181
   0.02159  0.02067 -0.10024
   0.02000  0.02005 -0.09397
   0.01849  0.01942 -0.08300
   0.01706  0.01880 -0.06473
   0.01569  0.01817 -0.03814
   0.01439  0.01754 -0.01571
   0.01314  0.01692  0.00771
   0.01194  0.01630  0.02827
   0.01080  0.01568  0.04761
   0.00971  0.01507  0.06594
   0.00867  0.01445  0.09094
   0.00767  0.01383  0.10826
   0.00672  0.01321  0.13232
   0.00581  0.01258  0.15228
   0.00495  0.01194  0.18260
   0.00414  0.01128  0.20567
   0.00338  0.01061  0.23311
   0.00268  0.00990  0.26614
   0.00207  0.00914  0.37418
   0.00154  0.00835  0.46231
   0.00111  0.00752  0.57830
   0.00078  0.00665  0.70640
   0.00053  0.00577  0.80872
   0.00035  0.00489  0.88205
   0.00022  0.00400  0.93100
   0.00012  0.00312  0.96606
   0.00005  0.00224  0.98630
   0.00001  0.00137  0.99726
  -0.00000  0.00051  0.99985
   0.00001 -0.00034  0.99502
   0.00004 -0.00120  0.98283
   0.00010 -0.00206  0.96288
   0.00020 -0.00292  0.94669
   0.00027 -0.00380  0.90168
   0.00039 -0.00468  0.86825
   0.00054 -0.00556  0.81932
   0.00072 -0.00645  0.75987
   0.00092 -0.00735  0.69410
   0.00115 -0.00824  0.61690
   0.00142 -0.00914  0.51879
   0.00173 -0.01004  0.41006
   0.00207 -0.01094  0.28632
   0.00247 -0.01182  0.11176
   0.00292 -0.01269  0.03090
   0.00342 -0.01356 -0.31406
   0.00402 -0.01437 -0.37644
   0.00470 -0.01514 -0.48498
   0.00546 -0.01587 -0.52039
   0.00629 -0.01657 -0.54991
   0.00717 -0.01724 -0.56129
   0.00811 -0.01789 -0.57683
   0.00910 -0.01851 -0.57515
   0.01015 -0.01912 -0.57109
   0.01125 -0.01971 -0.57096
   0.01240 -0.02029 -0.56328
   0.01361 -0.02086 -0.55712
   0.01488 -0.02142 -0.54941
   0.01621 -0.02198 -0.53452
   0.01761 -0.02253 -0.52640
   0.01908 -0.02307 -0.51044
   0.02063 -0.02362 -0.50520
   0.02226 -0.02417 -0.49212
   0.02397 -0.02472 -0.47681
   0.02579 -0.02528 -0.46928
   0.02770 -0.02584 -0.45866
   0.02973 -0.02641 -0.45067
   0.03189 -0.02700 -0.44275
   0.03419 -0.02759 -0.43617
   0.03663 -0.02820 -0.42526
   0.03924 -0.02882 -0.41854
   0.04203 -0.02945 -0.40760
   0.04502 -0.03011 -0.40079
   0.04822 -0.03078 -0.39483
   0.05165 -0.03148 -0.39135
   0.05533 -0.03220 -0.38677
   0.05925 -0.03293 -0.38356
   0.06344 -0.03368 -0.37867
   0.06789 -0.03445 -0.37649
   0.07262 -0.03522 -0.37157
   0.07761 -0.03600 -0.36999
   0.08288 -0.03679 -0.36653
   0.08842 -0.03758 -0.36317
   0.09419 -0.03836 -0.36004
   0.10019 -0.03914 -0.35792
   0.10638 -0.03991 -0.35697
   0.11276 -0.04065 -0.35593
   0.11929 -0.04138 -0.35508
   0.12594 -0.04208 -0.35366
   0.13272 -0.04276 -0.35253
   0.13959 -0.04340 -0.35102
   0.14656 -0.04401 -0.34785
   0.15362 -0.04460 -0.34606
   0.16075 -0.04515 -0.34208
   0.16794 -0.04567 -0.33974
   0.17519 -0.04616 -0.33630
   0.18248 -0.04663 -0.33422
   0.18981 -0.04706 -0.33196
   0.19717 -0.04747 -0.33050
   0.20456 -0.04785 -0.32623
   0.21197 -0.04820 -0.32529
   0.21942 -0.04852 -0.32109
   0.22690 -0.04882 -0.31843
   0.23441 -0.04909 -0.31363
   0.24195 -0.04934 -0.31144
   0.24951 -0.04956 -0.30932
   0.25708 -0.04977 -0.30599
   0.26468 -0.04995 -0.30462
   0.27229 -0.05011 -0.30029
   0.27991 -0.05024 -0.29879
   0.28756 -0.05036 -0.29531
   0.29522 -0.05046 -0.29331
   0.30289 -0.05054 -0.29138
   0.31057 -0.05060 -0.28922
   0.31825 -0.05064 -0.28697
   0.32595 -0.05066 -0.28532
   0.33364 -0.05066 -0.28377
   0.34135 -0.05065 -0.28190
   0.34906 -0.05061 -0.28015
   0.35677 -0.05056 -0.27829
   0.36448 -0.05048 -0.27662
   0.37219 -0.05039 -0.27504
   0.37990 -0.05028 -0.27298
   0.38761 -0.05015 -0.27163
   0.39532 -0.05001 -0.27027
   0.40302 -0.04984 -0.26888
   0.41072 -0.04966 -0.26679
   0.41842 -0.04945 -0.26616
   0.42610 -0.04923 -0.26478
   0.43378 -0.04899 -0.26403
   0.44144 -0.04873 -0.26190
   0.44910 -0.04845 -0.26133
   0.45674 -0.04815 -0.25978
   0.46437 -0.04783 -0.25905
   0.47199 -0.04749 -0.25735
   0.47960 -0.04713 -0.25548
   0.48720 -0.04674 -0.25417
   0.49478 -0.04634 -0.25244
   0.50235 -0.04590 -0.25004
   0.50991 -0.04545 -0.24881
   0.51745 -0.04497 -0.24618
   0.52498 -0.04447 -0.24375
   0.53250 -0.04395 -0.24163
   0.54000 -0.04340 -0.23905
   0.54749 -0.04282 -0.23621
   0.55497 -0.04222 -0.23307
   0.56243 -0.04159 -0.22943
   0.56987 -0.04093 -0.22609
   0.57730 -0.04025 -0.22240
   0.58471 -0.03954 -0.21826
   0.59210 -0.03881 -0.21407
   0.59948 -0.03804 -0.20964
   0.60683 -0.03724 -0.20504
   0.61417 -0.03642 -0.19880
   0.62149 -0.03556 -0.19408
   0.62879 -0.03468 -0.18682
   0.63608 -0.03376 -0.18113
   0.64335 -0.03281 -0.17299
   0.65061 -0.03183 -0.16590
   0.65786 -0.03081 -0.15734
   0.66510 -0.02976 -0.14844
   0.67232 -0.02867 -0.13867
   0.67954 -0.02755 -0.12856
   0.68676 -0.02640 -0.11801
   0.69397 -0.02520 -0.10680
   0.70117 -0.02398 -0.09404
   0.70838 -0.02271 -0.08133
   0.71559 -0.02141 -0.06783
   0.72281 -0.02007 -0.05347
   0.73004 -0.01870 -0.03872
   0.73728 -0.01729 -0.02262
   0.74453 -0.01584 -0.00506
   0.75180 -0.01436  0.01126
   0.75910 -0.01284  0.03125
   0.76642 -0.01128  0.04933
   0.77378 -0.00969  0.07112
   0.78118 -0.00807  0.08996
   0.78863 -0.00642  0.11343
   0.79611 -0.00475  0.13428
   0.80361 -0.00306  0.15868
   0.81108 -0.00138  0.18160
   0.81847  0.00029  0.20458
   0.82574  0.00191  0.22834
   0.83289  0.00348  0.25035
   0.83991  0.00499  0.27087
   0.84680  0.00644  0.29056
   0.85358  0.00782  0.30997
   0.86023  0.00913  0.32626
   0.86676  0.01036  0.34485
   0.87316  0.01151  0.35898
   0.87944  0.01258  0.37542
   0.88561  0.01356  0.38725
   0.89167  0.01445  0.39947
   0.89763  0.01526  0.41026
   0.90349  0.01599  0.41981
   0.90927  0.01663  0.42762
   0.91493  0.01718  0.43726
   0.92047  0.01765  0.44314
   0.92588  0.01803  0.45139
   0.93120  0.01832  0.45499
   0.93644  0.01853  0.45582
   0.94160  0.01868  0.45874
   0.94662  0.01876  0.46569
   0.95140  0.01879  0.48107
   0.95595  0.01872  0.49073
   0.96030  0.01853  0.49582
   0.96456  0.01820  0.48090
   0.96881  0.01775  0.45333
   0.97308  0.01723  0.42624
   0.97733  0.01672  0.41404
   0.98147  0.01621  0.42722
   0.98549  0.01562  0.43416
   0.98945  0.01488  0.38892
   0.99342  0.01406  0.32423
   0.99738  0.01325  0.29893
   1.00000  0.01271  0.25420
