GRUMMAN K-2 AIRFOIL                             
 Alfa =  -1.32240 Re =        0.000 Xflap,Yflap =     0.000000    0.000000
#    x        y        Cp  
   1.00000  0.01371  0.25423
   0.99740  0.01444  0.09927
   0.99329  0.01549  0.06154
   0.98889  0.01657  0.04625
   0.98423  0.01772  0.00594
   0.97929  0.01890 -0.02900
   0.97409  0.02011 -0.05494
   0.96867  0.02135 -0.08528
   0.96305  0.02259 -0.11178
   0.95727  0.02381 -0.13341
   0.95131  0.02502 -0.15429
   0.94520  0.02620 -0.16934
   0.93893  0.02735 -0.18238
   0.93253  0.02848 -0.19357
   0.92600  0.02957 -0.20074
   0.91932  0.03065 -0.20675
   0.91254  0.03170 -0.21369
   0.90568  0.03272 -0.22227
   0.89876  0.03372 -0.22970
   0.89181  0.03467 -0.23776
   0.88484  0.03559 -0.24370
   0.87782  0.03647 -0.24633
   0.87073  0.03731 -0.24743
   0.86355  0.03812 -0.24852
   0.85628  0.03891 -0.24728
   0.84891  0.03968 -0.24637
   0.84146  0.04044 -0.24632
   0.83396  0.04117 -0.24622
   0.82645  0.04190 -0.25193
   0.81896  0.04260 -0.25681
   0.81149  0.04327 -0.26035
   0.80402  0.04391 -0.26287
   0.79655  0.04452 -0.26526
   0.78909  0.04510 -0.26746
   0.78162  0.04565 -0.26814
   0.77414  0.04617 -0.26766
   0.76665  0.04666 -0.26801
   0.75914  0.04713 -0.26678
   0.75161  0.04756 -0.26495
   0.74405  0.04798 -0.26322
   0.73646  0.04837 -0.26025
   0.72884  0.04874 -0.25782
   0.72118  0.04909 -0.25492
   0.71350  0.04943 -0.25159
   0.70580  0.04974 -0.24977
   0.69806  0.05004 -0.24676
   0.69030  0.05033 -0.24465
   0.68252  0.05060 -0.24258
   0.67473  0.05086 -0.24075
   0.66693  0.05111 -0.23854
   0.65911  0.05135 -0.23729
   0.65129  0.05157 -0.23576
   0.64347  0.05178 -0.23371
   0.63563  0.05197 -0.23258
   0.62779  0.05216 -0.23104
   0.61994  0.05233 -0.22895
   0.61208  0.05249 -0.22843
   0.60421  0.05264 -0.22588
   0.59633  0.05278 -0.22503
   0.58846  0.05291 -0.22379
   0.58058  0.05303 -0.22314
   0.57270  0.05314 -0.22189
   0.56482  0.05324 -0.22097
   0.55693  0.05333 -0.21986
   0.54904  0.05340 -0.21917
   0.54115  0.05347 -0.21772
   0.53326  0.05353 -0.21735
   0.52537  0.05358 -0.21597
   0.51748  0.05361 -0.21503
   0.50958  0.05364 -0.21471
   0.50169  0.05366 -0.21307
   0.49380  0.05367 -0.21340
   0.48590  0.05367 -0.21170
   0.47801  0.05366 -0.21202
   0.47012  0.05363 -0.21097
   0.46224  0.05360 -0.21018
   0.45437  0.05356 -0.20953
   0.44650  0.05351 -0.20896
   0.43864  0.05345 -0.20783
   0.43079  0.05338 -0.20755
   0.42295  0.05330 -0.20720
   0.41514  0.05321 -0.20679
   0.40737  0.05312 -0.20737
   0.39966  0.05301 -0.20670
   0.39202  0.05289 -0.20787
   0.38445  0.05276 -0.20488
   0.37694  0.05262 -0.20221
   0.36954  0.05249 -0.20116
   0.36229  0.05236 -0.20822
   0.35524  0.05223 -0.21897
   0.34842  0.05207 -0.22810
   0.34179  0.05185 -0.21928
   0.33530  0.05159 -0.19237
   0.32892  0.05132 -0.16571
   0.32258  0.05111 -0.15197
   0.31625  0.05098 -0.16820
   0.30988  0.05089 -0.19736
   0.30343  0.05078 -0.22448
   0.29682  0.05061 -0.22670
   0.29002  0.05037 -0.21422
   0.28299  0.05009 -0.20236
   0.27579  0.04982 -0.20097
   0.26847  0.04954 -0.20492
   0.26108  0.04924 -0.20675
   0.25361  0.04892 -0.20551
   0.24607  0.04858 -0.20543
   0.23850  0.04823 -0.20630
   0.23092  0.04786 -0.20659
   0.22333  0.04747 -0.20725
   0.21574  0.04707 -0.20762
   0.20817  0.04664 -0.20925
   0.20063  0.04620 -0.20958
   0.19311  0.04574 -0.21020
   0.18563  0.04526 -0.21313
   0.17820  0.04475 -0.21266
   0.17081  0.04423 -0.21372
   0.16349  0.04368 -0.21588
   0.15624  0.04311 -0.21570
   0.14907  0.04251 -0.21786
   0.14200  0.04189 -0.21825
   0.13503  0.04125 -0.21897
   0.12818  0.04059 -0.21944
   0.12147  0.03990 -0.21940
   0.11493  0.03919 -0.21911
   0.10856  0.03847 -0.21884
   0.10240  0.03773 -0.21806
   0.09647  0.03699 -0.21866
   0.09078  0.03624 -0.21998
   0.08537  0.03550 -0.21825
   0.08024  0.03476 -0.22304
   0.07540  0.03403 -0.22433
   0.07085  0.03331 -0.22761
   0.06658  0.03261 -0.23964
   0.06257  0.03190 -0.23989
   0.05879  0.03120 -0.25036
   0.05523  0.03050 -0.25394
   0.05189  0.02978 -0.25152
   0.04873  0.02906 -0.24487
   0.04574  0.02833 -0.23351
   0.04291  0.02760 -0.22373
   0.04024  0.02687 -0.20844
   0.03771  0.02615 -0.19592
   0.03531  0.02543 -0.18742
   0.03305  0.02471 -0.16242
   0.03089  0.02399 -0.13221
   0.02884  0.02329 -0.10831
   0.02688  0.02260 -0.09229
   0.02502  0.02195 -0.08969
   0.02326  0.02131 -0.08715
   0.02159  0.02067 -0.08507
   0.02000  0.02005 -0.07831
   0.01849  0.01942 -0.06690
   0.01706  0.01880 -0.04828
   0.01569  0.01817 -0.02144
   0.01439  0.01754  0.00129
   0.01314  0.01692  0.02504
   0.01194  0.01630  0.04600
   0.01080  0.01568  0.06580
   0.00971  0.01507  0.08462
   0.00867  0.01445  0.11009
   0.00767  0.01383  0.12802
   0.00672  0.01321  0.15271
   0.00581  0.01258  0.17342
   0.00495  0.01194  0.20443
   0.00414  0.01128  0.22843
   0.00338  0.01061  0.25699
   0.00268  0.00990  0.29113
   0.00207  0.00914  0.39791
   0.00154  0.00835  0.48523
   0.00111  0.00752  0.59893
   0.00078  0.00665  0.72317
   0.00053  0.00577  0.82176
   0.00035  0.00489  0.89190
   0.00022  0.00400  0.93829
   0.00012  0.00312  0.97101
   0.00005  0.00224  0.98932
   0.00001  0.00137  0.99849
  -0.00000  0.00051  0.99935
   0.00001 -0.00034  0.99298
   0.00004 -0.00120  0.97921
   0.00010 -0.00206  0.95755
   0.00020 -0.00292  0.94087
   0.00027 -0.00380  0.89307
   0.00039 -0.00468  0.85869
   0.00054 -0.00556  0.80809
   0.00072 -0.00645  0.74689
   0.00092 -0.00735  0.67942
   0.00115 -0.00824  0.60041
   0.00142 -0.00914  0.50015
   0.00173 -0.01004  0.38921
   0.00207 -0.01094  0.26325
   0.00247 -0.01182  0.08539
   0.00292 -0.01269  0.00419
   0.00342 -0.01356 -0.34766
   0.00402 -0.01437 -0.40909
   0.00470 -0.01514 -0.51807
   0.00546 -0.01587 -0.55220
   0.00629 -0.01657 -0.58058
   0.00717 -0.01724 -0.59060
   0.00811 -0.01789 -0.60501
   0.00910 -0.01851 -0.60206
   0.01015 -0.01912 -0.59679
   0.01125 -0.01971 -0.59559
   0.01240 -0.02029 -0.58687
   0.01361 -0.02086 -0.57974
   0.01488 -0.02142 -0.57109
   0.01621 -0.02198 -0.55526
   0.01761 -0.02253 -0.54631
   0.01908 -0.02307 -0.52953
   0.02063 -0.02362 -0.52358
   0.02226 -0.02417 -0.50977
   0.02397 -0.02472 -0.49375
   0.02579 -0.02528 -0.48559
   0.02770 -0.02584 -0.47437
   0.02973 -0.02641 -0.46582
   0.03189 -0.02700 -0.45736
   0.03419 -0.02759 -0.45026
   0.03663 -0.02820 -0.43883
   0.03924 -0.02882 -0.43162
   0.04203 -0.02945 -0.42019
   0.04502 -0.03011 -0.41293
   0.04822 -0.03078 -0.40654
   0.05165 -0.03148 -0.40266
   0.05533 -0.03220 -0.39768
   0.05925 -0.03293 -0.39410
   0.06344 -0.03368 -0.38883
   0.06789 -0.03445 -0.38630
   0.07262 -0.03522 -0.38104
   0.07761 -0.03600 -0.37914
   0.08288 -0.03679 -0.37536
   0.08842 -0.03758 -0.37169
   0.09419 -0.03836 -0.36827
   0.10019 -0.03914 -0.36588
   0.10638 -0.03991 -0.36468
   0.11276 -0.04065 -0.36340
   0.11929 -0.04138 -0.36233
   0.12594 -0.04208 -0.36069
   0.13272 -0.04276 -0.35935
   0.13959 -0.04340 -0.35764
   0.14656 -0.04401 -0.35429
   0.15362 -0.04460 -0.35231
   0.16075 -0.04515 -0.34816
   0.16794 -0.04567 -0.34566
   0.17519 -0.04616 -0.34206
   0.18248 -0.04663 -0.33983
   0.18981 -0.04706 -0.33744
   0.19717 -0.04747 -0.33583
   0.20456 -0.04785 -0.33144
   0.21197 -0.04820 -0.33038
   0.21942 -0.04852 -0.32606
   0.22690 -0.04882 -0.32328
   0.23441 -0.04909 -0.31836
   0.24195 -0.04934 -0.31606
   0.24951 -0.04956 -0.31385
   0.25708 -0.04977 -0.31042
   0.26468 -0.04995 -0.30896
   0.27229 -0.05011 -0.30454
   0.27991 -0.05024 -0.30295
   0.28756 -0.05036 -0.29938
   0.29522 -0.05046 -0.29730
   0.30289 -0.05054 -0.29529
   0.31057 -0.05060 -0.29305
   0.31825 -0.05064 -0.29073
   0.32595 -0.05066 -0.28901
   0.33364 -0.05066 -0.28739
   0.34135 -0.05065 -0.28545
   0.34906 -0.05061 -0.28364
   0.35677 -0.05056 -0.28172
   0.36448 -0.05048 -0.27997
   0.37219 -0.05039 -0.27835
   0.37990 -0.05028 -0.27621
   0.38761 -0.05015 -0.27482
   0.39532 -0.05001 -0.27339
   0.40302 -0.04984 -0.27196
   0.41072 -0.04966 -0.26982
   0.41842 -0.04945 -0.26913
   0.42610 -0.04923 -0.26770
   0.43378 -0.04899 -0.26691
   0.44144 -0.04873 -0.26472
   0.44910 -0.04845 -0.26410
   0.45674 -0.04815 -0.26251
   0.46437 -0.04783 -0.26174
   0.47199 -0.04749 -0.25999
   0.47960 -0.04713 -0.25807
   0.48720 -0.04674 -0.25671
   0.49478 -0.04634 -0.25494
   0.50235 -0.04590 -0.25251
   0.50991 -0.04545 -0.25122
   0.51745 -0.04497 -0.24856
   0.52498 -0.04447 -0.24608
   0.53250 -0.04395 -0.24393
   0.54000 -0.04340 -0.24130
   0.54749 -0.04282 -0.23842
   0.55497 -0.04222 -0.23524
   0.56243 -0.04159 -0.23155
   0.56987 -0.04093 -0.22818
   0.57730 -0.04025 -0.22445
   0.58471 -0.03954 -0.22026
   0.59210 -0.03881 -0.21604
   0.59948 -0.03804 -0.21157
   0.60683 -0.03724 -0.20693
   0.61417 -0.03642 -0.20066
   0.62149 -0.03556 -0.19589
   0.62879 -0.03468 -0.18859
   0.63608 -0.03376 -0.18286
   0.64335 -0.03281 -0.17468
   0.65061 -0.03183 -0.16754
   0.65786 -0.03081 -0.15895
   0.66510 -0.02976 -0.15001
   0.67232 -0.02867 -0.14019
   0.67954 -0.02755 -0.13004
   0.68676 -0.02640 -0.11946
   0.69397 -0.02520 -0.10821
   0.70117 -0.02398 -0.09541
   0.70838 -0.02271 -0.08265
   0.71559 -0.02141 -0.06911
   0.72281 -0.02007 -0.05471
   0.73004 -0.01870 -0.03993
   0.73728 -0.01729 -0.02378
   0.74453 -0.01584 -0.00616
   0.75180 -0.01436  0.01019
   0.75910 -0.01284  0.03022
   0.76642 -0.01128  0.04835
   0.77378 -0.00969  0.07018
   0.78118 -0.00807  0.08906
   0.78863 -0.00642  0.11257
   0.79611 -0.00475  0.13347
   0.80361 -0.00306  0.15791
   0.81108 -0.00138  0.18087
   0.81847  0.00029  0.20388
   0.82574  0.00191  0.22769
   0.83289  0.00348  0.24973
   0.83991  0.00499  0.27029
   0.84680  0.00644  0.29000
   0.85358  0.00782  0.30944
   0.86023  0.00913  0.32577
   0.86676  0.01036  0.34438
   0.87316  0.01151  0.35852
   0.87944  0.01258  0.37500
   0.88561  0.01356  0.38684
   0.89167  0.01445  0.39908
   0.89763  0.01526  0.40990
   0.90349  0.01599  0.41945
   0.90927  0.01663  0.42728
   0.91493  0.01718  0.43695
   0.92047  0.01765  0.44281
   0.92588  0.01803  0.45111
   0.93120  0.01832  0.45471
   0.93644  0.01853  0.45556
   0.94160  0.01868  0.45849
   0.94662  0.01876  0.46543
   0.95140  0.01879  0.48085
   0.95595  0.01872  0.49051
   0.96030  0.01853  0.49561
   0.96456  0.01820  0.48071
   0.96881  0.01775  0.45312
   0.97308  0.01723  0.42604
   0.97733  0.01672  0.41385
   0.98147  0.01621  0.42706
   0.98549  0.01562  0.43402
   0.98945  0.01488  0.38877
   0.99342  0.01406  0.32408
   0.99738  0.01325  0.29881
   1.00000  0.01271  0.25423
