GRUMMAN K-2 AIRFOIL                             
 Alfa =  -1.26590 Re =        0.000 Xflap,Yflap =     0.000000    0.000000
#    x        y        Cp  
   1.00000  0.01371  0.25420
   0.99740  0.01444  0.09920
   0.99329  0.01549  0.06144
   0.98889  0.01657  0.04608
   0.98423  0.01772  0.00571
   0.97929  0.01890 -0.02926
   0.97409  0.02011 -0.05523
   0.96867  0.02135 -0.08563
   0.96305  0.02259 -0.11217
   0.95727  0.02381 -0.13383
   0.95131  0.02502 -0.15477
   0.94520  0.02620 -0.16986
   0.93893  0.02735 -0.18294
   0.93253  0.02848 -0.19417
   0.92600  0.02957 -0.20136
   0.91932  0.03065 -0.20743
   0.91254  0.03170 -0.21439
   0.90568  0.03272 -0.22303
   0.89876  0.03372 -0.23047
   0.89181  0.03467 -0.23858
   0.88484  0.03559 -0.24456
   0.87782  0.03647 -0.24721
   0.87073  0.03731 -0.24835
   0.86355  0.03812 -0.24947
   0.85628  0.03891 -0.24824
   0.84891  0.03968 -0.24738
   0.84146  0.04044 -0.24735
   0.83396  0.04117 -0.24729
   0.82645  0.04190 -0.25302
   0.81896  0.04260 -0.25794
   0.81149  0.04327 -0.26153
   0.80402  0.04391 -0.26406
   0.79655  0.04452 -0.26651
   0.78909  0.04510 -0.26871
   0.78162  0.04565 -0.26944
   0.77414  0.04617 -0.26899
   0.76665  0.04666 -0.26938
   0.75914  0.04713 -0.26816
   0.75161  0.04756 -0.26636
   0.74405  0.04798 -0.26464
   0.73646  0.04837 -0.26172
   0.72884  0.04874 -0.25931
   0.72118  0.04909 -0.25644
   0.71350  0.04943 -0.25313
   0.70580  0.04974 -0.25134
   0.69806  0.05004 -0.24834
   0.69030  0.05033 -0.24628
   0.68252  0.05060 -0.24422
   0.67473  0.05086 -0.24243
   0.66693  0.05111 -0.24025
   0.65911  0.05135 -0.23901
   0.65129  0.05157 -0.23753
   0.64347  0.05178 -0.23550
   0.63563  0.05197 -0.23440
   0.62779  0.05216 -0.23289
   0.61994  0.05233 -0.23083
   0.61208  0.05249 -0.23033
   0.60421  0.05264 -0.22782
   0.59633  0.05278 -0.22700
   0.58846  0.05291 -0.22579
   0.58058  0.05303 -0.22517
   0.57270  0.05314 -0.22394
   0.56482  0.05324 -0.22305
   0.55693  0.05333 -0.22198
   0.54904  0.05340 -0.22133
   0.54115  0.05347 -0.21991
   0.53326  0.05353 -0.21957
   0.52537  0.05358 -0.21823
   0.51748  0.05361 -0.21732
   0.50958  0.05364 -0.21704
   0.50169  0.05366 -0.21543
   0.49380  0.05367 -0.21580
   0.48590  0.05367 -0.21413
   0.47801  0.05366 -0.21450
   0.47012  0.05363 -0.21348
   0.46224  0.05360 -0.21274
   0.45437  0.05356 -0.21212
   0.44650  0.05351 -0.21159
   0.43864  0.05345 -0.21049
   0.43079  0.05338 -0.21026
   0.42295  0.05330 -0.20995
   0.41514  0.05321 -0.20958
   0.40737  0.05312 -0.21021
   0.39966  0.05301 -0.20959
   0.39202  0.05289 -0.21080
   0.38445  0.05276 -0.20786
   0.37694  0.05262 -0.20523
   0.36954  0.05249 -0.20422
   0.36229  0.05236 -0.21135
   0.35524  0.05223 -0.22218
   0.34842  0.05207 -0.23137
   0.34179  0.05185 -0.22259
   0.33530  0.05159 -0.19565
   0.32892  0.05132 -0.16895
   0.32258  0.05111 -0.15523
   0.31625  0.05098 -0.17154
   0.30988  0.05089 -0.20084
   0.30343  0.05078 -0.22809
   0.29682  0.05061 -0.23037
   0.29002  0.05037 -0.21792
   0.28299  0.05009 -0.20608
   0.27579  0.04982 -0.20477
   0.26847  0.04954 -0.20879
   0.26108  0.04924 -0.21069
   0.25361  0.04892 -0.20953
   0.24607  0.04858 -0.20954
   0.23850  0.04823 -0.21049
   0.23092  0.04786 -0.21087
   0.22333  0.04747 -0.21163
   0.21574  0.04707 -0.21209
   0.20817  0.04664 -0.21384
   0.20063  0.04620 -0.21427
   0.19311  0.04574 -0.21500
   0.18563  0.04526 -0.21807
   0.17820  0.04475 -0.21772
   0.17081  0.04423 -0.21891
   0.16349  0.04368 -0.22121
   0.15624  0.04311 -0.22118
   0.14907  0.04251 -0.22350
   0.14200  0.04189 -0.22405
   0.13503  0.04125 -0.22494
   0.12818  0.04059 -0.22560
   0.12147  0.03990 -0.22575
   0.11493  0.03919 -0.22565
   0.10856  0.03847 -0.22559
   0.10240  0.03773 -0.22503
   0.09647  0.03699 -0.22586
   0.09078  0.03624 -0.22743
   0.08537  0.03550 -0.22594
   0.08024  0.03476 -0.23101
   0.07540  0.03403 -0.23259
   0.07085  0.03331 -0.23617
   0.06658  0.03261 -0.24858
   0.06257  0.03190 -0.24912
   0.05879  0.03120 -0.25998
   0.05523  0.03050 -0.26392
   0.05189  0.02978 -0.26181
   0.04873  0.02906 -0.25545
   0.04574  0.02833 -0.24435
   0.04291  0.02760 -0.23485
   0.04024  0.02687 -0.21979
   0.03771  0.02615 -0.20754
   0.03531  0.02543 -0.19936
   0.03305  0.02471 -0.17451
   0.03089  0.02399 -0.14440
   0.02884  0.02329 -0.12066
   0.02688  0.02260 -0.10490
   0.02502  0.02195 -0.10271
   0.02326  0.02131 -0.10062
   0.02159  0.02067 -0.09900
   0.02000  0.02005 -0.09270
   0.01849  0.01942 -0.08169
   0.01706  0.01880 -0.06339
   0.01569  0.01817 -0.03677
   0.01439  0.01754 -0.01432
   0.01314  0.01692  0.00913
   0.01194  0.01630  0.02972
   0.01080  0.01568  0.04909
   0.00971  0.01507  0.06746
   0.00867  0.01445  0.09250
   0.00767  0.01383  0.10987
   0.00672  0.01321  0.13399
   0.00581  0.01258  0.15401
   0.00495  0.01194  0.18439
   0.00414  0.01128  0.20754
   0.00338  0.01061  0.23507
   0.00268  0.00990  0.26819
   0.00207  0.00914  0.37613
   0.00154  0.00835  0.46420
   0.00111  0.00752  0.58000
   0.00078  0.00665  0.70778
   0.00053  0.00577  0.80980
   0.00035  0.00489  0.88286
   0.00022  0.00400  0.93160
   0.00012  0.00312  0.96647
   0.00005  0.00224  0.98656
   0.00001  0.00137  0.99737
  -0.00000  0.00051  0.99983
   0.00001 -0.00034  0.99487
   0.00004 -0.00120  0.98255
   0.00010 -0.00206  0.96246
   0.00020 -0.00292  0.94623
   0.00027 -0.00380  0.90099
   0.00039 -0.00468  0.86749
   0.00054 -0.00556  0.81842
   0.00072 -0.00645  0.75882
   0.00092 -0.00735  0.69291
   0.00115 -0.00824  0.61557
   0.00142 -0.00914  0.51729
   0.00173 -0.01004  0.40838
   0.00207 -0.01094  0.28446
   0.00247 -0.01182  0.10963
   0.00292 -0.01269  0.02874
   0.00342 -0.01356 -0.31678
   0.00402 -0.01437 -0.37908
   0.00470 -0.01514 -0.48766
   0.00546 -0.01587 -0.52297
   0.00629 -0.01657 -0.55239
   0.00717 -0.01724 -0.56366
   0.00811 -0.01789 -0.57911
   0.00910 -0.01851 -0.57733
   0.01015 -0.01912 -0.57317
   0.01125 -0.01971 -0.57295
   0.01240 -0.02029 -0.56519
   0.01361 -0.02086 -0.55895
   0.01488 -0.02142 -0.55117
   0.01621 -0.02198 -0.53620
   0.01761 -0.02253 -0.52802
   0.01908 -0.02307 -0.51199
   0.02063 -0.02362 -0.50669
   0.02226 -0.02417 -0.49355
   0.02397 -0.02472 -0.47818
   0.02579 -0.02528 -0.47060
   0.02770 -0.02584 -0.45994
   0.02973 -0.02641 -0.45190
   0.03189 -0.02700 -0.44393
   0.03419 -0.02759 -0.43731
   0.03663 -0.02820 -0.42636
   0.03924 -0.02882 -0.41960
   0.04203 -0.02945 -0.40862
   0.04502 -0.03011 -0.40177
   0.04822 -0.03078 -0.39578
   0.05165 -0.03148 -0.39226
   0.05533 -0.03220 -0.38765
   0.05925 -0.03293 -0.38441
   0.06344 -0.03368 -0.37949
   0.06789 -0.03445 -0.37728
   0.07262 -0.03522 -0.37234
   0.07761 -0.03600 -0.37073
   0.08288 -0.03679 -0.36725
   0.08842 -0.03758 -0.36386
   0.09419 -0.03836 -0.36070
   0.10019 -0.03914 -0.35856
   0.10638 -0.03991 -0.35759
   0.11276 -0.04065 -0.35654
   0.11929 -0.04138 -0.35567
   0.12594 -0.04208 -0.35424
   0.13272 -0.04276 -0.35308
   0.13959 -0.04340 -0.35156
   0.14656 -0.04401 -0.34837
   0.15362 -0.04460 -0.34657
   0.16075 -0.04515 -0.34257
   0.16794 -0.04567 -0.34022
   0.17519 -0.04616 -0.33677
   0.18248 -0.04663 -0.33468
   0.18981 -0.04706 -0.33241
   0.19717 -0.04747 -0.33093
   0.20456 -0.04785 -0.32666
   0.21197 -0.04820 -0.32570
   0.21942 -0.04852 -0.32150
   0.22690 -0.04882 -0.31883
   0.23441 -0.04909 -0.31401
   0.24195 -0.04934 -0.31181
   0.24951 -0.04956 -0.30969
   0.25708 -0.04977 -0.30635
   0.26468 -0.04995 -0.30497
   0.27229 -0.05011 -0.30064
   0.27991 -0.05024 -0.29913
   0.28756 -0.05036 -0.29564
   0.29522 -0.05046 -0.29363
   0.30289 -0.05054 -0.29170
   0.31057 -0.05060 -0.28953
   0.31825 -0.05064 -0.28728
   0.32595 -0.05066 -0.28562
   0.33364 -0.05066 -0.28406
   0.34135 -0.05065 -0.28219
   0.34906 -0.05061 -0.28044
   0.35677 -0.05056 -0.27857
   0.36448 -0.05048 -0.27689
   0.37219 -0.05039 -0.27531
   0.37990 -0.05028 -0.27324
   0.38761 -0.05015 -0.27189
   0.39532 -0.05001 -0.27052
   0.40302 -0.04984 -0.26913
   0.41072 -0.04966 -0.26704
   0.41842 -0.04945 -0.26641
   0.42610 -0.04923 -0.26502
   0.43378 -0.04899 -0.26427
   0.44144 -0.04873 -0.26213
   0.44910 -0.04845 -0.26155
   0.45674 -0.04815 -0.26000
   0.46437 -0.04783 -0.25927
   0.47199 -0.04749 -0.25756
   0.47960 -0.04713 -0.25569
   0.48720 -0.04674 -0.25437
   0.49478 -0.04634 -0.25264
   0.50235 -0.04590 -0.25024
   0.50991 -0.04545 -0.24901
   0.51745 -0.04497 -0.24637
   0.52498 -0.04447 -0.24394
   0.53250 -0.04395 -0.24182
   0.54000 -0.04340 -0.23924
   0.54749 -0.04282 -0.23639
   0.55497 -0.04222 -0.23325
   0.56243 -0.04159 -0.22960
   0.56987 -0.04093 -0.22626
   0.57730 -0.04025 -0.22256
   0.58471 -0.03954 -0.21842
   0.59210 -0.03881 -0.21423
   0.59948 -0.03804 -0.20979
   0.60683 -0.03724 -0.20519
   0.61417 -0.03642 -0.19895
   0.62149 -0.03556 -0.19423
   0.62879 -0.03468 -0.18696
   0.63608 -0.03376 -0.18127
   0.64335 -0.03281 -0.17313
   0.65061 -0.03183 -0.16603
   0.65786 -0.03081 -0.15747
   0.66510 -0.02976 -0.14856
   0.67232 -0.02867 -0.13879
   0.67954 -0.02755 -0.12868
   0.68676 -0.02640 -0.11812
   0.69397 -0.02520 -0.10692
   0.70117 -0.02398 -0.09416
   0.70838 -0.02271 -0.08144
   0.71559 -0.02141 -0.06793
   0.72281 -0.02007 -0.05357
   0.73004 -0.01870 -0.03882
   0.73728 -0.01729 -0.02271
   0.74453 -0.01584 -0.00515
   0.75180 -0.01436  0.01118
   0.75910 -0.01284  0.03117
   0.76642 -0.01128  0.04925
   0.77378 -0.00969  0.07104
   0.78118 -0.00807  0.08988
   0.78863 -0.00642  0.11336
   0.79611 -0.00475  0.13421
   0.80361 -0.00306  0.15862
   0.81108 -0.00138  0.18154
   0.81847  0.00029  0.20453
   0.82574  0.00191  0.22829
   0.83289  0.00348  0.25030
   0.83991  0.00499  0.27082
   0.84680  0.00644  0.29051
   0.85358  0.00782  0.30993
   0.86023  0.00913  0.32622
   0.86676  0.01036  0.34481
   0.87316  0.01151  0.35894
   0.87944  0.01258  0.37539
   0.88561  0.01356  0.38721
   0.89167  0.01445  0.39943
   0.89763  0.01526  0.41023
   0.90349  0.01599  0.41978
   0.90927  0.01663  0.42759
   0.91493  0.01718  0.43723
   0.92047  0.01765  0.44311
   0.92588  0.01803  0.45137
   0.93120  0.01832  0.45496
   0.93644  0.01853  0.45580
   0.94160  0.01868  0.45872
   0.94662  0.01876  0.46566
   0.95140  0.01879  0.48105
   0.95595  0.01872  0.49071
   0.96030  0.01853  0.49580
   0.96456  0.01820  0.48089
   0.96881  0.01775  0.45331
   0.97308  0.01723  0.42622
   0.97733  0.01672  0.41403
   0.98147  0.01621  0.42721
   0.98549  0.01562  0.43415
   0.98945  0.01488  0.38891
   0.99342  0.01406  0.32421
   0.99738  0.01325  0.29892
   1.00000  0.01271  0.25420
