GRUMMAN K-2 AIRFOIL                             
 Alfa =  -1.29020 Re =        0.000 Xflap,Yflap =     0.000000    0.000000
#    x        y        Cp  
   1.00000  0.01371  0.25421
   0.99740  0.01444  0.09923
   0.99329  0.01549  0.06148
   0.98889  0.01657  0.04615
   0.98423  0.01772  0.00581
   0.97929  0.01890 -0.02914
   0.97409  0.02011 -0.05511
   0.96867  0.02135 -0.08548
   0.96305  0.02259 -0.11201
   0.95727  0.02381 -0.13365
   0.95131  0.02502 -0.15456
   0.94520  0.02620 -0.16964
   0.93893  0.02735 -0.18270
   0.93253  0.02848 -0.19392
   0.92600  0.02957 -0.20109
   0.91932  0.03065 -0.20714
   0.91254  0.03170 -0.21409
   0.90568  0.03272 -0.22270
   0.89876  0.03372 -0.23014
   0.89181  0.03467 -0.23823
   0.88484  0.03559 -0.24419
   0.87782  0.03647 -0.24683
   0.87073  0.03731 -0.24795
   0.86355  0.03812 -0.24906
   0.85628  0.03891 -0.24783
   0.84891  0.03968 -0.24695
   0.84146  0.04044 -0.24691
   0.83396  0.04117 -0.24683
   0.82645  0.04190 -0.25255
   0.81896  0.04260 -0.25746
   0.81149  0.04327 -0.26102
   0.80402  0.04391 -0.26355
   0.79655  0.04452 -0.26597
   0.78909  0.04510 -0.26817
   0.78162  0.04565 -0.26888
   0.77414  0.04617 -0.26842
   0.76665  0.04666 -0.26879
   0.75914  0.04713 -0.26757
   0.75161  0.04756 -0.26575
   0.74405  0.04798 -0.26403
   0.73646  0.04837 -0.26109
   0.72884  0.04874 -0.25867
   0.72118  0.04909 -0.25579
   0.71350  0.04943 -0.25247
   0.70580  0.04974 -0.25066
   0.69806  0.05004 -0.24766
   0.69030  0.05033 -0.24558
   0.68252  0.05060 -0.24351
   0.67473  0.05086 -0.24171
   0.66693  0.05111 -0.23951
   0.65911  0.05135 -0.23827
   0.65129  0.05157 -0.23677
   0.64347  0.05178 -0.23473
   0.63563  0.05197 -0.23362
   0.62779  0.05216 -0.23210
   0.61994  0.05233 -0.23003
   0.61208  0.05249 -0.22952
   0.60421  0.05264 -0.22699
   0.59633  0.05278 -0.22615
   0.58846  0.05291 -0.22493
   0.58058  0.05303 -0.22430
   0.57270  0.05314 -0.22306
   0.56482  0.05324 -0.22216
   0.55693  0.05333 -0.22106
   0.54904  0.05340 -0.22040
   0.54115  0.05347 -0.21897
   0.53326  0.05353 -0.21862
   0.52537  0.05358 -0.21726
   0.51748  0.05361 -0.21633
   0.50958  0.05364 -0.21604
   0.50169  0.05366 -0.21442
   0.49380  0.05367 -0.21477
   0.48590  0.05367 -0.21309
   0.47801  0.05366 -0.21343
   0.47012  0.05363 -0.21240
   0.46224  0.05360 -0.21164
   0.45437  0.05356 -0.21101
   0.44650  0.05351 -0.21046
   0.43864  0.05345 -0.20934
   0.43079  0.05338 -0.20909
   0.42295  0.05330 -0.20877
   0.41514  0.05321 -0.20838
   0.40737  0.05312 -0.20899
   0.39966  0.05301 -0.20835
   0.39202  0.05289 -0.20954
   0.38445  0.05276 -0.20658
   0.37694  0.05262 -0.20393
   0.36954  0.05249 -0.20291
   0.36229  0.05236 -0.21000
   0.35524  0.05223 -0.22080
   0.34842  0.05207 -0.22996
   0.34179  0.05185 -0.22116
   0.33530  0.05159 -0.19424
   0.32892  0.05132 -0.16756
   0.32258  0.05111 -0.15383
   0.31625  0.05098 -0.17010
   0.30988  0.05089 -0.19934
   0.30343  0.05078 -0.22654
   0.29682  0.05061 -0.22879
   0.29002  0.05037 -0.21633
   0.28299  0.05009 -0.20448
   0.27579  0.04982 -0.20313
   0.26847  0.04954 -0.20713
   0.26108  0.04924 -0.20900
   0.25361  0.04892 -0.20780
   0.24607  0.04858 -0.20777
   0.23850  0.04823 -0.20869
   0.23092  0.04786 -0.20903
   0.22333  0.04747 -0.20974
   0.21574  0.04707 -0.21017
   0.20817  0.04664 -0.21187
   0.20063  0.04620 -0.21225
   0.19311  0.04574 -0.21293
   0.18563  0.04526 -0.21594
   0.17820  0.04475 -0.21554
   0.17081  0.04423 -0.21668
   0.16349  0.04368 -0.21892
   0.15624  0.04311 -0.21882
   0.14907  0.04251 -0.22108
   0.14200  0.04189 -0.22155
   0.13503  0.04125 -0.22237
   0.12818  0.04059 -0.22295
   0.12147  0.03990 -0.22302
   0.11493  0.03919 -0.22284
   0.10856  0.03847 -0.22268
   0.10240  0.03773 -0.22203
   0.09647  0.03699 -0.22276
   0.09078  0.03624 -0.22422
   0.08537  0.03550 -0.22263
   0.08024  0.03476 -0.22758
   0.07540  0.03403 -0.22904
   0.07085  0.03331 -0.23248
   0.06658  0.03261 -0.24473
   0.06257  0.03190 -0.24515
   0.05879  0.03120 -0.25584
   0.05523  0.03050 -0.25962
   0.05189  0.02978 -0.25738
   0.04873  0.02906 -0.25090
   0.04574  0.02833 -0.23968
   0.04291  0.02760 -0.23006
   0.04024  0.02687 -0.21490
   0.03771  0.02615 -0.20253
   0.03531  0.02543 -0.19422
   0.03305  0.02471 -0.16930
   0.03089  0.02399 -0.13915
   0.02884  0.02329 -0.11534
   0.02688  0.02260 -0.09947
   0.02502  0.02195 -0.09710
   0.02326  0.02131 -0.09481
   0.02159  0.02067 -0.09300
   0.02000  0.02005 -0.08650
   0.01849  0.01942 -0.07532
   0.01706  0.01880 -0.05688
   0.01569  0.01817 -0.03016
   0.01439  0.01754 -0.00759
   0.01314  0.01692  0.01599
   0.01194  0.01630  0.03674
   0.01080  0.01568  0.05630
   0.00971  0.01507  0.07486
   0.00867  0.01445  0.10009
   0.00767  0.01383  0.11770
   0.00672  0.01321  0.14207
   0.00581  0.01258  0.16239
   0.00495  0.01194  0.19304
   0.00414  0.01128  0.21655
   0.00338  0.01061  0.24454
   0.00268  0.00990  0.27810
   0.00207  0.00914  0.38554
   0.00154  0.00835  0.47329
   0.00111  0.00752  0.58820
   0.00078  0.00665  0.71445
   0.00053  0.00577  0.81499
   0.00035  0.00489  0.88679
   0.00022  0.00400  0.93452
   0.00012  0.00312  0.96846
   0.00005  0.00224  0.98778
   0.00001  0.00137  0.99789
  -0.00000  0.00051  0.99966
   0.00001 -0.00034  0.99409
   0.00004 -0.00120  0.98115
   0.00010 -0.00206  0.96038
   0.00020 -0.00292  0.94396
   0.00027 -0.00380  0.89762
   0.00039 -0.00468  0.86374
   0.00054 -0.00556  0.81401
   0.00072 -0.00645  0.75372
   0.00092 -0.00735  0.68715
   0.00115 -0.00824  0.60909
   0.00142 -0.00914  0.50995
   0.00173 -0.01004  0.40017
   0.00207 -0.01094  0.27537
   0.00247 -0.01182  0.09925
   0.00292 -0.01269  0.01822
   0.00342 -0.01356 -0.33002
   0.00402 -0.01437 -0.39195
   0.00470 -0.01514 -0.50070
   0.00546 -0.01587 -0.53551
   0.00629 -0.01657 -0.56448
   0.00717 -0.01724 -0.57522
   0.00811 -0.01789 -0.59022
   0.00910 -0.01851 -0.58794
   0.01015 -0.01912 -0.58331
   0.01125 -0.01971 -0.58267
   0.01240 -0.02029 -0.57450
   0.01361 -0.02086 -0.56788
   0.01488 -0.02142 -0.55972
   0.01621 -0.02198 -0.54438
   0.01761 -0.02253 -0.53587
   0.01908 -0.02307 -0.51952
   0.02063 -0.02362 -0.51394
   0.02226 -0.02417 -0.50052
   0.02397 -0.02472 -0.48487
   0.02579 -0.02528 -0.47704
   0.02770 -0.02584 -0.46614
   0.02973 -0.02641 -0.45788
   0.03189 -0.02700 -0.44970
   0.03419 -0.02759 -0.44287
   0.03663 -0.02820 -0.43172
   0.03924 -0.02882 -0.42477
   0.04203 -0.02945 -0.41359
   0.04502 -0.03011 -0.40656
   0.04822 -0.03078 -0.40040
   0.05165 -0.03148 -0.39673
   0.05533 -0.03220 -0.39196
   0.05925 -0.03293 -0.38858
   0.06344 -0.03368 -0.38351
   0.06789 -0.03445 -0.38116
   0.07262 -0.03522 -0.37608
   0.07761 -0.03600 -0.37435
   0.08288 -0.03679 -0.37074
   0.08842 -0.03758 -0.36722
   0.09419 -0.03836 -0.36396
   0.10019 -0.03914 -0.36171
   0.10638 -0.03991 -0.36064
   0.11276 -0.04065 -0.35949
   0.11929 -0.04138 -0.35853
   0.12594 -0.04208 -0.35701
   0.13272 -0.04276 -0.35578
   0.13959 -0.04340 -0.35417
   0.14656 -0.04401 -0.35092
   0.15362 -0.04460 -0.34904
   0.16075 -0.04515 -0.34497
   0.16794 -0.04567 -0.34256
   0.17519 -0.04616 -0.33905
   0.18248 -0.04663 -0.33690
   0.18981 -0.04706 -0.33457
   0.19717 -0.04747 -0.33304
   0.20456 -0.04785 -0.32871
   0.21197 -0.04820 -0.32771
   0.21942 -0.04852 -0.32346
   0.22690 -0.04882 -0.32074
   0.23441 -0.04909 -0.31588
   0.24195 -0.04934 -0.31364
   0.24951 -0.04956 -0.31148
   0.25708 -0.04977 -0.30810
   0.26468 -0.04995 -0.30669
   0.27229 -0.05011 -0.30231
   0.27991 -0.05024 -0.30077
   0.28756 -0.05036 -0.29725
   0.29522 -0.05046 -0.29521
   0.30289 -0.05054 -0.29325
   0.31057 -0.05060 -0.29105
   0.31825 -0.05064 -0.28876
   0.32595 -0.05066 -0.28708
   0.33364 -0.05066 -0.28549
   0.34135 -0.05065 -0.28359
   0.34906 -0.05061 -0.28182
   0.35677 -0.05056 -0.27993
   0.36448 -0.05048 -0.27822
   0.37219 -0.05039 -0.27662
   0.37990 -0.05028 -0.27452
   0.38761 -0.05015 -0.27315
   0.39532 -0.05001 -0.27176
   0.40302 -0.04984 -0.27035
   0.41072 -0.04966 -0.26824
   0.41842 -0.04945 -0.26758
   0.42610 -0.04923 -0.26617
   0.43378 -0.04899 -0.26540
   0.44144 -0.04873 -0.26324
   0.44910 -0.04845 -0.26265
   0.45674 -0.04815 -0.26108
   0.46437 -0.04783 -0.26033
   0.47199 -0.04749 -0.25860
   0.47960 -0.04713 -0.25671
   0.48720 -0.04674 -0.25538
   0.49478 -0.04634 -0.25363
   0.50235 -0.04590 -0.25122
   0.50991 -0.04545 -0.24996
   0.51745 -0.04497 -0.24731
   0.52498 -0.04447 -0.24486
   0.53250 -0.04395 -0.24272
   0.54000 -0.04340 -0.24013
   0.54749 -0.04282 -0.23727
   0.55497 -0.04222 -0.23411
   0.56243 -0.04159 -0.23044
   0.56987 -0.04093 -0.22708
   0.57730 -0.04025 -0.22337
   0.58471 -0.03954 -0.21921
   0.59210 -0.03881 -0.21501
   0.59948 -0.03804 -0.21056
   0.60683 -0.03724 -0.20594
   0.61417 -0.03642 -0.19969
   0.62149 -0.03556 -0.19494
   0.62879 -0.03468 -0.18766
   0.63608 -0.03376 -0.18195
   0.64335 -0.03281 -0.17380
   0.65061 -0.03183 -0.16668
   0.65786 -0.03081 -0.15811
   0.66510 -0.02976 -0.14919
   0.67232 -0.02867 -0.13939
   0.67954 -0.02755 -0.12927
   0.68676 -0.02640 -0.11870
   0.69397 -0.02520 -0.10747
   0.70117 -0.02398 -0.09470
   0.70838 -0.02271 -0.08196
   0.71559 -0.02141 -0.06844
   0.72281 -0.02007 -0.05406
   0.73004 -0.01870 -0.03930
   0.73728 -0.01729 -0.02317
   0.74453 -0.01584 -0.00558
   0.75180 -0.01436  0.01075
   0.75910 -0.01284  0.03076
   0.76642 -0.01128  0.04886
   0.77378 -0.00969  0.07067
   0.78118 -0.00807  0.08953
   0.78863 -0.00642  0.11302
   0.79611 -0.00475  0.13389
   0.80361 -0.00306  0.15832
   0.81108 -0.00138  0.18125
   0.81847  0.00029  0.20425
   0.82574  0.00191  0.22803
   0.83289  0.00348  0.25005
   0.83991  0.00499  0.27059
   0.84680  0.00644  0.29029
   0.85358  0.00782  0.30972
   0.86023  0.00913  0.32603
   0.86676  0.01036  0.34463
   0.87316  0.01151  0.35876
   0.87944  0.01258  0.37522
   0.88561  0.01356  0.38705
   0.89167  0.01445  0.39928
   0.89763  0.01526  0.41009
   0.90349  0.01599  0.41964
   0.90927  0.01663  0.42746
   0.91493  0.01718  0.43711
   0.92047  0.01765  0.44298
   0.92588  0.01803  0.45126
   0.93120  0.01832  0.45485
   0.93644  0.01853  0.45570
   0.94160  0.01868  0.45862
   0.94662  0.01876  0.46556
   0.95140  0.01879  0.48096
   0.95595  0.01872  0.49063
   0.96030  0.01853  0.49572
   0.96456  0.01820  0.48081
   0.96881  0.01775  0.45323
   0.97308  0.01723  0.42614
   0.97733  0.01672  0.41395
   0.98147  0.01621  0.42714
   0.98549  0.01562  0.43409
   0.98945  0.01488  0.38885
   0.99342  0.01406  0.32416
   0.99738  0.01325  0.29887
   1.00000  0.01271  0.25421
