GRUMMAN K-2 AIRFOIL                             
 Alfa =  -1.09800 Re =        0.000 Xflap,Yflap =     0.000000    0.000000
#    x        y        Cp  
   1.00000  0.01371  0.25412
   0.99740  0.01444  0.09898
   0.99329  0.01549  0.06115
   0.98889  0.01657  0.04559
   0.98423  0.01772  0.00504
   0.97929  0.01890 -0.03002
   0.97409  0.02011 -0.05609
   0.96867  0.02135 -0.08667
   0.96305  0.02259 -0.11332
   0.95727  0.02381 -0.13508
   0.95131  0.02502 -0.15618
   0.94520  0.02620 -0.17139
   0.93893  0.02735 -0.18460
   0.93253  0.02848 -0.19595
   0.92600  0.02957 -0.20321
   0.91932  0.03065 -0.20945
   0.91254  0.03170 -0.21645
   0.90568  0.03272 -0.22526
   0.89876  0.03372 -0.23275
   0.89181  0.03467 -0.24101
   0.88484  0.03559 -0.24709
   0.87782  0.03647 -0.24982
   0.87073  0.03731 -0.25106
   0.86355  0.03812 -0.25229
   0.85628  0.03891 -0.25110
   0.84891  0.03968 -0.25040
   0.84146  0.04044 -0.25041
   0.83396  0.04117 -0.25047
   0.82645  0.04190 -0.25627
   0.81896  0.04260 -0.26132
   0.81149  0.04327 -0.26501
   0.80402  0.04391 -0.26760
   0.79655  0.04452 -0.27019
   0.78909  0.04510 -0.27240
   0.78162  0.04565 -0.27331
   0.77414  0.04617 -0.27291
   0.76665  0.04666 -0.27343
   0.75914  0.04713 -0.27226
   0.75161  0.04756 -0.27054
   0.74405  0.04798 -0.26887
   0.73646  0.04837 -0.26608
   0.72884  0.04874 -0.26371
   0.72118  0.04909 -0.26094
   0.71350  0.04943 -0.25773
   0.70580  0.04974 -0.25600
   0.69806  0.05004 -0.25304
   0.69030  0.05033 -0.25113
   0.68252  0.05060 -0.24909
   0.67473  0.05086 -0.24743
   0.66693  0.05111 -0.24530
   0.65911  0.05135 -0.24414
   0.65129  0.05157 -0.24278
   0.64347  0.05178 -0.24081
   0.63563  0.05197 -0.23979
   0.62779  0.05216 -0.23838
   0.61994  0.05233 -0.23642
   0.61208  0.05249 -0.23597
   0.60421  0.05264 -0.23357
   0.59633  0.05278 -0.23285
   0.58846  0.05291 -0.23172
   0.58058  0.05303 -0.23120
   0.57270  0.05314 -0.23006
   0.56482  0.05324 -0.22925
   0.55693  0.05333 -0.22828
   0.54904  0.05340 -0.22774
   0.54115  0.05347 -0.22641
   0.53326  0.05353 -0.22618
   0.52537  0.05358 -0.22493
   0.51748  0.05361 -0.22414
   0.50958  0.05364 -0.22395
   0.50169  0.05366 -0.22245
   0.49380  0.05367 -0.22293
   0.48590  0.05367 -0.22136
   0.47801  0.05366 -0.22185
   0.47012  0.05363 -0.22093
   0.46224  0.05360 -0.22032
   0.45437  0.05356 -0.21982
   0.44650  0.05351 -0.21940
   0.43864  0.05345 -0.21841
   0.43079  0.05338 -0.21832
   0.42295  0.05330 -0.21813
   0.41514  0.05321 -0.21789
   0.40737  0.05312 -0.21866
   0.39966  0.05301 -0.21819
   0.39202  0.05289 -0.21952
   0.38445  0.05276 -0.21672
   0.37694  0.05262 -0.21419
   0.36954  0.05249 -0.21333
   0.36229  0.05236 -0.22065
   0.35524  0.05223 -0.23172
   0.34842  0.05207 -0.24110
   0.34179  0.05185 -0.23241
   0.33530  0.05159 -0.20539
   0.32892  0.05132 -0.17860
   0.32258  0.05111 -0.16492
   0.31625  0.05098 -0.18150
   0.30988  0.05089 -0.21119
   0.30343  0.05078 -0.23886
   0.29682  0.05061 -0.24131
   0.29002  0.05037 -0.22894
   0.28299  0.05009 -0.21718
   0.27579  0.04982 -0.21605
   0.26847  0.04954 -0.22032
   0.26108  0.04924 -0.22245
   0.25361  0.04892 -0.22152
   0.24607  0.04858 -0.22177
   0.23850  0.04823 -0.22297
   0.23092  0.04786 -0.22364
   0.22333  0.04747 -0.22467
   0.21574  0.04707 -0.22542
   0.20817  0.04664 -0.22750
   0.20063  0.04620 -0.22825
   0.19311  0.04574 -0.22932
   0.18563  0.04526 -0.23277
   0.17820  0.04475 -0.23278
   0.17081  0.04423 -0.23438
   0.16349  0.04368 -0.23712
   0.15624  0.04311 -0.23751
   0.14907  0.04251 -0.24032
   0.14200  0.04189 -0.24136
   0.13503  0.04125 -0.24276
   0.12818  0.04059 -0.24397
   0.12147  0.03990 -0.24469
   0.11493  0.03919 -0.24519
   0.10856  0.03847 -0.24575
   0.10240  0.03773 -0.24584
   0.09647  0.03699 -0.24737
   0.09078  0.03624 -0.24968
   0.08537  0.03550 -0.24893
   0.08024  0.03476 -0.25486
   0.07540  0.03403 -0.25730
   0.07085  0.03331 -0.26176
   0.06658  0.03261 -0.27531
   0.06257  0.03190 -0.27675
   0.05879  0.03120 -0.28880
   0.05523  0.03050 -0.29378
   0.05189  0.02978 -0.29263
   0.04873  0.02906 -0.28715
   0.04574  0.02833 -0.27683
   0.04291  0.02760 -0.26817
   0.04024  0.02687 -0.25383
   0.03771  0.02615 -0.24239
   0.03531  0.02543 -0.23518
   0.03305  0.02471 -0.21080
   0.03089  0.02399 -0.18102
   0.02884  0.02329 -0.15773
   0.02688  0.02260 -0.14278
   0.02502  0.02195 -0.14185
   0.02326  0.02131 -0.14112
   0.02159  0.02067 -0.14093
   0.02000  0.02005 -0.13598
   0.01849  0.01942 -0.12624
   0.01706  0.01880 -0.10890
   0.01569  0.01817 -0.08301
   0.01439  0.01754 -0.06141
   0.01314  0.01692 -0.03891
   0.01194  0.01630 -0.01949
   0.01080  0.01568 -0.00143
   0.00971  0.01507  0.01554
   0.00867  0.01445  0.03924
   0.00767  0.01383  0.05485
   0.00672  0.01321  0.07715
   0.00581  0.01258  0.09500
   0.00495  0.01194  0.12337
   0.00414  0.01128  0.14382
   0.00338  0.01061  0.16806
   0.00268  0.00990  0.19785
   0.00207  0.00914  0.30913
   0.00154  0.00835  0.39922
   0.00111  0.00752  0.52117
   0.00078  0.00665  0.65960
   0.00053  0.00577  0.77196
   0.00035  0.00489  0.85387
   0.00022  0.00400  0.90971
   0.00012  0.00312  0.95106
   0.00005  0.00224  0.97649
   0.00001  0.00137  0.99225
  -0.00000  0.00051  0.99944
   0.00001 -0.00034  0.99873
   0.00004 -0.00120  0.99075
   0.00010 -0.00206  0.97527
   0.00020 -0.00292  0.96064
   0.00027 -0.00380  0.92273
   0.00039 -0.00468  0.89197
   0.00054 -0.00556  0.84743
   0.00072 -0.00645  0.79260
   0.00092 -0.00735  0.73131
   0.00115 -0.00824  0.65890
   0.00142 -0.00914  0.56645
   0.00173 -0.01004  0.46355
   0.00207 -0.01094  0.34567
   0.00247 -0.01182  0.17977
   0.00292 -0.01269  0.09991
   0.00342 -0.01356 -0.22711
   0.00402 -0.01437 -0.29178
   0.00470 -0.01514 -0.39908
   0.00546 -0.01587 -0.43772
   0.00629 -0.01657 -0.47009
   0.00717 -0.01724 -0.48496
   0.00811 -0.01789 -0.50337
   0.00910 -0.01851 -0.50494
   0.01015 -0.01912 -0.50402
   0.01125 -0.01971 -0.50661
   0.01240 -0.02029 -0.50163
   0.01361 -0.02086 -0.49798
   0.01488 -0.02142 -0.49269
   0.01621 -0.02198 -0.48024
   0.01761 -0.02253 -0.47427
   0.01908 -0.02307 -0.46044
   0.02063 -0.02362 -0.45704
   0.02226 -0.02417 -0.44585
   0.02397 -0.02472 -0.43238
   0.02579 -0.02528 -0.42649
   0.02770 -0.02584 -0.41744
   0.02973 -0.02641 -0.41092
   0.03189 -0.02700 -0.40440
   0.03419 -0.02759 -0.39916
   0.03663 -0.02820 -0.38962
   0.03924 -0.02882 -0.38416
   0.04203 -0.02945 -0.37450
   0.04502 -0.03011 -0.36887
   0.04822 -0.03078 -0.36403
   0.05165 -0.03148 -0.36159
   0.05533 -0.03220 -0.35804
   0.05925 -0.03293 -0.35582
   0.06344 -0.03368 -0.35191
   0.06789 -0.03445 -0.35064
   0.07262 -0.03522 -0.34663
   0.07761 -0.03600 -0.34590
   0.08288 -0.03679 -0.34327
   0.08842 -0.03758 -0.34070
   0.09419 -0.03836 -0.33833
   0.10019 -0.03914 -0.33692
   0.10638 -0.03991 -0.33664
   0.11276 -0.04065 -0.33622
   0.11929 -0.04138 -0.33597
   0.12594 -0.04208 -0.33512
   0.13272 -0.04276 -0.33452
   0.13959 -0.04340 -0.33353
   0.14656 -0.04401 -0.33086
   0.15362 -0.04460 -0.32955
   0.16075 -0.04515 -0.32603
   0.16794 -0.04567 -0.32412
   0.17519 -0.04616 -0.32110
   0.18248 -0.04663 -0.31941
   0.18981 -0.04706 -0.31751
   0.19717 -0.04747 -0.31640
   0.20456 -0.04785 -0.31248
   0.21197 -0.04820 -0.31184
   0.21942 -0.04852 -0.30798
   0.22690 -0.04882 -0.30562
   0.23441 -0.04909 -0.30111
   0.24195 -0.04934 -0.29921
   0.24951 -0.04956 -0.29734
   0.25708 -0.04977 -0.29428
   0.26468 -0.04995 -0.29315
   0.27229 -0.05011 -0.28907
   0.27991 -0.05024 -0.28780
   0.28756 -0.05036 -0.28454
   0.29522 -0.05046 -0.28276
   0.30289 -0.05054 -0.28104
   0.31057 -0.05060 -0.27908
   0.31825 -0.05064 -0.27701
   0.32595 -0.05066 -0.27557
   0.33364 -0.05066 -0.27418
   0.34135 -0.05065 -0.27250
   0.34906 -0.05061 -0.27092
   0.35677 -0.05056 -0.26923
   0.36448 -0.05048 -0.26773
   0.37219 -0.05039 -0.26628
   0.37990 -0.05028 -0.26441
   0.38761 -0.05015 -0.26318
   0.39532 -0.05001 -0.26199
   0.40302 -0.04984 -0.26074
   0.41072 -0.04966 -0.25878
   0.41842 -0.04945 -0.25830
   0.42610 -0.04923 -0.25705
   0.43378 -0.04899 -0.25643
   0.44144 -0.04873 -0.25441
   0.44910 -0.04845 -0.25399
   0.45674 -0.04815 -0.25255
   0.46437 -0.04783 -0.25195
   0.47199 -0.04749 -0.25036
   0.47960 -0.04713 -0.24861
   0.48720 -0.04674 -0.24742
   0.49478 -0.04634 -0.24580
   0.50235 -0.04590 -0.24352
   0.50991 -0.04545 -0.24242
   0.51745 -0.04497 -0.23986
   0.52498 -0.04447 -0.23757
   0.53250 -0.04395 -0.23555
   0.54000 -0.04340 -0.23309
   0.54749 -0.04282 -0.23035
   0.55497 -0.04222 -0.22732
   0.56243 -0.04159 -0.22379
   0.56987 -0.04093 -0.22054
   0.57730 -0.04025 -0.21696
   0.58471 -0.03954 -0.21295
   0.59210 -0.03881 -0.20884
   0.59948 -0.03804 -0.20452
   0.60683 -0.03724 -0.20002
   0.61417 -0.03642 -0.19389
   0.62149 -0.03556 -0.18928
   0.62879 -0.03468 -0.18213
   0.63608 -0.03376 -0.17654
   0.64335 -0.03281 -0.16849
   0.65061 -0.03183 -0.16153
   0.65786 -0.03081 -0.15306
   0.66510 -0.02976 -0.14426
   0.67232 -0.02867 -0.13462
   0.67954 -0.02755 -0.12463
   0.68676 -0.02640 -0.11414
   0.69397 -0.02520 -0.10307
   0.70117 -0.02398 -0.09042
   0.70838 -0.02271 -0.07783
   0.71559 -0.02141 -0.06444
   0.72281 -0.02007 -0.05017
   0.73004 -0.01870 -0.03553
   0.73728 -0.01729 -0.01955
   0.74453 -0.01584 -0.00214
   0.75180 -0.01436  0.01412
   0.75910 -0.01284  0.03399
   0.76642 -0.01128  0.05192
   0.77378 -0.00969  0.07361
   0.78118 -0.00807  0.09235
   0.78863 -0.00642  0.11572
   0.79611 -0.00475  0.13644
   0.80361 -0.00306  0.16074
   0.81108 -0.00138  0.18354
   0.81847  0.00029  0.20644
   0.82574  0.00191  0.23009
   0.83289  0.00348  0.25200
   0.83991  0.00499  0.27242
   0.84680  0.00644  0.29204
   0.85358  0.00782  0.31139
   0.86023  0.00913  0.32759
   0.86676  0.01036  0.34609
   0.87316  0.01151  0.36022
   0.87944  0.01258  0.37654
   0.88561  0.01356  0.38832
   0.89167  0.01445  0.40050
   0.89763  0.01526  0.41122
   0.90349  0.01599  0.42076
   0.90927  0.01663  0.42852
   0.91493  0.01718  0.43808
   0.92047  0.01765  0.44399
   0.92588  0.01803  0.45214
   0.93120  0.01832  0.45574
   0.93644  0.01853  0.45653
   0.94160  0.01868  0.45941
   0.94662  0.01876  0.46637
   0.95140  0.01879  0.48165
   0.95595  0.01872  0.49132
   0.96030  0.01853  0.49637
   0.96456  0.01820  0.48141
   0.96881  0.01775  0.45388
   0.97308  0.01723  0.42676
   0.97733  0.01672  0.41456
   0.98147  0.01621  0.42766
   0.98549  0.01562  0.43455
   0.98945  0.01488  0.38932
   0.99342  0.01406  0.32462
   0.99738  0.01325  0.29925
   1.00000  0.01271  0.25412
