GRUMMAN K-2 AIRFOIL                             
 Alfa =  -1.31200 Re =        0.000 Xflap,Yflap =     0.000000    0.000000
#    x        y        Cp  
   1.00000  0.01371  0.25423
   0.99740  0.01444  0.09926
   0.99329  0.01549  0.06152
   0.98889  0.01657  0.04622
   0.98423  0.01772  0.00590
   0.97929  0.01890 -0.02904
   0.97409  0.02011 -0.05500
   0.96867  0.02135 -0.08534
   0.96305  0.02259 -0.11186
   0.95727  0.02381 -0.13349
   0.95131  0.02502 -0.15438
   0.94520  0.02620 -0.16944
   0.93893  0.02735 -0.18248
   0.93253  0.02848 -0.19368
   0.92600  0.02957 -0.20085
   0.91932  0.03065 -0.20688
   0.91254  0.03170 -0.21382
   0.90568  0.03272 -0.22241
   0.89876  0.03372 -0.22985
   0.89181  0.03467 -0.23791
   0.88484  0.03559 -0.24386
   0.87782  0.03647 -0.24649
   0.87073  0.03731 -0.24760
   0.86355  0.03812 -0.24870
   0.85628  0.03891 -0.24746
   0.84891  0.03968 -0.24655
   0.84146  0.04044 -0.24651
   0.83396  0.04117 -0.24642
   0.82645  0.04190 -0.25213
   0.81896  0.04260 -0.25702
   0.81149  0.04327 -0.26057
   0.80402  0.04391 -0.26309
   0.79655  0.04452 -0.26549
   0.78909  0.04510 -0.26769
   0.78162  0.04565 -0.26838
   0.77414  0.04617 -0.26791
   0.76665  0.04666 -0.26826
   0.75914  0.04713 -0.26704
   0.75161  0.04756 -0.26521
   0.74405  0.04798 -0.26348
   0.73646  0.04837 -0.26052
   0.72884  0.04874 -0.25809
   0.72118  0.04909 -0.25520
   0.71350  0.04943 -0.25187
   0.70580  0.04974 -0.25006
   0.69806  0.05004 -0.24705
   0.69030  0.05033 -0.24495
   0.68252  0.05060 -0.24288
   0.67473  0.05086 -0.24106
   0.66693  0.05111 -0.23886
   0.65911  0.05135 -0.23761
   0.65129  0.05157 -0.23608
   0.64347  0.05178 -0.23403
   0.63563  0.05197 -0.23291
   0.62779  0.05216 -0.23138
   0.61994  0.05233 -0.22930
   0.61208  0.05249 -0.22878
   0.60421  0.05264 -0.22624
   0.59633  0.05278 -0.22539
   0.58846  0.05291 -0.22416
   0.58058  0.05303 -0.22351
   0.57270  0.05314 -0.22226
   0.56482  0.05324 -0.22135
   0.55693  0.05333 -0.22025
   0.54904  0.05340 -0.21957
   0.54115  0.05347 -0.21812
   0.53326  0.05353 -0.21776
   0.52537  0.05358 -0.21639
   0.51748  0.05361 -0.21545
   0.50958  0.05364 -0.21514
   0.50169  0.05366 -0.21351
   0.49380  0.05367 -0.21384
   0.48590  0.05367 -0.21215
   0.47801  0.05366 -0.21248
   0.47012  0.05363 -0.21144
   0.46224  0.05360 -0.21065
   0.45437  0.05356 -0.21001
   0.44650  0.05351 -0.20945
   0.43864  0.05345 -0.20832
   0.43079  0.05338 -0.20804
   0.42295  0.05330 -0.20771
   0.41514  0.05321 -0.20730
   0.40737  0.05312 -0.20790
   0.39966  0.05301 -0.20723
   0.39202  0.05289 -0.20841
   0.38445  0.05276 -0.20543
   0.37694  0.05262 -0.20277
   0.36954  0.05249 -0.20173
   0.36229  0.05236 -0.20880
   0.35524  0.05223 -0.21956
   0.34842  0.05207 -0.22870
   0.34179  0.05185 -0.21989
   0.33530  0.05159 -0.19298
   0.32892  0.05132 -0.16630
   0.32258  0.05111 -0.15257
   0.31625  0.05098 -0.16881
   0.30988  0.05089 -0.19800
   0.30343  0.05078 -0.22514
   0.29682  0.05061 -0.22737
   0.29002  0.05037 -0.21490
   0.28299  0.05009 -0.20304
   0.27579  0.04982 -0.20167
   0.26847  0.04954 -0.20563
   0.26108  0.04924 -0.20747
   0.25361  0.04892 -0.20625
   0.24607  0.04858 -0.20619
   0.23850  0.04823 -0.20707
   0.23092  0.04786 -0.20738
   0.22333  0.04747 -0.20806
   0.21574  0.04707 -0.20844
   0.20817  0.04664 -0.21010
   0.20063  0.04620 -0.21044
   0.19311  0.04574 -0.21108
   0.18563  0.04526 -0.21404
   0.17820  0.04475 -0.21359
   0.17081  0.04423 -0.21467
   0.16349  0.04368 -0.21686
   0.15624  0.04311 -0.21671
   0.14907  0.04251 -0.21890
   0.14200  0.04189 -0.21931
   0.13503  0.04125 -0.22006
   0.12818  0.04059 -0.22057
   0.12147  0.03990 -0.22057
   0.11493  0.03919 -0.22031
   0.10856  0.03847 -0.22008
   0.10240  0.03773 -0.21934
   0.09647  0.03699 -0.21998
   0.09078  0.03624 -0.22135
   0.08537  0.03550 -0.21966
   0.08024  0.03476 -0.22450
   0.07540  0.03403 -0.22585
   0.07085  0.03331 -0.22918
   0.06658  0.03261 -0.24128
   0.06257  0.03190 -0.24159
   0.05879  0.03120 -0.25213
   0.05523  0.03050 -0.25578
   0.05189  0.02978 -0.25341
   0.04873  0.02906 -0.24682
   0.04574  0.02833 -0.23550
   0.04291  0.02760 -0.22577
   0.04024  0.02687 -0.21052
   0.03771  0.02615 -0.19805
   0.03531  0.02543 -0.18962
   0.03305  0.02471 -0.16464
   0.03089  0.02399 -0.13445
   0.02884  0.02329 -0.11058
   0.02688  0.02260 -0.09461
   0.02502  0.02195 -0.09208
   0.02326  0.02131 -0.08962
   0.02159  0.02067 -0.08763
   0.02000  0.02005 -0.08095
   0.01849  0.01942 -0.06961
   0.01706  0.01880 -0.05105
   0.01569  0.01817 -0.02425
   0.01439  0.01754 -0.00158
   0.01314  0.01692  0.02212
   0.01194  0.01630  0.04302
   0.01080  0.01568  0.06274
   0.00971  0.01507  0.08148
   0.00867  0.01445  0.10687
   0.00767  0.01383  0.12470
   0.00672  0.01321  0.14928
   0.00581  0.01258  0.16987
   0.00495  0.01194  0.20076
   0.00414  0.01128  0.22460
   0.00338  0.01061  0.25298
   0.00268  0.00990  0.28694
   0.00207  0.00914  0.39393
   0.00154  0.00835  0.48139
   0.00111  0.00752  0.59548
   0.00078  0.00665  0.72037
   0.00053  0.00577  0.81959
   0.00035  0.00489  0.89026
   0.00022  0.00400  0.93709
   0.00012  0.00312  0.97020
   0.00005  0.00224  0.98883
   0.00001  0.00137  0.99831
  -0.00000  0.00051  0.99946
   0.00001 -0.00034  0.99335
   0.00004 -0.00120  0.97984
   0.00010 -0.00206  0.95847
   0.00020 -0.00292  0.94188
   0.00027 -0.00380  0.89455
   0.00039 -0.00468  0.86033
   0.00054 -0.00556  0.81001
   0.00072 -0.00645  0.74910
   0.00092 -0.00735  0.68192
   0.00115 -0.00824  0.60322
   0.00142 -0.00914  0.50333
   0.00173 -0.01004  0.39276
   0.00207 -0.01094  0.26717
   0.00247 -0.01182  0.08988
   0.00292 -0.01269  0.00873
   0.00342 -0.01356 -0.34195
   0.00402 -0.01437 -0.40354
   0.00470 -0.01514 -0.51245
   0.00546 -0.01587 -0.54680
   0.00629 -0.01657 -0.57537
   0.00717 -0.01724 -0.58562
   0.00811 -0.01789 -0.60022
   0.00910 -0.01851 -0.59750
   0.01015 -0.01912 -0.59243
   0.01125 -0.01971 -0.59141
   0.01240 -0.02029 -0.58287
   0.01361 -0.02086 -0.57590
   0.01488 -0.02142 -0.56742
   0.01621 -0.02198 -0.55174
   0.01761 -0.02253 -0.54294
   0.01908 -0.02307 -0.52630
   0.02063 -0.02362 -0.52046
   0.02226 -0.02417 -0.50678
   0.02397 -0.02472 -0.49088
   0.02579 -0.02528 -0.48282
   0.02770 -0.02584 -0.47171
   0.02973 -0.02641 -0.46325
   0.03189 -0.02700 -0.45488
   0.03419 -0.02759 -0.44787
   0.03663 -0.02820 -0.43653
   0.03924 -0.02882 -0.42941
   0.04203 -0.02945 -0.41805
   0.04502 -0.03011 -0.41087
   0.04822 -0.03078 -0.40456
   0.05165 -0.03148 -0.40074
   0.05533 -0.03220 -0.39583
   0.05925 -0.03293 -0.39231
   0.06344 -0.03368 -0.38711
   0.06789 -0.03445 -0.38464
   0.07262 -0.03522 -0.37943
   0.07761 -0.03600 -0.37759
   0.08288 -0.03679 -0.37387
   0.08842 -0.03758 -0.37025
   0.09419 -0.03836 -0.36688
   0.10019 -0.03914 -0.36453
   0.10638 -0.03991 -0.36337
   0.11276 -0.04065 -0.36214
   0.11929 -0.04138 -0.36110
   0.12594 -0.04208 -0.35950
   0.13272 -0.04276 -0.35820
   0.13959 -0.04340 -0.35652
   0.14656 -0.04401 -0.35320
   0.15362 -0.04460 -0.35126
   0.16075 -0.04515 -0.34713
   0.16794 -0.04567 -0.34466
   0.17519 -0.04616 -0.34109
   0.18248 -0.04663 -0.33888
   0.18981 -0.04706 -0.33651
   0.19717 -0.04747 -0.33493
   0.20456 -0.04785 -0.33056
   0.21197 -0.04820 -0.32952
   0.21942 -0.04852 -0.32522
   0.22690 -0.04882 -0.32246
   0.23441 -0.04909 -0.31756
   0.24195 -0.04934 -0.31528
   0.24951 -0.04956 -0.31308
   0.25708 -0.04977 -0.30967
   0.26468 -0.04995 -0.30822
   0.27229 -0.05011 -0.30382
   0.27991 -0.05024 -0.30225
   0.28756 -0.05036 -0.29869
   0.29522 -0.05046 -0.29662
   0.30289 -0.05054 -0.29463
   0.31057 -0.05060 -0.29240
   0.31825 -0.05064 -0.29010
   0.32595 -0.05066 -0.28839
   0.33364 -0.05066 -0.28678
   0.34135 -0.05065 -0.28485
   0.34906 -0.05061 -0.28305
   0.35677 -0.05056 -0.28114
   0.36448 -0.05048 -0.27941
   0.37219 -0.05039 -0.27779
   0.37990 -0.05028 -0.27567
   0.38761 -0.05015 -0.27428
   0.39532 -0.05001 -0.27287
   0.40302 -0.04984 -0.27144
   0.41072 -0.04966 -0.26931
   0.41842 -0.04945 -0.26863
   0.42610 -0.04923 -0.26720
   0.43378 -0.04899 -0.26642
   0.44144 -0.04873 -0.26425
   0.44910 -0.04845 -0.26363
   0.45674 -0.04815 -0.26205
   0.46437 -0.04783 -0.26128
   0.47199 -0.04749 -0.25954
   0.47960 -0.04713 -0.25763
   0.48720 -0.04674 -0.25628
   0.49478 -0.04634 -0.25452
   0.50235 -0.04590 -0.25209
   0.50991 -0.04545 -0.25082
   0.51745 -0.04497 -0.24816
   0.52498 -0.04447 -0.24569
   0.53250 -0.04395 -0.24354
   0.54000 -0.04340 -0.24092
   0.54749 -0.04282 -0.23805
   0.55497 -0.04222 -0.23488
   0.56243 -0.04159 -0.23119
   0.56987 -0.04093 -0.22782
   0.57730 -0.04025 -0.22410
   0.58471 -0.03954 -0.21992
   0.59210 -0.03881 -0.21570
   0.59948 -0.03804 -0.21124
   0.60683 -0.03724 -0.20661
   0.61417 -0.03642 -0.20034
   0.62149 -0.03556 -0.19559
   0.62879 -0.03468 -0.18829
   0.63608 -0.03376 -0.18257
   0.64335 -0.03281 -0.17440
   0.65061 -0.03183 -0.16726
   0.65786 -0.03081 -0.15868
   0.66510 -0.02976 -0.14974
   0.67232 -0.02867 -0.13993
   0.67954 -0.02755 -0.12979
   0.68676 -0.02640 -0.11922
   0.69397 -0.02520 -0.10797
   0.70117 -0.02398 -0.09518
   0.70838 -0.02271 -0.08243
   0.71559 -0.02141 -0.06889
   0.72281 -0.02007 -0.05450
   0.73004 -0.01870 -0.03973
   0.73728 -0.01729 -0.02358
   0.74453 -0.01584 -0.00597
   0.75180 -0.01436  0.01037
   0.75910 -0.01284  0.03040
   0.76642 -0.01128  0.04852
   0.77378 -0.00969  0.07034
   0.78118 -0.00807  0.08921
   0.78863 -0.00642  0.11271
   0.79611 -0.00475  0.13360
   0.80361 -0.00306  0.15804
   0.81108 -0.00138  0.18099
   0.81847  0.00029  0.20400
   0.82574  0.00191  0.22780
   0.83289  0.00348  0.24983
   0.83991  0.00499  0.27038
   0.84680  0.00644  0.29010
   0.85358  0.00782  0.30953
   0.86023  0.00913  0.32585
   0.86676  0.01036  0.34446
   0.87316  0.01151  0.35859
   0.87944  0.01258  0.37507
   0.88561  0.01356  0.38691
   0.89167  0.01445  0.39914
   0.89763  0.01526  0.40996
   0.90349  0.01599  0.41951
   0.90927  0.01663  0.42734
   0.91493  0.01718  0.43700
   0.92047  0.01765  0.44287
   0.92588  0.01803  0.45116
   0.93120  0.01832  0.45475
   0.93644  0.01853  0.45560
   0.94160  0.01868  0.45853
   0.94662  0.01876  0.46547
   0.95140  0.01879  0.48088
   0.95595  0.01872  0.49055
   0.96030  0.01853  0.49565
   0.96456  0.01820  0.48074
   0.96881  0.01775  0.45316
   0.97308  0.01723  0.42607
   0.97733  0.01672  0.41389
   0.98147  0.01621  0.42709
   0.98549  0.01562  0.43404
   0.98945  0.01488  0.38880
   0.99342  0.01406  0.32410
   0.99738  0.01325  0.29883
   1.00000  0.01271  0.25423
