GRUMMAN K-2 AIRFOIL                             
 Alfa =  -1.28600 Re =        0.000 Xflap,Yflap =     0.000000    0.000000
#    x        y        Cp  
   1.00000  0.01371  0.25421
   0.99740  0.01444  0.09922
   0.99329  0.01549  0.06148
   0.98889  0.01657  0.04614
   0.98423  0.01772  0.00579
   0.97929  0.01890 -0.02916
   0.97409  0.02011 -0.05513
   0.96867  0.02135 -0.08551
   0.96305  0.02259 -0.11204
   0.95727  0.02381 -0.13368
   0.95131  0.02502 -0.15460
   0.94520  0.02620 -0.16968
   0.93893  0.02735 -0.18274
   0.93253  0.02848 -0.19396
   0.92600  0.02957 -0.20114
   0.91932  0.03065 -0.20719
   0.91254  0.03170 -0.21414
   0.90568  0.03272 -0.22276
   0.89876  0.03372 -0.23020
   0.89181  0.03467 -0.23829
   0.88484  0.03559 -0.24425
   0.87782  0.03647 -0.24690
   0.87073  0.03731 -0.24802
   0.86355  0.03812 -0.24914
   0.85628  0.03891 -0.24790
   0.84891  0.03968 -0.24702
   0.84146  0.04044 -0.24698
   0.83396  0.04117 -0.24691
   0.82645  0.04190 -0.25263
   0.81896  0.04260 -0.25754
   0.81149  0.04327 -0.26111
   0.80402  0.04391 -0.26364
   0.79655  0.04452 -0.26606
   0.78909  0.04510 -0.26827
   0.78162  0.04565 -0.26898
   0.77414  0.04617 -0.26852
   0.76665  0.04666 -0.26889
   0.75914  0.04713 -0.26767
   0.75161  0.04756 -0.26585
   0.74405  0.04798 -0.26414
   0.73646  0.04837 -0.26120
   0.72884  0.04874 -0.25878
   0.72118  0.04909 -0.25590
   0.71350  0.04943 -0.25258
   0.70580  0.04974 -0.25078
   0.69806  0.05004 -0.24778
   0.69030  0.05033 -0.24570
   0.68252  0.05060 -0.24363
   0.67473  0.05086 -0.24183
   0.66693  0.05111 -0.23964
   0.65911  0.05135 -0.23840
   0.65129  0.05157 -0.23690
   0.64347  0.05178 -0.23486
   0.63563  0.05197 -0.23375
   0.62779  0.05216 -0.23223
   0.61994  0.05233 -0.23016
   0.61208  0.05249 -0.22966
   0.60421  0.05264 -0.22713
   0.59633  0.05278 -0.22630
   0.58846  0.05291 -0.22508
   0.58058  0.05303 -0.22445
   0.57270  0.05314 -0.22321
   0.56482  0.05324 -0.22231
   0.55693  0.05333 -0.22122
   0.54904  0.05340 -0.22056
   0.54115  0.05347 -0.21913
   0.53326  0.05353 -0.21878
   0.52537  0.05358 -0.21742
   0.51748  0.05361 -0.21651
   0.50958  0.05364 -0.21621
   0.50169  0.05366 -0.21459
   0.49380  0.05367 -0.21495
   0.48590  0.05367 -0.21327
   0.47801  0.05366 -0.21362
   0.47012  0.05363 -0.21259
   0.46224  0.05360 -0.21183
   0.45437  0.05356 -0.21120
   0.44650  0.05351 -0.21066
   0.43864  0.05345 -0.20954
   0.43079  0.05338 -0.20929
   0.42295  0.05330 -0.20897
   0.41514  0.05321 -0.20859
   0.40737  0.05312 -0.20920
   0.39966  0.05301 -0.20856
   0.39202  0.05289 -0.20976
   0.38445  0.05276 -0.20680
   0.37694  0.05262 -0.20415
   0.36954  0.05249 -0.20314
   0.36229  0.05236 -0.21024
   0.35524  0.05223 -0.22103
   0.34842  0.05207 -0.23021
   0.34179  0.05185 -0.22141
   0.33530  0.05159 -0.19448
   0.32892  0.05132 -0.16780
   0.32258  0.05111 -0.15407
   0.31625  0.05098 -0.17035
   0.30988  0.05089 -0.19960
   0.30343  0.05078 -0.22681
   0.29682  0.05061 -0.22907
   0.29002  0.05037 -0.21661
   0.28299  0.05009 -0.20476
   0.27579  0.04982 -0.20342
   0.26847  0.04954 -0.20741
   0.26108  0.04924 -0.20929
   0.25361  0.04892 -0.20810
   0.24607  0.04858 -0.20808
   0.23850  0.04823 -0.20900
   0.23092  0.04786 -0.20935
   0.22333  0.04747 -0.21007
   0.21574  0.04707 -0.21050
   0.20817  0.04664 -0.21221
   0.20063  0.04620 -0.21260
   0.19311  0.04574 -0.21329
   0.18563  0.04526 -0.21631
   0.17820  0.04475 -0.21592
   0.17081  0.04423 -0.21706
   0.16349  0.04368 -0.21931
   0.15624  0.04311 -0.21923
   0.14907  0.04251 -0.22150
   0.14200  0.04189 -0.22198
   0.13503  0.04125 -0.22281
   0.12818  0.04059 -0.22340
   0.12147  0.03990 -0.22349
   0.11493  0.03919 -0.22333
   0.10856  0.03847 -0.22319
   0.10240  0.03773 -0.22255
   0.09647  0.03699 -0.22329
   0.09078  0.03624 -0.22477
   0.08537  0.03550 -0.22320
   0.08024  0.03476 -0.22817
   0.07540  0.03403 -0.22965
   0.07085  0.03331 -0.23312
   0.06658  0.03261 -0.24539
   0.06257  0.03190 -0.24584
   0.05879  0.03120 -0.25655
   0.05523  0.03050 -0.26037
   0.05189  0.02978 -0.25814
   0.04873  0.02906 -0.25168
   0.04574  0.02833 -0.24049
   0.04291  0.02760 -0.23088
   0.04024  0.02687 -0.21574
   0.03771  0.02615 -0.20340
   0.03531  0.02543 -0.19511
   0.03305  0.02471 -0.17020
   0.03089  0.02399 -0.14006
   0.02884  0.02329 -0.11626
   0.02688  0.02260 -0.10041
   0.02502  0.02195 -0.09807
   0.02326  0.02131 -0.09581
   0.02159  0.02067 -0.09404
   0.02000  0.02005 -0.08757
   0.01849  0.01942 -0.07642
   0.01706  0.01880 -0.05800
   0.01569  0.01817 -0.03131
   0.01439  0.01754 -0.00876
   0.01314  0.01692  0.01481
   0.01194  0.01630  0.03553
   0.01080  0.01568  0.05505
   0.00971  0.01507  0.07359
   0.00867  0.01445  0.09878
   0.00767  0.01383  0.11635
   0.00672  0.01321  0.14067
   0.00581  0.01258  0.16094
   0.00495  0.01194  0.19155
   0.00414  0.01128  0.21500
   0.00338  0.01061  0.24290
   0.00268  0.00990  0.27639
   0.00207  0.00914  0.38392
   0.00154  0.00835  0.47173
   0.00111  0.00752  0.58679
   0.00078  0.00665  0.71330
   0.00053  0.00577  0.81410
   0.00035  0.00489  0.88612
   0.00022  0.00400  0.93402
   0.00012  0.00312  0.96812
   0.00005  0.00224  0.98758
   0.00001  0.00137  0.99781
  -0.00000  0.00051  0.99969
   0.00001 -0.00034  0.99423
   0.00004 -0.00120  0.98139
   0.00010 -0.00206  0.96075
   0.00020 -0.00292  0.94435
   0.00027 -0.00380  0.89821
   0.00039 -0.00468  0.86439
   0.00054 -0.00556  0.81478
   0.00072 -0.00645  0.75461
   0.00092 -0.00735  0.68815
   0.00115 -0.00824  0.61021
   0.00142 -0.00914  0.51123
   0.00173 -0.01004  0.40160
   0.00207 -0.01094  0.27695
   0.00247 -0.01182  0.10105
   0.00292 -0.01269  0.02004
   0.00342 -0.01356 -0.32772
   0.00402 -0.01437 -0.38972
   0.00470 -0.01514 -0.49844
   0.00546 -0.01587 -0.53334
   0.00629 -0.01657 -0.56239
   0.00717 -0.01724 -0.57322
   0.00811 -0.01789 -0.58830
   0.00910 -0.01851 -0.58611
   0.01015 -0.01912 -0.58155
   0.01125 -0.01971 -0.58099
   0.01240 -0.02029 -0.57289
   0.01361 -0.02086 -0.56633
   0.01488 -0.02142 -0.55824
   0.01621 -0.02198 -0.54297
   0.01761 -0.02253 -0.53451
   0.01908 -0.02307 -0.51822
   0.02063 -0.02362 -0.51269
   0.02226 -0.02417 -0.49932
   0.02397 -0.02472 -0.48371
   0.02579 -0.02528 -0.47592
   0.02770 -0.02584 -0.46507
   0.02973 -0.02641 -0.45685
   0.03189 -0.02700 -0.44870
   0.03419 -0.02759 -0.44191
   0.03663 -0.02820 -0.43079
   0.03924 -0.02882 -0.42387
   0.04203 -0.02945 -0.41273
   0.04502 -0.03011 -0.40574
   0.04822 -0.03078 -0.39960
   0.05165 -0.03148 -0.39596
   0.05533 -0.03220 -0.39122
   0.05925 -0.03293 -0.38786
   0.06344 -0.03368 -0.38281
   0.06789 -0.03445 -0.38049
   0.07262 -0.03522 -0.37543
   0.07761 -0.03600 -0.37372
   0.08288 -0.03679 -0.37013
   0.08842 -0.03758 -0.36664
   0.09419 -0.03836 -0.36339
   0.10019 -0.03914 -0.36116
   0.10638 -0.03991 -0.36011
   0.11276 -0.04065 -0.35898
   0.11929 -0.04138 -0.35804
   0.12594 -0.04208 -0.35653
   0.13272 -0.04276 -0.35531
   0.13959 -0.04340 -0.35372
   0.14656 -0.04401 -0.35048
   0.15362 -0.04460 -0.34861
   0.16075 -0.04515 -0.34456
   0.16794 -0.04567 -0.34216
   0.17519 -0.04616 -0.33865
   0.18248 -0.04663 -0.33651
   0.18981 -0.04706 -0.33420
   0.19717 -0.04747 -0.33267
   0.20456 -0.04785 -0.32836
   0.21197 -0.04820 -0.32737
   0.21942 -0.04852 -0.32312
   0.22690 -0.04882 -0.32041
   0.23441 -0.04909 -0.31556
   0.24195 -0.04934 -0.31332
   0.24951 -0.04956 -0.31117
   0.25708 -0.04977 -0.30779
   0.26468 -0.04995 -0.30639
   0.27229 -0.05011 -0.30203
   0.27991 -0.05024 -0.30049
   0.28756 -0.05036 -0.29697
   0.29522 -0.05046 -0.29493
   0.30289 -0.05054 -0.29298
   0.31057 -0.05060 -0.29078
   0.31825 -0.05064 -0.28851
   0.32595 -0.05066 -0.28683
   0.33364 -0.05066 -0.28524
   0.34135 -0.05065 -0.28335
   0.34906 -0.05061 -0.28158
   0.35677 -0.05056 -0.27969
   0.36448 -0.05048 -0.27799
   0.37219 -0.05039 -0.27639
   0.37990 -0.05028 -0.27430
   0.38761 -0.05015 -0.27293
   0.39532 -0.05001 -0.27154
   0.40302 -0.04984 -0.27014
   0.41072 -0.04966 -0.26803
   0.41842 -0.04945 -0.26738
   0.42610 -0.04923 -0.26597
   0.43378 -0.04899 -0.26521
   0.44144 -0.04873 -0.26305
   0.44910 -0.04845 -0.26246
   0.45674 -0.04815 -0.26090
   0.46437 -0.04783 -0.26015
   0.47199 -0.04749 -0.25842
   0.47960 -0.04713 -0.25654
   0.48720 -0.04674 -0.25521
   0.49478 -0.04634 -0.25346
   0.50235 -0.04590 -0.25105
   0.50991 -0.04545 -0.24980
   0.51745 -0.04497 -0.24715
   0.52498 -0.04447 -0.24470
   0.53250 -0.04395 -0.24257
   0.54000 -0.04340 -0.23997
   0.54749 -0.04282 -0.23711
   0.55497 -0.04222 -0.23396
   0.56243 -0.04159 -0.23029
   0.56987 -0.04093 -0.22694
   0.57730 -0.04025 -0.22323
   0.58471 -0.03954 -0.21908
   0.59210 -0.03881 -0.21487
   0.59948 -0.03804 -0.21042
   0.60683 -0.03724 -0.20581
   0.61417 -0.03642 -0.19956
   0.62149 -0.03556 -0.19482
   0.62879 -0.03468 -0.18754
   0.63608 -0.03376 -0.18184
   0.64335 -0.03281 -0.17368
   0.65061 -0.03183 -0.16657
   0.65786 -0.03081 -0.15800
   0.66510 -0.02976 -0.14908
   0.67232 -0.02867 -0.13929
   0.67954 -0.02755 -0.12917
   0.68676 -0.02640 -0.11860
   0.69397 -0.02520 -0.10738
   0.70117 -0.02398 -0.09460
   0.70838 -0.02271 -0.08187
   0.71559 -0.02141 -0.06835
   0.72281 -0.02007 -0.05398
   0.73004 -0.01870 -0.03922
   0.73728 -0.01729 -0.02309
   0.74453 -0.01584 -0.00551
   0.75180 -0.01436  0.01082
   0.75910 -0.01284  0.03083
   0.76642 -0.01128  0.04893
   0.77378 -0.00969  0.07074
   0.78118 -0.00807  0.08959
   0.78863 -0.00642  0.11308
   0.79611 -0.00475  0.13395
   0.80361 -0.00306  0.15837
   0.81108 -0.00138  0.18130
   0.81847  0.00029  0.20430
   0.82574  0.00191  0.22808
   0.83289  0.00348  0.25009
   0.83991  0.00499  0.27063
   0.84680  0.00644  0.29033
   0.85358  0.00782  0.30976
   0.86023  0.00913  0.32606
   0.86676  0.01036  0.34466
   0.87316  0.01151  0.35879
   0.87944  0.01258  0.37525
   0.88561  0.01356  0.38708
   0.89167  0.01445  0.39931
   0.89763  0.01526  0.41011
   0.90349  0.01599  0.41966
   0.90927  0.01663  0.42748
   0.91493  0.01718  0.43713
   0.92047  0.01765  0.44300
   0.92588  0.01803  0.45127
   0.93120  0.01832  0.45487
   0.93644  0.01853  0.45571
   0.94160  0.01868  0.45863
   0.94662  0.01876  0.46558
   0.95140  0.01879  0.48098
   0.95595  0.01872  0.49064
   0.96030  0.01853  0.49574
   0.96456  0.01820  0.48082
   0.96881  0.01775  0.45324
   0.97308  0.01723  0.42616
   0.97733  0.01672  0.41397
   0.98147  0.01621  0.42716
   0.98549  0.01562  0.43410
   0.98945  0.01488  0.38886
   0.99342  0.01406  0.32417
   0.99738  0.01325  0.29888
   1.00000  0.01271  0.25421
