GRUMMAN K-2 AIRFOIL                             
 Alfa =  -1.27570 Re =        0.000 Xflap,Yflap =     0.000000    0.000000
#    x        y        Cp  
   1.00000  0.01371  0.25421
   0.99740  0.01444  0.09921
   0.99329  0.01549  0.06146
   0.98889  0.01657  0.04611
   0.98423  0.01772  0.00575
   0.97929  0.01890 -0.02921
   0.97409  0.02011 -0.05518
   0.96867  0.02135 -0.08557
   0.96305  0.02259 -0.11211
   0.95727  0.02381 -0.13376
   0.95131  0.02502 -0.15469
   0.94520  0.02620 -0.16977
   0.93893  0.02735 -0.18284
   0.93253  0.02848 -0.19407
   0.92600  0.02957 -0.20125
   0.91932  0.03065 -0.20731
   0.91254  0.03170 -0.21427
   0.90568  0.03272 -0.22290
   0.89876  0.03372 -0.23034
   0.89181  0.03467 -0.23844
   0.88484  0.03559 -0.24441
   0.87782  0.03647 -0.24706
   0.87073  0.03731 -0.24819
   0.86355  0.03812 -0.24931
   0.85628  0.03891 -0.24808
   0.84891  0.03968 -0.24721
   0.84146  0.04044 -0.24717
   0.83396  0.04117 -0.24711
   0.82645  0.04190 -0.25283
   0.81896  0.04260 -0.25775
   0.81149  0.04327 -0.26132
   0.80402  0.04391 -0.26386
   0.79655  0.04452 -0.26629
   0.78909  0.04510 -0.26849
   0.78162  0.04565 -0.26922
   0.77414  0.04617 -0.26876
   0.76665  0.04666 -0.26914
   0.75914  0.04713 -0.26792
   0.75161  0.04756 -0.26611
   0.74405  0.04798 -0.26440
   0.73646  0.04837 -0.26147
   0.72884  0.04874 -0.25905
   0.72118  0.04909 -0.25618
   0.71350  0.04943 -0.25287
   0.70580  0.04974 -0.25107
   0.69806  0.05004 -0.24807
   0.69030  0.05033 -0.24600
   0.68252  0.05060 -0.24393
   0.67473  0.05086 -0.24214
   0.66693  0.05111 -0.23995
   0.65911  0.05135 -0.23871
   0.65129  0.05157 -0.23722
   0.64347  0.05178 -0.23518
   0.63563  0.05197 -0.23408
   0.62779  0.05216 -0.23257
   0.61994  0.05233 -0.23051
   0.61208  0.05249 -0.23000
   0.60421  0.05264 -0.22748
   0.59633  0.05278 -0.22666
   0.58846  0.05291 -0.22544
   0.58058  0.05303 -0.22482
   0.57270  0.05314 -0.22359
   0.56482  0.05324 -0.22269
   0.55693  0.05333 -0.22161
   0.54904  0.05340 -0.22096
   0.54115  0.05347 -0.21953
   0.53326  0.05353 -0.21919
   0.52537  0.05358 -0.21784
   0.51748  0.05361 -0.21692
   0.50958  0.05364 -0.21664
   0.50169  0.05366 -0.21502
   0.49380  0.05367 -0.21538
   0.48590  0.05367 -0.21371
   0.47801  0.05366 -0.21407
   0.47012  0.05363 -0.21305
   0.46224  0.05360 -0.21229
   0.45437  0.05356 -0.21167
   0.44650  0.05351 -0.21114
   0.43864  0.05345 -0.21003
   0.43079  0.05338 -0.20979
   0.42295  0.05330 -0.20947
   0.41514  0.05321 -0.20910
   0.40737  0.05312 -0.20972
   0.39966  0.05301 -0.20909
   0.39202  0.05289 -0.21030
   0.38445  0.05276 -0.20734
   0.37694  0.05262 -0.20470
   0.36954  0.05249 -0.20369
   0.36229  0.05236 -0.21081
   0.35524  0.05223 -0.22162
   0.34842  0.05207 -0.23080
   0.34179  0.05185 -0.22201
   0.33530  0.05159 -0.19508
   0.32892  0.05132 -0.16839
   0.32258  0.05111 -0.15466
   0.31625  0.05098 -0.17096
   0.30988  0.05089 -0.20023
   0.30343  0.05078 -0.22747
   0.29682  0.05061 -0.22974
   0.29002  0.05037 -0.21728
   0.28299  0.05009 -0.20544
   0.27579  0.04982 -0.20411
   0.26847  0.04954 -0.20812
   0.26108  0.04924 -0.21001
   0.25361  0.04892 -0.20883
   0.24607  0.04858 -0.20883
   0.23850  0.04823 -0.20976
   0.23092  0.04786 -0.21013
   0.22333  0.04747 -0.21087
   0.21574  0.04707 -0.21132
   0.20817  0.04664 -0.21304
   0.20063  0.04620 -0.21346
   0.19311  0.04574 -0.21417
   0.18563  0.04526 -0.21721
   0.17820  0.04475 -0.21684
   0.17081  0.04423 -0.21801
   0.16349  0.04368 -0.22029
   0.15624  0.04311 -0.22023
   0.14907  0.04251 -0.22252
   0.14200  0.04189 -0.22304
   0.13503  0.04125 -0.22390
   0.12818  0.04059 -0.22453
   0.12147  0.03990 -0.22465
   0.11493  0.03919 -0.22452
   0.10856  0.03847 -0.22442
   0.10240  0.03773 -0.22382
   0.09647  0.03699 -0.22461
   0.09078  0.03624 -0.22613
   0.08537  0.03550 -0.22460
   0.08024  0.03476 -0.22963
   0.07540  0.03403 -0.23116
   0.07085  0.03331 -0.23468
   0.06658  0.03261 -0.24702
   0.06257  0.03190 -0.24752
   0.05879  0.03120 -0.25831
   0.05523  0.03050 -0.26219
   0.05189  0.02978 -0.26002
   0.04873  0.02906 -0.25361
   0.04574  0.02833 -0.24247
   0.04291  0.02760 -0.23291
   0.04024  0.02687 -0.21782
   0.03771  0.02615 -0.20552
   0.03531  0.02543 -0.19729
   0.03305  0.02471 -0.17241
   0.03089  0.02399 -0.14228
   0.02884  0.02329 -0.11851
   0.02688  0.02260 -0.10271
   0.02502  0.02195 -0.10045
   0.02326  0.02131 -0.09827
   0.02159  0.02067 -0.09658
   0.02000  0.02005 -0.09019
   0.01849  0.01942 -0.07912
   0.01706  0.01880 -0.06076
   0.01569  0.01817 -0.03411
   0.01439  0.01754 -0.01161
   0.01314  0.01692  0.01190
   0.01194  0.01630  0.03255
   0.01080  0.01568  0.05200
   0.00971  0.01507  0.07045
   0.00867  0.01445  0.09557
   0.00767  0.01383  0.11303
   0.00672  0.01321  0.13725
   0.00581  0.01258  0.15739
   0.00495  0.01194  0.18788
   0.00414  0.01128  0.21118
   0.00338  0.01061  0.23889
   0.00268  0.00990  0.27219
   0.00207  0.00914  0.37993
   0.00154  0.00835  0.46787
   0.00111  0.00752  0.58332
   0.00078  0.00665  0.71048
   0.00053  0.00577  0.81190
   0.00035  0.00489  0.88446
   0.00022  0.00400  0.93279
   0.00012  0.00312  0.96728
   0.00005  0.00224  0.98706
   0.00001  0.00137  0.99759
  -0.00000  0.00051  0.99977
   0.00001 -0.00034  0.99456
   0.00004 -0.00120  0.98199
   0.00010 -0.00206  0.96163
   0.00020 -0.00292  0.94532
   0.00027 -0.00380  0.89964
   0.00039 -0.00468  0.86598
   0.00054 -0.00556  0.81665
   0.00072 -0.00645  0.75677
   0.00092 -0.00735  0.69059
   0.00115 -0.00824  0.61296
   0.00142 -0.00914  0.51434
   0.00173 -0.01004  0.40508
   0.00207 -0.01094  0.28080
   0.00247 -0.01182  0.10545
   0.00292 -0.01269  0.02450
   0.00342 -0.01356 -0.32211
   0.00402 -0.01437 -0.38426
   0.00470 -0.01514 -0.49291
   0.00546 -0.01587 -0.52802
   0.00629 -0.01657 -0.55726
   0.00717 -0.01724 -0.56832
   0.00811 -0.01789 -0.58359
   0.00910 -0.01851 -0.58161
   0.01015 -0.01912 -0.57726
   0.01125 -0.01971 -0.57687
   0.01240 -0.02029 -0.56894
   0.01361 -0.02086 -0.56255
   0.01488 -0.02142 -0.55462
   0.01621 -0.02198 -0.53950
   0.01761 -0.02253 -0.53118
   0.01908 -0.02307 -0.51503
   0.02063 -0.02362 -0.50961
   0.02226 -0.02417 -0.49636
   0.02397 -0.02472 -0.48088
   0.02579 -0.02528 -0.47319
   0.02770 -0.02584 -0.46244
   0.02973 -0.02641 -0.45431
   0.03189 -0.02700 -0.44626
   0.03419 -0.02759 -0.43955
   0.03663 -0.02820 -0.42852
   0.03924 -0.02882 -0.42168
   0.04203 -0.02945 -0.41062
   0.04502 -0.03011 -0.40370
   0.04822 -0.03078 -0.39764
   0.05165 -0.03148 -0.39406
   0.05533 -0.03220 -0.38939
   0.05925 -0.03293 -0.38609
   0.06344 -0.03368 -0.38111
   0.06789 -0.03445 -0.37884
   0.07262 -0.03522 -0.37384
   0.07761 -0.03600 -0.37219
   0.08288 -0.03679 -0.36866
   0.08842 -0.03758 -0.36522
   0.09419 -0.03836 -0.36202
   0.10019 -0.03914 -0.35983
   0.10638 -0.03991 -0.35882
   0.11276 -0.04065 -0.35773
   0.11929 -0.04138 -0.35682
   0.12594 -0.04208 -0.35535
   0.13272 -0.04276 -0.35417
   0.13959 -0.04340 -0.35261
   0.14656 -0.04401 -0.34940
   0.15362 -0.04460 -0.34756
   0.16075 -0.04515 -0.34354
   0.16794 -0.04567 -0.34116
   0.17519 -0.04616 -0.33769
   0.18248 -0.04663 -0.33557
   0.18981 -0.04706 -0.33328
   0.19717 -0.04747 -0.33178
   0.20456 -0.04785 -0.32749
   0.21197 -0.04820 -0.32651
   0.21942 -0.04852 -0.32229
   0.22690 -0.04882 -0.31960
   0.23441 -0.04909 -0.31477
   0.24195 -0.04934 -0.31255
   0.24951 -0.04956 -0.31041
   0.25708 -0.04977 -0.30705
   0.26468 -0.04995 -0.30566
   0.27229 -0.05011 -0.30131
   0.27991 -0.05024 -0.29979
   0.28756 -0.05036 -0.29629
   0.29522 -0.05046 -0.29427
   0.30289 -0.05054 -0.29232
   0.31057 -0.05060 -0.29014
   0.31825 -0.05064 -0.28788
   0.32595 -0.05066 -0.28621
   0.33364 -0.05066 -0.28464
   0.34135 -0.05065 -0.28275
   0.34906 -0.05061 -0.28099
   0.35677 -0.05056 -0.27912
   0.36448 -0.05048 -0.27743
   0.37219 -0.05039 -0.27584
   0.37990 -0.05028 -0.27376
   0.38761 -0.05015 -0.27240
   0.39532 -0.05001 -0.27102
   0.40302 -0.04984 -0.26962
   0.41072 -0.04966 -0.26752
   0.41842 -0.04945 -0.26688
   0.42610 -0.04923 -0.26548
   0.43378 -0.04899 -0.26473
   0.44144 -0.04873 -0.26258
   0.44910 -0.04845 -0.26199
   0.45674 -0.04815 -0.26044
   0.46437 -0.04783 -0.25970
   0.47199 -0.04749 -0.25798
   0.47960 -0.04713 -0.25610
   0.48720 -0.04674 -0.25478
   0.49478 -0.04634 -0.25304
   0.50235 -0.04590 -0.25064
   0.50991 -0.04545 -0.24939
   0.51745 -0.04497 -0.24675
   0.52498 -0.04447 -0.24431
   0.53250 -0.04395 -0.24218
   0.54000 -0.04340 -0.23960
   0.54749 -0.04282 -0.23674
   0.55497 -0.04222 -0.23359
   0.56243 -0.04159 -0.22994
   0.56987 -0.04093 -0.22659
   0.57730 -0.04025 -0.22289
   0.58471 -0.03954 -0.21874
   0.59210 -0.03881 -0.21454
   0.59948 -0.03804 -0.21010
   0.60683 -0.03724 -0.20549
   0.61417 -0.03642 -0.19925
   0.62149 -0.03556 -0.19452
   0.62879 -0.03468 -0.18724
   0.63608 -0.03376 -0.18155
   0.64335 -0.03281 -0.17340
   0.65061 -0.03183 -0.16629
   0.65786 -0.03081 -0.15773
   0.66510 -0.02976 -0.14881
   0.67232 -0.02867 -0.13903
   0.67954 -0.02755 -0.12892
   0.68676 -0.02640 -0.11836
   0.69397 -0.02520 -0.10714
   0.70117 -0.02398 -0.09437
   0.70838 -0.02271 -0.08165
   0.71559 -0.02141 -0.06814
   0.72281 -0.02007 -0.05377
   0.73004 -0.01870 -0.03901
   0.73728 -0.01729 -0.02290
   0.74453 -0.01584 -0.00532
   0.75180 -0.01436  0.01100
   0.75910 -0.01284  0.03101
   0.76642 -0.01128  0.04909
   0.77378 -0.00969  0.07089
   0.78118 -0.00807  0.08974
   0.78863 -0.00642  0.11322
   0.79611 -0.00475  0.13408
   0.80361 -0.00306  0.15850
   0.81108 -0.00138  0.18142
   0.81847  0.00029  0.20442
   0.82574  0.00191  0.22819
   0.83289  0.00348  0.25020
   0.83991  0.00499  0.27073
   0.84680  0.00644  0.29042
   0.85358  0.00782  0.30985
   0.86023  0.00913  0.32614
   0.86676  0.01036  0.34474
   0.87316  0.01151  0.35887
   0.87944  0.01258  0.37532
   0.88561  0.01356  0.38715
   0.89167  0.01445  0.39937
   0.89763  0.01526  0.41017
   0.90349  0.01599  0.41972
   0.90927  0.01663  0.42754
   0.91493  0.01718  0.43719
   0.92047  0.01765  0.44306
   0.92588  0.01803  0.45132
   0.93120  0.01832  0.45492
   0.93644  0.01853  0.45576
   0.94160  0.01868  0.45868
   0.94662  0.01876  0.46562
   0.95140  0.01879  0.48101
   0.95595  0.01872  0.49068
   0.96030  0.01853  0.49577
   0.96456  0.01820  0.48086
   0.96881  0.01775  0.45328
   0.97308  0.01723  0.42619
   0.97733  0.01672  0.41400
   0.98147  0.01621  0.42718
   0.98549  0.01562  0.43412
   0.98945  0.01488  0.38888
   0.99342  0.01406  0.32419
   0.99738  0.01325  0.29890
   1.00000  0.01271  0.25421
