GRUMMAN K-2 AIRFOIL                             
 Alfa =  -1.02500 Re =        0.000 Xflap,Yflap =     0.000000    0.000000
#    x        y        Cp  
   1.00000  0.01371  0.25409
   0.99740  0.01444  0.09890
   0.99329  0.01549  0.06103
   0.98889  0.01657  0.04538
   0.98423  0.01772  0.00476
   0.97929  0.01890 -0.03035
   0.97409  0.02011 -0.05646
   0.96867  0.02135 -0.08712
   0.96305  0.02259 -0.11381
   0.95727  0.02381 -0.13562
   0.95131  0.02502 -0.15679
   0.94520  0.02620 -0.17205
   0.93893  0.02735 -0.18531
   0.93253  0.02848 -0.19672
   0.92600  0.02957 -0.20400
   0.91932  0.03065 -0.21032
   0.91254  0.03170 -0.21735
   0.90568  0.03272 -0.22622
   0.89876  0.03372 -0.23374
   0.89181  0.03467 -0.24206
   0.88484  0.03559 -0.24819
   0.87782  0.03647 -0.25094
   0.87073  0.03731 -0.25223
   0.86355  0.03812 -0.25351
   0.85628  0.03891 -0.25233
   0.84891  0.03968 -0.25170
   0.84146  0.04044 -0.25173
   0.83396  0.04117 -0.25184
   0.82645  0.04190 -0.25767
   0.81896  0.04260 -0.26278
   0.81149  0.04327 -0.26651
   0.80402  0.04391 -0.26914
   0.79655  0.04452 -0.27179
   0.78909  0.04510 -0.27400
   0.78162  0.04565 -0.27499
   0.77414  0.04617 -0.27461
   0.76665  0.04666 -0.27519
   0.75914  0.04713 -0.27403
   0.75161  0.04756 -0.27236
   0.74405  0.04798 -0.27070
   0.73646  0.04837 -0.26797
   0.72884  0.04874 -0.26563
   0.72118  0.04909 -0.26289
   0.71350  0.04943 -0.25972
   0.70580  0.04974 -0.25803
   0.69806  0.05004 -0.25508
   0.69030  0.05033 -0.25323
   0.68252  0.05060 -0.25120
   0.67473  0.05086 -0.24960
   0.66693  0.05111 -0.24750
   0.65911  0.05135 -0.24636
   0.65129  0.05157 -0.24505
   0.64347  0.05178 -0.24312
   0.63563  0.05197 -0.24213
   0.62779  0.05216 -0.24076
   0.61994  0.05233 -0.23885
   0.61208  0.05249 -0.23842
   0.60421  0.05264 -0.23606
   0.59633  0.05278 -0.23539
   0.58846  0.05291 -0.23430
   0.58058  0.05303 -0.23382
   0.57270  0.05314 -0.23272
   0.56482  0.05324 -0.23195
   0.55693  0.05333 -0.23102
   0.54904  0.05340 -0.23052
   0.54115  0.05347 -0.22924
   0.53326  0.05353 -0.22905
   0.52537  0.05358 -0.22784
   0.51748  0.05361 -0.22711
   0.50958  0.05364 -0.22695
   0.50169  0.05366 -0.22549
   0.49380  0.05367 -0.22602
   0.48590  0.05367 -0.22450
   0.47801  0.05366 -0.22505
   0.47012  0.05363 -0.22418
   0.46224  0.05360 -0.22362
   0.45437  0.05356 -0.22316
   0.44650  0.05351 -0.22280
   0.43864  0.05345 -0.22185
   0.43079  0.05338 -0.22183
   0.42295  0.05330 -0.22168
   0.41514  0.05321 -0.22151
   0.40737  0.05312 -0.22233
   0.39966  0.05301 -0.22194
   0.39202  0.05289 -0.22331
   0.38445  0.05276 -0.22058
   0.37694  0.05262 -0.21810
   0.36954  0.05249 -0.21729
   0.36229  0.05236 -0.22470
   0.35524  0.05223 -0.23587
   0.34842  0.05207 -0.24534
   0.34179  0.05185 -0.23669
   0.33530  0.05159 -0.20963
   0.32892  0.05132 -0.18281
   0.32258  0.05111 -0.16914
   0.31625  0.05098 -0.18584
   0.30988  0.05089 -0.21570
   0.30343  0.05078 -0.24355
   0.29682  0.05061 -0.24608
   0.29002  0.05037 -0.23374
   0.28299  0.05009 -0.22201
   0.27579  0.04982 -0.22097
   0.26847  0.04954 -0.22535
   0.26108  0.04924 -0.22757
   0.25361  0.04892 -0.22675
   0.24607  0.04858 -0.22710
   0.23850  0.04823 -0.22841
   0.23092  0.04786 -0.22920
   0.22333  0.04747 -0.23036
   0.21574  0.04707 -0.23124
   0.20817  0.04664 -0.23345
   0.20063  0.04620 -0.23434
   0.19311  0.04574 -0.23556
   0.18563  0.04526 -0.23919
   0.17820  0.04475 -0.23935
   0.17081  0.04423 -0.24113
   0.16349  0.04368 -0.24406
   0.15624  0.04311 -0.24464
   0.14907  0.04251 -0.24767
   0.14200  0.04189 -0.24892
   0.13503  0.04125 -0.25055
   0.12818  0.04059 -0.25200
   0.12147  0.03990 -0.25296
   0.11493  0.03919 -0.25372
   0.10856  0.03847 -0.25456
   0.10240  0.03773 -0.25493
   0.09647  0.03699 -0.25678
   0.09078  0.03624 -0.25942
   0.08537  0.03550 -0.25899
   0.08024  0.03476 -0.26529
   0.07540  0.03403 -0.26811
   0.07085  0.03331 -0.27297
   0.06658  0.03261 -0.28701
   0.06257  0.03190 -0.28884
   0.05879  0.03120 -0.30142
   0.05523  0.03050 -0.30686
   0.05189  0.02978 -0.30614
   0.04873  0.02906 -0.30105
   0.04574  0.02833 -0.29108
   0.04291  0.02760 -0.28280
   0.04024  0.02687 -0.26877
   0.03771  0.02615 -0.25769
   0.03531  0.02543 -0.25091
   0.03305  0.02471 -0.22674
   0.03089  0.02399 -0.19711
   0.02884  0.02329 -0.17404
   0.02688  0.02260 -0.15944
   0.02502  0.02195 -0.15908
   0.02326  0.02131 -0.15896
   0.02159  0.02067 -0.15940
   0.02000  0.02005 -0.15506
   0.01849  0.01942 -0.14588
   0.01706  0.01880 -0.12898
   0.01569  0.01817 -0.10343
   0.01439  0.01754 -0.08221
   0.01314  0.01692 -0.06015
   0.01194  0.01630 -0.04126
   0.01080  0.01568 -0.02380
   0.00971  0.01507 -0.00747
   0.00867  0.01445  0.01561
   0.00767  0.01383  0.03041
   0.00672  0.01321  0.05188
   0.00581  0.01258  0.06872
   0.00495  0.01194  0.09616
   0.00414  0.01128  0.11536
   0.00338  0.01061  0.13806
   0.00268  0.00990  0.16627
   0.00207  0.00914  0.27894
   0.00154  0.00835  0.36982
   0.00111  0.00752  0.49439
   0.00078  0.00665  0.63750
   0.00053  0.00577  0.75443
   0.00035  0.00489  0.84026
   0.00022  0.00400  0.89924
   0.00012  0.00312  0.94346
   0.00005  0.00224  0.97124
   0.00001  0.00137  0.98917
  -0.00000  0.00051  0.99843
   0.00001 -0.00034  0.99960
   0.00004 -0.00120  0.99351
   0.00010 -0.00206  0.98001
   0.00020 -0.00292  0.96621
   0.00027 -0.00380  0.93135
   0.00039 -0.00468  0.90183
   0.00054 -0.00556  0.85926
   0.00072 -0.00645  0.80649
   0.00092 -0.00735  0.74721
   0.00115 -0.00824  0.67693
   0.00142 -0.00914  0.58700
   0.00173 -0.01004  0.48670
   0.00207 -0.01094  0.37143
   0.00247 -0.01182  0.20937
   0.00292 -0.01269  0.13001
   0.00342 -0.01356 -0.18910
   0.00402 -0.01437 -0.25470
   0.00470 -0.01514 -0.36141
   0.00546 -0.01587 -0.40141
   0.00629 -0.01657 -0.43500
   0.00717 -0.01724 -0.45136
   0.00811 -0.01789 -0.47101
   0.00910 -0.01851 -0.47399
   0.01015 -0.01912 -0.47443
   0.01125 -0.01971 -0.47820
   0.01240 -0.02029 -0.47440
   0.01361 -0.02086 -0.47184
   0.01488 -0.02142 -0.46761
   0.01621 -0.02198 -0.45623
   0.01761 -0.02253 -0.45120
   0.01908 -0.02307 -0.43830
   0.02063 -0.02362 -0.43571
   0.02226 -0.02417 -0.42535
   0.02397 -0.02472 -0.41269
   0.02579 -0.02528 -0.40751
   0.02770 -0.02584 -0.39915
   0.02973 -0.02641 -0.39328
   0.03189 -0.02700 -0.38737
   0.03419 -0.02759 -0.38273
   0.03663 -0.02820 -0.37378
   0.03924 -0.02882 -0.36889
   0.04203 -0.02945 -0.35979
   0.04502 -0.03011 -0.35468
   0.04822 -0.03078 -0.35033
   0.05165 -0.03148 -0.34836
   0.05533 -0.03220 -0.34526
   0.05925 -0.03293 -0.34348
   0.06344 -0.03368 -0.33999
   0.06789 -0.03445 -0.33913
   0.07262 -0.03522 -0.33552
   0.07761 -0.03600 -0.33516
   0.08288 -0.03679 -0.33290
   0.08842 -0.03758 -0.33068
   0.09419 -0.03836 -0.32866
   0.10019 -0.03914 -0.32756
   0.10638 -0.03991 -0.32757
   0.11276 -0.04065 -0.32743
   0.11929 -0.04138 -0.32744
   0.12594 -0.04208 -0.32685
   0.13272 -0.04276 -0.32649
   0.13959 -0.04340 -0.32573
   0.14656 -0.04401 -0.32328
   0.15362 -0.04460 -0.32218
   0.16075 -0.04515 -0.31886
   0.16794 -0.04567 -0.31714
   0.17519 -0.04616 -0.31431
   0.18248 -0.04663 -0.31279
   0.18981 -0.04706 -0.31105
   0.19717 -0.04747 -0.31010
   0.20456 -0.04785 -0.30633
   0.21197 -0.04820 -0.30584
   0.21942 -0.04852 -0.30211
   0.22690 -0.04882 -0.29989
   0.23441 -0.04909 -0.29552
   0.24195 -0.04934 -0.29374
   0.24951 -0.04956 -0.29199
   0.25708 -0.04977 -0.28904
   0.26468 -0.04995 -0.28802
   0.27229 -0.05011 -0.28405
   0.27991 -0.05024 -0.28289
   0.28756 -0.05036 -0.27972
   0.29522 -0.05046 -0.27803
   0.30289 -0.05054 -0.27641
   0.31057 -0.05060 -0.27455
   0.31825 -0.05064 -0.27255
   0.32595 -0.05066 -0.27120
   0.33364 -0.05066 -0.26989
   0.34135 -0.05065 -0.26829
   0.34906 -0.05061 -0.26678
   0.35677 -0.05056 -0.26518
   0.36448 -0.05048 -0.26376
   0.37219 -0.05039 -0.26236
   0.37990 -0.05028 -0.26057
   0.38761 -0.05015 -0.25940
   0.39532 -0.05001 -0.25828
   0.40302 -0.04984 -0.25710
   0.41072 -0.04966 -0.25519
   0.41842 -0.04945 -0.25478
   0.42610 -0.04923 -0.25359
   0.43378 -0.04899 -0.25302
   0.44144 -0.04873 -0.25106
   0.44910 -0.04845 -0.25070
   0.45674 -0.04815 -0.24932
   0.46437 -0.04783 -0.24877
   0.47199 -0.04749 -0.24723
   0.47960 -0.04713 -0.24553
   0.48720 -0.04674 -0.24439
   0.49478 -0.04634 -0.24282
   0.50235 -0.04590 -0.24060
   0.50991 -0.04545 -0.23956
   0.51745 -0.04497 -0.23703
   0.52498 -0.04447 -0.23481
   0.53250 -0.04395 -0.23282
   0.54000 -0.04340 -0.23042
   0.54749 -0.04282 -0.22772
   0.55497 -0.04222 -0.22473
   0.56243 -0.04159 -0.22127
   0.56987 -0.04093 -0.21805
   0.57730 -0.04025 -0.21452
   0.58471 -0.03954 -0.21056
   0.59210 -0.03881 -0.20649
   0.59948 -0.03804 -0.20223
   0.60683 -0.03724 -0.19776
   0.61417 -0.03642 -0.19168
   0.62149 -0.03556 -0.18712
   0.62879 -0.03468 -0.18003
   0.63608 -0.03376 -0.17448
   0.64335 -0.03281 -0.16647
   0.65061 -0.03183 -0.15956
   0.65786 -0.03081 -0.15114
   0.66510 -0.02976 -0.14239
   0.67232 -0.02867 -0.13280
   0.67954 -0.02755 -0.12287
   0.68676 -0.02640 -0.11241
   0.69397 -0.02520 -0.10140
   0.70117 -0.02398 -0.08879
   0.70838 -0.02271 -0.07625
   0.71559 -0.02141 -0.06292
   0.72281 -0.02007 -0.04869
   0.73004 -0.01870 -0.03409
   0.73728 -0.01729 -0.01818
   0.74453 -0.01584 -0.00083
   0.75180 -0.01436  0.01541
   0.75910 -0.01284  0.03523
   0.76642 -0.01128  0.05309
   0.77378 -0.00969  0.07473
   0.78118 -0.00807  0.09343
   0.78863 -0.00642  0.11675
   0.79611 -0.00475  0.13741
   0.80361 -0.00306  0.16166
   0.81108 -0.00138  0.18441
   0.81847  0.00029  0.20728
   0.82574  0.00191  0.23087
   0.83289  0.00348  0.25275
   0.83991  0.00499  0.27312
   0.84680  0.00644  0.29270
   0.85358  0.00782  0.31202
   0.86023  0.00913  0.32819
   0.86676  0.01036  0.34665
   0.87316  0.01151  0.36078
   0.87944  0.01258  0.37705
   0.88561  0.01356  0.38881
   0.89167  0.01445  0.40097
   0.89763  0.01526  0.41166
   0.90349  0.01599  0.42119
   0.90927  0.01663  0.42892
   0.91493  0.01718  0.43846
   0.92047  0.01765  0.44438
   0.92588  0.01803  0.45248
   0.93120  0.01832  0.45608
   0.93644  0.01853  0.45685
   0.94160  0.01868  0.45971
   0.94662  0.01876  0.46669
   0.95140  0.01879  0.48192
   0.95595  0.01872  0.49159
   0.96030  0.01853  0.49662
   0.96456  0.01820  0.48164
   0.96881  0.01775  0.45413
   0.97308  0.01723  0.42700
   0.97733  0.01672  0.41479
   0.98147  0.01621  0.42786
   0.98549  0.01562  0.43472
   0.98945  0.01488  0.38950
   0.99342  0.01406  0.32480
   0.99738  0.01325  0.29939
   1.00000  0.01271  0.25409
