GRUMMAN K-2 AIRFOIL                             
 Alfa =  -1.11800 Re =        0.000 Xflap,Yflap =     0.000000    0.000000
#    x        y        Cp  
   1.00000  0.01371  0.25413
   0.99740  0.01444  0.09901
   0.99329  0.01549  0.06118
   0.98889  0.01657  0.04565
   0.98423  0.01772  0.00512
   0.97929  0.01890 -0.02993
   0.97409  0.02011 -0.05599
   0.96867  0.02135 -0.08655
   0.96305  0.02259 -0.11318
   0.95727  0.02381 -0.13493
   0.95131  0.02502 -0.15601
   0.94520  0.02620 -0.17121
   0.93893  0.02735 -0.18440
   0.93253  0.02848 -0.19574
   0.92600  0.02957 -0.20299
   0.91932  0.03065 -0.20921
   0.91254  0.03170 -0.21621
   0.90568  0.03272 -0.22499
   0.89876  0.03372 -0.23248
   0.89181  0.03467 -0.24072
   0.88484  0.03559 -0.24679
   0.87782  0.03647 -0.24951
   0.87073  0.03731 -0.25074
   0.86355  0.03812 -0.25196
   0.85628  0.03891 -0.25076
   0.84891  0.03968 -0.25004
   0.84146  0.04044 -0.25005
   0.83396  0.04117 -0.25009
   0.82645  0.04190 -0.25588
   0.81896  0.04260 -0.26092
   0.81149  0.04327 -0.26459
   0.80402  0.04391 -0.26718
   0.79655  0.04452 -0.26975
   0.78909  0.04510 -0.27196
   0.78162  0.04565 -0.27285
   0.77414  0.04617 -0.27244
   0.76665  0.04666 -0.27295
   0.75914  0.04713 -0.27177
   0.75161  0.04756 -0.27004
   0.74405  0.04798 -0.26837
   0.73646  0.04837 -0.26556
   0.72884  0.04874 -0.26319
   0.72118  0.04909 -0.26040
   0.71350  0.04943 -0.25718
   0.70580  0.04974 -0.25545
   0.69806  0.05004 -0.25248
   0.69030  0.05033 -0.25055
   0.68252  0.05060 -0.24851
   0.67473  0.05086 -0.24684
   0.66693  0.05111 -0.24470
   0.65911  0.05135 -0.24353
   0.65129  0.05157 -0.24215
   0.64347  0.05178 -0.24018
   0.63563  0.05197 -0.23915
   0.62779  0.05216 -0.23772
   0.61994  0.05233 -0.23576
   0.61208  0.05249 -0.23530
   0.60421  0.05264 -0.23288
   0.59633  0.05278 -0.23215
   0.58846  0.05291 -0.23102
   0.58058  0.05303 -0.23048
   0.57270  0.05314 -0.22933
   0.56482  0.05324 -0.22851
   0.55693  0.05333 -0.22753
   0.54904  0.05340 -0.22697
   0.54115  0.05347 -0.22564
   0.53326  0.05353 -0.22539
   0.52537  0.05358 -0.22413
   0.51748  0.05361 -0.22333
   0.50958  0.05364 -0.22313
   0.50169  0.05366 -0.22161
   0.49380  0.05367 -0.22208
   0.48590  0.05367 -0.22050
   0.47801  0.05366 -0.22097
   0.47012  0.05363 -0.22005
   0.46224  0.05360 -0.21942
   0.45437  0.05356 -0.21890
   0.44650  0.05351 -0.21847
   0.43864  0.05345 -0.21747
   0.43079  0.05338 -0.21736
   0.42295  0.05330 -0.21715
   0.41514  0.05321 -0.21690
   0.40737  0.05312 -0.21765
   0.39966  0.05301 -0.21717
   0.39202  0.05289 -0.21848
   0.38445  0.05276 -0.21567
   0.37694  0.05262 -0.21313
   0.36954  0.05249 -0.21224
   0.36229  0.05236 -0.21954
   0.35524  0.05223 -0.23058
   0.34842  0.05207 -0.23994
   0.34179  0.05185 -0.23124
   0.33530  0.05159 -0.20423
   0.32892  0.05132 -0.17745
   0.32258  0.05111 -0.16377
   0.31625  0.05098 -0.18031
   0.30988  0.05089 -0.20996
   0.30343  0.05078 -0.23758
   0.29682  0.05061 -0.24001
   0.29002  0.05037 -0.22763
   0.28299  0.05009 -0.21585
   0.27579  0.04982 -0.21471
   0.26847  0.04954 -0.21895
   0.26108  0.04924 -0.22105
   0.25361  0.04892 -0.22009
   0.24607  0.04858 -0.22031
   0.23850  0.04823 -0.22148
   0.23092  0.04786 -0.22211
   0.22333  0.04747 -0.22311
   0.21574  0.04707 -0.22383
   0.20817  0.04664 -0.22587
   0.20063  0.04620 -0.22658
   0.19311  0.04574 -0.22761
   0.18563  0.04526 -0.23102
   0.17820  0.04475 -0.23098
   0.17081  0.04423 -0.23253
   0.16349  0.04368 -0.23522
   0.15624  0.04311 -0.23556
   0.14907  0.04251 -0.23832
   0.14200  0.04189 -0.23929
   0.13503  0.04125 -0.24064
   0.12818  0.04059 -0.24178
   0.12147  0.03990 -0.24242
   0.11493  0.03919 -0.24285
   0.10856  0.03847 -0.24334
   0.10240  0.03773 -0.24335
   0.09647  0.03699 -0.24480
   0.09078  0.03624 -0.24702
   0.08537  0.03550 -0.24618
   0.08024  0.03476 -0.25201
   0.07540  0.03403 -0.25435
   0.07085  0.03331 -0.25870
   0.06658  0.03261 -0.27211
   0.06257  0.03190 -0.27344
   0.05879  0.03120 -0.28535
   0.05523  0.03050 -0.29020
   0.05189  0.02978 -0.28894
   0.04873  0.02906 -0.28336
   0.04574  0.02833 -0.27294
   0.04291  0.02760 -0.26418
   0.04024  0.02687 -0.24975
   0.03771  0.02615 -0.23821
   0.03531  0.02543 -0.23088
   0.03305  0.02471 -0.20645
   0.03089  0.02399 -0.17663
   0.02884  0.02329 -0.15329
   0.02688  0.02260 -0.13823
   0.02502  0.02195 -0.13716
   0.02326  0.02131 -0.13626
   0.02159  0.02067 -0.13590
   0.02000  0.02005 -0.13078
   0.01849  0.01942 -0.12089
   0.01706  0.01880 -0.10343
   0.01569  0.01817 -0.07745
   0.01439  0.01754 -0.05574
   0.01314  0.01692 -0.03313
   0.01194  0.01630 -0.01356
   0.01080  0.01568  0.00466
   0.00971  0.01507  0.02180
   0.00867  0.01445  0.04566
   0.00767  0.01383  0.06149
   0.00672  0.01321  0.08402
   0.00581  0.01258  0.10213
   0.00495  0.01194  0.13076
   0.00414  0.01128  0.15154
   0.00338  0.01061  0.17619
   0.00268  0.00990  0.20640
   0.00207  0.00914  0.31729
   0.00154  0.00835  0.40716
   0.00111  0.00752  0.52838
   0.00078  0.00665  0.66553
   0.00053  0.00577  0.77664
   0.00035  0.00489  0.85749
   0.00022  0.00400  0.91247
   0.00012  0.00312  0.95305
   0.00005  0.00224  0.97784
   0.00001  0.00137  0.99300
  -0.00000  0.00051  0.99963
   0.00001 -0.00034  0.99841
   0.00004 -0.00120  0.98990
   0.00010 -0.00206  0.97389
   0.00020 -0.00292  0.95904
   0.00027 -0.00380  0.92029
   0.00039 -0.00468  0.88918
   0.00054 -0.00556  0.84411
   0.00072 -0.00645  0.78871
   0.00092 -0.00735  0.72687
   0.00115 -0.00824  0.65387
   0.00142 -0.00914  0.56073
   0.00173 -0.01004  0.45712
   0.00207 -0.01094  0.33852
   0.00247 -0.01182  0.17156
   0.00292 -0.01269  0.09157
   0.00342 -0.01356 -0.23763
   0.00402 -0.01437 -0.30203
   0.00470 -0.01514 -0.40949
   0.00546 -0.01587 -0.44774
   0.00629 -0.01657 -0.47977
   0.00717 -0.01724 -0.49423
   0.00811 -0.01789 -0.51229
   0.00910 -0.01851 -0.51348
   0.01015 -0.01912 -0.51218
   0.01125 -0.01971 -0.51444
   0.01240 -0.02029 -0.50914
   0.01361 -0.02086 -0.50518
   0.01488 -0.02142 -0.49960
   0.01621 -0.02198 -0.48685
   0.01761 -0.02253 -0.48063
   0.01908 -0.02307 -0.46654
   0.02063 -0.02362 -0.46292
   0.02226 -0.02417 -0.45150
   0.02397 -0.02472 -0.43780
   0.02579 -0.02528 -0.43171
   0.02770 -0.02584 -0.42247
   0.02973 -0.02641 -0.41577
   0.03189 -0.02700 -0.40908
   0.03419 -0.02759 -0.40368
   0.03663 -0.02820 -0.39397
   0.03924 -0.02882 -0.38836
   0.04203 -0.02945 -0.37854
   0.04502 -0.03011 -0.37277
   0.04822 -0.03078 -0.36780
   0.05165 -0.03148 -0.36523
   0.05533 -0.03220 -0.36155
   0.05925 -0.03293 -0.35921
   0.06344 -0.03368 -0.35518
   0.06789 -0.03445 -0.35380
   0.07262 -0.03522 -0.34968
   0.07761 -0.03600 -0.34884
   0.08288 -0.03679 -0.34612
   0.08842 -0.03758 -0.34345
   0.09419 -0.03836 -0.34099
   0.10019 -0.03914 -0.33949
   0.10638 -0.03991 -0.33913
   0.11276 -0.04065 -0.33864
   0.11929 -0.04138 -0.33831
   0.12594 -0.04208 -0.33739
   0.13272 -0.04276 -0.33673
   0.13959 -0.04340 -0.33567
   0.14656 -0.04401 -0.33294
   0.15362 -0.04460 -0.33157
   0.16075 -0.04515 -0.32799
   0.16794 -0.04567 -0.32603
   0.17519 -0.04616 -0.32296
   0.18248 -0.04663 -0.32122
   0.18981 -0.04706 -0.31928
   0.19717 -0.04747 -0.31813
   0.20456 -0.04785 -0.31416
   0.21197 -0.04820 -0.31349
   0.21942 -0.04852 -0.30958
   0.22690 -0.04882 -0.30719
   0.23441 -0.04909 -0.30265
   0.24195 -0.04934 -0.30071
   0.24951 -0.04956 -0.29881
   0.25708 -0.04977 -0.29571
   0.26468 -0.04995 -0.29456
   0.27229 -0.05011 -0.29045
   0.27991 -0.05024 -0.28915
   0.28756 -0.05036 -0.28586
   0.29522 -0.05046 -0.28405
   0.30289 -0.05054 -0.28231
   0.31057 -0.05060 -0.28033
   0.31825 -0.05064 -0.27823
   0.32595 -0.05066 -0.27677
   0.33364 -0.05066 -0.27536
   0.34135 -0.05065 -0.27366
   0.34906 -0.05061 -0.27205
   0.35677 -0.05056 -0.27035
   0.36448 -0.05048 -0.26882
   0.37219 -0.05039 -0.26735
   0.37990 -0.05028 -0.26546
   0.38761 -0.05015 -0.26422
   0.39532 -0.05001 -0.26301
   0.40302 -0.04984 -0.26174
   0.41072 -0.04966 -0.25976
   0.41842 -0.04945 -0.25927
   0.42610 -0.04923 -0.25800
   0.43378 -0.04899 -0.25736
   0.44144 -0.04873 -0.25533
   0.44910 -0.04845 -0.25489
   0.45674 -0.04815 -0.25344
   0.46437 -0.04783 -0.25282
   0.47199 -0.04749 -0.25122
   0.47960 -0.04713 -0.24945
   0.48720 -0.04674 -0.24825
   0.49478 -0.04634 -0.24661
   0.50235 -0.04590 -0.24432
   0.50991 -0.04545 -0.24321
   0.51745 -0.04497 -0.24064
   0.52498 -0.04447 -0.23833
   0.53250 -0.04395 -0.23630
   0.54000 -0.04340 -0.23382
   0.54749 -0.04282 -0.23107
   0.55497 -0.04222 -0.22802
   0.56243 -0.04159 -0.22449
   0.56987 -0.04093 -0.22122
   0.57730 -0.04025 -0.21762
   0.58471 -0.03954 -0.21360
   0.59210 -0.03881 -0.20948
   0.59948 -0.03804 -0.20515
   0.60683 -0.03724 -0.20063
   0.61417 -0.03642 -0.19449
   0.62149 -0.03556 -0.18987
   0.62879 -0.03468 -0.18271
   0.63608 -0.03376 -0.17711
   0.64335 -0.03281 -0.16905
   0.65061 -0.03183 -0.16206
   0.65786 -0.03081 -0.15359
   0.66510 -0.02976 -0.14478
   0.67232 -0.02867 -0.13512
   0.67954 -0.02755 -0.12511
   0.68676 -0.02640 -0.11462
   0.69397 -0.02520 -0.10353
   0.70117 -0.02398 -0.09086
   0.70838 -0.02271 -0.07826
   0.71559 -0.02141 -0.06486
   0.72281 -0.02007 -0.05058
   0.73004 -0.01870 -0.03592
   0.73728 -0.01729 -0.01993
   0.74453 -0.01584 -0.00250
   0.75180 -0.01436  0.01377
   0.75910 -0.01284  0.03366
   0.76642 -0.01128  0.05160
   0.77378 -0.00969  0.07330
   0.78118 -0.00807  0.09206
   0.78863 -0.00642  0.11544
   0.79611 -0.00475  0.13617
   0.80361 -0.00306  0.16048
   0.81108 -0.00138  0.18330
   0.81847  0.00029  0.20622
   0.82574  0.00191  0.22987
   0.83289  0.00348  0.25180
   0.83991  0.00499  0.27223
   0.84680  0.00644  0.29186
   0.85358  0.00782  0.31121
   0.86023  0.00913  0.32743
   0.86676  0.01036  0.34594
   0.87316  0.01151  0.36007
   0.87944  0.01258  0.37640
   0.88561  0.01356  0.38819
   0.89167  0.01445  0.40037
   0.89763  0.01526  0.41110
   0.90349  0.01599  0.42065
   0.90927  0.01663  0.42841
   0.91493  0.01718  0.43798
   0.92047  0.01765  0.44388
   0.92588  0.01803  0.45205
   0.93120  0.01832  0.45565
   0.93644  0.01853  0.45644
   0.94160  0.01868  0.45933
   0.94662  0.01876  0.46629
   0.95140  0.01879  0.48158
   0.95595  0.01872  0.49125
   0.96030  0.01853  0.49630
   0.96456  0.01820  0.48135
   0.96881  0.01775  0.45381
   0.97308  0.01723  0.42669
   0.97733  0.01672  0.41449
   0.98147  0.01621  0.42760
   0.98549  0.01562  0.43450
   0.98945  0.01488  0.38927
   0.99342  0.01406  0.32457
   0.99738  0.01325  0.29921
   1.00000  0.01271  0.25413
