GRUMMAN K-2 AIRFOIL                             
 Alfa =  -1.32030 Re =        0.000 Xflap,Yflap =     0.000000    0.000000
#    x        y        Cp  
   1.00000  0.01371  0.25218
   0.99739  0.01444  0.09675
   0.99327  0.01550  0.06275
   0.98886  0.01658  0.04439
   0.98418  0.01773  0.00272
   0.97923  0.01891 -0.02680
   0.97401  0.02013 -0.05683
   0.96856  0.02137 -0.08465
   0.96293  0.02261 -0.11247
   0.95713  0.02384 -0.13549
   0.95115  0.02505 -0.15420
   0.94501  0.02623 -0.16940
   0.93873  0.02739 -0.18297
   0.93231  0.02852 -0.19393
   0.92575  0.02962 -0.20128
   0.91905  0.03069 -0.20696
   0.91224  0.03174 -0.21417
   0.90536  0.03277 -0.22279
   0.89842  0.03376 -0.23024
   0.89145  0.03472 -0.23805
   0.88446  0.03564 -0.24339
   0.87741  0.03652 -0.24743
   0.87030  0.03736 -0.24792
   0.86310  0.03817 -0.24785
   0.85580  0.03897 -0.24742
   0.84840  0.03974 -0.24660
   0.84093  0.04049 -0.24669
   0.83341  0.04123 -0.24711
   0.82588  0.04195 -0.25168
   0.81837  0.04265 -0.25762
   0.81087  0.04332 -0.26018
   0.80338  0.04396 -0.26343
   0.79590  0.04457 -0.26591
   0.78841  0.04515 -0.26692
   0.78092  0.04570 -0.26845
   0.77342  0.04622 -0.26813
   0.76591  0.04671 -0.26814
   0.75838  0.04717 -0.26693
   0.75082  0.04761 -0.26564
   0.74324  0.04802 -0.26174
   0.73562  0.04841 -0.26042
   0.72798  0.04878 -0.25706
   0.72030  0.04913 -0.25486
   0.71260  0.04946 -0.25202
   0.70486  0.04978 -0.24941
   0.69710  0.05008 -0.24665
   0.68932  0.05037 -0.24442
   0.68152  0.05064 -0.24208
   0.67370  0.05090 -0.24111
   0.66588  0.05114 -0.23829
   0.65804  0.05138 -0.23716
   0.65020  0.05160 -0.23535
   0.64235  0.05180 -0.23369
   0.63449  0.05200 -0.23280
   0.62662  0.05218 -0.23052
   0.61875  0.05235 -0.22935
   0.61086  0.05251 -0.22771
   0.60297  0.05266 -0.22587
   0.59508  0.05280 -0.22519
   0.58718  0.05293 -0.22426
   0.57928  0.05305 -0.22285
   0.57138  0.05316 -0.22170
   0.56347  0.05325 -0.22079
   0.55556  0.05334 -0.22021
   0.54765  0.05342 -0.21884
   0.53974  0.05348 -0.21772
   0.53183  0.05354 -0.21683
   0.52391  0.05358 -0.21650
   0.51600  0.05362 -0.21494
   0.50808  0.05365 -0.21470
   0.50017  0.05366 -0.21364
   0.49225  0.05367 -0.21251
   0.48434  0.05366 -0.21242
   0.47642  0.05365 -0.21149
   0.46852  0.05363 -0.21098
   0.46062  0.05360 -0.20987
   0.45272  0.05355 -0.21036
   0.44483  0.05350 -0.20861
   0.43695  0.05344 -0.20816
   0.42908  0.05336 -0.20726
   0.42122  0.05328 -0.20736
   0.41340  0.05319 -0.20657
   0.40562  0.05309 -0.20760
   0.39791  0.05299 -0.20727
   0.39026  0.05286 -0.20752
   0.38268  0.05273 -0.20503
   0.37518  0.05259 -0.20148
   0.36779  0.05245 -0.20243
   0.36056  0.05233 -0.21028
   0.35355  0.05219 -0.22190
   0.34675  0.05202 -0.22863
   0.34015  0.05179 -0.21373
   0.33367  0.05152 -0.18546
   0.32729  0.05126 -0.16013
   0.32094  0.05107 -0.15307
   0.31459  0.05095 -0.17601
   0.30818  0.05086 -0.20625
   0.30168  0.05074 -0.22777
   0.29501  0.05055 -0.22386
   0.28812  0.05029 -0.21041
   0.28102  0.05002 -0.20100
   0.27376  0.04974 -0.20285
   0.26640  0.04946 -0.20562
   0.25896  0.04915 -0.20647
   0.25145  0.04883 -0.20618
   0.24388  0.04848 -0.20581
   0.23629  0.04812 -0.20641
   0.22868  0.04775 -0.20698
   0.22107  0.04735 -0.20795
   0.21346  0.04694 -0.20826
   0.20588  0.04651 -0.20933
   0.19832  0.04606 -0.21001
   0.19079  0.04559 -0.21134
   0.18331  0.04510 -0.21327
   0.17587  0.04459 -0.21278
   0.16848  0.04405 -0.21551
   0.16116  0.04350 -0.21571
   0.15392  0.04292 -0.21650
   0.14676  0.04231 -0.21903
   0.13969  0.04168 -0.21790
   0.13274  0.04103 -0.21986
   0.12592  0.04036 -0.21938
   0.11925  0.03966 -0.21986
   0.11274  0.03895 -0.21923
   0.10643  0.03821 -0.21884
   0.10032  0.03747 -0.21925
   0.09446  0.03673 -0.21848
   0.08886  0.03598 -0.22025
   0.08353  0.03523 -0.22052
   0.07849  0.03450 -0.22313
   0.07373  0.03377 -0.22788
   0.06927  0.03305 -0.22913
   0.06509  0.03235 -0.24083
   0.06115  0.03165 -0.24507
   0.05745  0.03095 -0.25177
   0.05396  0.03023 -0.25528
   0.05068  0.02952 -0.25019
   0.04758  0.02879 -0.24158
   0.04465  0.02805 -0.23051
   0.04187  0.02732 -0.21834
   0.03925  0.02659 -0.20350
   0.03676  0.02587 -0.19409
   0.03441  0.02515 -0.17900
   0.03218  0.02442 -0.15140
   0.03006  0.02371 -0.12327
   0.02804  0.02301 -0.10003
   0.02612  0.02234 -0.09169
   0.02429  0.02168 -0.08974
   0.02256  0.02105 -0.08581
   0.02092  0.02042 -0.08372
   0.01936  0.01979 -0.07579
   0.01788  0.01916 -0.06025
   0.01648  0.01853 -0.03845
   0.01513  0.01790 -0.01240
   0.01385  0.01728  0.01085
   0.01262  0.01665  0.03566
   0.01145  0.01603  0.05121
   0.01032  0.01542  0.07194
   0.00925  0.01480  0.09745
   0.00822  0.01418  0.11386
   0.00724  0.01356  0.14166
   0.00631  0.01293  0.16060
   0.00542  0.01229  0.18393
   0.00458  0.01164  0.21595
   0.00379  0.01098  0.23855
   0.00305  0.01029  0.27256
   0.00239  0.00956  0.31807
   0.00182  0.00878  0.45687
   0.00133  0.00797  0.52330
   0.00094  0.00712  0.66105
   0.00065  0.00624  0.77144
   0.00044  0.00536  0.85840
   0.00028  0.00447  0.91511
   0.00016  0.00358  0.95616
   0.00008  0.00270  0.98030
   0.00003  0.00182  0.99477
   0.00000  0.00095  0.99996
  -0.00000  0.00009  0.99705
   0.00003 -0.00076  0.98777
   0.00006 -0.00163  0.96836
   0.00015 -0.00249  0.95163
   0.00023 -0.00336  0.91793
   0.00032 -0.00424  0.87701
   0.00047 -0.00512  0.83473
   0.00063 -0.00601  0.77913
   0.00082 -0.00691  0.71497
   0.00104 -0.00781  0.64160
   0.00129 -0.00871  0.54914
   0.00157 -0.00961  0.44579
   0.00190 -0.01051  0.32783
   0.00227 -0.01140  0.17368
   0.00270 -0.01228  0.04401
   0.00318 -0.01315 -0.16701
   0.00373 -0.01400 -0.39961
   0.00438 -0.01479 -0.47214
   0.00511 -0.01554 -0.54005
   0.00590 -0.01626 -0.56617
   0.00676 -0.01694 -0.58518
   0.00768 -0.01760 -0.59641
   0.00865 -0.01823 -0.60022
   0.00967 -0.01885 -0.60541
   0.01075 -0.01945 -0.58964
   0.01188 -0.02004 -0.59396
   0.01307 -0.02061 -0.58035
   0.01432 -0.02118 -0.57362
   0.01563 -0.02174 -0.56428
   0.01700 -0.02229 -0.54623
   0.01845 -0.02284 -0.53639
   0.01996 -0.02339 -0.52584
   0.02156 -0.02394 -0.51360
   0.02324 -0.02449 -0.49997
   0.02502 -0.02504 -0.48869
   0.02690 -0.02561 -0.47945
   0.02888 -0.02618 -0.46818
   0.03099 -0.02676 -0.45928
   0.03324 -0.02735 -0.45237
   0.03563 -0.02795 -0.44245
   0.03818 -0.02857 -0.43385
   0.04090 -0.02920 -0.42437
   0.04382 -0.02985 -0.41537
   0.04694 -0.03052 -0.40768
   0.05029 -0.03121 -0.40481
   0.05388 -0.03192 -0.39817
   0.05772 -0.03265 -0.39524
   0.06181 -0.03340 -0.39045
   0.06618 -0.03416 -0.38629
   0.07081 -0.03493 -0.38284
   0.07572 -0.03571 -0.37915
   0.08090 -0.03650 -0.37585
   0.08636 -0.03729 -0.37302
   0.09206 -0.03808 -0.36934
   0.09799 -0.03886 -0.36584
   0.10414 -0.03963 -0.36532
   0.11047 -0.04039 -0.36298
   0.11696 -0.04113 -0.36240
   0.12360 -0.04184 -0.36122
   0.13035 -0.04253 -0.35978
   0.13721 -0.04318 -0.35776
   0.14417 -0.04381 -0.35529
   0.15121 -0.04440 -0.35215
   0.15834 -0.04497 -0.34935
   0.16553 -0.04550 -0.34640
   0.17278 -0.04600 -0.34326
   0.18008 -0.04648 -0.34005
   0.18742 -0.04692 -0.33845
   0.19479 -0.04734 -0.33556
   0.20219 -0.04773 -0.33340
   0.20962 -0.04809 -0.32953
   0.21707 -0.04842 -0.32761
   0.22456 -0.04873 -0.32359
   0.23208 -0.04901 -0.32000
   0.23964 -0.04926 -0.31626
   0.24721 -0.04950 -0.31424
   0.25481 -0.04971 -0.31150
   0.26241 -0.04990 -0.30878
   0.27004 -0.05006 -0.30575
   0.27768 -0.05021 -0.30335
   0.28534 -0.05033 -0.30009
   0.29302 -0.05043 -0.29776
   0.30071 -0.05052 -0.29543
   0.30841 -0.05058 -0.29343
   0.31611 -0.05063 -0.29172
   0.32382 -0.05066 -0.28950
   0.33154 -0.05066 -0.28707
   0.33927 -0.05065 -0.28605
   0.34699 -0.05062 -0.28342
   0.35472 -0.05057 -0.28207
   0.36246 -0.05051 -0.28038
   0.37019 -0.05042 -0.27882
   0.37793 -0.05031 -0.27635
   0.38566 -0.05019 -0.27547
   0.39339 -0.05004 -0.27349
   0.40111 -0.04988 -0.27192
   0.40883 -0.04970 -0.27020
   0.41655 -0.04951 -0.26928
   0.42426 -0.04929 -0.26782
   0.43196 -0.04905 -0.26679
   0.43965 -0.04880 -0.26525
   0.44733 -0.04852 -0.26416
   0.45499 -0.04823 -0.26295
   0.46265 -0.04791 -0.26120
   0.47029 -0.04757 -0.26028
   0.47793 -0.04721 -0.25839
   0.48555 -0.04683 -0.25674
   0.49315 -0.04642 -0.25506
   0.50075 -0.04600 -0.25347
   0.50833 -0.04555 -0.25086
   0.51589 -0.04507 -0.24922
   0.52345 -0.04458 -0.24638
   0.53099 -0.04405 -0.24443
   0.53851 -0.04351 -0.24130
   0.54603 -0.04293 -0.23882
   0.55353 -0.04234 -0.23612
   0.56101 -0.04171 -0.23194
   0.56848 -0.04106 -0.22897
   0.57593 -0.04038 -0.22492
   0.58337 -0.03967 -0.22098
   0.59078 -0.03894 -0.21694
   0.59818 -0.03818 -0.21201
   0.60556 -0.03738 -0.20737
   0.61292 -0.03656 -0.20215
   0.62026 -0.03571 -0.19617
   0.62759 -0.03483 -0.19024
   0.63490 -0.03391 -0.18262
   0.64220 -0.03296 -0.17660
   0.64948 -0.03198 -0.16843
   0.65674 -0.03097 -0.16039
   0.66400 -0.02992 -0.15108
   0.67125 -0.02883 -0.14155
   0.67849 -0.02772 -0.13184
   0.68572 -0.02656 -0.12058
   0.69295 -0.02537 -0.10980
   0.70018 -0.02415 -0.09675
   0.70741 -0.02288 -0.08444
   0.71464 -0.02159 -0.07105
   0.72188 -0.02025 -0.05607
   0.72912 -0.01888 -0.04202
   0.73638 -0.01747 -0.02506
   0.74365 -0.01602 -0.00938
   0.75094 -0.01453  0.00928
   0.75826 -0.01301  0.02725
   0.76560 -0.01146  0.04693
   0.77297 -0.00987  0.06657
   0.78039 -0.00825  0.08815
   0.78785 -0.00659  0.10928
   0.79535 -0.00492  0.13246
   0.80287 -0.00323  0.15532
   0.81037 -0.00154  0.17765
   0.81778  0.00013  0.20285
   0.82509  0.00176  0.22601
   0.83227  0.00334  0.24754
   0.83932  0.00486  0.26829
   0.84624  0.00632  0.28871
   0.85304  0.00771  0.30713
   0.85972  0.00903  0.32606
   0.86628  0.01027  0.34226
   0.87271  0.01143  0.35833
   0.87902  0.01251  0.37335
   0.88521  0.01350  0.38608
   0.89129  0.01440  0.39889
   0.89727  0.01522  0.40868
   0.90316  0.01595  0.41918
   0.90895  0.01659  0.42804
   0.91464  0.01715  0.43542
   0.92020  0.01763  0.44381
   0.92564  0.01802  0.44961
   0.93097  0.01831  0.45422
   0.93623  0.01853  0.45734
   0.94141  0.01867  0.45685
   0.94645  0.01876  0.46710
   0.95125  0.01879  0.47878
   0.95581  0.01873  0.49140
   0.96019  0.01854  0.49552
   0.96446  0.01821  0.48047
   0.96872  0.01776  0.45427
   0.97300  0.01724  0.42572
   0.97726  0.01672  0.41543
   0.98142  0.01621  0.42803
   0.98545  0.01563  0.43239
   0.98942  0.01489  0.38719
   0.99340  0.01406  0.32673
   0.99738  0.01325  0.29807
   1.00000  0.01271  0.25218
