GRUMMAN K-2 AIRFOIL                             
 Alfa =  -1.21100 Re =        0.000 Xflap,Yflap =     0.000000    0.000000
#    x        y        Cp  
   1.00000  0.01371  0.25417
   0.99740  0.01444  0.09912
   0.99329  0.01549  0.06134
   0.98889  0.01657  0.04592
   0.98423  0.01772  0.00549
   0.97929  0.01890 -0.02951
   0.97409  0.02011 -0.05552
   0.96867  0.02135 -0.08597
   0.96305  0.02259 -0.11255
   0.95727  0.02381 -0.13424
   0.95131  0.02502 -0.15523
   0.94520  0.02620 -0.17037
   0.93893  0.02735 -0.18348
   0.93253  0.02848 -0.19476
   0.92600  0.02957 -0.20197
   0.91932  0.03065 -0.20809
   0.91254  0.03170 -0.21507
   0.90568  0.03272 -0.22376
   0.89876  0.03372 -0.23122
   0.89181  0.03467 -0.23938
   0.88484  0.03559 -0.24539
   0.87782  0.03647 -0.24807
   0.87073  0.03731 -0.24924
   0.86355  0.03812 -0.25040
   0.85628  0.03891 -0.24918
   0.84891  0.03968 -0.24837
   0.84146  0.04044 -0.24835
   0.83396  0.04117 -0.24833
   0.82645  0.04190 -0.25409
   0.81896  0.04260 -0.25905
   0.81149  0.04327 -0.26267
   0.80402  0.04391 -0.26522
   0.79655  0.04452 -0.26771
   0.78909  0.04510 -0.26992
   0.78162  0.04565 -0.27071
   0.77414  0.04617 -0.27027
   0.76665  0.04666 -0.27070
   0.75914  0.04713 -0.26950
   0.75161  0.04756 -0.26773
   0.74405  0.04798 -0.26603
   0.73646  0.04837 -0.26315
   0.72884  0.04874 -0.26075
   0.72118  0.04909 -0.25791
   0.71350  0.04943 -0.25464
   0.70580  0.04974 -0.25287
   0.69806  0.05004 -0.24988
   0.69030  0.05033 -0.24787
   0.68252  0.05060 -0.24581
   0.67473  0.05086 -0.24407
   0.66693  0.05111 -0.24190
   0.65911  0.05135 -0.24069
   0.65129  0.05157 -0.23924
   0.64347  0.05178 -0.23723
   0.63563  0.05197 -0.23616
   0.62779  0.05216 -0.23469
   0.61994  0.05233 -0.23266
   0.61208  0.05249 -0.23218
   0.60421  0.05264 -0.22970
   0.59633  0.05278 -0.22891
   0.58846  0.05291 -0.22773
   0.58058  0.05303 -0.22714
   0.57270  0.05314 -0.22594
   0.56482  0.05324 -0.22508
   0.55693  0.05333 -0.22404
   0.54904  0.05340 -0.22342
   0.54115  0.05347 -0.22203
   0.53326  0.05353 -0.22173
   0.52537  0.05358 -0.22042
   0.51748  0.05361 -0.21955
   0.50958  0.05364 -0.21930
   0.50169  0.05366 -0.21773
   0.49380  0.05367 -0.21813
   0.48590  0.05367 -0.21650
   0.47801  0.05366 -0.21690
   0.47012  0.05363 -0.21592
   0.46224  0.05360 -0.21522
   0.45437  0.05356 -0.21464
   0.44650  0.05351 -0.21414
   0.43864  0.05345 -0.21308
   0.43079  0.05338 -0.21290
   0.42295  0.05330 -0.21262
   0.41514  0.05321 -0.21230
   0.40737  0.05312 -0.21297
   0.39966  0.05301 -0.21240
   0.39202  0.05289 -0.21365
   0.38445  0.05276 -0.21076
   0.37694  0.05262 -0.20816
   0.36954  0.05249 -0.20720
   0.36229  0.05236 -0.21439
   0.35524  0.05223 -0.22529
   0.34842  0.05207 -0.23455
   0.34179  0.05185 -0.22580
   0.33530  0.05159 -0.19883
   0.32892  0.05132 -0.17210
   0.32258  0.05111 -0.15840
   0.31625  0.05098 -0.17480
   0.30988  0.05089 -0.20422
   0.30343  0.05078 -0.23161
   0.29682  0.05061 -0.23395
   0.29002  0.05037 -0.22152
   0.28299  0.05009 -0.20971
   0.27579  0.04982 -0.20845
   0.26847  0.04954 -0.21256
   0.26108  0.04924 -0.21453
   0.25361  0.04892 -0.21345
   0.24607  0.04858 -0.21353
   0.23850  0.04823 -0.21457
   0.23092  0.04786 -0.21504
   0.22333  0.04747 -0.21589
   0.21574  0.04707 -0.21645
   0.20817  0.04664 -0.21830
   0.20063  0.04620 -0.21883
   0.19311  0.04574 -0.21967
   0.18563  0.04526 -0.22287
   0.17820  0.04475 -0.22263
   0.17081  0.04423 -0.22396
   0.16349  0.04368 -0.22640
   0.15624  0.04311 -0.22651
   0.14907  0.04251 -0.22899
   0.14200  0.04189 -0.22970
   0.13503  0.04125 -0.23076
   0.12818  0.04059 -0.23159
   0.12147  0.03990 -0.23193
   0.11493  0.03919 -0.23203
   0.10856  0.03847 -0.23217
   0.10240  0.03773 -0.23181
   0.09647  0.03699 -0.23288
   0.09078  0.03624 -0.23468
   0.08537  0.03550 -0.23344
   0.08024  0.03476 -0.23879
   0.07540  0.03403 -0.24065
   0.07085  0.03331 -0.24451
   0.06658  0.03261 -0.25729
   0.06257  0.03190 -0.25813
   0.05879  0.03120 -0.26937
   0.05523  0.03050 -0.27365
   0.05189  0.02978 -0.27185
   0.04873  0.02906 -0.26578
   0.04574  0.02833 -0.25493
   0.04291  0.02760 -0.24570
   0.04024  0.02687 -0.23087
   0.03771  0.02615 -0.21888
   0.03531  0.02543 -0.21102
   0.03305  0.02471 -0.18632
   0.03089  0.02399 -0.15631
   0.02884  0.02329 -0.13272
   0.02688  0.02260 -0.11722
   0.02502  0.02195 -0.11544
   0.02326  0.02131 -0.11378
   0.02159  0.02067 -0.11263
   0.02000  0.02005 -0.10676
   0.01849  0.01942 -0.09616
   0.01706  0.01880 -0.07817
   0.01569  0.01817 -0.05179
   0.01439  0.01754 -0.02960
   0.01314  0.01692 -0.00646
   0.01194  0.01630  0.01376
   0.01080  0.01568  0.03271
   0.00971  0.01507  0.05064
   0.00867  0.01445  0.07525
   0.00767  0.01383  0.09206
   0.00672  0.01321  0.11560
   0.00581  0.01258  0.13493
   0.00495  0.01194  0.16468
   0.00414  0.01128  0.18697
   0.00338  0.01061  0.21347
   0.00268  0.00990  0.24554
   0.00207  0.00914  0.35460
   0.00154  0.00835  0.44336
   0.00111  0.00752  0.56119
   0.00078  0.00665  0.69243
   0.00053  0.00577  0.79780
   0.00035  0.00489  0.87373
   0.00022  0.00400  0.92478
   0.00012  0.00312  0.96175
   0.00005  0.00224  0.98357
   0.00001  0.00137  0.99600
  -0.00000  0.00051  1.00000
   0.00001 -0.00034  0.99642
   0.00004 -0.00120  0.98551
   0.00010 -0.00206  0.96694
   0.00020 -0.00292  0.95119
   0.00027 -0.00380  0.90840
   0.00039 -0.00468  0.87577
   0.00054 -0.00556  0.82818
   0.00072 -0.00645  0.77015
   0.00092 -0.00735  0.70575
   0.00115 -0.00824  0.63002
   0.00142 -0.00914  0.53365
   0.00173 -0.01004  0.42672
   0.00207 -0.01094  0.30477
   0.00247 -0.01182  0.13288
   0.00292 -0.01269  0.05231
   0.00342 -0.01356 -0.28711
   0.00402 -0.01437 -0.35022
   0.00470 -0.01514 -0.45840
   0.00546 -0.01587 -0.49482
   0.00629 -0.01657 -0.52523
   0.00717 -0.01724 -0.53771
   0.00811 -0.01789 -0.55414
   0.00910 -0.01851 -0.55347
   0.01015 -0.01912 -0.55039
   0.01125 -0.01971 -0.55110
   0.01240 -0.02029 -0.54427
   0.01361 -0.02086 -0.53888
   0.01488 -0.02142 -0.53193
   0.01621 -0.02198 -0.51779
   0.01761 -0.02253 -0.51034
   0.01908 -0.02307 -0.49504
   0.02063 -0.02362 -0.49037
   0.02226 -0.02417 -0.47788
   0.02397 -0.02472 -0.46313
   0.02579 -0.02528 -0.45610
   0.02770 -0.02584 -0.44598
   0.02973 -0.02641 -0.43844
   0.03189 -0.02700 -0.43095
   0.03419 -0.02759 -0.42478
   0.03663 -0.02820 -0.41430
   0.03924 -0.02882 -0.40797
   0.04203 -0.02945 -0.39742
   0.04502 -0.03011 -0.39097
   0.04822 -0.03078 -0.38536
   0.05165 -0.03148 -0.38220
   0.05533 -0.03220 -0.37794
   0.05925 -0.03293 -0.37504
   0.06344 -0.03368 -0.37045
   0.06789 -0.03445 -0.36855
   0.07262 -0.03522 -0.36391
   0.07761 -0.03600 -0.36259
   0.08288 -0.03679 -0.35939
   0.08842 -0.03758 -0.35627
   0.09419 -0.03836 -0.35337
   0.10019 -0.03914 -0.35147
   0.10638 -0.03991 -0.35073
   0.11276 -0.04065 -0.34988
   0.11929 -0.04138 -0.34921
   0.12594 -0.04208 -0.34797
   0.13272 -0.04276 -0.34700
   0.13959 -0.04340 -0.34565
   0.14656 -0.04401 -0.34264
   0.15362 -0.04460 -0.34099
   0.16075 -0.04515 -0.33715
   0.16794 -0.04567 -0.33495
   0.17519 -0.04616 -0.33164
   0.18248 -0.04663 -0.32968
   0.18981 -0.04706 -0.32753
   0.19717 -0.04747 -0.32617
   0.20456 -0.04785 -0.32202
   0.21197 -0.04820 -0.32117
   0.21942 -0.04852 -0.31707
   0.22690 -0.04882 -0.31450
   0.23441 -0.04909 -0.30979
   0.24195 -0.04934 -0.30769
   0.24951 -0.04956 -0.30565
   0.25708 -0.04977 -0.30240
   0.26468 -0.04995 -0.30110
   0.27229 -0.05011 -0.29685
   0.27991 -0.05024 -0.29542
   0.28756 -0.05036 -0.29201
   0.29522 -0.05046 -0.29007
   0.30289 -0.05054 -0.28821
   0.31057 -0.05060 -0.28611
   0.31825 -0.05064 -0.28392
   0.32595 -0.05066 -0.28233
   0.33364 -0.05066 -0.28083
   0.34135 -0.05065 -0.27902
   0.34906 -0.05061 -0.27732
   0.35677 -0.05056 -0.27552
   0.36448 -0.05048 -0.27389
   0.37219 -0.05039 -0.27235
   0.37990 -0.05028 -0.27035
   0.38761 -0.05015 -0.26904
   0.39532 -0.05001 -0.26773
   0.40302 -0.04984 -0.26639
   0.41072 -0.04966 -0.26434
   0.41842 -0.04945 -0.26376
   0.42610 -0.04923 -0.26241
   0.43378 -0.04899 -0.26170
   0.44144 -0.04873 -0.25960
   0.44910 -0.04845 -0.25908
   0.45674 -0.04815 -0.25757
   0.46437 -0.04783 -0.25688
   0.47199 -0.04749 -0.25521
   0.47960 -0.04713 -0.25337
   0.48720 -0.04674 -0.25210
   0.49478 -0.04634 -0.25040
   0.50235 -0.04590 -0.24805
   0.50991 -0.04545 -0.24686
   0.51745 -0.04497 -0.24424
   0.52498 -0.04447 -0.24186
   0.53250 -0.04395 -0.23977
   0.54000 -0.04340 -0.23723
   0.54749 -0.04282 -0.23442
   0.55497 -0.04222 -0.23131
   0.56243 -0.04159 -0.22770
   0.56987 -0.04093 -0.22439
   0.57730 -0.04025 -0.22073
   0.58471 -0.03954 -0.21663
   0.59210 -0.03881 -0.21247
   0.59948 -0.03804 -0.20807
   0.60683 -0.03724 -0.20350
   0.61417 -0.03642 -0.19730
   0.62149 -0.03556 -0.19261
   0.62879 -0.03468 -0.18538
   0.63608 -0.03376 -0.17973
   0.64335 -0.03281 -0.17161
   0.65061 -0.03183 -0.16456
   0.65786 -0.03081 -0.15603
   0.66510 -0.02976 -0.14716
   0.67232 -0.02867 -0.13743
   0.67954 -0.02755 -0.12736
   0.68676 -0.02640 -0.11682
   0.69397 -0.02520 -0.10566
   0.70117 -0.02398 -0.09293
   0.70838 -0.02271 -0.08026
   0.71559 -0.02141 -0.06679
   0.72281 -0.02007 -0.05246
   0.73004 -0.01870 -0.03775
   0.73728 -0.01729 -0.02168
   0.74453 -0.01584 -0.00417
   0.75180 -0.01436  0.01214
   0.75910 -0.01284  0.03209
   0.76642 -0.01128  0.05012
   0.77378 -0.00969  0.07188
   0.78118 -0.00807  0.09069
   0.78863 -0.00642  0.11413
   0.79611 -0.00475  0.13494
   0.80361 -0.00306  0.15931
   0.81108 -0.00138  0.18219
   0.81847  0.00029  0.20515
   0.82574  0.00191  0.22888
   0.83289  0.00348  0.25085
   0.83991  0.00499  0.27134
   0.84680  0.00644  0.29101
   0.85358  0.00782  0.31041
   0.86023  0.00913  0.32667
   0.86676  0.01036  0.34523
   0.87316  0.01151  0.35936
   0.87944  0.01258  0.37576
   0.88561  0.01356  0.38757
   0.89167  0.01445  0.39978
   0.89763  0.01526  0.41055
   0.90349  0.01599  0.42010
   0.90927  0.01663  0.42789
   0.91493  0.01718  0.43751
   0.92047  0.01765  0.44340
   0.92588  0.01803  0.45162
   0.93120  0.01832  0.45522
   0.93644  0.01853  0.45604
   0.94160  0.01868  0.45894
   0.94662  0.01876  0.46590
   0.95140  0.01879  0.48124
   0.95595  0.01872  0.49091
   0.96030  0.01853  0.49599
   0.96456  0.01820  0.48106
   0.96881  0.01775  0.45349
   0.97308  0.01723  0.42640
   0.97733  0.01672  0.41420
   0.98147  0.01621  0.42735
   0.98549  0.01562  0.43428
   0.98945  0.01488  0.38904
   0.99342  0.01406  0.32435
   0.99738  0.01325  0.29902
   1.00000  0.01271  0.25417
