GRUMMAN K-2 AIRFOIL                             
 Alfa =  -1.29120 Re =        0.000 Xflap,Yflap =     0.000000    0.000000
#    x        y        Cp  
   1.00000  0.01371  0.25421
   0.99740  0.01444  0.09923
   0.99329  0.01549  0.06149
   0.98889  0.01657  0.04616
   0.98423  0.01772  0.00581
   0.97929  0.01890 -0.02914
   0.97409  0.02011 -0.05510
   0.96867  0.02135 -0.08547
   0.96305  0.02259 -0.11200
   0.95727  0.02381 -0.13364
   0.95131  0.02502 -0.15455
   0.94520  0.02620 -0.16963
   0.93893  0.02735 -0.18269
   0.93253  0.02848 -0.19391
   0.92600  0.02957 -0.20108
   0.91932  0.03065 -0.20713
   0.91254  0.03170 -0.21408
   0.90568  0.03272 -0.22269
   0.89876  0.03372 -0.23013
   0.89181  0.03467 -0.23822
   0.88484  0.03559 -0.24418
   0.87782  0.03647 -0.24682
   0.87073  0.03731 -0.24794
   0.86355  0.03812 -0.24905
   0.85628  0.03891 -0.24781
   0.84891  0.03968 -0.24693
   0.84146  0.04044 -0.24689
   0.83396  0.04117 -0.24681
   0.82645  0.04190 -0.25253
   0.81896  0.04260 -0.25744
   0.81149  0.04327 -0.26100
   0.80402  0.04391 -0.26353
   0.79655  0.04452 -0.26595
   0.78909  0.04510 -0.26815
   0.78162  0.04565 -0.26886
   0.77414  0.04617 -0.26840
   0.76665  0.04666 -0.26877
   0.75914  0.04713 -0.26755
   0.75161  0.04756 -0.26573
   0.74405  0.04798 -0.26401
   0.73646  0.04837 -0.26107
   0.72884  0.04874 -0.25864
   0.72118  0.04909 -0.25576
   0.71350  0.04943 -0.25244
   0.70580  0.04974 -0.25064
   0.69806  0.05004 -0.24763
   0.69030  0.05033 -0.24555
   0.68252  0.05060 -0.24348
   0.67473  0.05086 -0.24168
   0.66693  0.05111 -0.23948
   0.65911  0.05135 -0.23824
   0.65129  0.05157 -0.23673
   0.64347  0.05178 -0.23469
   0.63563  0.05197 -0.23358
   0.62779  0.05216 -0.23206
   0.61994  0.05233 -0.22999
   0.61208  0.05249 -0.22948
   0.60421  0.05264 -0.22695
   0.59633  0.05278 -0.22612
   0.58846  0.05291 -0.22489
   0.58058  0.05303 -0.22426
   0.57270  0.05314 -0.22302
   0.56482  0.05324 -0.22212
   0.55693  0.05333 -0.22103
   0.54904  0.05340 -0.22036
   0.54115  0.05347 -0.21893
   0.53326  0.05353 -0.21858
   0.52537  0.05358 -0.21722
   0.51748  0.05361 -0.21629
   0.50958  0.05364 -0.21600
   0.50169  0.05366 -0.21437
   0.49380  0.05367 -0.21473
   0.48590  0.05367 -0.21304
   0.47801  0.05366 -0.21339
   0.47012  0.05363 -0.21236
   0.46224  0.05360 -0.21159
   0.45437  0.05356 -0.21096
   0.44650  0.05351 -0.21041
   0.43864  0.05345 -0.20930
   0.43079  0.05338 -0.20904
   0.42295  0.05330 -0.20872
   0.41514  0.05321 -0.20833
   0.40737  0.05312 -0.20894
   0.39966  0.05301 -0.20830
   0.39202  0.05289 -0.20949
   0.38445  0.05276 -0.20653
   0.37694  0.05262 -0.20388
   0.36954  0.05249 -0.20285
   0.36229  0.05236 -0.20995
   0.35524  0.05223 -0.22074
   0.34842  0.05207 -0.22990
   0.34179  0.05185 -0.22111
   0.33530  0.05159 -0.19418
   0.32892  0.05132 -0.16750
   0.32258  0.05111 -0.15377
   0.31625  0.05098 -0.17004
   0.30988  0.05089 -0.19928
   0.30343  0.05078 -0.22647
   0.29682  0.05061 -0.22873
   0.29002  0.05037 -0.21627
   0.28299  0.05009 -0.20441
   0.27579  0.04982 -0.20307
   0.26847  0.04954 -0.20706
   0.26108  0.04924 -0.20893
   0.25361  0.04892 -0.20773
   0.24607  0.04858 -0.20770
   0.23850  0.04823 -0.20861
   0.23092  0.04786 -0.20896
   0.22333  0.04747 -0.20967
   0.21574  0.04707 -0.21009
   0.20817  0.04664 -0.21178
   0.20063  0.04620 -0.21217
   0.19311  0.04574 -0.21285
   0.18563  0.04526 -0.21586
   0.17820  0.04475 -0.21545
   0.17081  0.04423 -0.21658
   0.16349  0.04368 -0.21882
   0.15624  0.04311 -0.21872
   0.14907  0.04251 -0.22098
   0.14200  0.04189 -0.22145
   0.13503  0.04125 -0.22226
   0.12818  0.04059 -0.22284
   0.12147  0.03990 -0.22291
   0.11493  0.03919 -0.22272
   0.10856  0.03847 -0.22256
   0.10240  0.03773 -0.22190
   0.09647  0.03699 -0.22263
   0.09078  0.03624 -0.22409
   0.08537  0.03550 -0.22249
   0.08024  0.03476 -0.22744
   0.07540  0.03403 -0.22889
   0.07085  0.03331 -0.23233
   0.06658  0.03261 -0.24457
   0.06257  0.03190 -0.24499
   0.05879  0.03120 -0.25567
   0.05523  0.03050 -0.25945
   0.05189  0.02978 -0.25720
   0.04873  0.02906 -0.25071
   0.04574  0.02833 -0.23949
   0.04291  0.02760 -0.22986
   0.04024  0.02687 -0.21470
   0.03771  0.02615 -0.20233
   0.03531  0.02543 -0.19401
   0.03305  0.02471 -0.16909
   0.03089  0.02399 -0.13894
   0.02884  0.02329 -0.11512
   0.02688  0.02260 -0.09925
   0.02502  0.02195 -0.09687
   0.02326  0.02131 -0.09457
   0.02159  0.02067 -0.09275
   0.02000  0.02005 -0.08624
   0.01849  0.01942 -0.07505
   0.01706  0.01880 -0.05661
   0.01569  0.01817 -0.02989
   0.01439  0.01754 -0.00732
   0.01314  0.01692  0.01627
   0.01194  0.01630  0.03703
   0.01080  0.01568  0.05659
   0.00971  0.01507  0.07517
   0.00867  0.01445  0.10040
   0.00767  0.01383  0.11802
   0.00672  0.01321  0.14240
   0.00581  0.01258  0.16273
   0.00495  0.01194  0.19339
   0.00414  0.01128  0.21692
   0.00338  0.01061  0.24492
   0.00268  0.00990  0.27851
   0.00207  0.00914  0.38593
   0.00154  0.00835  0.47366
   0.00111  0.00752  0.58853
   0.00078  0.00665  0.71472
   0.00053  0.00577  0.81520
   0.00035  0.00489  0.88695
   0.00022  0.00400  0.93464
   0.00012  0.00312  0.96854
   0.00005  0.00224  0.98783
   0.00001  0.00137  0.99791
  -0.00000  0.00051  0.99965
   0.00001 -0.00034  0.99406
   0.00004 -0.00120  0.98109
   0.00010 -0.00206  0.96030
   0.00020 -0.00292  0.94386
   0.00027 -0.00380  0.89748
   0.00039 -0.00468  0.86358
   0.00054 -0.00556  0.81383
   0.00072 -0.00645  0.75351
   0.00092 -0.00735  0.68691
   0.00115 -0.00824  0.60882
   0.00142 -0.00914  0.50965
   0.00173 -0.01004  0.39983
   0.00207 -0.01094  0.27500
   0.00247 -0.01182  0.09882
   0.00292 -0.01269  0.01778
   0.00342 -0.01356 -0.33056
   0.00402 -0.01437 -0.39248
   0.00470 -0.01514 -0.50124
   0.00546 -0.01587 -0.53602
   0.00629 -0.01657 -0.56498
   0.00717 -0.01724 -0.57570
   0.00811 -0.01789 -0.59068
   0.00910 -0.01851 -0.58838
   0.01015 -0.01912 -0.58372
   0.01125 -0.01971 -0.58307
   0.01240 -0.02029 -0.57488
   0.01361 -0.02086 -0.56824
   0.01488 -0.02142 -0.56008
   0.01621 -0.02198 -0.54472
   0.01761 -0.02253 -0.53620
   0.01908 -0.02307 -0.51983
   0.02063 -0.02362 -0.51424
   0.02226 -0.02417 -0.50081
   0.02397 -0.02472 -0.48514
   0.02579 -0.02528 -0.47730
   0.02770 -0.02584 -0.46639
   0.02973 -0.02641 -0.45813
   0.03189 -0.02700 -0.44994
   0.03419 -0.02759 -0.44310
   0.03663 -0.02820 -0.43194
   0.03924 -0.02882 -0.42498
   0.04203 -0.02945 -0.41379
   0.04502 -0.03011 -0.40676
   0.04822 -0.03078 -0.40059
   0.05165 -0.03148 -0.39691
   0.05533 -0.03220 -0.39214
   0.05925 -0.03293 -0.38875
   0.06344 -0.03368 -0.38367
   0.06789 -0.03445 -0.38132
   0.07262 -0.03522 -0.37623
   0.07761 -0.03600 -0.37450
   0.08288 -0.03679 -0.37088
   0.08842 -0.03758 -0.36736
   0.09419 -0.03836 -0.36409
   0.10019 -0.03914 -0.36184
   0.10638 -0.03991 -0.36076
   0.11276 -0.04065 -0.35961
   0.11929 -0.04138 -0.35865
   0.12594 -0.04208 -0.35713
   0.13272 -0.04276 -0.35589
   0.13959 -0.04340 -0.35428
   0.14656 -0.04401 -0.35102
   0.15362 -0.04460 -0.34914
   0.16075 -0.04515 -0.34507
   0.16794 -0.04567 -0.34266
   0.17519 -0.04616 -0.33914
   0.18248 -0.04663 -0.33699
   0.18981 -0.04706 -0.33466
   0.19717 -0.04747 -0.33312
   0.20456 -0.04785 -0.32880
   0.21197 -0.04820 -0.32780
   0.21942 -0.04852 -0.32354
   0.22690 -0.04882 -0.32082
   0.23441 -0.04909 -0.31596
   0.24195 -0.04934 -0.31371
   0.24951 -0.04956 -0.31155
   0.25708 -0.04977 -0.30817
   0.26468 -0.04995 -0.30676
   0.27229 -0.05011 -0.30238
   0.27991 -0.05024 -0.30084
   0.28756 -0.05036 -0.29732
   0.29522 -0.05046 -0.29527
   0.30289 -0.05054 -0.29331
   0.31057 -0.05060 -0.29111
   0.31825 -0.05064 -0.28882
   0.32595 -0.05066 -0.28714
   0.33364 -0.05066 -0.28555
   0.34135 -0.05065 -0.28365
   0.34906 -0.05061 -0.28187
   0.35677 -0.05056 -0.27998
   0.36448 -0.05048 -0.27827
   0.37219 -0.05039 -0.27667
   0.37990 -0.05028 -0.27457
   0.38761 -0.05015 -0.27320
   0.39532 -0.05001 -0.27181
   0.40302 -0.04984 -0.27040
   0.41072 -0.04966 -0.26828
   0.41842 -0.04945 -0.26763
   0.42610 -0.04923 -0.26622
   0.43378 -0.04899 -0.26545
   0.44144 -0.04873 -0.26329
   0.44910 -0.04845 -0.26269
   0.45674 -0.04815 -0.26113
   0.46437 -0.04783 -0.26038
   0.47199 -0.04749 -0.25865
   0.47960 -0.04713 -0.25676
   0.48720 -0.04674 -0.25542
   0.49478 -0.04634 -0.25367
   0.50235 -0.04590 -0.25126
   0.50991 -0.04545 -0.25000
   0.51745 -0.04497 -0.24735
   0.52498 -0.04447 -0.24490
   0.53250 -0.04395 -0.24276
   0.54000 -0.04340 -0.24016
   0.54749 -0.04282 -0.23730
   0.55497 -0.04222 -0.23414
   0.56243 -0.04159 -0.23047
   0.56987 -0.04093 -0.22712
   0.57730 -0.04025 -0.22341
   0.58471 -0.03954 -0.21925
   0.59210 -0.03881 -0.21504
   0.59948 -0.03804 -0.21059
   0.60683 -0.03724 -0.20597
   0.61417 -0.03642 -0.19972
   0.62149 -0.03556 -0.19497
   0.62879 -0.03468 -0.18769
   0.63608 -0.03376 -0.18198
   0.64335 -0.03281 -0.17382
   0.65061 -0.03183 -0.16671
   0.65786 -0.03081 -0.15813
   0.66510 -0.02976 -0.14921
   0.67232 -0.02867 -0.13942
   0.67954 -0.02755 -0.12929
   0.68676 -0.02640 -0.11872
   0.69397 -0.02520 -0.10749
   0.70117 -0.02398 -0.09472
   0.70838 -0.02271 -0.08198
   0.71559 -0.02141 -0.06846
   0.72281 -0.02007 -0.05408
   0.73004 -0.01870 -0.03932
   0.73728 -0.01729 -0.02319
   0.74453 -0.01584 -0.00560
   0.75180 -0.01436  0.01073
   0.75910 -0.01284  0.03075
   0.76642 -0.01128  0.04885
   0.77378 -0.00969  0.07066
   0.78118 -0.00807  0.08951
   0.78863 -0.00642  0.11301
   0.79611 -0.00475  0.13388
   0.80361 -0.00306  0.15830
   0.81108 -0.00138  0.18124
   0.81847  0.00029  0.20424
   0.82574  0.00191  0.22802
   0.83289  0.00348  0.25004
   0.83991  0.00499  0.27058
   0.84680  0.00644  0.29028
   0.85358  0.00782  0.30971
   0.86023  0.00913  0.32602
   0.86676  0.01036  0.34462
   0.87316  0.01151  0.35875
   0.87944  0.01258  0.37521
   0.88561  0.01356  0.38705
   0.89167  0.01445  0.39927
   0.89763  0.01526  0.41008
   0.90349  0.01599  0.41963
   0.90927  0.01663  0.42745
   0.91493  0.01718  0.43711
   0.92047  0.01765  0.44298
   0.92588  0.01803  0.45125
   0.93120  0.01832  0.45485
   0.93644  0.01853  0.45569
   0.94160  0.01868  0.45861
   0.94662  0.01876  0.46556
   0.95140  0.01879  0.48096
   0.95595  0.01872  0.49062
   0.96030  0.01853  0.49572
   0.96456  0.01820  0.48081
   0.96881  0.01775  0.45323
   0.97308  0.01723  0.42614
   0.97733  0.01672  0.41395
   0.98147  0.01621  0.42714
   0.98549  0.01562  0.43409
   0.98945  0.01488  0.38885
   0.99342  0.01406  0.32415
   0.99738  0.01325  0.29887
   1.00000  0.01271  0.25421
