GRUMMAN K-2 AIRFOIL                             
 Alfa =  -1.12300 Re =        0.000 Xflap,Yflap =     0.000000    0.000000
#    x        y        Cp  
   1.00000  0.01371  0.25413
   0.99740  0.01444  0.09901
   0.99329  0.01549  0.06119
   0.98889  0.01657  0.04566
   0.98423  0.01772  0.00514
   0.97929  0.01890 -0.02991
   0.97409  0.02011 -0.05597
   0.96867  0.02135 -0.08652
   0.96305  0.02259 -0.11315
   0.95727  0.02381 -0.13490
   0.95131  0.02502 -0.15597
   0.94520  0.02620 -0.17117
   0.93893  0.02735 -0.18435
   0.93253  0.02848 -0.19569
   0.92600  0.02957 -0.20293
   0.91932  0.03065 -0.20915
   0.91254  0.03170 -0.21615
   0.90568  0.03272 -0.22493
   0.89876  0.03372 -0.23241
   0.89181  0.03467 -0.24065
   0.88484  0.03559 -0.24672
   0.87782  0.03647 -0.24943
   0.87073  0.03731 -0.25066
   0.86355  0.03812 -0.25188
   0.85628  0.03891 -0.25067
   0.84891  0.03968 -0.24995
   0.84146  0.04044 -0.24996
   0.83396  0.04117 -0.25000
   0.82645  0.04190 -0.25579
   0.81896  0.04260 -0.26082
   0.81149  0.04327 -0.26449
   0.80402  0.04391 -0.26708
   0.79655  0.04452 -0.26965
   0.78909  0.04510 -0.27185
   0.78162  0.04565 -0.27274
   0.77414  0.04617 -0.27233
   0.76665  0.04666 -0.27283
   0.75914  0.04713 -0.27165
   0.75161  0.04756 -0.26992
   0.74405  0.04798 -0.26824
   0.73646  0.04837 -0.26543
   0.72884  0.04874 -0.26306
   0.72118  0.04909 -0.26027
   0.71350  0.04943 -0.25704
   0.70580  0.04974 -0.25531
   0.69806  0.05004 -0.25234
   0.69030  0.05033 -0.25041
   0.68252  0.05060 -0.24836
   0.67473  0.05086 -0.24669
   0.66693  0.05111 -0.24455
   0.65911  0.05135 -0.24337
   0.65129  0.05157 -0.24199
   0.64347  0.05178 -0.24002
   0.63563  0.05197 -0.23899
   0.62779  0.05216 -0.23756
   0.61994  0.05233 -0.23559
   0.61208  0.05249 -0.23513
   0.60421  0.05264 -0.23271
   0.59633  0.05278 -0.23198
   0.58846  0.05291 -0.23084
   0.58058  0.05303 -0.23031
   0.57270  0.05314 -0.22915
   0.56482  0.05324 -0.22833
   0.55693  0.05333 -0.22734
   0.54904  0.05340 -0.22678
   0.54115  0.05347 -0.22544
   0.53326  0.05353 -0.22520
   0.52537  0.05358 -0.22393
   0.51748  0.05361 -0.22313
   0.50958  0.05364 -0.22292
   0.50169  0.05366 -0.22140
   0.49380  0.05367 -0.22187
   0.48590  0.05367 -0.22028
   0.47801  0.05366 -0.22075
   0.47012  0.05363 -0.21982
   0.46224  0.05360 -0.21919
   0.45437  0.05356 -0.21867
   0.44650  0.05351 -0.21824
   0.43864  0.05345 -0.21723
   0.43079  0.05338 -0.21712
   0.42295  0.05330 -0.21691
   0.41514  0.05321 -0.21665
   0.40737  0.05312 -0.21740
   0.39966  0.05301 -0.21691
   0.39202  0.05289 -0.21822
   0.38445  0.05276 -0.21540
   0.37694  0.05262 -0.21286
   0.36954  0.05249 -0.21197
   0.36229  0.05236 -0.21926
   0.35524  0.05223 -0.23030
   0.34842  0.05207 -0.23965
   0.34179  0.05185 -0.23095
   0.33530  0.05159 -0.20394
   0.32892  0.05132 -0.17716
   0.32258  0.05111 -0.16348
   0.31625  0.05098 -0.18002
   0.30988  0.05089 -0.20965
   0.30343  0.05078 -0.23726
   0.29682  0.05061 -0.23968
   0.29002  0.05037 -0.22730
   0.28299  0.05009 -0.21552
   0.27579  0.04982 -0.21437
   0.26847  0.04954 -0.21860
   0.26108  0.04924 -0.22070
   0.25361  0.04892 -0.21974
   0.24607  0.04858 -0.21994
   0.23850  0.04823 -0.22111
   0.23092  0.04786 -0.22173
   0.22333  0.04747 -0.22272
   0.21574  0.04707 -0.22344
   0.20817  0.04664 -0.22546
   0.20063  0.04620 -0.22616
   0.19311  0.04574 -0.22718
   0.18563  0.04526 -0.23058
   0.17820  0.04475 -0.23053
   0.17081  0.04423 -0.23207
   0.16349  0.04368 -0.23474
   0.15624  0.04311 -0.23507
   0.14907  0.04251 -0.23781
   0.14200  0.04189 -0.23877
   0.13503  0.04125 -0.24010
   0.12818  0.04059 -0.24123
   0.12147  0.03990 -0.24186
   0.11493  0.03919 -0.24227
   0.10856  0.03847 -0.24274
   0.10240  0.03773 -0.24273
   0.09647  0.03699 -0.24416
   0.09078  0.03624 -0.24636
   0.08537  0.03550 -0.24550
   0.08024  0.03476 -0.25130
   0.07540  0.03403 -0.25361
   0.07085  0.03331 -0.25794
   0.06658  0.03261 -0.27131
   0.06257  0.03190 -0.27262
   0.05879  0.03120 -0.28449
   0.05523  0.03050 -0.28931
   0.05189  0.02978 -0.28802
   0.04873  0.02906 -0.28241
   0.04574  0.02833 -0.27197
   0.04291  0.02760 -0.26319
   0.04024  0.02687 -0.24873
   0.03771  0.02615 -0.23717
   0.03531  0.02543 -0.22981
   0.03305  0.02471 -0.20536
   0.03089  0.02399 -0.17553
   0.02884  0.02329 -0.15218
   0.02688  0.02260 -0.13710
   0.02502  0.02195 -0.13598
   0.02326  0.02131 -0.13505
   0.02159  0.02067 -0.13464
   0.02000  0.02005 -0.12948
   0.01849  0.01942 -0.11955
   0.01706  0.01880 -0.10206
   0.01569  0.01817 -0.07607
   0.01439  0.01754 -0.05433
   0.01314  0.01692 -0.03169
   0.01194  0.01630 -0.01209
   0.01080  0.01568  0.00618
   0.00971  0.01507  0.02336
   0.00867  0.01445  0.04726
   0.00767  0.01383  0.06314
   0.00672  0.01321  0.08573
   0.00581  0.01258  0.10391
   0.00495  0.01194  0.13260
   0.00414  0.01128  0.15347
   0.00338  0.01061  0.17822
   0.00268  0.00990  0.20853
   0.00207  0.00914  0.31932
   0.00154  0.00835  0.40913
   0.00111  0.00752  0.53017
   0.00078  0.00665  0.66700
   0.00053  0.00577  0.77781
   0.00035  0.00489  0.85839
   0.00022  0.00400  0.91316
   0.00012  0.00312  0.95354
   0.00005  0.00224  0.97817
   0.00001  0.00137  0.99318
  -0.00000  0.00051  0.99967
   0.00001 -0.00034  0.99832
   0.00004 -0.00120  0.98969
   0.00010 -0.00206  0.97353
   0.00020 -0.00292  0.95864
   0.00027 -0.00380  0.91967
   0.00039 -0.00468  0.88848
   0.00054 -0.00556  0.84327
   0.00072 -0.00645  0.78773
   0.00092 -0.00735  0.72576
   0.00115 -0.00824  0.65261
   0.00142 -0.00914  0.55930
   0.00173 -0.01004  0.45551
   0.00207 -0.01094  0.33673
   0.00247 -0.01182  0.16951
   0.00292 -0.01269  0.08948
   0.00342 -0.01356 -0.24026
   0.00402 -0.01437 -0.30460
   0.00470 -0.01514 -0.41210
   0.00546 -0.01587 -0.45026
   0.00629 -0.01657 -0.48220
   0.00717 -0.01724 -0.49655
   0.00811 -0.01789 -0.51453
   0.00910 -0.01851 -0.51561
   0.01015 -0.01912 -0.51422
   0.01125 -0.01971 -0.51640
   0.01240 -0.02029 -0.51101
   0.01361 -0.02086 -0.50698
   0.01488 -0.02142 -0.50133
   0.01621 -0.02198 -0.48851
   0.01761 -0.02253 -0.48222
   0.01908 -0.02307 -0.46806
   0.02063 -0.02362 -0.46439
   0.02226 -0.02417 -0.45291
   0.02397 -0.02472 -0.43916
   0.02579 -0.02528 -0.43302
   0.02770 -0.02584 -0.42373
   0.02973 -0.02641 -0.41699
   0.03189 -0.02700 -0.41025
   0.03419 -0.02759 -0.40481
   0.03663 -0.02820 -0.39506
   0.03924 -0.02882 -0.38941
   0.04203 -0.02945 -0.37956
   0.04502 -0.03011 -0.37375
   0.04822 -0.03078 -0.36874
   0.05165 -0.03148 -0.36614
   0.05533 -0.03220 -0.36243
   0.05925 -0.03293 -0.36006
   0.06344 -0.03368 -0.35600
   0.06789 -0.03445 -0.35459
   0.07262 -0.03522 -0.35044
   0.07761 -0.03600 -0.34958
   0.08288 -0.03679 -0.34683
   0.08842 -0.03758 -0.34414
   0.09419 -0.03836 -0.34165
   0.10019 -0.03914 -0.34013
   0.10638 -0.03991 -0.33975
   0.11276 -0.04065 -0.33924
   0.11929 -0.04138 -0.33889
   0.12594 -0.04208 -0.33796
   0.13272 -0.04276 -0.33728
   0.13959 -0.04340 -0.33621
   0.14656 -0.04401 -0.33347
   0.15362 -0.04460 -0.33208
   0.16075 -0.04515 -0.32849
   0.16794 -0.04567 -0.32651
   0.17519 -0.04616 -0.32343
   0.18248 -0.04663 -0.32168
   0.18981 -0.04706 -0.31972
   0.19717 -0.04747 -0.31856
   0.20456 -0.04785 -0.31459
   0.21197 -0.04820 -0.31391
   0.21942 -0.04852 -0.30999
   0.22690 -0.04882 -0.30758
   0.23441 -0.04909 -0.30303
   0.24195 -0.04934 -0.30108
   0.24951 -0.04956 -0.29918
   0.25708 -0.04977 -0.29607
   0.26468 -0.04995 -0.29491
   0.27229 -0.05011 -0.29079
   0.27991 -0.05024 -0.28949
   0.28756 -0.05036 -0.28619
   0.29522 -0.05046 -0.28437
   0.30289 -0.05054 -0.28263
   0.31057 -0.05060 -0.28064
   0.31825 -0.05064 -0.27854
   0.32595 -0.05066 -0.27707
   0.33364 -0.05066 -0.27565
   0.34135 -0.05065 -0.27394
   0.34906 -0.05061 -0.27233
   0.35677 -0.05056 -0.27062
   0.36448 -0.05048 -0.26910
   0.37219 -0.05039 -0.26762
   0.37990 -0.05028 -0.26572
   0.38761 -0.05015 -0.26448
   0.39532 -0.05001 -0.26326
   0.40302 -0.04984 -0.26199
   0.41072 -0.04966 -0.26001
   0.41842 -0.04945 -0.25951
   0.42610 -0.04923 -0.25824
   0.43378 -0.04899 -0.25760
   0.44144 -0.04873 -0.25556
   0.44910 -0.04845 -0.25511
   0.45674 -0.04815 -0.25366
   0.46437 -0.04783 -0.25304
   0.47199 -0.04749 -0.25143
   0.47960 -0.04713 -0.24966
   0.48720 -0.04674 -0.24845
   0.49478 -0.04634 -0.24682
   0.50235 -0.04590 -0.24452
   0.50991 -0.04545 -0.24340
   0.51745 -0.04497 -0.24083
   0.52498 -0.04447 -0.23852
   0.53250 -0.04395 -0.23648
   0.54000 -0.04340 -0.23401
   0.54749 -0.04282 -0.23125
   0.55497 -0.04222 -0.22820
   0.56243 -0.04159 -0.22466
   0.56987 -0.04093 -0.22139
   0.57730 -0.04025 -0.21779
   0.58471 -0.03954 -0.21376
   0.59210 -0.03881 -0.20964
   0.59948 -0.03804 -0.20531
   0.60683 -0.03724 -0.20079
   0.61417 -0.03642 -0.19464
   0.62149 -0.03556 -0.19002
   0.62879 -0.03468 -0.18285
   0.63608 -0.03376 -0.17725
   0.64335 -0.03281 -0.16918
   0.65061 -0.03183 -0.16220
   0.65786 -0.03081 -0.15372
   0.66510 -0.02976 -0.14490
   0.67232 -0.02867 -0.13524
   0.67954 -0.02755 -0.12524
   0.68676 -0.02640 -0.11474
   0.69397 -0.02520 -0.10365
   0.70117 -0.02398 -0.09098
   0.70838 -0.02271 -0.07837
   0.71559 -0.02141 -0.06496
   0.72281 -0.02007 -0.05068
   0.73004 -0.01870 -0.03602
   0.73728 -0.01729 -0.02003
   0.74453 -0.01584 -0.00259
   0.75180 -0.01436  0.01368
   0.75910 -0.01284  0.03357
   0.76642 -0.01128  0.05152
   0.77378 -0.00969  0.07323
   0.78118 -0.00807  0.09198
   0.78863 -0.00642  0.11537
   0.79611 -0.00475  0.13610
   0.80361 -0.00306  0.16042
   0.81108 -0.00138  0.18324
   0.81847  0.00029  0.20616
   0.82574  0.00191  0.22982
   0.83289  0.00348  0.25175
   0.83991  0.00499  0.27218
   0.84680  0.00644  0.29181
   0.85358  0.00782  0.31117
   0.86023  0.00913  0.32739
   0.86676  0.01036  0.34590
   0.87316  0.01151  0.36003
   0.87944  0.01258  0.37637
   0.88561  0.01356  0.38816
   0.89167  0.01445  0.40034
   0.89763  0.01526  0.41107
   0.90349  0.01599  0.42062
   0.90927  0.01663  0.42838
   0.91493  0.01718  0.43796
   0.92047  0.01765  0.44386
   0.92588  0.01803  0.45203
   0.93120  0.01832  0.45562
   0.93644  0.01853  0.45642
   0.94160  0.01868  0.45931
   0.94662  0.01876  0.46627
   0.95140  0.01879  0.48156
   0.95595  0.01872  0.49123
   0.96030  0.01853  0.49628
   0.96456  0.01820  0.48133
   0.96881  0.01775  0.45379
   0.97308  0.01723  0.42668
   0.97733  0.01672  0.41448
   0.98147  0.01621  0.42759
   0.98549  0.01562  0.43449
   0.98945  0.01488  0.38926
   0.99342  0.01406  0.32456
   0.99738  0.01325  0.29920
   1.00000  0.01271  0.25413
