GRUMMAN K-2 AIRFOIL                             
 Alfa =  -1.30720 Re =        0.000 Xflap,Yflap =     0.000000    0.000000
#    x        y        Cp  
   1.00000  0.01371  0.25422
   0.99740  0.01444  0.09925
   0.99329  0.01549  0.06151
   0.98889  0.01657  0.04620
   0.98423  0.01772  0.00588
   0.97929  0.01890 -0.02907
   0.97409  0.02011 -0.05502
   0.96867  0.02135 -0.08537
   0.96305  0.02259 -0.11189
   0.95727  0.02381 -0.13352
   0.95131  0.02502 -0.15442
   0.94520  0.02620 -0.16948
   0.93893  0.02735 -0.18253
   0.93253  0.02848 -0.19374
   0.92600  0.02957 -0.20090
   0.91932  0.03065 -0.20693
   0.91254  0.03170 -0.21388
   0.90568  0.03272 -0.22248
   0.89876  0.03372 -0.22991
   0.89181  0.03467 -0.23798
   0.88484  0.03559 -0.24393
   0.87782  0.03647 -0.24657
   0.87073  0.03731 -0.24768
   0.86355  0.03812 -0.24878
   0.85628  0.03891 -0.24754
   0.84891  0.03968 -0.24664
   0.84146  0.04044 -0.24660
   0.83396  0.04117 -0.24651
   0.82645  0.04190 -0.25222
   0.81896  0.04260 -0.25711
   0.81149  0.04327 -0.26067
   0.80402  0.04391 -0.26319
   0.79655  0.04452 -0.26560
   0.78909  0.04510 -0.26780
   0.78162  0.04565 -0.26849
   0.77414  0.04617 -0.26802
   0.76665  0.04666 -0.26838
   0.75914  0.04713 -0.26715
   0.75161  0.04756 -0.26533
   0.74405  0.04798 -0.26360
   0.73646  0.04837 -0.26065
   0.72884  0.04874 -0.25822
   0.72118  0.04909 -0.25533
   0.71350  0.04943 -0.25200
   0.70580  0.04974 -0.25019
   0.69806  0.05004 -0.24719
   0.69030  0.05033 -0.24509
   0.68252  0.05060 -0.24302
   0.67473  0.05086 -0.24120
   0.66693  0.05111 -0.23900
   0.65911  0.05135 -0.23775
   0.65129  0.05157 -0.23623
   0.64347  0.05178 -0.23419
   0.63563  0.05197 -0.23307
   0.62779  0.05216 -0.23154
   0.61994  0.05233 -0.22946
   0.61208  0.05249 -0.22894
   0.60421  0.05264 -0.22641
   0.59633  0.05278 -0.22556
   0.58846  0.05291 -0.22433
   0.58058  0.05303 -0.22368
   0.57270  0.05314 -0.22244
   0.56482  0.05324 -0.22153
   0.55693  0.05333 -0.22043
   0.54904  0.05340 -0.21975
   0.54115  0.05347 -0.21831
   0.53326  0.05353 -0.21795
   0.52537  0.05358 -0.21658
   0.51748  0.05361 -0.21564
   0.50958  0.05364 -0.21534
   0.50169  0.05366 -0.21371
   0.49380  0.05367 -0.21405
   0.48590  0.05367 -0.21236
   0.47801  0.05366 -0.21269
   0.47012  0.05363 -0.21165
   0.46224  0.05360 -0.21087
   0.45437  0.05356 -0.21023
   0.44650  0.05351 -0.20967
   0.43864  0.05345 -0.20854
   0.43079  0.05338 -0.20828
   0.42295  0.05330 -0.20794
   0.41514  0.05321 -0.20754
   0.40737  0.05312 -0.20814
   0.39966  0.05301 -0.20748
   0.39202  0.05289 -0.20866
   0.38445  0.05276 -0.20568
   0.37694  0.05262 -0.20302
   0.36954  0.05249 -0.20199
   0.36229  0.05236 -0.20906
   0.35524  0.05223 -0.21983
   0.34842  0.05207 -0.22898
   0.34179  0.05185 -0.22017
   0.33530  0.05159 -0.19325
   0.32892  0.05132 -0.16658
   0.32258  0.05111 -0.15285
   0.31625  0.05098 -0.16910
   0.30988  0.05089 -0.19829
   0.30343  0.05078 -0.22545
   0.29682  0.05061 -0.22769
   0.29002  0.05037 -0.21522
   0.28299  0.05009 -0.20336
   0.27579  0.04982 -0.20199
   0.26847  0.04954 -0.20596
   0.26108  0.04924 -0.20781
   0.25361  0.04892 -0.20659
   0.24607  0.04858 -0.20654
   0.23850  0.04823 -0.20743
   0.23092  0.04786 -0.20774
   0.22333  0.04747 -0.20843
   0.21574  0.04707 -0.20882
   0.20817  0.04664 -0.21049
   0.20063  0.04620 -0.21084
   0.19311  0.04574 -0.21149
   0.18563  0.04526 -0.21446
   0.17820  0.04475 -0.21402
   0.17081  0.04423 -0.21512
   0.16349  0.04368 -0.21731
   0.15624  0.04311 -0.21717
   0.14907  0.04251 -0.21938
   0.14200  0.04189 -0.21981
   0.13503  0.04125 -0.22057
   0.12818  0.04059 -0.22109
   0.12147  0.03990 -0.22111
   0.11493  0.03919 -0.22087
   0.10856  0.03847 -0.22065
   0.10240  0.03773 -0.21993
   0.09647  0.03699 -0.22059
   0.09078  0.03624 -0.22198
   0.08537  0.03550 -0.22031
   0.08024  0.03476 -0.22518
   0.07540  0.03403 -0.22655
   0.07085  0.03331 -0.22991
   0.06658  0.03261 -0.24204
   0.06257  0.03190 -0.24237
   0.05879  0.03120 -0.25294
   0.05523  0.03050 -0.25662
   0.05189  0.02978 -0.25428
   0.04873  0.02906 -0.24771
   0.04574  0.02833 -0.23642
   0.04291  0.02760 -0.22671
   0.04024  0.02687 -0.21148
   0.03771  0.02615 -0.19904
   0.03531  0.02543 -0.19063
   0.03305  0.02471 -0.16567
   0.03089  0.02399 -0.13548
   0.02884  0.02329 -0.11163
   0.02688  0.02260 -0.09568
   0.02502  0.02195 -0.09319
   0.02326  0.02131 -0.09076
   0.02159  0.02067 -0.08881
   0.02000  0.02005 -0.08217
   0.01849  0.01942 -0.07087
   0.01706  0.01880 -0.05233
   0.01569  0.01817 -0.02555
   0.01439  0.01754 -0.00290
   0.01314  0.01692  0.02078
   0.01194  0.01630  0.04164
   0.01080  0.01568  0.06132
   0.00971  0.01507  0.08002
   0.00867  0.01445  0.10538
   0.00767  0.01383  0.12316
   0.00672  0.01321  0.14770
   0.00581  0.01258  0.16822
   0.00495  0.01194  0.19906
   0.00414  0.01128  0.22283
   0.00338  0.01061  0.25112
   0.00268  0.00990  0.28500
   0.00207  0.00914  0.39209
   0.00154  0.00835  0.47961
   0.00111  0.00752  0.59388
   0.00078  0.00665  0.71907
   0.00053  0.00577  0.81858
   0.00035  0.00489  0.88950
   0.00022  0.00400  0.93653
   0.00012  0.00312  0.96982
   0.00005  0.00224  0.98861
   0.00001  0.00137  0.99822
  -0.00000  0.00051  0.99951
   0.00001 -0.00034  0.99352
   0.00004 -0.00120  0.98013
   0.00010 -0.00206  0.95890
   0.00020 -0.00292  0.94234
   0.00027 -0.00380  0.89523
   0.00039 -0.00468  0.86108
   0.00054 -0.00556  0.81089
   0.00072 -0.00645  0.75013
   0.00092 -0.00735  0.68308
   0.00115 -0.00824  0.60452
   0.00142 -0.00914  0.50479
   0.00173 -0.01004  0.39440
   0.00207 -0.01094  0.26898
   0.00247 -0.01182  0.09194
   0.00292 -0.01269  0.01082
   0.00342 -0.01356 -0.33932
   0.00402 -0.01437 -0.40099
   0.00470 -0.01514 -0.50986
   0.00546 -0.01587 -0.54431
   0.00629 -0.01657 -0.57297
   0.00717 -0.01724 -0.58333
   0.00811 -0.01789 -0.59802
   0.00910 -0.01851 -0.59539
   0.01015 -0.01912 -0.59042
   0.01125 -0.01971 -0.58949
   0.01240 -0.02029 -0.58102
   0.01361 -0.02086 -0.57413
   0.01488 -0.02142 -0.56572
   0.01621 -0.02198 -0.55012
   0.01761 -0.02253 -0.54138
   0.01908 -0.02307 -0.52480
   0.02063 -0.02362 -0.51902
   0.02226 -0.02417 -0.50540
   0.02397 -0.02472 -0.48955
   0.02579 -0.02528 -0.48155
   0.02770 -0.02584 -0.47048
   0.02973 -0.02641 -0.46207
   0.03189 -0.02700 -0.45374
   0.03419 -0.02759 -0.44677
   0.03663 -0.02820 -0.43547
   0.03924 -0.02882 -0.42838
   0.04203 -0.02945 -0.41707
   0.04502 -0.03011 -0.40992
   0.04822 -0.03078 -0.40364
   0.05165 -0.03148 -0.39986
   0.05533 -0.03220 -0.39498
   0.05925 -0.03293 -0.39149
   0.06344 -0.03368 -0.38632
   0.06789 -0.03445 -0.38387
   0.07262 -0.03522 -0.37869
   0.07761 -0.03600 -0.37688
   0.08288 -0.03679 -0.37318
   0.08842 -0.03758 -0.36958
   0.09419 -0.03836 -0.36623
   0.10019 -0.03914 -0.36391
   0.10638 -0.03991 -0.36277
   0.11276 -0.04065 -0.36155
   0.11929 -0.04138 -0.36054
   0.12594 -0.04208 -0.35895
   0.13272 -0.04276 -0.35766
   0.13959 -0.04340 -0.35601
   0.14656 -0.04401 -0.35270
   0.15362 -0.04460 -0.35077
   0.16075 -0.04515 -0.34665
   0.16794 -0.04567 -0.34420
   0.17519 -0.04616 -0.34064
   0.18248 -0.04663 -0.33845
   0.18981 -0.04706 -0.33608
   0.19717 -0.04747 -0.33451
   0.20456 -0.04785 -0.33015
   0.21197 -0.04820 -0.32912
   0.21942 -0.04852 -0.32483
   0.22690 -0.04882 -0.32208
   0.23441 -0.04909 -0.31719
   0.24195 -0.04934 -0.31492
   0.24951 -0.04956 -0.31273
   0.25708 -0.04977 -0.30932
   0.26468 -0.04995 -0.30788
   0.27229 -0.05011 -0.30349
   0.27991 -0.05024 -0.30192
   0.28756 -0.05036 -0.29837
   0.29522 -0.05046 -0.29631
   0.30289 -0.05054 -0.29433
   0.31057 -0.05060 -0.29210
   0.31825 -0.05064 -0.28980
   0.32595 -0.05066 -0.28810
   0.33364 -0.05066 -0.28649
   0.34135 -0.05065 -0.28457
   0.34906 -0.05061 -0.28278
   0.35677 -0.05056 -0.28087
   0.36448 -0.05048 -0.27914
   0.37219 -0.05039 -0.27753
   0.37990 -0.05028 -0.27541
   0.38761 -0.05015 -0.27403
   0.39532 -0.05001 -0.27262
   0.40302 -0.04984 -0.27120
   0.41072 -0.04966 -0.26907
   0.41842 -0.04945 -0.26840
   0.42610 -0.04923 -0.26698
   0.43378 -0.04899 -0.26620
   0.44144 -0.04873 -0.26403
   0.44910 -0.04845 -0.26341
   0.45674 -0.04815 -0.26184
   0.46437 -0.04783 -0.26107
   0.47199 -0.04749 -0.25933
   0.47960 -0.04713 -0.25743
   0.48720 -0.04674 -0.25608
   0.49478 -0.04634 -0.25433
   0.50235 -0.04590 -0.25190
   0.50991 -0.04545 -0.25063
   0.51745 -0.04497 -0.24797
   0.52498 -0.04447 -0.24551
   0.53250 -0.04395 -0.24336
   0.54000 -0.04340 -0.24075
   0.54749 -0.04282 -0.23788
   0.55497 -0.04222 -0.23471
   0.56243 -0.04159 -0.23103
   0.56987 -0.04093 -0.22766
   0.57730 -0.04025 -0.22394
   0.58471 -0.03954 -0.21977
   0.59210 -0.03881 -0.21555
   0.59948 -0.03804 -0.21109
   0.60683 -0.03724 -0.20646
   0.61417 -0.03642 -0.20020
   0.62149 -0.03556 -0.19544
   0.62879 -0.03468 -0.18815
   0.63608 -0.03376 -0.18243
   0.64335 -0.03281 -0.17427
   0.65061 -0.03183 -0.16714
   0.65786 -0.03081 -0.15855
   0.66510 -0.02976 -0.14962
   0.67232 -0.02867 -0.13981
   0.67954 -0.02755 -0.12968
   0.68676 -0.02640 -0.11910
   0.69397 -0.02520 -0.10786
   0.70117 -0.02398 -0.09507
   0.70838 -0.02271 -0.08233
   0.71559 -0.02141 -0.06879
   0.72281 -0.02007 -0.05441
   0.73004 -0.01870 -0.03963
   0.73728 -0.01729 -0.02349
   0.74453 -0.01584 -0.00589
   0.75180 -0.01436  0.01045
   0.75910 -0.01284  0.03048
   0.76642 -0.01128  0.04859
   0.77378 -0.00969  0.07041
   0.78118 -0.00807  0.08928
   0.78863 -0.00642  0.11278
   0.79611 -0.00475  0.13367
   0.80361 -0.00306  0.15810
   0.81108 -0.00138  0.18105
   0.81847  0.00029  0.20406
   0.82574  0.00191  0.22785
   0.83289  0.00348  0.24988
   0.83991  0.00499  0.27043
   0.84680  0.00644  0.29014
   0.85358  0.00782  0.30957
   0.86023  0.00913  0.32589
   0.86676  0.01036  0.34450
   0.87316  0.01151  0.35863
   0.87944  0.01258  0.37510
   0.88561  0.01356  0.38694
   0.89167  0.01445  0.39917
   0.89763  0.01526  0.40999
   0.90349  0.01599  0.41954
   0.90927  0.01663  0.42737
   0.91493  0.01718  0.43703
   0.92047  0.01765  0.44289
   0.92588  0.01803  0.45118
   0.93120  0.01832  0.45478
   0.93644  0.01853  0.45562
   0.94160  0.01868  0.45855
   0.94662  0.01876  0.46549
   0.95140  0.01879  0.48090
   0.95595  0.01872  0.49057
   0.96030  0.01853  0.49566
   0.96456  0.01820  0.48076
   0.96881  0.01775  0.45317
   0.97308  0.01723  0.42609
   0.97733  0.01672  0.41390
   0.98147  0.01621  0.42710
   0.98549  0.01562  0.43405
   0.98945  0.01488  0.38881
   0.99342  0.01406  0.32412
   0.99738  0.01325  0.29884
   1.00000  0.01271  0.25422
