GRUMMAN K-2 AIRFOIL                             
 Alfa =  -1.29080 Re =        0.000 Xflap,Yflap =     0.000000    0.000000
#    x        y        Cp  
   1.00000  0.01371  0.25421
   0.99740  0.01444  0.09923
   0.99329  0.01549  0.06148
   0.98889  0.01657  0.04615
   0.98423  0.01772  0.00581
   0.97929  0.01890 -0.02914
   0.97409  0.02011 -0.05511
   0.96867  0.02135 -0.08548
   0.96305  0.02259 -0.11200
   0.95727  0.02381 -0.13365
   0.95131  0.02502 -0.15456
   0.94520  0.02620 -0.16963
   0.93893  0.02735 -0.18269
   0.93253  0.02848 -0.19391
   0.92600  0.02957 -0.20109
   0.91932  0.03065 -0.20713
   0.91254  0.03170 -0.21408
   0.90568  0.03272 -0.22270
   0.89876  0.03372 -0.23013
   0.89181  0.03467 -0.23822
   0.88484  0.03559 -0.24418
   0.87782  0.03647 -0.24682
   0.87073  0.03731 -0.24794
   0.86355  0.03812 -0.24905
   0.85628  0.03891 -0.24782
   0.84891  0.03968 -0.24694
   0.84146  0.04044 -0.24690
   0.83396  0.04117 -0.24682
   0.82645  0.04190 -0.25254
   0.81896  0.04260 -0.25744
   0.81149  0.04327 -0.26101
   0.80402  0.04391 -0.26354
   0.79655  0.04452 -0.26596
   0.78909  0.04510 -0.26816
   0.78162  0.04565 -0.26887
   0.77414  0.04617 -0.26840
   0.76665  0.04666 -0.26878
   0.75914  0.04713 -0.26756
   0.75161  0.04756 -0.26573
   0.74405  0.04798 -0.26402
   0.73646  0.04837 -0.26108
   0.72884  0.04874 -0.25865
   0.72118  0.04909 -0.25577
   0.71350  0.04943 -0.25245
   0.70580  0.04974 -0.25065
   0.69806  0.05004 -0.24765
   0.69030  0.05033 -0.24557
   0.68252  0.05060 -0.24350
   0.67473  0.05086 -0.24169
   0.66693  0.05111 -0.23950
   0.65911  0.05135 -0.23825
   0.65129  0.05157 -0.23675
   0.64347  0.05178 -0.23471
   0.63563  0.05197 -0.23360
   0.62779  0.05216 -0.23208
   0.61994  0.05233 -0.23000
   0.61208  0.05249 -0.22950
   0.60421  0.05264 -0.22697
   0.59633  0.05278 -0.22613
   0.58846  0.05291 -0.22491
   0.58058  0.05303 -0.22427
   0.57270  0.05314 -0.22304
   0.56482  0.05324 -0.22213
   0.55693  0.05333 -0.22104
   0.54904  0.05340 -0.22038
   0.54115  0.05347 -0.21894
   0.53326  0.05353 -0.21859
   0.52537  0.05358 -0.21723
   0.51748  0.05361 -0.21631
   0.50958  0.05364 -0.21601
   0.50169  0.05366 -0.21439
   0.49380  0.05367 -0.21474
   0.48590  0.05367 -0.21306
   0.47801  0.05366 -0.21341
   0.47012  0.05363 -0.21238
   0.46224  0.05360 -0.21161
   0.45437  0.05356 -0.21098
   0.44650  0.05351 -0.21043
   0.43864  0.05345 -0.20932
   0.43079  0.05338 -0.20906
   0.42295  0.05330 -0.20874
   0.41514  0.05321 -0.20835
   0.40737  0.05312 -0.20896
   0.39966  0.05301 -0.20832
   0.39202  0.05289 -0.20951
   0.38445  0.05276 -0.20655
   0.37694  0.05262 -0.20390
   0.36954  0.05249 -0.20288
   0.36229  0.05236 -0.20997
   0.35524  0.05223 -0.22076
   0.34842  0.05207 -0.22993
   0.34179  0.05185 -0.22113
   0.33530  0.05159 -0.19420
   0.32892  0.05132 -0.16752
   0.32258  0.05111 -0.15379
   0.31625  0.05098 -0.17007
   0.30988  0.05089 -0.19930
   0.30343  0.05078 -0.22650
   0.29682  0.05061 -0.22875
   0.29002  0.05037 -0.21629
   0.28299  0.05009 -0.20444
   0.27579  0.04982 -0.20309
   0.26847  0.04954 -0.20708
   0.26108  0.04924 -0.20895
   0.25361  0.04892 -0.20776
   0.24607  0.04858 -0.20773
   0.23850  0.04823 -0.20864
   0.23092  0.04786 -0.20899
   0.22333  0.04747 -0.20970
   0.21574  0.04707 -0.21012
   0.20817  0.04664 -0.21182
   0.20063  0.04620 -0.21220
   0.19311  0.04574 -0.21288
   0.18563  0.04526 -0.21589
   0.17820  0.04475 -0.21549
   0.17081  0.04423 -0.21662
   0.16349  0.04368 -0.21886
   0.15624  0.04311 -0.21876
   0.14907  0.04251 -0.22102
   0.14200  0.04189 -0.22149
   0.13503  0.04125 -0.22231
   0.12818  0.04059 -0.22288
   0.12147  0.03990 -0.22295
   0.11493  0.03919 -0.22277
   0.10856  0.03847 -0.22261
   0.10240  0.03773 -0.22195
   0.09647  0.03699 -0.22268
   0.09078  0.03624 -0.22414
   0.08537  0.03550 -0.22255
   0.08024  0.03476 -0.22749
   0.07540  0.03403 -0.22895
   0.07085  0.03331 -0.23239
   0.06658  0.03261 -0.24463
   0.06257  0.03190 -0.24505
   0.05879  0.03120 -0.25574
   0.05523  0.03050 -0.25952
   0.05189  0.02978 -0.25727
   0.04873  0.02906 -0.25078
   0.04574  0.02833 -0.23957
   0.04291  0.02760 -0.22994
   0.04024  0.02687 -0.21478
   0.03771  0.02615 -0.20241
   0.03531  0.02543 -0.19409
   0.03305  0.02471 -0.16918
   0.03089  0.02399 -0.13902
   0.02884  0.02329 -0.11521
   0.02688  0.02260 -0.09934
   0.02502  0.02195 -0.09697
   0.02326  0.02131 -0.09467
   0.02159  0.02067 -0.09285
   0.02000  0.02005 -0.08635
   0.01849  0.01942 -0.07516
   0.01706  0.01880 -0.05672
   0.01569  0.01817 -0.03000
   0.01439  0.01754 -0.00743
   0.01314  0.01692  0.01616
   0.01194  0.01630  0.03691
   0.01080  0.01568  0.05647
   0.00971  0.01507  0.07504
   0.00867  0.01445  0.10028
   0.00767  0.01383  0.11790
   0.00672  0.01321  0.14227
   0.00581  0.01258  0.16259
   0.00495  0.01194  0.19325
   0.00414  0.01128  0.21678
   0.00338  0.01061  0.24477
   0.00268  0.00990  0.27835
   0.00207  0.00914  0.38577
   0.00154  0.00835  0.47352
   0.00111  0.00752  0.58840
   0.00078  0.00665  0.71461
   0.00053  0.00577  0.81512
   0.00035  0.00489  0.88689
   0.00022  0.00400  0.93459
   0.00012  0.00312  0.96851
   0.00005  0.00224  0.98781
   0.00001  0.00137  0.99790
  -0.00000  0.00051  0.99965
   0.00001 -0.00034  0.99407
   0.00004 -0.00120  0.98111
   0.00010 -0.00206  0.96033
   0.00020 -0.00292  0.94390
   0.00027 -0.00380  0.89754
   0.00039 -0.00468  0.86364
   0.00054 -0.00556  0.81390
   0.00072 -0.00645  0.75360
   0.00092 -0.00735  0.68700
   0.00115 -0.00824  0.60892
   0.00142 -0.00914  0.50977
   0.00173 -0.01004  0.39997
   0.00207 -0.01094  0.27515
   0.00247 -0.01182  0.09899
   0.00292 -0.01269  0.01796
   0.00342 -0.01356 -0.33034
   0.00402 -0.01437 -0.39227
   0.00470 -0.01514 -0.50102
   0.00546 -0.01587 -0.53582
   0.00629 -0.01657 -0.56478
   0.00717 -0.01724 -0.57551
   0.00811 -0.01789 -0.59050
   0.00910 -0.01851 -0.58821
   0.01015 -0.01912 -0.58356
   0.01125 -0.01971 -0.58291
   0.01240 -0.02029 -0.57473
   0.01361 -0.02086 -0.56810
   0.01488 -0.02142 -0.55994
   0.01621 -0.02198 -0.54459
   0.01761 -0.02253 -0.53607
   0.01908 -0.02307 -0.51971
   0.02063 -0.02362 -0.51412
   0.02226 -0.02417 -0.50069
   0.02397 -0.02472 -0.48503
   0.02579 -0.02528 -0.47720
   0.02770 -0.02584 -0.46629
   0.02973 -0.02641 -0.45803
   0.03189 -0.02700 -0.44984
   0.03419 -0.02759 -0.44301
   0.03663 -0.02820 -0.43185
   0.03924 -0.02882 -0.42489
   0.04203 -0.02945 -0.41371
   0.04502 -0.03011 -0.40668
   0.04822 -0.03078 -0.40052
   0.05165 -0.03148 -0.39684
   0.05533 -0.03220 -0.39207
   0.05925 -0.03293 -0.38868
   0.06344 -0.03368 -0.38361
   0.06789 -0.03445 -0.38125
   0.07262 -0.03522 -0.37617
   0.07761 -0.03600 -0.37444
   0.08288 -0.03679 -0.37082
   0.08842 -0.03758 -0.36731
   0.09419 -0.03836 -0.36404
   0.10019 -0.03914 -0.36179
   0.10638 -0.03991 -0.36071
   0.11276 -0.04065 -0.35956
   0.11929 -0.04138 -0.35860
   0.12594 -0.04208 -0.35708
   0.13272 -0.04276 -0.35584
   0.13959 -0.04340 -0.35424
   0.14656 -0.04401 -0.35098
   0.15362 -0.04460 -0.34910
   0.16075 -0.04515 -0.34503
   0.16794 -0.04567 -0.34262
   0.17519 -0.04616 -0.33910
   0.18248 -0.04663 -0.33695
   0.18981 -0.04706 -0.33462
   0.19717 -0.04747 -0.33309
   0.20456 -0.04785 -0.32877
   0.21197 -0.04820 -0.32776
   0.21942 -0.04852 -0.32351
   0.22690 -0.04882 -0.32079
   0.23441 -0.04909 -0.31593
   0.24195 -0.04934 -0.31368
   0.24951 -0.04956 -0.31152
   0.25708 -0.04977 -0.30814
   0.26468 -0.04995 -0.30673
   0.27229 -0.05011 -0.30236
   0.27991 -0.05024 -0.30081
   0.28756 -0.05036 -0.29729
   0.29522 -0.05046 -0.29525
   0.30289 -0.05054 -0.29328
   0.31057 -0.05060 -0.29108
   0.31825 -0.05064 -0.28880
   0.32595 -0.05066 -0.28712
   0.33364 -0.05066 -0.28553
   0.34135 -0.05065 -0.28363
   0.34906 -0.05061 -0.28185
   0.35677 -0.05056 -0.27996
   0.36448 -0.05048 -0.27825
   0.37219 -0.05039 -0.27665
   0.37990 -0.05028 -0.27455
   0.38761 -0.05015 -0.27318
   0.39532 -0.05001 -0.27179
   0.40302 -0.04984 -0.27038
   0.41072 -0.04966 -0.26826
   0.41842 -0.04945 -0.26761
   0.42610 -0.04923 -0.26620
   0.43378 -0.04899 -0.26543
   0.44144 -0.04873 -0.26327
   0.44910 -0.04845 -0.26267
   0.45674 -0.04815 -0.26111
   0.46437 -0.04783 -0.26036
   0.47199 -0.04749 -0.25863
   0.47960 -0.04713 -0.25674
   0.48720 -0.04674 -0.25540
   0.49478 -0.04634 -0.25366
   0.50235 -0.04590 -0.25124
   0.50991 -0.04545 -0.24999
   0.51745 -0.04497 -0.24734
   0.52498 -0.04447 -0.24488
   0.53250 -0.04395 -0.24275
   0.54000 -0.04340 -0.24015
   0.54749 -0.04282 -0.23729
   0.55497 -0.04222 -0.23413
   0.56243 -0.04159 -0.23046
   0.56987 -0.04093 -0.22710
   0.57730 -0.04025 -0.22339
   0.58471 -0.03954 -0.21923
   0.59210 -0.03881 -0.21502
   0.59948 -0.03804 -0.21058
   0.60683 -0.03724 -0.20596
   0.61417 -0.03642 -0.19970
   0.62149 -0.03556 -0.19496
   0.62879 -0.03468 -0.18768
   0.63608 -0.03376 -0.18197
   0.64335 -0.03281 -0.17381
   0.65061 -0.03183 -0.16670
   0.65786 -0.03081 -0.15812
   0.66510 -0.02976 -0.14920
   0.67232 -0.02867 -0.13941
   0.67954 -0.02755 -0.12928
   0.68676 -0.02640 -0.11871
   0.69397 -0.02520 -0.10749
   0.70117 -0.02398 -0.09471
   0.70838 -0.02271 -0.08197
   0.71559 -0.02141 -0.06845
   0.72281 -0.02007 -0.05407
   0.73004 -0.01870 -0.03931
   0.73728 -0.01729 -0.02318
   0.74453 -0.01584 -0.00560
   0.75180 -0.01436  0.01074
   0.75910 -0.01284  0.03075
   0.76642 -0.01128  0.04885
   0.77378 -0.00969  0.07066
   0.78118 -0.00807  0.08952
   0.78863 -0.00642  0.11301
   0.79611 -0.00475  0.13388
   0.80361 -0.00306  0.15831
   0.81108 -0.00138  0.18124
   0.81847  0.00029  0.20424
   0.82574  0.00191  0.22803
   0.83289  0.00348  0.25005
   0.83991  0.00499  0.27059
   0.84680  0.00644  0.29029
   0.85358  0.00782  0.30972
   0.86023  0.00913  0.32602
   0.86676  0.01036  0.34462
   0.87316  0.01151  0.35875
   0.87944  0.01258  0.37522
   0.88561  0.01356  0.38705
   0.89167  0.01445  0.39928
   0.89763  0.01526  0.41008
   0.90349  0.01599  0.41964
   0.90927  0.01663  0.42746
   0.91493  0.01718  0.43711
   0.92047  0.01765  0.44298
   0.92588  0.01803  0.45125
   0.93120  0.01832  0.45485
   0.93644  0.01853  0.45569
   0.94160  0.01868  0.45861
   0.94662  0.01876  0.46556
   0.95140  0.01879  0.48096
   0.95595  0.01872  0.49063
   0.96030  0.01853  0.49572
   0.96456  0.01820  0.48081
   0.96881  0.01775  0.45323
   0.97308  0.01723  0.42614
   0.97733  0.01672  0.41395
   0.98147  0.01621  0.42714
   0.98549  0.01562  0.43409
   0.98945  0.01488  0.38885
   0.99342  0.01406  0.32416
   0.99738  0.01325  0.29887
   1.00000  0.01271  0.25421
