GRUMMAN K-2 AIRFOIL                             
 Alfa =  -1.32640 Re =        0.000 Xflap,Yflap =     0.000000    0.000000
#    x        y        Cp  
   1.00000  0.01371  0.25423
   0.99740  0.01444  0.09928
   0.99329  0.01549  0.06155
   0.98889  0.01657  0.04626
   0.98423  0.01772  0.00595
   0.97929  0.01890 -0.02898
   0.97409  0.02011 -0.05492
   0.96867  0.02135 -0.08525
   0.96305  0.02259 -0.11176
   0.95727  0.02381 -0.13338
   0.95131  0.02502 -0.15426
   0.94520  0.02620 -0.16931
   0.93893  0.02735 -0.18234
   0.93253  0.02848 -0.19353
   0.92600  0.02957 -0.20069
   0.91932  0.03065 -0.20670
   0.91254  0.03170 -0.21364
   0.90568  0.03272 -0.22222
   0.89876  0.03372 -0.22965
   0.89181  0.03467 -0.23770
   0.88484  0.03559 -0.24364
   0.87782  0.03647 -0.24627
   0.87073  0.03731 -0.24737
   0.86355  0.03812 -0.24845
   0.85628  0.03891 -0.24721
   0.84891  0.03968 -0.24629
   0.84146  0.04044 -0.24625
   0.83396  0.04117 -0.24614
   0.82645  0.04190 -0.25185
   0.81896  0.04260 -0.25673
   0.81149  0.04327 -0.26027
   0.80402  0.04391 -0.26278
   0.79655  0.04452 -0.26517
   0.78909  0.04510 -0.26737
   0.78162  0.04565 -0.26804
   0.77414  0.04617 -0.26757
   0.76665  0.04666 -0.26791
   0.75914  0.04713 -0.26668
   0.75161  0.04756 -0.26485
   0.74405  0.04798 -0.26312
   0.73646  0.04837 -0.26015
   0.72884  0.04874 -0.25771
   0.72118  0.04909 -0.25482
   0.71350  0.04943 -0.25148
   0.70580  0.04974 -0.24966
   0.69806  0.05004 -0.24665
   0.69030  0.05033 -0.24454
   0.68252  0.05060 -0.24246
   0.67473  0.05086 -0.24063
   0.66693  0.05111 -0.23842
   0.65911  0.05135 -0.23717
   0.65129  0.05157 -0.23563
   0.64347  0.05178 -0.23358
   0.63563  0.05197 -0.23245
   0.62779  0.05216 -0.23091
   0.61994  0.05233 -0.22882
   0.61208  0.05249 -0.22830
   0.60421  0.05264 -0.22575
   0.59633  0.05278 -0.22489
   0.58846  0.05291 -0.22365
   0.58058  0.05303 -0.22299
   0.57270  0.05314 -0.22174
   0.56482  0.05324 -0.22082
   0.55693  0.05333 -0.21971
   0.54904  0.05340 -0.21902
   0.54115  0.05347 -0.21756
   0.53326  0.05353 -0.21719
   0.52537  0.05358 -0.21581
   0.51748  0.05361 -0.21486
   0.50958  0.05364 -0.21455
   0.50169  0.05366 -0.21290
   0.49380  0.05367 -0.21323
   0.48590  0.05367 -0.21153
   0.47801  0.05366 -0.21185
   0.47012  0.05363 -0.21080
   0.46224  0.05360 -0.21000
   0.45437  0.05356 -0.20935
   0.44650  0.05351 -0.20878
   0.43864  0.05345 -0.20764
   0.43079  0.05338 -0.20735
   0.42295  0.05330 -0.20701
   0.41514  0.05321 -0.20659
   0.40737  0.05312 -0.20717
   0.39966  0.05301 -0.20649
   0.39202  0.05289 -0.20767
   0.38445  0.05276 -0.20467
   0.37694  0.05262 -0.20200
   0.36954  0.05249 -0.20095
   0.36229  0.05236 -0.20800
   0.35524  0.05223 -0.21874
   0.34842  0.05207 -0.22787
   0.34179  0.05185 -0.21905
   0.33530  0.05159 -0.19214
   0.32892  0.05132 -0.16548
   0.32258  0.05111 -0.15174
   0.31625  0.05098 -0.16796
   0.30988  0.05089 -0.19711
   0.30343  0.05078 -0.22422
   0.29682  0.05061 -0.22644
   0.29002  0.05037 -0.21396
   0.28299  0.05009 -0.20209
   0.27579  0.04982 -0.20071
   0.26847  0.04954 -0.20464
   0.26108  0.04924 -0.20647
   0.25361  0.04892 -0.20522
   0.24607  0.04858 -0.20514
   0.23850  0.04823 -0.20600
   0.23092  0.04786 -0.20629
   0.22333  0.04747 -0.20694
   0.21574  0.04707 -0.20730
   0.20817  0.04664 -0.20893
   0.20063  0.04620 -0.20925
   0.19311  0.04574 -0.20986
   0.18563  0.04526 -0.21278
   0.17820  0.04475 -0.21231
   0.17081  0.04423 -0.21335
   0.16349  0.04368 -0.21550
   0.15624  0.04311 -0.21531
   0.14907  0.04251 -0.21746
   0.14200  0.04189 -0.21784
   0.13503  0.04125 -0.21854
   0.12818  0.04059 -0.21900
   0.12147  0.03990 -0.21896
   0.11493  0.03919 -0.21865
   0.10856  0.03847 -0.21836
   0.10240  0.03773 -0.21757
   0.09647  0.03699 -0.21815
   0.09078  0.03624 -0.21945
   0.08537  0.03550 -0.21770
   0.08024  0.03476 -0.22247
   0.07540  0.03403 -0.22375
   0.07085  0.03331 -0.22701
   0.06658  0.03261 -0.23901
   0.06257  0.03190 -0.23924
   0.05879  0.03120 -0.24968
   0.05523  0.03050 -0.25324
   0.05189  0.02978 -0.25079
   0.04873  0.02906 -0.24412
   0.04574  0.02833 -0.23274
   0.04291  0.02760 -0.22294
   0.04024  0.02687 -0.20763
   0.03771  0.02615 -0.19509
   0.03531  0.02543 -0.18658
   0.03305  0.02471 -0.16157
   0.03089  0.02399 -0.13135
   0.02884  0.02329 -0.10744
   0.02688  0.02260 -0.09140
   0.02502  0.02195 -0.08877
   0.02326  0.02131 -0.08619
   0.02159  0.02067 -0.08408
   0.02000  0.02005 -0.07730
   0.01849  0.01942 -0.06585
   0.01706  0.01880 -0.04722
   0.01569  0.01817 -0.02036
   0.01439  0.01754  0.00239
   0.01314  0.01692  0.02617
   0.01194  0.01630  0.04715
   0.01080  0.01568  0.06698
   0.00971  0.01507  0.08583
   0.00867  0.01445  0.11133
   0.00767  0.01383  0.12930
   0.00672  0.01321  0.15403
   0.00581  0.01258  0.17479
   0.00495  0.01194  0.20584
   0.00414  0.01128  0.22989
   0.00338  0.01061  0.25853
   0.00268  0.00990  0.29274
   0.00207  0.00914  0.39943
   0.00154  0.00835  0.48670
   0.00111  0.00752  0.60026
   0.00078  0.00665  0.72424
   0.00053  0.00577  0.82259
   0.00035  0.00489  0.89253
   0.00022  0.00400  0.93875
   0.00012  0.00312  0.97132
   0.00005  0.00224  0.98950
   0.00001  0.00137  0.99856
  -0.00000  0.00051  0.99930
   0.00001 -0.00034  0.99284
   0.00004 -0.00120  0.97896
   0.00010 -0.00206  0.95719
   0.00020 -0.00292  0.94048
   0.00027 -0.00380  0.89250
   0.00039 -0.00468  0.85805
   0.00054 -0.00556  0.80735
   0.00072 -0.00645  0.74603
   0.00092 -0.00735  0.67845
   0.00115 -0.00824  0.59933
   0.00142 -0.00914  0.49893
   0.00173 -0.01004  0.38784
   0.00207 -0.01094  0.26173
   0.00247 -0.01182  0.08366
   0.00292 -0.01269  0.00244
   0.00342 -0.01356 -0.34986
   0.00402 -0.01437 -0.41123
   0.00470 -0.01514 -0.52023
   0.00546 -0.01587 -0.55428
   0.00629 -0.01657 -0.58259
   0.00717 -0.01724 -0.59251
   0.00811 -0.01789 -0.60685
   0.00910 -0.01851 -0.60382
   0.01015 -0.01912 -0.59847
   0.01125 -0.01971 -0.59720
   0.01240 -0.02029 -0.58841
   0.01361 -0.02086 -0.58121
   0.01488 -0.02142 -0.57251
   0.01621 -0.02198 -0.55661
   0.01761 -0.02253 -0.54761
   0.01908 -0.02307 -0.53078
   0.02063 -0.02362 -0.52477
   0.02226 -0.02417 -0.51093
   0.02397 -0.02472 -0.49485
   0.02579 -0.02528 -0.48665
   0.02770 -0.02584 -0.47540
   0.02973 -0.02641 -0.46681
   0.03189 -0.02700 -0.45831
   0.03419 -0.02759 -0.45118
   0.03663 -0.02820 -0.43972
   0.03924 -0.02882 -0.43248
   0.04203 -0.02945 -0.42101
   0.04502 -0.03011 -0.41372
   0.04822 -0.03078 -0.40730
   0.05165 -0.03148 -0.40339
   0.05533 -0.03220 -0.39839
   0.05925 -0.03293 -0.39479
   0.06344 -0.03368 -0.38950
   0.06789 -0.03445 -0.38694
   0.07262 -0.03522 -0.38165
   0.07761 -0.03600 -0.37974
   0.08288 -0.03679 -0.37594
   0.08842 -0.03758 -0.37225
   0.09419 -0.03836 -0.36881
   0.10019 -0.03914 -0.36640
   0.10638 -0.03991 -0.36518
   0.11276 -0.04065 -0.36389
   0.11929 -0.04138 -0.36280
   0.12594 -0.04208 -0.36115
   0.13272 -0.04276 -0.35980
   0.13959 -0.04340 -0.35808
   0.14656 -0.04401 -0.35471
   0.15362 -0.04460 -0.35272
   0.16075 -0.04515 -0.34855
   0.16794 -0.04567 -0.34604
   0.17519 -0.04616 -0.34244
   0.18248 -0.04663 -0.34020
   0.18981 -0.04706 -0.33779
   0.19717 -0.04747 -0.33618
   0.20456 -0.04785 -0.33178
   0.21197 -0.04820 -0.33071
   0.21942 -0.04852 -0.32638
   0.22690 -0.04882 -0.32360
   0.23441 -0.04909 -0.31867
   0.24195 -0.04934 -0.31636
   0.24951 -0.04956 -0.31414
   0.25708 -0.04977 -0.31070
   0.26468 -0.04995 -0.30924
   0.27229 -0.05011 -0.30481
   0.27991 -0.05024 -0.30322
   0.28756 -0.05036 -0.29965
   0.29522 -0.05046 -0.29756
   0.30289 -0.05054 -0.29555
   0.31057 -0.05060 -0.29330
   0.31825 -0.05064 -0.29098
   0.32595 -0.05066 -0.28925
   0.33364 -0.05066 -0.28762
   0.34135 -0.05065 -0.28568
   0.34906 -0.05061 -0.28387
   0.35677 -0.05056 -0.28194
   0.36448 -0.05048 -0.28019
   0.37219 -0.05039 -0.27856
   0.37990 -0.05028 -0.27642
   0.38761 -0.05015 -0.27503
   0.39532 -0.05001 -0.27360
   0.40302 -0.04984 -0.27216
   0.41072 -0.04966 -0.27002
   0.41842 -0.04945 -0.26933
   0.42610 -0.04923 -0.26789
   0.43378 -0.04899 -0.26709
   0.44144 -0.04873 -0.26491
   0.44910 -0.04845 -0.26428
   0.45674 -0.04815 -0.26269
   0.46437 -0.04783 -0.26191
   0.47199 -0.04749 -0.26016
   0.47960 -0.04713 -0.25824
   0.48720 -0.04674 -0.25688
   0.49478 -0.04634 -0.25511
   0.50235 -0.04590 -0.25267
   0.50991 -0.04545 -0.25138
   0.51745 -0.04497 -0.24872
   0.52498 -0.04447 -0.24623
   0.53250 -0.04395 -0.24407
   0.54000 -0.04340 -0.24145
   0.54749 -0.04282 -0.23857
   0.55497 -0.04222 -0.23538
   0.56243 -0.04159 -0.23169
   0.56987 -0.04093 -0.22831
   0.57730 -0.04025 -0.22458
   0.58471 -0.03954 -0.22039
   0.59210 -0.03881 -0.21617
   0.59948 -0.03804 -0.21169
   0.60683 -0.03724 -0.20706
   0.61417 -0.03642 -0.20078
   0.62149 -0.03556 -0.19601
   0.62879 -0.03468 -0.18870
   0.63608 -0.03376 -0.18297
   0.64335 -0.03281 -0.17479
   0.65061 -0.03183 -0.16765
   0.65786 -0.03081 -0.15905
   0.66510 -0.02976 -0.15011
   0.67232 -0.02867 -0.14029
   0.67954 -0.02755 -0.13014
   0.68676 -0.02640 -0.11956
   0.69397 -0.02520 -0.10830
   0.70117 -0.02398 -0.09550
   0.70838 -0.02271 -0.08274
   0.71559 -0.02141 -0.06919
   0.72281 -0.02007 -0.05479
   0.73004 -0.01870 -0.04001
   0.73728 -0.01729 -0.02385
   0.74453 -0.01584 -0.00623
   0.75180 -0.01436  0.01012
   0.75910 -0.01284  0.03016
   0.76642 -0.01128  0.04829
   0.77378 -0.00969  0.07012
   0.78118 -0.00807  0.08900
   0.78863 -0.00642  0.11251
   0.79611 -0.00475  0.13341
   0.80361 -0.00306  0.15786
   0.81108 -0.00138  0.18082
   0.81847  0.00029  0.20384
   0.82574  0.00191  0.22765
   0.83289  0.00348  0.24969
   0.83991  0.00499  0.27025
   0.84680  0.00644  0.28997
   0.85358  0.00782  0.30941
   0.86023  0.00913  0.32573
   0.86676  0.01036  0.34435
   0.87316  0.01151  0.35848
   0.87944  0.01258  0.37497
   0.88561  0.01356  0.38681
   0.89167  0.01445  0.39905
   0.89763  0.01526  0.40987
   0.90349  0.01599  0.41943
   0.90927  0.01663  0.42726
   0.91493  0.01718  0.43693
   0.92047  0.01765  0.44279
   0.92588  0.01803  0.45109
   0.93120  0.01832  0.45469
   0.93644  0.01853  0.45554
   0.94160  0.01868  0.45847
   0.94662  0.01876  0.46541
   0.95140  0.01879  0.48083
   0.95595  0.01872  0.49050
   0.96030  0.01853  0.49560
   0.96456  0.01820  0.48070
   0.96881  0.01775  0.45311
   0.97308  0.01723  0.42603
   0.97733  0.01672  0.41384
   0.98147  0.01621  0.42705
   0.98549  0.01562  0.43401
   0.98945  0.01488  0.38876
   0.99342  0.01406  0.32407
   0.99738  0.01325  0.29880
   1.00000  0.01271  0.25423
