GRUMMAN K-2 AIRFOIL                             
 Alfa =  -1.27420 Re =        0.000 Xflap,Yflap =     0.000000    0.000000
#    x        y        Cp  
   1.00000  0.01371  0.25222
   0.99739  0.01444  0.09668
   0.99327  0.01550  0.06266
   0.98886  0.01658  0.04424
   0.98418  0.01773  0.00253
   0.97923  0.01891 -0.02701
   0.97401  0.02013 -0.05706
   0.96856  0.02137 -0.08495
   0.96293  0.02261 -0.11278
   0.95713  0.02384 -0.13586
   0.95115  0.02505 -0.15459
   0.94501  0.02623 -0.16981
   0.93873  0.02739 -0.18343
   0.93231  0.02852 -0.19443
   0.92575  0.02962 -0.20179
   0.91905  0.03069 -0.20750
   0.91224  0.03174 -0.21475
   0.90536  0.03277 -0.22341
   0.89842  0.03376 -0.23089
   0.89145  0.03472 -0.23871
   0.88446  0.03564 -0.24409
   0.87741  0.03652 -0.24816
   0.87030  0.03736 -0.24866
   0.86310  0.03817 -0.24863
   0.85580  0.03897 -0.24822
   0.84840  0.03974 -0.24742
   0.84093  0.04049 -0.24753
   0.83341  0.04123 -0.24798
   0.82588  0.04195 -0.25258
   0.81837  0.04265 -0.25854
   0.81087  0.04332 -0.26114
   0.80338  0.04396 -0.26441
   0.79590  0.04457 -0.26692
   0.78841  0.04515 -0.26795
   0.78092  0.04570 -0.26952
   0.77342  0.04622 -0.26921
   0.76591  0.04671 -0.26925
   0.75838  0.04717 -0.26806
   0.75082  0.04761 -0.26679
   0.74324  0.04802 -0.26292
   0.73562  0.04841 -0.26161
   0.72798  0.04878 -0.25828
   0.72030  0.04913 -0.25609
   0.71260  0.04946 -0.25328
   0.70486  0.04978 -0.25069
   0.69710  0.05008 -0.24796
   0.68932  0.05037 -0.24575
   0.68152  0.05064 -0.24343
   0.67370  0.05090 -0.24247
   0.66588  0.05114 -0.23969
   0.65804  0.05138 -0.23858
   0.65020  0.05160 -0.23679
   0.64235  0.05180 -0.23516
   0.63449  0.05200 -0.23429
   0.62662  0.05218 -0.23203
   0.61875  0.05235 -0.23088
   0.61086  0.05251 -0.22927
   0.60297  0.05266 -0.22746
   0.59508  0.05280 -0.22679
   0.58718  0.05293 -0.22590
   0.57928  0.05305 -0.22451
   0.57138  0.05316 -0.22339
   0.56347  0.05325 -0.22250
   0.55556  0.05334 -0.22194
   0.54765  0.05342 -0.22061
   0.53974  0.05348 -0.21950
   0.53183  0.05354 -0.21865
   0.52391  0.05358 -0.21834
   0.51600  0.05362 -0.21681
   0.50808  0.05365 -0.21661
   0.50017  0.05366 -0.21557
   0.49225  0.05367 -0.21447
   0.48434  0.05366 -0.21441
   0.47642  0.05365 -0.21352
   0.46852  0.05363 -0.21304
   0.46062  0.05360 -0.21195
   0.45272  0.05355 -0.21248
   0.44483  0.05350 -0.21077
   0.43695  0.05344 -0.21034
   0.42908  0.05336 -0.20948
   0.42122  0.05328 -0.20962
   0.41340  0.05319 -0.20885
   0.40562  0.05309 -0.20993
   0.39791  0.05299 -0.20964
   0.39026  0.05286 -0.20992
   0.38268  0.05273 -0.20747
   0.37518  0.05259 -0.20395
   0.36779  0.05245 -0.20493
   0.36056  0.05233 -0.21285
   0.35355  0.05219 -0.22453
   0.34675  0.05202 -0.23131
   0.34015  0.05179 -0.21641
   0.33367  0.05152 -0.18813
   0.32729  0.05126 -0.16278
   0.32094  0.05107 -0.15573
   0.31459  0.05095 -0.17877
   0.30818  0.05086 -0.20912
   0.30168  0.05074 -0.23074
   0.29501  0.05055 -0.22686
   0.28812  0.05029 -0.21343
   0.28102  0.05002 -0.20405
   0.27376  0.04974 -0.20596
   0.26640  0.04946 -0.20879
   0.25896  0.04915 -0.20971
   0.25145  0.04883 -0.20948
   0.24388  0.04848 -0.20917
   0.23629  0.04812 -0.20985
   0.22868  0.04775 -0.21050
   0.22107  0.04735 -0.21154
   0.21346  0.04694 -0.21193
   0.20588  0.04651 -0.21309
   0.19832  0.04606 -0.21386
   0.19079  0.04559 -0.21529
   0.18331  0.04510 -0.21732
   0.17587  0.04459 -0.21693
   0.16848  0.04405 -0.21978
   0.16116  0.04350 -0.22010
   0.15392  0.04292 -0.22101
   0.14676  0.04231 -0.22368
   0.13969  0.04168 -0.22267
   0.13274  0.04103 -0.22478
   0.12592  0.04036 -0.22445
   0.11925  0.03966 -0.22509
   0.11274  0.03895 -0.22462
   0.10643  0.03821 -0.22441
   0.10032  0.03747 -0.22500
   0.09446  0.03673 -0.22442
   0.08886  0.03598 -0.22640
   0.08353  0.03523 -0.22687
   0.07849  0.03450 -0.22972
   0.07373  0.03377 -0.23472
   0.06927  0.03305 -0.23620
   0.06509  0.03235 -0.24821
   0.06115  0.03165 -0.25272
   0.05745  0.03095 -0.25972
   0.05396  0.03023 -0.26352
   0.05068  0.02952 -0.25868
   0.04758  0.02879 -0.25029
   0.04465  0.02805 -0.23944
   0.04187  0.02732 -0.22748
   0.03925  0.02659 -0.21284
   0.03676  0.02587 -0.20367
   0.03441  0.02515 -0.18879
   0.03218  0.02442 -0.16130
   0.03006  0.02371 -0.13327
   0.02804  0.02301 -0.11016
   0.02612  0.02234 -0.10210
   0.02429  0.02168 -0.10050
   0.02256  0.02105 -0.09695
   0.02092  0.02042 -0.09524
   0.01936  0.01979 -0.08767
   0.01788  0.01916 -0.07243
   0.01648  0.01853 -0.05085
   0.01513  0.01790 -0.02500
   0.01385  0.01728 -0.00198
   0.01262  0.01665  0.02257
   0.01145  0.01603  0.03777
   0.01032  0.01542  0.05815
   0.00925  0.01480  0.08333
   0.00822  0.01418  0.09929
   0.00724  0.01356  0.12670
   0.00631  0.01293  0.14508
   0.00542  0.01229  0.16785
   0.00458  0.01164  0.19935
   0.00379  0.01098  0.22112
   0.00305  0.01029  0.25436
   0.00239  0.00956  0.29922
   0.00182  0.00878  0.43997
   0.00133  0.00797  0.50639
   0.00094  0.00712  0.64704
   0.00065  0.00624  0.76022
   0.00044  0.00536  0.84986
   0.00028  0.00447  0.90867
   0.00016  0.00358  0.95162
   0.00008  0.00270  0.97729
   0.00003  0.00182  0.99320
   0.00000  0.00095  0.99973
  -0.00000  0.00009  0.99804
   0.00003 -0.00076  0.98983
   0.00006 -0.00163  0.97188
   0.00015 -0.00249  0.95565
   0.00023 -0.00336  0.92342
   0.00032 -0.00424  0.88387
   0.00047 -0.00512  0.84252
   0.00063 -0.00601  0.78824
   0.00082 -0.00691  0.72535
   0.00104 -0.00781  0.65330
   0.00129 -0.00871  0.56236
   0.00157 -0.00961  0.46063
   0.00190 -0.01051  0.34430
   0.00227 -0.01140  0.19231
   0.00270 -0.01228  0.06393
   0.00318 -0.01315 -0.14441
   0.00373 -0.01400 -0.37441
   0.00438 -0.01479 -0.44739
   0.00511 -0.01554 -0.51570
   0.00590 -0.01626 -0.54277
   0.00676 -0.01694 -0.56274
   0.00768 -0.01760 -0.57491
   0.00865 -0.01823 -0.57961
   0.00967 -0.01885 -0.58570
   0.01075 -0.01945 -0.57085
   0.01188 -0.02004 -0.57590
   0.01307 -0.02061 -0.56308
   0.01432 -0.02118 -0.55706
   0.01563 -0.02174 -0.54841
   0.01700 -0.02229 -0.53105
   0.01845 -0.02284 -0.52181
   0.01996 -0.02339 -0.51183
   0.02156 -0.02394 -0.50014
   0.02324 -0.02449 -0.48704
   0.02502 -0.02504 -0.47627
   0.02690 -0.02561 -0.46748
   0.02888 -0.02618 -0.45665
   0.03099 -0.02676 -0.44817
   0.03324 -0.02735 -0.44165
   0.03563 -0.02795 -0.43212
   0.03818 -0.02857 -0.42389
   0.04090 -0.02920 -0.41478
   0.04382 -0.02985 -0.40614
   0.04694 -0.03052 -0.39878
   0.05029 -0.03121 -0.39621
   0.05388 -0.03192 -0.38987
   0.05772 -0.03265 -0.38723
   0.06181 -0.03340 -0.38272
   0.06618 -0.03416 -0.37883
   0.07081 -0.03493 -0.37564
   0.07572 -0.03571 -0.37220
   0.08090 -0.03650 -0.36915
   0.08636 -0.03729 -0.36654
   0.09206 -0.03808 -0.36309
   0.09799 -0.03886 -0.35980
   0.10414 -0.03963 -0.35947
   0.11047 -0.04039 -0.35731
   0.11696 -0.04113 -0.35691
   0.12360 -0.04184 -0.35589
   0.13035 -0.04253 -0.35461
   0.13721 -0.04318 -0.35274
   0.14417 -0.04381 -0.35042
   0.15121 -0.04440 -0.34741
   0.15834 -0.04497 -0.34475
   0.16553 -0.04550 -0.34192
   0.17278 -0.04600 -0.33890
   0.18008 -0.04648 -0.33581
   0.18742 -0.04692 -0.33431
   0.19479 -0.04734 -0.33153
   0.20219 -0.04773 -0.32946
   0.20962 -0.04809 -0.32569
   0.21707 -0.04842 -0.32386
   0.22456 -0.04873 -0.31993
   0.23208 -0.04901 -0.31642
   0.23964 -0.04926 -0.31277
   0.24721 -0.04950 -0.31082
   0.25481 -0.04971 -0.30816
   0.26241 -0.04990 -0.30550
   0.27004 -0.05006 -0.30255
   0.27768 -0.05021 -0.30022
   0.28534 -0.05033 -0.29702
   0.29302 -0.05043 -0.29475
   0.30071 -0.05052 -0.29249
   0.30841 -0.05058 -0.29054
   0.31611 -0.05063 -0.28889
   0.32382 -0.05066 -0.28672
   0.33154 -0.05066 -0.28434
   0.33927 -0.05065 -0.28337
   0.34699 -0.05062 -0.28080
   0.35472 -0.05057 -0.27949
   0.36246 -0.05051 -0.27785
   0.37019 -0.05042 -0.27634
   0.37793 -0.05031 -0.27391
   0.38566 -0.05019 -0.27307
   0.39339 -0.05004 -0.27113
   0.40111 -0.04988 -0.26960
   0.40883 -0.04970 -0.26792
   0.41655 -0.04951 -0.26705
   0.42426 -0.04929 -0.26562
   0.43196 -0.04905 -0.26464
   0.43965 -0.04880 -0.26312
   0.44733 -0.04852 -0.26207
   0.45499 -0.04823 -0.26090
   0.46265 -0.04791 -0.25919
   0.47029 -0.04757 -0.25829
   0.47793 -0.04721 -0.25644
   0.48555 -0.04683 -0.25482
   0.49315 -0.04642 -0.25318
   0.50075 -0.04600 -0.25162
   0.50833 -0.04555 -0.24904
   0.51589 -0.04507 -0.24744
   0.52345 -0.04458 -0.24462
   0.53099 -0.04405 -0.24270
   0.53851 -0.04351 -0.23961
   0.54603 -0.04293 -0.23715
   0.55353 -0.04234 -0.23449
   0.56101 -0.04171 -0.23033
   0.56848 -0.04106 -0.22741
   0.57593 -0.04038 -0.22338
   0.58337 -0.03967 -0.21947
   0.59078 -0.03894 -0.21546
   0.59818 -0.03818 -0.21055
   0.60556 -0.03738 -0.20596
   0.61292 -0.03656 -0.20075
   0.62026 -0.03571 -0.19481
   0.62759 -0.03483 -0.18890
   0.63490 -0.03391 -0.18133
   0.64220 -0.03296 -0.17533
   0.64948 -0.03198 -0.16718
   0.65674 -0.03097 -0.15917
   0.66400 -0.02992 -0.14991
   0.67125 -0.02883 -0.14040
   0.67849 -0.02772 -0.13072
   0.68572 -0.02656 -0.11950
   0.69295 -0.02537 -0.10874
   0.70018 -0.02415 -0.09573
   0.70741 -0.02288 -0.08344
   0.71464 -0.02159 -0.07009
   0.72188 -0.02025 -0.05515
   0.72912 -0.01888 -0.04112
   0.73638 -0.01747 -0.02420
   0.74365 -0.01602 -0.00853
   0.75094 -0.01453  0.01009
   0.75826 -0.01301  0.02803
   0.76560 -0.01146  0.04767
   0.77297 -0.00987  0.06729
   0.78039 -0.00825  0.08881
   0.78785 -0.00659  0.10993
   0.79535 -0.00492  0.13307
   0.80287 -0.00323  0.15591
   0.81037 -0.00154  0.17820
   0.81778  0.00013  0.20337
   0.82509  0.00176  0.22650
   0.83227  0.00334  0.24801
   0.83932  0.00486  0.26872
   0.84624  0.00632  0.28913
   0.85304  0.00771  0.30752
   0.85972  0.00903  0.32643
   0.86628  0.01027  0.34262
   0.87271  0.01143  0.35866
   0.87902  0.01251  0.37368
   0.88521  0.01350  0.38639
   0.89129  0.01440  0.39918
   0.89727  0.01522  0.40896
   0.90316  0.01595  0.41945
   0.90895  0.01659  0.42829
   0.91464  0.01715  0.43566
   0.92020  0.01763  0.44404
   0.92564  0.01802  0.44984
   0.93097  0.01831  0.45443
   0.93623  0.01853  0.45753
   0.94141  0.01867  0.45706
   0.94645  0.01876  0.46728
   0.95125  0.01879  0.47894
   0.95581  0.01873  0.49157
   0.96019  0.01854  0.49566
   0.96446  0.01821  0.48061
   0.96872  0.01776  0.45442
   0.97300  0.01724  0.42588
   0.97726  0.01672  0.41556
   0.98142  0.01621  0.42816
   0.98545  0.01563  0.43248
   0.98942  0.01489  0.38729
   0.99340  0.01406  0.32683
   0.99738  0.01325  0.29815
   1.00000  0.01271  0.25222
