GRUMMAN K-2 AIRFOIL                             
 Alfa =  -1.31270 Re =        0.000 Xflap,Yflap =     0.000000    0.000000
#    x        y        Cp  
   1.00000  0.01371  0.25423
   0.99740  0.01444  0.09926
   0.99329  0.01549  0.06152
   0.98889  0.01657  0.04622
   0.98423  0.01772  0.00590
   0.97929  0.01890 -0.02904
   0.97409  0.02011 -0.05499
   0.96867  0.02135 -0.08534
   0.96305  0.02259 -0.11185
   0.95727  0.02381 -0.13348
   0.95131  0.02502 -0.15437
   0.94520  0.02620 -0.16943
   0.93893  0.02735 -0.18248
   0.93253  0.02848 -0.19368
   0.92600  0.02957 -0.20084
   0.91932  0.03065 -0.20687
   0.91254  0.03170 -0.21381
   0.90568  0.03272 -0.22240
   0.89876  0.03372 -0.22984
   0.89181  0.03467 -0.23790
   0.88484  0.03559 -0.24385
   0.87782  0.03647 -0.24648
   0.87073  0.03731 -0.24759
   0.86355  0.03812 -0.24868
   0.85628  0.03891 -0.24745
   0.84891  0.03968 -0.24654
   0.84146  0.04044 -0.24650
   0.83396  0.04117 -0.24640
   0.82645  0.04190 -0.25212
   0.81896  0.04260 -0.25700
   0.81149  0.04327 -0.26056
   0.80402  0.04391 -0.26307
   0.79655  0.04452 -0.26548
   0.78909  0.04510 -0.26768
   0.78162  0.04565 -0.26836
   0.77414  0.04617 -0.26789
   0.76665  0.04666 -0.26824
   0.75914  0.04713 -0.26702
   0.75161  0.04756 -0.26519
   0.74405  0.04798 -0.26346
   0.73646  0.04837 -0.26051
   0.72884  0.04874 -0.25808
   0.72118  0.04909 -0.25518
   0.71350  0.04943 -0.25185
   0.70580  0.04974 -0.25004
   0.69806  0.05004 -0.24703
   0.69030  0.05033 -0.24493
   0.68252  0.05060 -0.24286
   0.67473  0.05086 -0.24104
   0.66693  0.05111 -0.23884
   0.65911  0.05135 -0.23758
   0.65129  0.05157 -0.23606
   0.64347  0.05178 -0.23401
   0.63563  0.05197 -0.23289
   0.62779  0.05216 -0.23136
   0.61994  0.05233 -0.22927
   0.61208  0.05249 -0.22876
   0.60421  0.05264 -0.22622
   0.59633  0.05278 -0.22537
   0.58846  0.05291 -0.22413
   0.58058  0.05303 -0.22349
   0.57270  0.05314 -0.22224
   0.56482  0.05324 -0.22133
   0.55693  0.05333 -0.22022
   0.54904  0.05340 -0.21954
   0.54115  0.05347 -0.21809
   0.53326  0.05353 -0.21773
   0.52537  0.05358 -0.21636
   0.51748  0.05361 -0.21542
   0.50958  0.05364 -0.21511
   0.50169  0.05366 -0.21348
   0.49380  0.05367 -0.21381
   0.48590  0.05367 -0.21212
   0.47801  0.05366 -0.21245
   0.47012  0.05363 -0.21140
   0.46224  0.05360 -0.21062
   0.45437  0.05356 -0.20998
   0.44650  0.05351 -0.20941
   0.43864  0.05345 -0.20828
   0.43079  0.05338 -0.20801
   0.42295  0.05330 -0.20767
   0.41514  0.05321 -0.20727
   0.40737  0.05312 -0.20786
   0.39966  0.05301 -0.20720
   0.39202  0.05289 -0.20838
   0.38445  0.05276 -0.20539
   0.37694  0.05262 -0.20273
   0.36954  0.05249 -0.20169
   0.36229  0.05236 -0.20876
   0.35524  0.05223 -0.21952
   0.34842  0.05207 -0.22866
   0.34179  0.05185 -0.21985
   0.33530  0.05159 -0.19293
   0.32892  0.05132 -0.16626
   0.32258  0.05111 -0.15253
   0.31625  0.05098 -0.16877
   0.30988  0.05089 -0.19796
   0.30343  0.05078 -0.22510
   0.29682  0.05061 -0.22733
   0.29002  0.05037 -0.21486
   0.28299  0.05009 -0.20300
   0.27579  0.04982 -0.20163
   0.26847  0.04954 -0.20558
   0.26108  0.04924 -0.20742
   0.25361  0.04892 -0.20620
   0.24607  0.04858 -0.20614
   0.23850  0.04823 -0.20702
   0.23092  0.04786 -0.20733
   0.22333  0.04747 -0.20800
   0.21574  0.04707 -0.20839
   0.20817  0.04664 -0.21004
   0.20063  0.04620 -0.21038
   0.19311  0.04574 -0.21102
   0.18563  0.04526 -0.21398
   0.17820  0.04475 -0.21353
   0.17081  0.04423 -0.21461
   0.16349  0.04368 -0.21679
   0.15624  0.04311 -0.21664
   0.14907  0.04251 -0.21883
   0.14200  0.04189 -0.21924
   0.13503  0.04125 -0.21999
   0.12818  0.04059 -0.22050
   0.12147  0.03990 -0.22049
   0.11493  0.03919 -0.22023
   0.10856  0.03847 -0.22000
   0.10240  0.03773 -0.21925
   0.09647  0.03699 -0.21989
   0.09078  0.03624 -0.22126
   0.08537  0.03550 -0.21956
   0.08024  0.03476 -0.22440
   0.07540  0.03403 -0.22575
   0.07085  0.03331 -0.22908
   0.06658  0.03261 -0.24117
   0.06257  0.03190 -0.24147
   0.05879  0.03120 -0.25201
   0.05523  0.03050 -0.25565
   0.05189  0.02978 -0.25328
   0.04873  0.02906 -0.24668
   0.04574  0.02833 -0.23537
   0.04291  0.02760 -0.22563
   0.04024  0.02687 -0.21038
   0.03771  0.02615 -0.19791
   0.03531  0.02543 -0.18947
   0.03305  0.02471 -0.16449
   0.03089  0.02399 -0.13430
   0.02884  0.02329 -0.11043
   0.02688  0.02260 -0.09445
   0.02502  0.02195 -0.09192
   0.02326  0.02131 -0.08945
   0.02159  0.02067 -0.08745
   0.02000  0.02005 -0.08078
   0.01849  0.01942 -0.06943
   0.01706  0.01880 -0.05087
   0.01569  0.01817 -0.02406
   0.01439  0.01754 -0.00138
   0.01314  0.01692  0.02232
   0.01194  0.01630  0.04322
   0.01080  0.01568  0.06294
   0.00971  0.01507  0.08169
   0.00867  0.01445  0.10708
   0.00767  0.01383  0.12492
   0.00672  0.01321  0.14951
   0.00581  0.01258  0.17011
   0.00495  0.01194  0.20101
   0.00414  0.01128  0.22486
   0.00338  0.01061  0.25325
   0.00268  0.00990  0.28722
   0.00207  0.00914  0.39420
   0.00154  0.00835  0.48164
   0.00111  0.00752  0.59571
   0.00078  0.00665  0.72056
   0.00053  0.00577  0.81974
   0.00035  0.00489  0.89037
   0.00022  0.00400  0.93717
   0.00012  0.00312  0.97025
   0.00005  0.00224  0.98887
   0.00001  0.00137  0.99832
  -0.00000  0.00051  0.99945
   0.00001 -0.00034  0.99333
   0.00004 -0.00120  0.97980
   0.00010 -0.00206  0.95841
   0.00020 -0.00292  0.94181
   0.00027 -0.00380  0.89445
   0.00039 -0.00468  0.86022
   0.00054 -0.00556  0.80988
   0.00072 -0.00645  0.74896
   0.00092 -0.00735  0.68176
   0.00115 -0.00824  0.60303
   0.00142 -0.00914  0.50312
   0.00173 -0.01004  0.39252
   0.00207 -0.01094  0.26691
   0.00247 -0.01182  0.08958
   0.00292 -0.01269  0.00842
   0.00342 -0.01356 -0.34233
   0.00402 -0.01437 -0.40392
   0.00470 -0.01514 -0.51283
   0.00546 -0.01587 -0.54716
   0.00629 -0.01657 -0.57572
   0.00717 -0.01724 -0.58596
   0.00811 -0.01789 -0.60055
   0.00910 -0.01851 -0.59780
   0.01015 -0.01912 -0.59272
   0.01125 -0.01971 -0.59169
   0.01240 -0.02029 -0.58314
   0.01361 -0.02086 -0.57616
   0.01488 -0.02142 -0.56767
   0.01621 -0.02198 -0.55198
   0.01761 -0.02253 -0.54316
   0.01908 -0.02307 -0.52651
   0.02063 -0.02362 -0.52067
   0.02226 -0.02417 -0.50698
   0.02397 -0.02472 -0.49107
   0.02579 -0.02528 -0.48301
   0.02770 -0.02584 -0.47189
   0.02973 -0.02641 -0.46343
   0.03189 -0.02700 -0.45505
   0.03419 -0.02759 -0.44803
   0.03663 -0.02820 -0.43669
   0.03924 -0.02882 -0.42956
   0.04203 -0.02945 -0.41820
   0.04502 -0.03011 -0.41101
   0.04822 -0.03078 -0.40469
   0.05165 -0.03148 -0.40087
   0.05533 -0.03220 -0.39596
   0.05925 -0.03293 -0.39243
   0.06344 -0.03368 -0.38723
   0.06789 -0.03445 -0.38475
   0.07262 -0.03522 -0.37954
   0.07761 -0.03600 -0.37770
   0.08288 -0.03679 -0.37397
   0.08842 -0.03758 -0.37034
   0.09419 -0.03836 -0.36697
   0.10019 -0.03914 -0.36462
   0.10638 -0.03991 -0.36346
   0.11276 -0.04065 -0.36222
   0.11929 -0.04138 -0.36118
   0.12594 -0.04208 -0.35958
   0.13272 -0.04276 -0.35828
   0.13959 -0.04340 -0.35660
   0.14656 -0.04401 -0.35327
   0.15362 -0.04460 -0.35133
   0.16075 -0.04515 -0.34720
   0.16794 -0.04567 -0.34472
   0.17519 -0.04616 -0.34115
   0.18248 -0.04663 -0.33895
   0.18981 -0.04706 -0.33657
   0.19717 -0.04747 -0.33499
   0.20456 -0.04785 -0.33062
   0.21197 -0.04820 -0.32958
   0.21942 -0.04852 -0.32527
   0.22690 -0.04882 -0.32252
   0.23441 -0.04909 -0.31761
   0.24195 -0.04934 -0.31533
   0.24951 -0.04956 -0.31313
   0.25708 -0.04977 -0.30972
   0.26468 -0.04995 -0.30827
   0.27229 -0.05011 -0.30387
   0.27991 -0.05024 -0.30229
   0.28756 -0.05036 -0.29874
   0.29522 -0.05046 -0.29667
   0.30289 -0.05054 -0.29468
   0.31057 -0.05060 -0.29245
   0.31825 -0.05064 -0.29014
   0.32595 -0.05066 -0.28843
   0.33364 -0.05066 -0.28682
   0.34135 -0.05065 -0.28489
   0.34906 -0.05061 -0.28309
   0.35677 -0.05056 -0.28118
   0.36448 -0.05048 -0.27944
   0.37219 -0.05039 -0.27783
   0.37990 -0.05028 -0.27570
   0.38761 -0.05015 -0.27432
   0.39532 -0.05001 -0.27290
   0.40302 -0.04984 -0.27147
   0.41072 -0.04966 -0.26934
   0.41842 -0.04945 -0.26867
   0.42610 -0.04923 -0.26724
   0.43378 -0.04899 -0.26645
   0.44144 -0.04873 -0.26428
   0.44910 -0.04845 -0.26366
   0.45674 -0.04815 -0.26208
   0.46437 -0.04783 -0.26131
   0.47199 -0.04749 -0.25957
   0.47960 -0.04713 -0.25766
   0.48720 -0.04674 -0.25631
   0.49478 -0.04634 -0.25455
   0.50235 -0.04590 -0.25212
   0.50991 -0.04545 -0.25084
   0.51745 -0.04497 -0.24818
   0.52498 -0.04447 -0.24571
   0.53250 -0.04395 -0.24356
   0.54000 -0.04340 -0.24095
   0.54749 -0.04282 -0.23807
   0.55497 -0.04222 -0.23490
   0.56243 -0.04159 -0.23122
   0.56987 -0.04093 -0.22785
   0.57730 -0.04025 -0.22412
   0.58471 -0.03954 -0.21995
   0.59210 -0.03881 -0.21573
   0.59948 -0.03804 -0.21126
   0.60683 -0.03724 -0.20663
   0.61417 -0.03642 -0.20036
   0.62149 -0.03556 -0.19561
   0.62879 -0.03468 -0.18831
   0.63608 -0.03376 -0.18259
   0.64335 -0.03281 -0.17442
   0.65061 -0.03183 -0.16728
   0.65786 -0.03081 -0.15869
   0.66510 -0.02976 -0.14976
   0.67232 -0.02867 -0.13995
   0.67954 -0.02755 -0.12981
   0.68676 -0.02640 -0.11923
   0.69397 -0.02520 -0.10799
   0.70117 -0.02398 -0.09519
   0.70838 -0.02271 -0.08244
   0.71559 -0.02141 -0.06890
   0.72281 -0.02007 -0.05452
   0.73004 -0.01870 -0.03974
   0.73728 -0.01729 -0.02359
   0.74453 -0.01584 -0.00599
   0.75180 -0.01436  0.01036
   0.75910 -0.01284  0.03039
   0.76642 -0.01128  0.04851
   0.77378 -0.00969  0.07033
   0.78118 -0.00807  0.08920
   0.78863 -0.00642  0.11270
   0.79611 -0.00475  0.13359
   0.80361 -0.00306  0.15803
   0.81108 -0.00138  0.18098
   0.81847  0.00029  0.20399
   0.82574  0.00191  0.22779
   0.83289  0.00348  0.24983
   0.83991  0.00499  0.27038
   0.84680  0.00644  0.29009
   0.85358  0.00782  0.30953
   0.86023  0.00913  0.32584
   0.86676  0.01036  0.34446
   0.87316  0.01151  0.35859
   0.87944  0.01258  0.37507
   0.88561  0.01356  0.38690
   0.89167  0.01445  0.39914
   0.89763  0.01526  0.40995
   0.90349  0.01599  0.41951
   0.90927  0.01663  0.42734
   0.91493  0.01718  0.43700
   0.92047  0.01765  0.44287
   0.92588  0.01803  0.45115
   0.93120  0.01832  0.45475
   0.93644  0.01853  0.45560
   0.94160  0.01868  0.45853
   0.94662  0.01876  0.46547
   0.95140  0.01879  0.48088
   0.95595  0.01872  0.49055
   0.96030  0.01853  0.49565
   0.96456  0.01820  0.48074
   0.96881  0.01775  0.45315
   0.97308  0.01723  0.42607
   0.97733  0.01672  0.41388
   0.98147  0.01621  0.42709
   0.98549  0.01562  0.43404
   0.98945  0.01488  0.38880
   0.99342  0.01406  0.32410
   0.99738  0.01325  0.29883
   1.00000  0.01271  0.25423
