GRUMMAN K-2 AIRFOIL                             
 Alfa =  -1.32730 Re =        0.000 Xflap,Yflap =     0.000000    0.000000
#    x        y        Cp  
   1.00000  0.01371  0.25218
   0.99739  0.01444  0.09676
   0.99327  0.01550  0.06277
   0.98886  0.01658  0.04441
   0.98418  0.01773  0.00275
   0.97923  0.01891 -0.02677
   0.97401  0.02013 -0.05679
   0.96856  0.02137 -0.08460
   0.96293  0.02261 -0.11242
   0.95713  0.02384 -0.13543
   0.95115  0.02505 -0.15414
   0.94501  0.02623 -0.16933
   0.93873  0.02739 -0.18290
   0.93231  0.02852 -0.19386
   0.92575  0.02962 -0.20120
   0.91905  0.03069 -0.20688
   0.91224  0.03174 -0.21408
   0.90536  0.03277 -0.22270
   0.89842  0.03376 -0.23015
   0.89145  0.03472 -0.23795
   0.88446  0.03564 -0.24328
   0.87741  0.03652 -0.24732
   0.87030  0.03736 -0.24780
   0.86310  0.03817 -0.24773
   0.85580  0.03897 -0.24730
   0.84840  0.03974 -0.24647
   0.84093  0.04049 -0.24656
   0.83341  0.04123 -0.24698
   0.82588  0.04195 -0.25154
   0.81837  0.04265 -0.25748
   0.81087  0.04332 -0.26003
   0.80338  0.04396 -0.26328
   0.79590  0.04457 -0.26576
   0.78841  0.04515 -0.26676
   0.78092  0.04570 -0.26829
   0.77342  0.04622 -0.26797
   0.76591  0.04671 -0.26797
   0.75838  0.04717 -0.26676
   0.75082  0.04761 -0.26547
   0.74324  0.04802 -0.26156
   0.73562  0.04841 -0.26023
   0.72798  0.04878 -0.25688
   0.72030  0.04913 -0.25467
   0.71260  0.04946 -0.25183
   0.70486  0.04978 -0.24921
   0.69710  0.05008 -0.24646
   0.68932  0.05037 -0.24422
   0.68152  0.05064 -0.24187
   0.67370  0.05090 -0.24090
   0.66588  0.05114 -0.23808
   0.65804  0.05138 -0.23695
   0.65020  0.05160 -0.23513
   0.64235  0.05180 -0.23347
   0.63449  0.05200 -0.23258
   0.62662  0.05218 -0.23029
   0.61875  0.05235 -0.22911
   0.61086  0.05251 -0.22748
   0.60297  0.05266 -0.22563
   0.59508  0.05280 -0.22494
   0.58718  0.05293 -0.22401
   0.57928  0.05305 -0.22260
   0.57138  0.05316 -0.22145
   0.56347  0.05325 -0.22053
   0.55556  0.05334 -0.21995
   0.54765  0.05342 -0.21857
   0.53974  0.05348 -0.21745
   0.53183  0.05354 -0.21655
   0.52391  0.05358 -0.21622
   0.51600  0.05362 -0.21465
   0.50808  0.05365 -0.21441
   0.50017  0.05366 -0.21335
   0.49225  0.05367 -0.21221
   0.48434  0.05366 -0.21212
   0.47642  0.05365 -0.21119
   0.46852  0.05363 -0.21067
   0.46062  0.05360 -0.20955
   0.45272  0.05355 -0.21004
   0.44483  0.05350 -0.20829
   0.43695  0.05344 -0.20783
   0.42908  0.05336 -0.20693
   0.42122  0.05328 -0.20702
   0.41340  0.05319 -0.20622
   0.40562  0.05309 -0.20725
   0.39791  0.05299 -0.20691
   0.39026  0.05286 -0.20716
   0.38268  0.05273 -0.20466
   0.37518  0.05259 -0.20110
   0.36779  0.05245 -0.20205
   0.36056  0.05233 -0.20989
   0.35355  0.05219 -0.22150
   0.34675  0.05202 -0.22822
   0.34015  0.05179 -0.21332
   0.33367  0.05152 -0.18505
   0.32729  0.05126 -0.15973
   0.32094  0.05107 -0.15266
   0.31459  0.05095 -0.17559
   0.30818  0.05086 -0.20581
   0.30168  0.05074 -0.22732
   0.29501  0.05055 -0.22340
   0.28812  0.05029 -0.20995
   0.28102  0.05002 -0.20054
   0.27376  0.04974 -0.20237
   0.26640  0.04946 -0.20514
   0.25896  0.04915 -0.20597
   0.25145  0.04883 -0.20568
   0.24388  0.04848 -0.20529
   0.23629  0.04812 -0.20589
   0.22868  0.04775 -0.20645
   0.22107  0.04735 -0.20740
   0.21346  0.04694 -0.20770
   0.20588  0.04651 -0.20876
   0.19832  0.04606 -0.20943
   0.19079  0.04559 -0.21074
   0.18331  0.04510 -0.21265
   0.17587  0.04459 -0.21215
   0.16848  0.04405 -0.21486
   0.16116  0.04350 -0.21505
   0.15392  0.04292 -0.21582
   0.14676  0.04231 -0.21833
   0.13969  0.04168 -0.21717
   0.13274  0.04103 -0.21911
   0.12592  0.04036 -0.21861
   0.11925  0.03966 -0.21907
   0.11274  0.03895 -0.21841
   0.10643  0.03821 -0.21800
   0.10032  0.03747 -0.21838
   0.09446  0.03673 -0.21758
   0.08886  0.03598 -0.21932
   0.08353  0.03523 -0.21955
   0.07849  0.03450 -0.22213
   0.07373  0.03377 -0.22685
   0.06927  0.03305 -0.22805
   0.06509  0.03235 -0.23971
   0.06115  0.03165 -0.24391
   0.05745  0.03095 -0.25056
   0.05396  0.03023 -0.25403
   0.05068  0.02952 -0.24890
   0.04758  0.02879 -0.24026
   0.04465  0.02805 -0.22915
   0.04187  0.02732 -0.21695
   0.03925  0.02659 -0.20208
   0.03676  0.02587 -0.19263
   0.03441  0.02515 -0.17751
   0.03218  0.02442 -0.14990
   0.03006  0.02371 -0.12176
   0.02804  0.02301 -0.09849
   0.02612  0.02234 -0.09011
   0.02429  0.02168 -0.08810
   0.02256  0.02105 -0.08413
   0.02092  0.02042 -0.08197
   0.01936  0.01979 -0.07399
   0.01788  0.01916 -0.05841
   0.01648  0.01853 -0.03657
   0.01513  0.01790 -0.01049
   0.01385  0.01728  0.01279
   0.01262  0.01665  0.03764
   0.01145  0.01603  0.05325
   0.01032  0.01542  0.07402
   0.00925  0.01480  0.09958
   0.00822  0.01418  0.11606
   0.00724  0.01356  0.14392
   0.00631  0.01293  0.16295
   0.00542  0.01229  0.18636
   0.00458  0.01164  0.21846
   0.00379  0.01098  0.24118
   0.00305  0.01029  0.27530
   0.00239  0.00956  0.32091
   0.00182  0.00878  0.45942
   0.00133  0.00797  0.52584
   0.00094  0.00712  0.66315
   0.00065  0.00624  0.77312
   0.00044  0.00536  0.85967
   0.00028  0.00447  0.91606
   0.00016  0.00358  0.95683
   0.00008  0.00270  0.98074
   0.00003  0.00182  0.99499
   0.00000  0.00095  0.99998
  -0.00000  0.00009  0.99688
   0.00003 -0.00076  0.98744
   0.00006 -0.00163  0.96780
   0.00015 -0.00249  0.95100
   0.00023 -0.00336  0.91708
   0.00032 -0.00424  0.87596
   0.00047 -0.00512  0.83354
   0.00063 -0.00601  0.77774
   0.00082 -0.00691  0.71338
   0.00104 -0.00781  0.63981
   0.00129 -0.00871  0.54711
   0.00157 -0.00961  0.44351
   0.00190 -0.01051  0.32531
   0.00227 -0.01140  0.17083
   0.00270 -0.01228  0.04097
   0.00318 -0.01315 -0.17046
   0.00373 -0.01400 -0.40346
   0.00438 -0.01479 -0.47592
   0.00511 -0.01554 -0.54376
   0.00590 -0.01626 -0.56974
   0.00676 -0.01694 -0.58861
   0.00768 -0.01760 -0.59968
   0.00865 -0.01823 -0.60336
   0.00967 -0.01885 -0.60841
   0.01075 -0.01945 -0.59250
   0.01188 -0.02004 -0.59671
   0.01307 -0.02061 -0.58298
   0.01432 -0.02118 -0.57614
   0.01563 -0.02174 -0.56670
   0.01700 -0.02229 -0.54854
   0.01845 -0.02284 -0.53861
   0.01996 -0.02339 -0.52797
   0.02156 -0.02394 -0.51565
   0.02324 -0.02449 -0.50193
   0.02502 -0.02504 -0.49058
   0.02690 -0.02561 -0.48127
   0.02888 -0.02618 -0.46994
   0.03099 -0.02676 -0.46097
   0.03324 -0.02735 -0.45400
   0.03563 -0.02795 -0.44402
   0.03818 -0.02857 -0.43536
   0.04090 -0.02920 -0.42583
   0.04382 -0.02985 -0.41677
   0.04694 -0.03052 -0.40904
   0.05029 -0.03121 -0.40612
   0.05388 -0.03192 -0.39943
   0.05772 -0.03265 -0.39646
   0.06181 -0.03340 -0.39163
   0.06618 -0.03416 -0.38742
   0.07081 -0.03493 -0.38393
   0.07572 -0.03571 -0.38020
   0.08090 -0.03650 -0.37687
   0.08636 -0.03729 -0.37400
   0.09206 -0.03808 -0.37029
   0.09799 -0.03886 -0.36676
   0.10414 -0.03963 -0.36621
   0.11047 -0.04039 -0.36384
   0.11696 -0.04113 -0.36323
   0.12360 -0.04184 -0.36203
   0.13035 -0.04253 -0.36056
   0.13721 -0.04318 -0.35852
   0.14417 -0.04381 -0.35603
   0.15121 -0.04440 -0.35287
   0.15834 -0.04497 -0.35005
   0.16553 -0.04550 -0.34708
   0.17278 -0.04600 -0.34392
   0.18008 -0.04648 -0.34070
   0.18742 -0.04692 -0.33908
   0.19479 -0.04734 -0.33617
   0.20219 -0.04773 -0.33399
   0.20962 -0.04809 -0.33012
   0.21707 -0.04842 -0.32818
   0.22456 -0.04873 -0.32414
   0.23208 -0.04901 -0.32054
   0.23964 -0.04926 -0.31679
   0.24721 -0.04950 -0.31476
   0.25481 -0.04971 -0.31201
   0.26241 -0.04990 -0.30928
   0.27004 -0.05006 -0.30624
   0.27768 -0.05021 -0.30383
   0.28534 -0.05033 -0.30056
   0.29302 -0.05043 -0.29822
   0.30071 -0.05052 -0.29588
   0.30841 -0.05058 -0.29387
   0.31611 -0.05063 -0.29215
   0.32382 -0.05066 -0.28992
   0.33154 -0.05066 -0.28748
   0.33927 -0.05065 -0.28646
   0.34699 -0.05062 -0.28382
   0.35472 -0.05057 -0.28246
   0.36246 -0.05051 -0.28077
   0.37019 -0.05042 -0.27920
   0.37793 -0.05031 -0.27673
   0.38566 -0.05019 -0.27583
   0.39339 -0.05004 -0.27384
   0.40111 -0.04988 -0.27227
   0.40883 -0.04970 -0.27054
   0.41655 -0.04951 -0.26962
   0.42426 -0.04929 -0.26815
   0.43196 -0.04905 -0.26712
   0.43965 -0.04880 -0.26557
   0.44733 -0.04852 -0.26448
   0.45499 -0.04823 -0.26326
   0.46265 -0.04791 -0.26151
   0.47029 -0.04757 -0.26058
   0.47793 -0.04721 -0.25868
   0.48555 -0.04683 -0.25703
   0.49315 -0.04642 -0.25535
   0.50075 -0.04600 -0.25375
   0.50833 -0.04555 -0.25113
   0.51589 -0.04507 -0.24949
   0.52345 -0.04458 -0.24664
   0.53099 -0.04405 -0.24469
   0.53851 -0.04351 -0.24156
   0.54603 -0.04293 -0.23907
   0.55353 -0.04234 -0.23637
   0.56101 -0.04171 -0.23218
   0.56848 -0.04106 -0.22921
   0.57593 -0.04038 -0.22515
   0.58337 -0.03967 -0.22121
   0.59078 -0.03894 -0.21717
   0.59818 -0.03818 -0.21223
   0.60556 -0.03738 -0.20759
   0.61292 -0.03656 -0.20236
   0.62026 -0.03571 -0.19638
   0.62759 -0.03483 -0.19044
   0.63490 -0.03391 -0.18282
   0.64220 -0.03296 -0.17680
   0.64948 -0.03198 -0.16862
   0.65674 -0.03097 -0.16057
   0.66400 -0.02992 -0.15126
   0.67125 -0.02883 -0.14173
   0.67849 -0.02772 -0.13201
   0.68572 -0.02656 -0.12074
   0.69295 -0.02537 -0.10996
   0.70018 -0.02415 -0.09691
   0.70741 -0.02288 -0.08459
   0.71464 -0.02159 -0.07120
   0.72188 -0.02025 -0.05621
   0.72912 -0.01888 -0.04216
   0.73638 -0.01747 -0.02519
   0.74365 -0.01602 -0.00950
   0.75094 -0.01453  0.00916
   0.75826 -0.01301  0.02714
   0.76560 -0.01146  0.04682
   0.77297 -0.00987  0.06646
   0.78039 -0.00825  0.08804
   0.78785 -0.00659  0.10918
   0.79535 -0.00492  0.13237
   0.80287 -0.00323  0.15523
   0.81037 -0.00154  0.17757
   0.81778  0.00013  0.20277
   0.82509  0.00176  0.22594
   0.83227  0.00334  0.24747
   0.83932  0.00486  0.26822
   0.84624  0.00632  0.28864
   0.85304  0.00771  0.30707
   0.85972  0.00903  0.32600
   0.86628  0.01027  0.34220
   0.87271  0.01143  0.35828
   0.87902  0.01251  0.37331
   0.88521  0.01350  0.38604
   0.89129  0.01440  0.39884
   0.89727  0.01522  0.40864
   0.90316  0.01595  0.41914
   0.90895  0.01659  0.42800
   0.91464  0.01715  0.43538
   0.92020  0.01763  0.44378
   0.92564  0.01802  0.44958
   0.93097  0.01831  0.45419
   0.93623  0.01853  0.45732
   0.94141  0.01867  0.45682
   0.94645  0.01876  0.46708
   0.95125  0.01879  0.47876
   0.95581  0.01873  0.49138
   0.96019  0.01854  0.49549
   0.96446  0.01821  0.48045
   0.96872  0.01776  0.45425
   0.97300  0.01724  0.42570
   0.97726  0.01672  0.41541
   0.98142  0.01621  0.42801
   0.98545  0.01563  0.43238
   0.98942  0.01489  0.38717
   0.99340  0.01406  0.32672
   0.99738  0.01325  0.29806
   1.00000  0.01271  0.25218
