GRUMMAN K-2 AIRFOIL                             
 Alfa =  -1.32830 Re =        0.000 Xflap,Yflap =     0.000000    0.000000
#    x        y        Cp  
   1.00000  0.01371  0.25218
   0.99739  0.01444  0.09676
   0.99327  0.01550  0.06277
   0.98886  0.01658  0.04442
   0.98418  0.01773  0.00276
   0.97923  0.01891 -0.02676
   0.97401  0.02013 -0.05679
   0.96856  0.02137 -0.08460
   0.96293  0.02261 -0.11241
   0.95713  0.02384 -0.13543
   0.95115  0.02505 -0.15413
   0.94501  0.02623 -0.16932
   0.93873  0.02739 -0.18289
   0.93231  0.02852 -0.19385
   0.92575  0.02962 -0.20119
   0.91905  0.03069 -0.20687
   0.91224  0.03174 -0.21407
   0.90536  0.03277 -0.22269
   0.89842  0.03376 -0.23013
   0.89145  0.03472 -0.23794
   0.88446  0.03564 -0.24326
   0.87741  0.03652 -0.24731
   0.87030  0.03736 -0.24779
   0.86310  0.03817 -0.24771
   0.85580  0.03897 -0.24728
   0.84840  0.03974 -0.24645
   0.84093  0.04049 -0.24654
   0.83341  0.04123 -0.24696
   0.82588  0.04195 -0.25152
   0.81837  0.04265 -0.25746
   0.81087  0.04332 -0.26001
   0.80338  0.04396 -0.26326
   0.79590  0.04457 -0.26574
   0.78841  0.04515 -0.26674
   0.78092  0.04570 -0.26827
   0.77342  0.04622 -0.26794
   0.76591  0.04671 -0.26795
   0.75838  0.04717 -0.26674
   0.75082  0.04761 -0.26544
   0.74324  0.04802 -0.26154
   0.73562  0.04841 -0.26021
   0.72798  0.04878 -0.25685
   0.72030  0.04913 -0.25464
   0.71260  0.04946 -0.25180
   0.70486  0.04978 -0.24918
   0.69710  0.05008 -0.24643
   0.68932  0.05037 -0.24419
   0.68152  0.05064 -0.24184
   0.67370  0.05090 -0.24087
   0.66588  0.05114 -0.23805
   0.65804  0.05138 -0.23692
   0.65020  0.05160 -0.23510
   0.64235  0.05180 -0.23344
   0.63449  0.05200 -0.23254
   0.62662  0.05218 -0.23025
   0.61875  0.05235 -0.22908
   0.61086  0.05251 -0.22745
   0.60297  0.05266 -0.22559
   0.59508  0.05280 -0.22491
   0.58718  0.05293 -0.22398
   0.57928  0.05305 -0.22257
   0.57138  0.05316 -0.22141
   0.56347  0.05325 -0.22049
   0.55556  0.05334 -0.21991
   0.54765  0.05342 -0.21853
   0.53974  0.05348 -0.21741
   0.53183  0.05354 -0.21651
   0.52391  0.05358 -0.21618
   0.51600  0.05362 -0.21461
   0.50808  0.05365 -0.21437
   0.50017  0.05366 -0.21330
   0.49225  0.05367 -0.21217
   0.48434  0.05366 -0.21208
   0.47642  0.05365 -0.21114
   0.46852  0.05363 -0.21062
   0.46062  0.05360 -0.20951
   0.45272  0.05355 -0.20999
   0.44483  0.05350 -0.20824
   0.43695  0.05344 -0.20778
   0.42908  0.05336 -0.20688
   0.42122  0.05328 -0.20697
   0.41340  0.05319 -0.20617
   0.40562  0.05309 -0.20719
   0.39791  0.05299 -0.20686
   0.39026  0.05286 -0.20711
   0.38268  0.05273 -0.20461
   0.37518  0.05259 -0.20105
   0.36779  0.05245 -0.20199
   0.36056  0.05233 -0.20984
   0.35355  0.05219 -0.22145
   0.34675  0.05202 -0.22817
   0.34015  0.05179 -0.21326
   0.33367  0.05152 -0.18500
   0.32729  0.05126 -0.15968
   0.32094  0.05107 -0.15260
   0.31459  0.05095 -0.17553
   0.30818  0.05086 -0.20575
   0.30168  0.05074 -0.22725
   0.29501  0.05055 -0.22334
   0.28812  0.05029 -0.20988
   0.28102  0.05002 -0.20047
   0.27376  0.04974 -0.20231
   0.26640  0.04946 -0.20507
   0.25896  0.04915 -0.20590
   0.25145  0.04883 -0.20561
   0.24388  0.04848 -0.20522
   0.23629  0.04812 -0.20581
   0.22868  0.04775 -0.20637
   0.22107  0.04735 -0.20732
   0.21346  0.04694 -0.20762
   0.20588  0.04651 -0.20867
   0.19832  0.04606 -0.20934
   0.19079  0.04559 -0.21066
   0.18331  0.04510 -0.21256
   0.17587  0.04459 -0.21206
   0.16848  0.04405 -0.21477
   0.16116  0.04350 -0.21495
   0.15392  0.04292 -0.21572
   0.14676  0.04231 -0.21823
   0.13969  0.04168 -0.21707
   0.13274  0.04103 -0.21900
   0.12592  0.04036 -0.21850
   0.11925  0.03966 -0.21895
   0.11274  0.03895 -0.21829
   0.10643  0.03821 -0.21788
   0.10032  0.03747 -0.21825
   0.09446  0.03673 -0.21745
   0.08886  0.03598 -0.21918
   0.08353  0.03523 -0.21941
   0.07849  0.03450 -0.22199
   0.07373  0.03377 -0.22670
   0.06927  0.03305 -0.22790
   0.06509  0.03235 -0.23955
   0.06115  0.03165 -0.24375
   0.05745  0.03095 -0.25039
   0.05396  0.03023 -0.25385
   0.05068  0.02952 -0.24872
   0.04758  0.02879 -0.24007
   0.04465  0.02805 -0.22896
   0.04187  0.02732 -0.21675
   0.03925  0.02659 -0.20188
   0.03676  0.02587 -0.19243
   0.03441  0.02515 -0.17730
   0.03218  0.02442 -0.14969
   0.03006  0.02371 -0.12154
   0.02804  0.02301 -0.09827
   0.02612  0.02234 -0.08988
   0.02429  0.02168 -0.08787
   0.02256  0.02105 -0.08388
   0.02092  0.02042 -0.08172
   0.01936  0.01979 -0.07373
   0.01788  0.01916 -0.05814
   0.01648  0.01853 -0.03631
   0.01513  0.01790 -0.01022
   0.01385  0.01728  0.01306
   0.01262  0.01665  0.03792
   0.01145  0.01603  0.05354
   0.01032  0.01542  0.07432
   0.00925  0.01480  0.09989
   0.00822  0.01418  0.11638
   0.00724  0.01356  0.14425
   0.00631  0.01293  0.16328
   0.00542  0.01229  0.18670
   0.00458  0.01164  0.21882
   0.00379  0.01098  0.24155
   0.00305  0.01029  0.27569
   0.00239  0.00956  0.32131
   0.00182  0.00878  0.45978
   0.00133  0.00797  0.52620
   0.00094  0.00712  0.66345
   0.00065  0.00624  0.77336
   0.00044  0.00536  0.85985
   0.00028  0.00447  0.91620
   0.00016  0.00358  0.95692
   0.00008  0.00270  0.98080
   0.00003  0.00182  0.99503
   0.00000  0.00095  0.99998
  -0.00000  0.00009  0.99685
   0.00003 -0.00076  0.98740
   0.00006 -0.00163  0.96773
   0.00015 -0.00249  0.95091
   0.00023 -0.00336  0.91696
   0.00032 -0.00424  0.87581
   0.00047 -0.00512  0.83336
   0.00063 -0.00601  0.77754
   0.00082 -0.00691  0.71315
   0.00104 -0.00781  0.63955
   0.00129 -0.00871  0.54682
   0.00157 -0.00961  0.44319
   0.00190 -0.01051  0.32495
   0.00227 -0.01140  0.17042
   0.00270 -0.01228  0.04054
   0.00318 -0.01315 -0.17096
   0.00373 -0.01400 -0.40401
   0.00438 -0.01479 -0.47646
   0.00511 -0.01554 -0.54429
   0.00590 -0.01626 -0.57025
   0.00676 -0.01694 -0.58909
   0.00768 -0.01760 -0.60015
   0.00865 -0.01823 -0.60381
   0.00967 -0.01885 -0.60884
   0.01075 -0.01945 -0.59291
   0.01188 -0.02004 -0.59710
   0.01307 -0.02061 -0.58336
   0.01432 -0.02118 -0.57650
   0.01563 -0.02174 -0.56705
   0.01700 -0.02229 -0.54887
   0.01845 -0.02284 -0.53892
   0.01996 -0.02339 -0.52828
   0.02156 -0.02394 -0.51594
   0.02324 -0.02449 -0.50221
   0.02502 -0.02504 -0.49085
   0.02690 -0.02561 -0.48153
   0.02888 -0.02618 -0.47019
   0.03099 -0.02676 -0.46121
   0.03324 -0.02735 -0.45423
   0.03563 -0.02795 -0.44425
   0.03818 -0.02857 -0.43558
   0.04090 -0.02920 -0.42604
   0.04382 -0.02985 -0.41697
   0.04694 -0.03052 -0.40923
   0.05029 -0.03121 -0.40631
   0.05388 -0.03192 -0.39961
   0.05772 -0.03265 -0.39663
   0.06181 -0.03340 -0.39179
   0.06618 -0.03416 -0.38758
   0.07081 -0.03493 -0.38409
   0.07572 -0.03571 -0.38035
   0.08090 -0.03650 -0.37702
   0.08636 -0.03729 -0.37414
   0.09206 -0.03808 -0.37043
   0.09799 -0.03886 -0.36689
   0.10414 -0.03963 -0.36634
   0.11047 -0.04039 -0.36396
   0.11696 -0.04113 -0.36335
   0.12360 -0.04184 -0.36214
   0.13035 -0.04253 -0.36067
   0.13721 -0.04318 -0.35863
   0.14417 -0.04381 -0.35613
   0.15121 -0.04440 -0.35297
   0.15834 -0.04497 -0.35015
   0.16553 -0.04550 -0.34717
   0.17278 -0.04600 -0.34401
   0.18008 -0.04648 -0.34079
   0.18742 -0.04692 -0.33917
   0.19479 -0.04734 -0.33626
   0.20219 -0.04773 -0.33408
   0.20962 -0.04809 -0.33020
   0.21707 -0.04842 -0.32826
   0.22456 -0.04873 -0.32422
   0.23208 -0.04901 -0.32062
   0.23964 -0.04926 -0.31687
   0.24721 -0.04950 -0.31483
   0.25481 -0.04971 -0.31208
   0.26241 -0.04990 -0.30935
   0.27004 -0.05006 -0.30631
   0.27768 -0.05021 -0.30390
   0.28534 -0.05033 -0.30062
   0.29302 -0.05043 -0.29828
   0.30071 -0.05052 -0.29594
   0.30841 -0.05058 -0.29393
   0.31611 -0.05063 -0.29221
   0.32382 -0.05066 -0.28998
   0.33154 -0.05066 -0.28754
   0.33927 -0.05065 -0.28652
   0.34699 -0.05062 -0.28388
   0.35472 -0.05057 -0.28252
   0.36246 -0.05051 -0.28082
   0.37019 -0.05042 -0.27925
   0.37793 -0.05031 -0.27678
   0.38566 -0.05019 -0.27589
   0.39339 -0.05004 -0.27390
   0.40111 -0.04988 -0.27232
   0.40883 -0.04970 -0.27059
   0.41655 -0.04951 -0.26967
   0.42426 -0.04929 -0.26820
   0.43196 -0.04905 -0.26717
   0.43965 -0.04880 -0.26562
   0.44733 -0.04852 -0.26452
   0.45499 -0.04823 -0.26331
   0.46265 -0.04791 -0.26155
   0.47029 -0.04757 -0.26062
   0.47793 -0.04721 -0.25873
   0.48555 -0.04683 -0.25707
   0.49315 -0.04642 -0.25539
   0.50075 -0.04600 -0.25379
   0.50833 -0.04555 -0.25117
   0.51589 -0.04507 -0.24953
   0.52345 -0.04458 -0.24668
   0.53099 -0.04405 -0.24473
   0.53851 -0.04351 -0.24159
   0.54603 -0.04293 -0.23911
   0.55353 -0.04234 -0.23640
   0.56101 -0.04171 -0.23222
   0.56848 -0.04106 -0.22925
   0.57593 -0.04038 -0.22519
   0.58337 -0.03967 -0.22124
   0.59078 -0.03894 -0.21720
   0.59818 -0.03818 -0.21226
   0.60556 -0.03738 -0.20762
   0.61292 -0.03656 -0.20239
   0.62026 -0.03571 -0.19641
   0.62759 -0.03483 -0.19047
   0.63490 -0.03391 -0.18285
   0.64220 -0.03296 -0.17682
   0.64948 -0.03198 -0.16864
   0.65674 -0.03097 -0.16060
   0.66400 -0.02992 -0.15129
   0.67125 -0.02883 -0.14175
   0.67849 -0.02772 -0.13203
   0.68572 -0.02656 -0.12077
   0.69295 -0.02537 -0.10998
   0.70018 -0.02415 -0.09693
   0.70741 -0.02288 -0.08461
   0.71464 -0.02159 -0.07122
   0.72188 -0.02025 -0.05623
   0.72912 -0.01888 -0.04218
   0.73638 -0.01747 -0.02521
   0.74365 -0.01602 -0.00952
   0.75094 -0.01453  0.00914
   0.75826 -0.01301  0.02712
   0.76560 -0.01146  0.04680
   0.77297 -0.00987  0.06645
   0.78039 -0.00825  0.08803
   0.78785 -0.00659  0.10917
   0.79535 -0.00492  0.13235
   0.80287 -0.00323  0.15522
   0.81037 -0.00154  0.17755
   0.81778  0.00013  0.20276
   0.82509  0.00176  0.22593
   0.83227  0.00334  0.24746
   0.83932  0.00486  0.26821
   0.84624  0.00632  0.28863
   0.85304  0.00771  0.30706
   0.85972  0.00903  0.32600
   0.86628  0.01027  0.34220
   0.87271  0.01143  0.35828
   0.87902  0.01251  0.37330
   0.88521  0.01350  0.38603
   0.89129  0.01440  0.39884
   0.89727  0.01522  0.40864
   0.90316  0.01595  0.41914
   0.90895  0.01659  0.42800
   0.91464  0.01715  0.43538
   0.92020  0.01763  0.44377
   0.92564  0.01802  0.44957
   0.93097  0.01831  0.45419
   0.93623  0.01853  0.45731
   0.94141  0.01867  0.45681
   0.94645  0.01876  0.46707
   0.95125  0.01879  0.47875
   0.95581  0.01873  0.49138
   0.96019  0.01854  0.49549
   0.96446  0.01821  0.48045
   0.96872  0.01776  0.45424
   0.97300  0.01724  0.42570
   0.97726  0.01672  0.41541
   0.98142  0.01621  0.42801
   0.98545  0.01563  0.43238
   0.98942  0.01489  0.38717
   0.99340  0.01406  0.32672
   0.99738  0.01325  0.29806
   1.00000  0.01271  0.25218
