GRUMMAN K-2 AIRFOIL                             
 Alfa =  -1.27960 Re =        0.000 Xflap,Yflap =     0.000000    0.000000
#    x        y        Cp  
   1.00000  0.01371  0.25421
   0.99740  0.01444  0.09921
   0.99329  0.01549  0.06146
   0.98889  0.01657  0.04612
   0.98423  0.01772  0.00577
   0.97929  0.01890 -0.02919
   0.97409  0.02011 -0.05516
   0.96867  0.02135 -0.08555
   0.96305  0.02259 -0.11208
   0.95727  0.02381 -0.13373
   0.95131  0.02502 -0.15465
   0.94520  0.02620 -0.16974
   0.93893  0.02735 -0.18280
   0.93253  0.02848 -0.19403
   0.92600  0.02957 -0.20121
   0.91932  0.03065 -0.20727
   0.91254  0.03170 -0.21422
   0.90568  0.03272 -0.22285
   0.89876  0.03372 -0.23029
   0.89181  0.03467 -0.23838
   0.88484  0.03559 -0.24435
   0.87782  0.03647 -0.24700
   0.87073  0.03731 -0.24813
   0.86355  0.03812 -0.24924
   0.85628  0.03891 -0.24801
   0.84891  0.03968 -0.24714
   0.84146  0.04044 -0.24710
   0.83396  0.04117 -0.24703
   0.82645  0.04190 -0.25276
   0.81896  0.04260 -0.25767
   0.81149  0.04327 -0.26124
   0.80402  0.04391 -0.26377
   0.79655  0.04452 -0.26621
   0.78909  0.04510 -0.26841
   0.78162  0.04565 -0.26913
   0.77414  0.04617 -0.26867
   0.76665  0.04666 -0.26905
   0.75914  0.04713 -0.26783
   0.75161  0.04756 -0.26601
   0.74405  0.04798 -0.26430
   0.73646  0.04837 -0.26137
   0.72884  0.04874 -0.25895
   0.72118  0.04909 -0.25607
   0.71350  0.04943 -0.25276
   0.70580  0.04974 -0.25096
   0.69806  0.05004 -0.24796
   0.69030  0.05033 -0.24589
   0.68252  0.05060 -0.24382
   0.67473  0.05086 -0.24202
   0.66693  0.05111 -0.23983
   0.65911  0.05135 -0.23860
   0.65129  0.05157 -0.23710
   0.64347  0.05178 -0.23506
   0.63563  0.05197 -0.23396
   0.62779  0.05216 -0.23244
   0.61994  0.05233 -0.23038
   0.61208  0.05249 -0.22987
   0.60421  0.05264 -0.22735
   0.59633  0.05278 -0.22652
   0.58846  0.05291 -0.22530
   0.58058  0.05303 -0.22468
   0.57270  0.05314 -0.22345
   0.56482  0.05324 -0.22255
   0.55693  0.05333 -0.22146
   0.54904  0.05340 -0.22081
   0.54115  0.05347 -0.21938
   0.53326  0.05353 -0.21904
   0.52537  0.05358 -0.21768
   0.51748  0.05361 -0.21677
   0.50958  0.05364 -0.21648
   0.50169  0.05366 -0.21486
   0.49380  0.05367 -0.21522
   0.48590  0.05367 -0.21354
   0.47801  0.05366 -0.21390
   0.47012  0.05363 -0.21287
   0.46224  0.05360 -0.21212
   0.45437  0.05356 -0.21149
   0.44650  0.05351 -0.21095
   0.43864  0.05345 -0.20984
   0.43079  0.05338 -0.20960
   0.42295  0.05330 -0.20928
   0.41514  0.05321 -0.20890
   0.40737  0.05312 -0.20952
   0.39966  0.05301 -0.20889
   0.39202  0.05289 -0.21009
   0.38445  0.05276 -0.20714
   0.37694  0.05262 -0.20450
   0.36954  0.05249 -0.20348
   0.36229  0.05236 -0.21059
   0.35524  0.05223 -0.22140
   0.34842  0.05207 -0.23058
   0.34179  0.05185 -0.22178
   0.33530  0.05159 -0.19485
   0.32892  0.05132 -0.16816
   0.32258  0.05111 -0.15444
   0.31625  0.05098 -0.17073
   0.30988  0.05089 -0.19999
   0.30343  0.05078 -0.22722
   0.29682  0.05061 -0.22948
   0.29002  0.05037 -0.21703
   0.28299  0.05009 -0.20518
   0.27579  0.04982 -0.20385
   0.26847  0.04954 -0.20785
   0.26108  0.04924 -0.20974
   0.25361  0.04892 -0.20856
   0.24607  0.04858 -0.20854
   0.23850  0.04823 -0.20947
   0.23092  0.04786 -0.20984
   0.22333  0.04747 -0.21057
   0.21574  0.04707 -0.21101
   0.20817  0.04664 -0.21273
   0.20063  0.04620 -0.21313
   0.19311  0.04574 -0.21383
   0.18563  0.04526 -0.21687
   0.17820  0.04475 -0.21649
   0.17081  0.04423 -0.21765
   0.16349  0.04368 -0.21992
   0.15624  0.04311 -0.21985
   0.14907  0.04251 -0.22213
   0.14200  0.04189 -0.22264
   0.13503  0.04125 -0.22349
   0.12818  0.04059 -0.22410
   0.12147  0.03990 -0.22421
   0.11493  0.03919 -0.22407
   0.10856  0.03847 -0.22395
   0.10240  0.03773 -0.22334
   0.09647  0.03699 -0.22411
   0.09078  0.03624 -0.22562
   0.08537  0.03550 -0.22407
   0.08024  0.03476 -0.22908
   0.07540  0.03403 -0.23059
   0.07085  0.03331 -0.23409
   0.06658  0.03261 -0.24641
   0.06257  0.03190 -0.24688
   0.05879  0.03120 -0.25765
   0.05523  0.03050 -0.26150
   0.05189  0.02978 -0.25931
   0.04873  0.02906 -0.25288
   0.04574  0.02833 -0.24172
   0.04291  0.02760 -0.23214
   0.04024  0.02687 -0.21703
   0.03771  0.02615 -0.20471
   0.03531  0.02543 -0.19646
   0.03305  0.02471 -0.17157
   0.03089  0.02399 -0.14144
   0.02884  0.02329 -0.11766
   0.02688  0.02260 -0.10184
   0.02502  0.02195 -0.09955
   0.02326  0.02131 -0.09734
   0.02159  0.02067 -0.09562
   0.02000  0.02005 -0.08920
   0.01849  0.01942 -0.07809
   0.01706  0.01880 -0.05971
   0.01569  0.01817 -0.03305
   0.01439  0.01754 -0.01053
   0.01314  0.01692  0.01300
   0.01194  0.01630  0.03368
   0.01080  0.01568  0.05316
   0.00971  0.01507  0.07164
   0.00867  0.01445  0.09678
   0.00767  0.01383  0.11429
   0.00672  0.01321  0.13855
   0.00581  0.01258  0.15874
   0.00495  0.01194  0.18927
   0.00414  0.01128  0.21263
   0.00338  0.01061  0.24041
   0.00268  0.00990  0.27379
   0.00207  0.00914  0.38144
   0.00154  0.00835  0.46933
   0.00111  0.00752  0.58463
   0.00078  0.00665  0.71155
   0.00053  0.00577  0.81274
   0.00035  0.00489  0.88509
   0.00022  0.00400  0.93326
   0.00012  0.00312  0.96760
   0.00005  0.00224  0.98726
   0.00001  0.00137  0.99767
  -0.00000  0.00051  0.99974
   0.00001 -0.00034  0.99444
   0.00004 -0.00120  0.98176
   0.00010 -0.00206  0.96130
   0.00020 -0.00292  0.94495
   0.00027 -0.00380  0.89910
   0.00039 -0.00468  0.86538
   0.00054 -0.00556  0.81594
   0.00072 -0.00645  0.75596
   0.00092 -0.00735  0.68967
   0.00115 -0.00824  0.61192
   0.00142 -0.00914  0.51316
   0.00173 -0.01004  0.40376
   0.00207 -0.01094  0.27934
   0.00247 -0.01182  0.10379
   0.00292 -0.01269  0.02282
   0.00342 -0.01356 -0.32423
   0.00402 -0.01437 -0.38633
   0.00470 -0.01514 -0.49500
   0.00546 -0.01587 -0.53003
   0.00629 -0.01657 -0.55920
   0.00717 -0.01724 -0.57017
   0.00811 -0.01789 -0.58537
   0.00910 -0.01851 -0.58331
   0.01015 -0.01912 -0.57888
   0.01125 -0.01971 -0.57843
   0.01240 -0.02029 -0.57044
   0.01361 -0.02086 -0.56398
   0.01488 -0.02142 -0.55599
   0.01621 -0.02198 -0.54081
   0.01761 -0.02253 -0.53244
   0.01908 -0.02307 -0.51623
   0.02063 -0.02362 -0.51078
   0.02226 -0.02417 -0.49748
   0.02397 -0.02472 -0.48195
   0.02579 -0.02528 -0.47423
   0.02770 -0.02584 -0.46343
   0.02973 -0.02641 -0.45527
   0.03189 -0.02700 -0.44718
   0.03419 -0.02759 -0.44045
   0.03663 -0.02820 -0.42938
   0.03924 -0.02882 -0.42251
   0.04203 -0.02945 -0.41142
   0.04502 -0.03011 -0.40447
   0.04822 -0.03078 -0.39839
   0.05165 -0.03148 -0.39478
   0.05533 -0.03220 -0.39008
   0.05925 -0.03293 -0.38676
   0.06344 -0.03368 -0.38175
   0.06789 -0.03445 -0.37947
   0.07262 -0.03522 -0.37444
   0.07761 -0.03600 -0.37277
   0.08288 -0.03679 -0.36921
   0.08842 -0.03758 -0.36576
   0.09419 -0.03836 -0.36254
   0.10019 -0.03914 -0.36034
   0.10638 -0.03991 -0.35931
   0.11276 -0.04065 -0.35820
   0.11929 -0.04138 -0.35728
   0.12594 -0.04208 -0.35580
   0.13272 -0.04276 -0.35460
   0.13959 -0.04340 -0.35303
   0.14656 -0.04401 -0.34981
   0.15362 -0.04460 -0.34796
   0.16075 -0.04515 -0.34393
   0.16794 -0.04567 -0.34154
   0.17519 -0.04616 -0.33805
   0.18248 -0.04663 -0.33593
   0.18981 -0.04706 -0.33363
   0.19717 -0.04747 -0.33212
   0.20456 -0.04785 -0.32782
   0.21197 -0.04820 -0.32684
   0.21942 -0.04852 -0.32260
   0.22690 -0.04882 -0.31991
   0.23441 -0.04909 -0.31507
   0.24195 -0.04934 -0.31284
   0.24951 -0.04956 -0.31069
   0.25708 -0.04977 -0.30733
   0.26468 -0.04995 -0.30594
   0.27229 -0.05011 -0.30158
   0.27991 -0.05024 -0.30006
   0.28756 -0.05036 -0.29655
   0.29522 -0.05046 -0.29452
   0.30289 -0.05054 -0.29257
   0.31057 -0.05060 -0.29039
   0.31825 -0.05064 -0.28811
   0.32595 -0.05066 -0.28644
   0.33364 -0.05066 -0.28487
   0.34135 -0.05065 -0.28298
   0.34906 -0.05061 -0.28121
   0.35677 -0.05056 -0.27934
   0.36448 -0.05048 -0.27764
   0.37219 -0.05039 -0.27605
   0.37990 -0.05028 -0.27396
   0.38761 -0.05015 -0.27260
   0.39532 -0.05001 -0.27122
   0.40302 -0.04984 -0.26982
   0.41072 -0.04966 -0.26771
   0.41842 -0.04945 -0.26707
   0.42610 -0.04923 -0.26567
   0.43378 -0.04899 -0.26491
   0.44144 -0.04873 -0.26276
   0.44910 -0.04845 -0.26217
   0.45674 -0.04815 -0.26061
   0.46437 -0.04783 -0.25987
   0.47199 -0.04749 -0.25815
   0.47960 -0.04713 -0.25627
   0.48720 -0.04674 -0.25494
   0.49478 -0.04634 -0.25320
   0.50235 -0.04590 -0.25079
   0.50991 -0.04545 -0.24955
   0.51745 -0.04497 -0.24690
   0.52498 -0.04447 -0.24446
   0.53250 -0.04395 -0.24233
   0.54000 -0.04340 -0.23974
   0.54749 -0.04282 -0.23688
   0.55497 -0.04222 -0.23373
   0.56243 -0.04159 -0.23007
   0.56987 -0.04093 -0.22672
   0.57730 -0.04025 -0.22302
   0.58471 -0.03954 -0.21887
   0.59210 -0.03881 -0.21467
   0.59948 -0.03804 -0.21022
   0.60683 -0.03724 -0.20561
   0.61417 -0.03642 -0.19937
   0.62149 -0.03556 -0.19463
   0.62879 -0.03468 -0.18736
   0.63608 -0.03376 -0.18166
   0.64335 -0.03281 -0.17351
   0.65061 -0.03183 -0.16640
   0.65786 -0.03081 -0.15783
   0.66510 -0.02976 -0.14891
   0.67232 -0.02867 -0.13913
   0.67954 -0.02755 -0.12901
   0.68676 -0.02640 -0.11845
   0.69397 -0.02520 -0.10723
   0.70117 -0.02398 -0.09446
   0.70838 -0.02271 -0.08173
   0.71559 -0.02141 -0.06822
   0.72281 -0.02007 -0.05385
   0.73004 -0.01870 -0.03909
   0.73728 -0.01729 -0.02297
   0.74453 -0.01584 -0.00539
   0.75180 -0.01436  0.01094
   0.75910 -0.01284  0.03094
   0.76642 -0.01128  0.04903
   0.77378 -0.00969  0.07083
   0.78118 -0.00807  0.08968
   0.78863 -0.00642  0.11317
   0.79611 -0.00475  0.13403
   0.80361 -0.00306  0.15845
   0.81108 -0.00138  0.18138
   0.81847  0.00029  0.20437
   0.82574  0.00191  0.22814
   0.83289  0.00348  0.25016
   0.83991  0.00499  0.27069
   0.84680  0.00644  0.29039
   0.85358  0.00782  0.30981
   0.86023  0.00913  0.32611
   0.86676  0.01036  0.34471
   0.87316  0.01151  0.35884
   0.87944  0.01258  0.37529
   0.88561  0.01356  0.38712
   0.89167  0.01445  0.39935
   0.89763  0.01526  0.41015
   0.90349  0.01599  0.41970
   0.90927  0.01663  0.42752
   0.91493  0.01718  0.43717
   0.92047  0.01765  0.44304
   0.92588  0.01803  0.45130
   0.93120  0.01832  0.45490
   0.93644  0.01853  0.45574
   0.94160  0.01868  0.45866
   0.94662  0.01876  0.46561
   0.95140  0.01879  0.48100
   0.95595  0.01872  0.49067
   0.96030  0.01853  0.49576
   0.96456  0.01820  0.48084
   0.96881  0.01775  0.45326
   0.97308  0.01723  0.42618
   0.97733  0.01672  0.41399
   0.98147  0.01621  0.42717
   0.98549  0.01562  0.43412
   0.98945  0.01488  0.38888
   0.99342  0.01406  0.32418
   0.99738  0.01325  0.29889
   1.00000  0.01271  0.25421
