GRUMMAN K-2 AIRFOIL                             
 Alfa =  -1.17700 Re =        0.000 Xflap,Yflap =     0.000000    0.000000
#    x        y        Cp  
   1.00000  0.01371  0.25416
   0.99740  0.01444  0.09908
   0.99329  0.01549  0.06128
   0.98889  0.01657  0.04582
   0.98423  0.01772  0.00536
   0.97929  0.01890 -0.02966
   0.97409  0.02011 -0.05569
   0.96867  0.02135 -0.08618
   0.96305  0.02259 -0.11278
   0.95727  0.02381 -0.13450
   0.95131  0.02502 -0.15552
   0.94520  0.02620 -0.17068
   0.93893  0.02735 -0.18382
   0.93253  0.02848 -0.19512
   0.92600  0.02957 -0.20234
   0.91932  0.03065 -0.20850
   0.91254  0.03170 -0.21549
   0.90568  0.03272 -0.22421
   0.89876  0.03372 -0.23168
   0.89181  0.03467 -0.23987
   0.88484  0.03559 -0.24590
   0.87782  0.03647 -0.24859
   0.87073  0.03731 -0.24979
   0.86355  0.03812 -0.25097
   0.85628  0.03891 -0.24976
   0.84891  0.03968 -0.24898
   0.84146  0.04044 -0.24897
   0.83396  0.04117 -0.24898
   0.82645  0.04190 -0.25474
   0.81896  0.04260 -0.25973
   0.81149  0.04327 -0.26337
   0.80402  0.04391 -0.26594
   0.79655  0.04452 -0.26846
   0.78909  0.04510 -0.27066
   0.78162  0.04565 -0.27150
   0.77414  0.04617 -0.27107
   0.76665  0.04666 -0.27153
   0.75914  0.04713 -0.27033
   0.75161  0.04756 -0.26857
   0.74405  0.04798 -0.26688
   0.73646  0.04837 -0.26403
   0.72884  0.04874 -0.26164
   0.72118  0.04909 -0.25882
   0.71350  0.04943 -0.25557
   0.70580  0.04974 -0.25381
   0.69806  0.05004 -0.25083
   0.69030  0.05033 -0.24885
   0.68252  0.05060 -0.24680
   0.67473  0.05086 -0.24508
   0.66693  0.05111 -0.24293
   0.65911  0.05135 -0.24173
   0.65129  0.05157 -0.24031
   0.64347  0.05178 -0.23831
   0.63563  0.05197 -0.23725
   0.62779  0.05216 -0.23580
   0.61994  0.05233 -0.23380
   0.61208  0.05249 -0.23332
   0.60421  0.05264 -0.23086
   0.59633  0.05278 -0.23010
   0.58846  0.05291 -0.22893
   0.58058  0.05303 -0.22837
   0.57270  0.05314 -0.22718
   0.56482  0.05324 -0.22634
   0.55693  0.05333 -0.22531
   0.54904  0.05340 -0.22472
   0.54115  0.05347 -0.22335
   0.53326  0.05353 -0.22307
   0.52537  0.05358 -0.22177
   0.51748  0.05361 -0.22093
   0.50958  0.05364 -0.22070
   0.50169  0.05366 -0.21915
   0.49380  0.05367 -0.21957
   0.48590  0.05367 -0.21796
   0.47801  0.05366 -0.21839
   0.47012  0.05363 -0.21743
   0.46224  0.05360 -0.21675
   0.45437  0.05356 -0.21619
   0.44650  0.05351 -0.21573
   0.43864  0.05345 -0.21468
   0.43079  0.05338 -0.21453
   0.42295  0.05330 -0.21428
   0.41514  0.05321 -0.21398
   0.40737  0.05312 -0.21468
   0.39966  0.05301 -0.21415
   0.39202  0.05289 -0.21542
   0.38445  0.05276 -0.21255
   0.37694  0.05262 -0.20997
   0.36954  0.05249 -0.20904
   0.36229  0.05236 -0.21627
   0.35524  0.05223 -0.22723
   0.34842  0.05207 -0.23652
   0.34179  0.05185 -0.22779
   0.33530  0.05159 -0.20080
   0.32892  0.05132 -0.17406
   0.32258  0.05111 -0.16036
   0.31625  0.05098 -0.17681
   0.30988  0.05089 -0.20632
   0.30343  0.05078 -0.23379
   0.29682  0.05061 -0.23616
   0.29002  0.05037 -0.22375
   0.28299  0.05009 -0.21195
   0.27579  0.04982 -0.21074
   0.26847  0.04954 -0.21489
   0.26108  0.04924 -0.21691
   0.25361  0.04892 -0.21588
   0.24607  0.04858 -0.21601
   0.23850  0.04823 -0.21709
   0.23092  0.04786 -0.21763
   0.22333  0.04747 -0.21853
   0.21574  0.04707 -0.21914
   0.20817  0.04664 -0.22106
   0.20063  0.04620 -0.22166
   0.19311  0.04574 -0.22257
   0.18563  0.04526 -0.22585
   0.17820  0.04475 -0.22568
   0.17081  0.04423 -0.22709
   0.16349  0.04368 -0.22962
   0.15624  0.04311 -0.22981
   0.14907  0.04251 -0.23240
   0.14200  0.04189 -0.23320
   0.13503  0.04125 -0.23436
   0.12818  0.04059 -0.23531
   0.12147  0.03990 -0.23576
   0.11493  0.03919 -0.23598
   0.10856  0.03847 -0.23625
   0.10240  0.03773 -0.23603
   0.09647  0.03699 -0.23723
   0.09078  0.03624 -0.23919
   0.08537  0.03550 -0.23809
   0.08024  0.03476 -0.24361
   0.07540  0.03403 -0.24565
   0.07085  0.03331 -0.24969
   0.06658  0.03261 -0.26270
   0.06257  0.03190 -0.26372
   0.05879  0.03120 -0.27520
   0.05523  0.03050 -0.27969
   0.05189  0.02978 -0.27809
   0.04873  0.02906 -0.27219
   0.04574  0.02833 -0.26150
   0.04291  0.02760 -0.25244
   0.04024  0.02687 -0.23776
   0.03771  0.02615 -0.22593
   0.03531  0.02543 -0.21826
   0.03305  0.02471 -0.19366
   0.03089  0.02399 -0.16372
   0.02884  0.02329 -0.14022
   0.02688  0.02260 -0.12488
   0.02502  0.02195 -0.12336
   0.02326  0.02131 -0.12198
   0.02159  0.02067 -0.12111
   0.02000  0.02005 -0.11551
   0.01849  0.01942 -0.10517
   0.01706  0.01880 -0.08737
   0.01569  0.01817 -0.06113
   0.01439  0.01754 -0.03912
   0.01314  0.01692 -0.01617
   0.01194  0.01630  0.00381
   0.01080  0.01568  0.02250
   0.00971  0.01507  0.04014
   0.00867  0.01445  0.06449
   0.00767  0.01383  0.08094
   0.00672  0.01321  0.10412
   0.00581  0.01258  0.12301
   0.00495  0.01194  0.15236
   0.00414  0.01128  0.17411
   0.00338  0.01061  0.19994
   0.00268  0.00990  0.23135
   0.00207  0.00914  0.34108
   0.00154  0.00835  0.43026
   0.00111  0.00752  0.54933
   0.00078  0.00665  0.68272
   0.00053  0.00577  0.79019
   0.00035  0.00489  0.86791
   0.00022  0.00400  0.92039
   0.00012  0.00312  0.95868
   0.00005  0.00224  0.98158
   0.00001  0.00137  0.99500
  -0.00000  0.00051  0.99996
   0.00001 -0.00034  0.99724
   0.00004 -0.00120  0.98721
   0.00010 -0.00206  0.96957
   0.00020 -0.00292  0.95414
   0.00027 -0.00380  0.91284
   0.00039 -0.00468  0.88076
   0.00054 -0.00556  0.83409
   0.00072 -0.00645  0.77702
   0.00092 -0.00735  0.71356
   0.00115 -0.00824  0.63883
   0.00142 -0.00914  0.54365
   0.00173 -0.01004  0.43793
   0.00207 -0.01094  0.31721
   0.00247 -0.01182  0.14713
   0.00292 -0.01269  0.06676
   0.00342 -0.01356 -0.26891
   0.00402 -0.01437 -0.33250
   0.00470 -0.01514 -0.44042
   0.00546 -0.01587 -0.47753
   0.00629 -0.01657 -0.50854
   0.00717 -0.01724 -0.52174
   0.00811 -0.01789 -0.53878
   0.00910 -0.01851 -0.53879
   0.01015 -0.01912 -0.53637
   0.01125 -0.01971 -0.53765
   0.01240 -0.02029 -0.53138
   0.01361 -0.02086 -0.52652
   0.01488 -0.02142 -0.52007
   0.01621 -0.02198 -0.50645
   0.01761 -0.02253 -0.49944
   0.01908 -0.02307 -0.48459
   0.02063 -0.02362 -0.48030
   0.02226 -0.02417 -0.46820
   0.02397 -0.02472 -0.45385
   0.02579 -0.02528 -0.44716
   0.02770 -0.02584 -0.43736
   0.02973 -0.02641 -0.43013
   0.03189 -0.02700 -0.42293
   0.03419 -0.02759 -0.41705
   0.03663 -0.02820 -0.40685
   0.03924 -0.02882 -0.40078
   0.04203 -0.02945 -0.39050
   0.04502 -0.03011 -0.38431
   0.04822 -0.03078 -0.37893
   0.05165 -0.03148 -0.37598
   0.05533 -0.03220 -0.37194
   0.05925 -0.03293 -0.36924
   0.06344 -0.03368 -0.36486
   0.06789 -0.03445 -0.36315
   0.07262 -0.03522 -0.35870
   0.07761 -0.03600 -0.35756
   0.08288 -0.03679 -0.35453
   0.08842 -0.03758 -0.35157
   0.09419 -0.03836 -0.34884
   0.10019 -0.03914 -0.34708
   0.10638 -0.03991 -0.34648
   0.11276 -0.04065 -0.34577
   0.11929 -0.04138 -0.34522
   0.12594 -0.04208 -0.34410
   0.13272 -0.04276 -0.34324
   0.13959 -0.04340 -0.34200
   0.14656 -0.04401 -0.33909
   0.15362 -0.04460 -0.33755
   0.16075 -0.04515 -0.33380
   0.16794 -0.04567 -0.33169
   0.17519 -0.04616 -0.32846
   0.18248 -0.04663 -0.32659
   0.18981 -0.04706 -0.32451
   0.19717 -0.04747 -0.32323
   0.20456 -0.04785 -0.31914
   0.21197 -0.04820 -0.31836
   0.21942 -0.04852 -0.31433
   0.22690 -0.04882 -0.31183
   0.23441 -0.04909 -0.30718
   0.24195 -0.04934 -0.30513
   0.24951 -0.04956 -0.30315
   0.25708 -0.04977 -0.29995
   0.26468 -0.04995 -0.29871
   0.27229 -0.05011 -0.29451
   0.27991 -0.05024 -0.29313
   0.28756 -0.05036 -0.28976
   0.29522 -0.05046 -0.28787
   0.30289 -0.05054 -0.28605
   0.31057 -0.05060 -0.28400
   0.31825 -0.05064 -0.28184
   0.32595 -0.05066 -0.28030
   0.33364 -0.05066 -0.27883
   0.34135 -0.05065 -0.27706
   0.34906 -0.05061 -0.27539
   0.35677 -0.05056 -0.27363
   0.36448 -0.05048 -0.27204
   0.37219 -0.05039 -0.27053
   0.37990 -0.05028 -0.26856
   0.38761 -0.05015 -0.26728
   0.39532 -0.05001 -0.26600
   0.40302 -0.04984 -0.26469
   0.41072 -0.04966 -0.26267
   0.41842 -0.04945 -0.26211
   0.42610 -0.04923 -0.26080
   0.43378 -0.04899 -0.26012
   0.44144 -0.04873 -0.25804
   0.44910 -0.04845 -0.25755
   0.45674 -0.04815 -0.25606
   0.46437 -0.04783 -0.25540
   0.47199 -0.04749 -0.25375
   0.47960 -0.04713 -0.25194
   0.48720 -0.04674 -0.25069
   0.49478 -0.04634 -0.24902
   0.50235 -0.04590 -0.24669
   0.50991 -0.04545 -0.24552
   0.51745 -0.04497 -0.24293
   0.52498 -0.04447 -0.24057
   0.53250 -0.04395 -0.23850
   0.54000 -0.04340 -0.23598
   0.54749 -0.04282 -0.23319
   0.55497 -0.04222 -0.23011
   0.56243 -0.04159 -0.22653
   0.56987 -0.04093 -0.22323
   0.57730 -0.04025 -0.21959
   0.58471 -0.03954 -0.21552
   0.59210 -0.03881 -0.21137
   0.59948 -0.03804 -0.20701
   0.60683 -0.03724 -0.20245
   0.61417 -0.03642 -0.19627
   0.62149 -0.03556 -0.19161
   0.62879 -0.03468 -0.18441
   0.63608 -0.03376 -0.17877
   0.64335 -0.03281 -0.17067
   0.65061 -0.03183 -0.16365
   0.65786 -0.03081 -0.15514
   0.66510 -0.02976 -0.14629
   0.67232 -0.02867 -0.13658
   0.67954 -0.02755 -0.12654
   0.68676 -0.02640 -0.11602
   0.69397 -0.02520 -0.10488
   0.70117 -0.02398 -0.09218
   0.70838 -0.02271 -0.07953
   0.71559 -0.02141 -0.06609
   0.72281 -0.02007 -0.05177
   0.73004 -0.01870 -0.03708
   0.73728 -0.01729 -0.02104
   0.74453 -0.01584 -0.00356
   0.75180 -0.01436  0.01273
   0.75910 -0.01284  0.03266
   0.76642 -0.01128  0.05066
   0.77378 -0.00969  0.07240
   0.78118 -0.00807  0.09119
   0.78863 -0.00642  0.11461
   0.79611 -0.00475  0.13539
   0.80361 -0.00306  0.15974
   0.81108 -0.00138  0.18259
   0.81847  0.00029  0.20554
   0.82574  0.00191  0.22924
   0.83289  0.00348  0.25120
   0.83991  0.00499  0.27167
   0.84680  0.00644  0.29132
   0.85358  0.00782  0.31070
   0.86023  0.00913  0.32695
   0.86676  0.01036  0.34549
   0.87316  0.01151  0.35962
   0.87944  0.01258  0.37600
   0.88561  0.01356  0.38780
   0.89167  0.01445  0.40000
   0.89763  0.01526  0.41075
   0.90349  0.01599  0.42030
   0.90927  0.01663  0.42808
   0.91493  0.01718  0.43768
   0.92047  0.01765  0.44357
   0.92588  0.01803  0.45178
   0.93120  0.01832  0.45537
   0.93644  0.01853  0.45618
   0.94160  0.01868  0.45908
   0.94662  0.01876  0.46604
   0.95140  0.01879  0.48137
   0.95595  0.01872  0.49103
   0.96030  0.01853  0.49610
   0.96456  0.01820  0.48116
   0.96881  0.01775  0.45361
   0.97308  0.01723  0.42650
   0.97733  0.01672  0.41431
   0.98147  0.01621  0.42745
   0.98549  0.01562  0.43436
   0.98945  0.01488  0.38913
   0.99342  0.01406  0.32443
   0.99738  0.01325  0.29909
   1.00000  0.01271  0.25416
