GRUMMAN K-2 AIRFOIL                             
 Alfa =  -1.29170 Re =        0.000 Xflap,Yflap =     0.000000    0.000000
#    x        y        Cp  
   1.00000  0.01371  0.25421
   0.99740  0.01444  0.09923
   0.99329  0.01549  0.06149
   0.98889  0.01657  0.04616
   0.98423  0.01772  0.00581
   0.97929  0.01890 -0.02914
   0.97409  0.02011 -0.05510
   0.96867  0.02135 -0.08547
   0.96305  0.02259 -0.11200
   0.95727  0.02381 -0.13364
   0.95131  0.02502 -0.15455
   0.94520  0.02620 -0.16963
   0.93893  0.02735 -0.18268
   0.93253  0.02848 -0.19390
   0.92600  0.02957 -0.20108
   0.91932  0.03065 -0.20712
   0.91254  0.03170 -0.21407
   0.90568  0.03272 -0.22268
   0.89876  0.03372 -0.23012
   0.89181  0.03467 -0.23821
   0.88484  0.03559 -0.24417
   0.87782  0.03647 -0.24681
   0.87073  0.03731 -0.24793
   0.86355  0.03812 -0.24904
   0.85628  0.03891 -0.24780
   0.84891  0.03968 -0.24692
   0.84146  0.04044 -0.24688
   0.83396  0.04117 -0.24680
   0.82645  0.04190 -0.25252
   0.81896  0.04260 -0.25743
   0.81149  0.04327 -0.26099
   0.80402  0.04391 -0.26352
   0.79655  0.04452 -0.26594
   0.78909  0.04510 -0.26814
   0.78162  0.04565 -0.26885
   0.77414  0.04617 -0.26838
   0.76665  0.04666 -0.26875
   0.75914  0.04713 -0.26753
   0.75161  0.04756 -0.26571
   0.74405  0.04798 -0.26399
   0.73646  0.04837 -0.26105
   0.72884  0.04874 -0.25863
   0.72118  0.04909 -0.25575
   0.71350  0.04943 -0.25243
   0.70580  0.04974 -0.25062
   0.69806  0.05004 -0.24762
   0.69030  0.05033 -0.24554
   0.68252  0.05060 -0.24347
   0.67473  0.05086 -0.24166
   0.66693  0.05111 -0.23947
   0.65911  0.05135 -0.23823
   0.65129  0.05157 -0.23672
   0.64347  0.05178 -0.23468
   0.63563  0.05197 -0.23357
   0.62779  0.05216 -0.23205
   0.61994  0.05233 -0.22998
   0.61208  0.05249 -0.22947
   0.60421  0.05264 -0.22694
   0.59633  0.05278 -0.22610
   0.58846  0.05291 -0.22488
   0.58058  0.05303 -0.22424
   0.57270  0.05314 -0.22300
   0.56482  0.05324 -0.22210
   0.55693  0.05333 -0.22101
   0.54904  0.05340 -0.22034
   0.54115  0.05347 -0.21891
   0.53326  0.05353 -0.21856
   0.52537  0.05358 -0.21720
   0.51748  0.05361 -0.21627
   0.50958  0.05364 -0.21598
   0.50169  0.05366 -0.21435
   0.49380  0.05367 -0.21470
   0.48590  0.05367 -0.21302
   0.47801  0.05366 -0.21337
   0.47012  0.05363 -0.21234
   0.46224  0.05360 -0.21157
   0.45437  0.05356 -0.21094
   0.44650  0.05351 -0.21039
   0.43864  0.05345 -0.20927
   0.43079  0.05338 -0.20902
   0.42295  0.05330 -0.20869
   0.41514  0.05321 -0.20831
   0.40737  0.05312 -0.20892
   0.39966  0.05301 -0.20827
   0.39202  0.05289 -0.20947
   0.38445  0.05276 -0.20650
   0.37694  0.05262 -0.20385
   0.36954  0.05249 -0.20283
   0.36229  0.05236 -0.20992
   0.35524  0.05223 -0.22071
   0.34842  0.05207 -0.22988
   0.34179  0.05185 -0.22108
   0.33530  0.05159 -0.19415
   0.32892  0.05132 -0.16747
   0.32258  0.05111 -0.15374
   0.31625  0.05098 -0.17001
   0.30988  0.05089 -0.19925
   0.30343  0.05078 -0.22644
   0.29682  0.05061 -0.22869
   0.29002  0.05037 -0.21623
   0.28299  0.05009 -0.20438
   0.27579  0.04982 -0.20303
   0.26847  0.04954 -0.20702
   0.26108  0.04924 -0.20889
   0.25361  0.04892 -0.20769
   0.24607  0.04858 -0.20766
   0.23850  0.04823 -0.20858
   0.23092  0.04786 -0.20892
   0.22333  0.04747 -0.20963
   0.21574  0.04707 -0.21005
   0.20817  0.04664 -0.21174
   0.20063  0.04620 -0.21213
   0.19311  0.04574 -0.21281
   0.18563  0.04526 -0.21581
   0.17820  0.04475 -0.21541
   0.17081  0.04423 -0.21654
   0.16349  0.04368 -0.21877
   0.15624  0.04311 -0.21867
   0.14907  0.04251 -0.22093
   0.14200  0.04189 -0.22140
   0.13503  0.04125 -0.22221
   0.12818  0.04059 -0.22278
   0.12147  0.03990 -0.22285
   0.11493  0.03919 -0.22266
   0.10856  0.03847 -0.22250
   0.10240  0.03773 -0.22184
   0.09647  0.03699 -0.22257
   0.09078  0.03624 -0.22402
   0.08537  0.03550 -0.22242
   0.08024  0.03476 -0.22737
   0.07540  0.03403 -0.22882
   0.07085  0.03331 -0.23226
   0.06658  0.03261 -0.24449
   0.06257  0.03190 -0.24490
   0.05879  0.03120 -0.25558
   0.05523  0.03050 -0.25936
   0.05189  0.02978 -0.25711
   0.04873  0.02906 -0.25062
   0.04574  0.02833 -0.23939
   0.04291  0.02760 -0.22976
   0.04024  0.02687 -0.21460
   0.03771  0.02615 -0.20222
   0.03531  0.02543 -0.19390
   0.03305  0.02471 -0.16898
   0.03089  0.02399 -0.13883
   0.02884  0.02329 -0.11501
   0.02688  0.02260 -0.09913
   0.02502  0.02195 -0.09676
   0.02326  0.02131 -0.09445
   0.02159  0.02067 -0.09263
   0.02000  0.02005 -0.08612
   0.01849  0.01942 -0.07492
   0.01706  0.01880 -0.05648
   0.01569  0.01817 -0.02976
   0.01439  0.01754 -0.00718
   0.01314  0.01692  0.01641
   0.01194  0.01630  0.03717
   0.01080  0.01568  0.05674
   0.00971  0.01507  0.07532
   0.00867  0.01445  0.10056
   0.00767  0.01383  0.11818
   0.00672  0.01321  0.14257
   0.00581  0.01258  0.16290
   0.00495  0.01194  0.19357
   0.00414  0.01128  0.21711
   0.00338  0.01061  0.24512
   0.00268  0.00990  0.27871
   0.00207  0.00914  0.38612
   0.00154  0.00835  0.47385
   0.00111  0.00752  0.58870
   0.00078  0.00665  0.71486
   0.00053  0.00577  0.81531
   0.00035  0.00489  0.88703
   0.00022  0.00400  0.93470
   0.00012  0.00312  0.96858
   0.00005  0.00224  0.98786
   0.00001  0.00137  0.99792
  -0.00000  0.00051  0.99965
   0.00001 -0.00034  0.99404
   0.00004 -0.00120  0.98106
   0.00010 -0.00206  0.96025
   0.00020 -0.00292  0.94381
   0.00027 -0.00380  0.89741
   0.00039 -0.00468  0.86350
   0.00054 -0.00556  0.81374
   0.00072 -0.00645  0.75341
   0.00092 -0.00735  0.68679
   0.00115 -0.00824  0.60868
   0.00142 -0.00914  0.50950
   0.00173 -0.01004  0.39966
   0.00207 -0.01094  0.27481
   0.00247 -0.01182  0.09860
   0.00292 -0.01269  0.01757
   0.00342 -0.01356 -0.33084
   0.00402 -0.01437 -0.39274
   0.00470 -0.01514 -0.50151
   0.00546 -0.01587 -0.53628
   0.00629 -0.01657 -0.56523
   0.00717 -0.01724 -0.57593
   0.00811 -0.01789 -0.59091
   0.00910 -0.01851 -0.58860
   0.01015 -0.01912 -0.58393
   0.01125 -0.01971 -0.58327
   0.01240 -0.02029 -0.57507
   0.01361 -0.02086 -0.56843
   0.01488 -0.02142 -0.56025
   0.01621 -0.02198 -0.54489
   0.01761 -0.02253 -0.53636
   0.01908 -0.02307 -0.51999
   0.02063 -0.02362 -0.51439
   0.02226 -0.02417 -0.50095
   0.02397 -0.02472 -0.48528
   0.02579 -0.02528 -0.47743
   0.02770 -0.02584 -0.46652
   0.02973 -0.02641 -0.45825
   0.03189 -0.02700 -0.45005
   0.03419 -0.02759 -0.44322
   0.03663 -0.02820 -0.43205
   0.03924 -0.02882 -0.42509
   0.04203 -0.02945 -0.41389
   0.04502 -0.03011 -0.40686
   0.04822 -0.03078 -0.40069
   0.05165 -0.03148 -0.39701
   0.05533 -0.03220 -0.39223
   0.05925 -0.03293 -0.38883
   0.06344 -0.03368 -0.38375
   0.06789 -0.03445 -0.38140
   0.07262 -0.03522 -0.37631
   0.07761 -0.03600 -0.37457
   0.08288 -0.03679 -0.37095
   0.08842 -0.03758 -0.36743
   0.09419 -0.03836 -0.36416
   0.10019 -0.03914 -0.36190
   0.10638 -0.03991 -0.36083
   0.11276 -0.04065 -0.35967
   0.11929 -0.04138 -0.35871
   0.12594 -0.04208 -0.35718
   0.13272 -0.04276 -0.35594
   0.13959 -0.04340 -0.35434
   0.14656 -0.04401 -0.35107
   0.15362 -0.04460 -0.34919
   0.16075 -0.04515 -0.34512
   0.16794 -0.04567 -0.34270
   0.17519 -0.04616 -0.33919
   0.18248 -0.04663 -0.33703
   0.18981 -0.04706 -0.33470
   0.19717 -0.04747 -0.33317
   0.20456 -0.04785 -0.32884
   0.21197 -0.04820 -0.32784
   0.21942 -0.04852 -0.32358
   0.22690 -0.04882 -0.32086
   0.23441 -0.04909 -0.31600
   0.24195 -0.04934 -0.31375
   0.24951 -0.04956 -0.31159
   0.25708 -0.04977 -0.30820
   0.26468 -0.04995 -0.30679
   0.27229 -0.05011 -0.30242
   0.27991 -0.05024 -0.30087
   0.28756 -0.05036 -0.29735
   0.29522 -0.05046 -0.29530
   0.30289 -0.05054 -0.29334
   0.31057 -0.05060 -0.29114
   0.31825 -0.05064 -0.28886
   0.32595 -0.05066 -0.28717
   0.33364 -0.05066 -0.28558
   0.34135 -0.05065 -0.28368
   0.34906 -0.05061 -0.28190
   0.35677 -0.05056 -0.28001
   0.36448 -0.05048 -0.27830
   0.37219 -0.05039 -0.27670
   0.37990 -0.05028 -0.27460
   0.38761 -0.05015 -0.27323
   0.39532 -0.05001 -0.27183
   0.40302 -0.04984 -0.27042
   0.41072 -0.04966 -0.26831
   0.41842 -0.04945 -0.26765
   0.42610 -0.04923 -0.26624
   0.43378 -0.04899 -0.26547
   0.44144 -0.04873 -0.26331
   0.44910 -0.04845 -0.26271
   0.45674 -0.04815 -0.26115
   0.46437 -0.04783 -0.26040
   0.47199 -0.04749 -0.25867
   0.47960 -0.04713 -0.25678
   0.48720 -0.04674 -0.25544
   0.49478 -0.04634 -0.25369
   0.50235 -0.04590 -0.25128
   0.50991 -0.04545 -0.25002
   0.51745 -0.04497 -0.24737
   0.52498 -0.04447 -0.24492
   0.53250 -0.04395 -0.24278
   0.54000 -0.04340 -0.24018
   0.54749 -0.04282 -0.23732
   0.55497 -0.04222 -0.23416
   0.56243 -0.04159 -0.23049
   0.56987 -0.04093 -0.22713
   0.57730 -0.04025 -0.22342
   0.58471 -0.03954 -0.21926
   0.59210 -0.03881 -0.21505
   0.59948 -0.03804 -0.21060
   0.60683 -0.03724 -0.20599
   0.61417 -0.03642 -0.19973
   0.62149 -0.03556 -0.19499
   0.62879 -0.03468 -0.18771
   0.63608 -0.03376 -0.18200
   0.64335 -0.03281 -0.17384
   0.65061 -0.03183 -0.16672
   0.65786 -0.03081 -0.15814
   0.66510 -0.02976 -0.14922
   0.67232 -0.02867 -0.13943
   0.67954 -0.02755 -0.12930
   0.68676 -0.02640 -0.11874
   0.69397 -0.02520 -0.10751
   0.70117 -0.02398 -0.09473
   0.70838 -0.02271 -0.08199
   0.71559 -0.02141 -0.06847
   0.72281 -0.02007 -0.05409
   0.73004 -0.01870 -0.03933
   0.73728 -0.01729 -0.02320
   0.74453 -0.01584 -0.00561
   0.75180 -0.01436  0.01072
   0.75910 -0.01284  0.03074
   0.76642 -0.01128  0.04884
   0.77378 -0.00969  0.07065
   0.78118 -0.00807  0.08951
   0.78863 -0.00642  0.11300
   0.79611 -0.00475  0.13387
   0.80361 -0.00306  0.15830
   0.81108 -0.00138  0.18123
   0.81847  0.00029  0.20423
   0.82574  0.00191  0.22802
   0.83289  0.00348  0.25004
   0.83991  0.00499  0.27058
   0.84680  0.00644  0.29028
   0.85358  0.00782  0.30971
   0.86023  0.00913  0.32601
   0.86676  0.01036  0.34461
   0.87316  0.01151  0.35875
   0.87944  0.01258  0.37521
   0.88561  0.01356  0.38704
   0.89167  0.01445  0.39927
   0.89763  0.01526  0.41008
   0.90349  0.01599  0.41963
   0.90927  0.01663  0.42745
   0.91493  0.01718  0.43710
   0.92047  0.01765  0.44297
   0.92588  0.01803  0.45125
   0.93120  0.01832  0.45485
   0.93644  0.01853  0.45569
   0.94160  0.01868  0.45861
   0.94662  0.01876  0.46556
   0.95140  0.01879  0.48096
   0.95595  0.01872  0.49062
   0.96030  0.01853  0.49572
   0.96456  0.01820  0.48081
   0.96881  0.01775  0.45322
   0.97308  0.01723  0.42614
   0.97733  0.01672  0.41395
   0.98147  0.01621  0.42714
   0.98549  0.01562  0.43409
   0.98945  0.01488  0.38885
   0.99342  0.01406  0.32415
   0.99738  0.01325  0.29887
   1.00000  0.01271  0.25421
