GRUMMAN K-2 AIRFOIL                             
 Alfa =  -1.02400 Re =        0.000 Xflap,Yflap =     0.000000    0.000000
#    x        y        Cp  
   1.00000  0.01371  0.25409
   0.99740  0.01444  0.09890
   0.99329  0.01549  0.06103
   0.98889  0.01657  0.04538
   0.98423  0.01772  0.00475
   0.97929  0.01890 -0.03035
   0.97409  0.02011 -0.05647
   0.96867  0.02135 -0.08712
   0.96305  0.02259 -0.11382
   0.95727  0.02381 -0.13563
   0.95131  0.02502 -0.15680
   0.94520  0.02620 -0.17206
   0.93893  0.02735 -0.18532
   0.93253  0.02848 -0.19673
   0.92600  0.02957 -0.20401
   0.91932  0.03065 -0.21033
   0.91254  0.03170 -0.21736
   0.90568  0.03272 -0.22623
   0.89876  0.03372 -0.23375
   0.89181  0.03467 -0.24208
   0.88484  0.03559 -0.24820
   0.87782  0.03647 -0.25096
   0.87073  0.03731 -0.25225
   0.86355  0.03812 -0.25353
   0.85628  0.03891 -0.25235
   0.84891  0.03968 -0.25172
   0.84146  0.04044 -0.25175
   0.83396  0.04117 -0.25186
   0.82645  0.04190 -0.25769
   0.81896  0.04260 -0.26280
   0.81149  0.04327 -0.26653
   0.80402  0.04391 -0.26916
   0.79655  0.04452 -0.27181
   0.78909  0.04510 -0.27402
   0.78162  0.04565 -0.27502
   0.77414  0.04617 -0.27463
   0.76665  0.04666 -0.27521
   0.75914  0.04713 -0.27406
   0.75161  0.04756 -0.27238
   0.74405  0.04798 -0.27072
   0.73646  0.04837 -0.26799
   0.72884  0.04874 -0.26565
   0.72118  0.04909 -0.26291
   0.71350  0.04943 -0.25974
   0.70580  0.04974 -0.25805
   0.69806  0.05004 -0.25510
   0.69030  0.05033 -0.25326
   0.68252  0.05060 -0.25123
   0.67473  0.05086 -0.24963
   0.66693  0.05111 -0.24753
   0.65911  0.05135 -0.24639
   0.65129  0.05157 -0.24509
   0.64347  0.05178 -0.24315
   0.63563  0.05197 -0.24216
   0.62779  0.05216 -0.24079
   0.61994  0.05233 -0.23889
   0.61208  0.05249 -0.23846
   0.60421  0.05264 -0.23609
   0.59633  0.05278 -0.23542
   0.58846  0.05291 -0.23434
   0.58058  0.05303 -0.23386
   0.57270  0.05314 -0.23275
   0.56482  0.05324 -0.23198
   0.55693  0.05333 -0.23105
   0.54904  0.05340 -0.23056
   0.54115  0.05347 -0.22928
   0.53326  0.05353 -0.22909
   0.52537  0.05358 -0.22788
   0.51748  0.05361 -0.22715
   0.50958  0.05364 -0.22699
   0.50169  0.05366 -0.22554
   0.49380  0.05367 -0.22607
   0.48590  0.05367 -0.22454
   0.47801  0.05366 -0.22509
   0.47012  0.05363 -0.22422
   0.46224  0.05360 -0.22366
   0.45437  0.05356 -0.22321
   0.44650  0.05351 -0.22284
   0.43864  0.05345 -0.22190
   0.43079  0.05338 -0.22188
   0.42295  0.05330 -0.22173
   0.41514  0.05321 -0.22156
   0.40737  0.05312 -0.22238
   0.39966  0.05301 -0.22199
   0.39202  0.05289 -0.22337
   0.38445  0.05276 -0.22063
   0.37694  0.05262 -0.21815
   0.36954  0.05249 -0.21734
   0.36229  0.05236 -0.22475
   0.35524  0.05223 -0.23593
   0.34842  0.05207 -0.24539
   0.34179  0.05185 -0.23675
   0.33530  0.05159 -0.20969
   0.32892  0.05132 -0.18286
   0.32258  0.05111 -0.16920
   0.31625  0.05098 -0.18590
   0.30988  0.05089 -0.21577
   0.30343  0.05078 -0.24362
   0.29682  0.05061 -0.24614
   0.29002  0.05037 -0.23381
   0.28299  0.05009 -0.22207
   0.27579  0.04982 -0.22104
   0.26847  0.04954 -0.22542
   0.26108  0.04924 -0.22764
   0.25361  0.04892 -0.22682
   0.24607  0.04858 -0.22717
   0.23850  0.04823 -0.22849
   0.23092  0.04786 -0.22928
   0.22333  0.04747 -0.23043
   0.21574  0.04707 -0.23131
   0.20817  0.04664 -0.23353
   0.20063  0.04620 -0.23442
   0.19311  0.04574 -0.23564
   0.18563  0.04526 -0.23928
   0.17820  0.04475 -0.23944
   0.17081  0.04423 -0.24122
   0.16349  0.04368 -0.24415
   0.15624  0.04311 -0.24474
   0.14907  0.04251 -0.24777
   0.14200  0.04189 -0.24902
   0.13503  0.04125 -0.25065
   0.12818  0.04059 -0.25211
   0.12147  0.03990 -0.25307
   0.11493  0.03919 -0.25384
   0.10856  0.03847 -0.25468
   0.10240  0.03773 -0.25506
   0.09647  0.03699 -0.25691
   0.09078  0.03624 -0.25955
   0.08537  0.03550 -0.25913
   0.08024  0.03476 -0.26544
   0.07540  0.03403 -0.26826
   0.07085  0.03331 -0.27312
   0.06658  0.03261 -0.28717
   0.06257  0.03190 -0.28901
   0.05879  0.03120 -0.30159
   0.05523  0.03050 -0.30704
   0.05189  0.02978 -0.30632
   0.04873  0.02906 -0.30124
   0.04574  0.02833 -0.29128
   0.04291  0.02760 -0.28300
   0.04024  0.02687 -0.26898
   0.03771  0.02615 -0.25790
   0.03531  0.02543 -0.25112
   0.03305  0.02471 -0.22696
   0.03089  0.02399 -0.19733
   0.02884  0.02329 -0.17426
   0.02688  0.02260 -0.15967
   0.02502  0.02195 -0.15932
   0.02326  0.02131 -0.15920
   0.02159  0.02067 -0.15966
   0.02000  0.02005 -0.15532
   0.01849  0.01942 -0.14615
   0.01706  0.01880 -0.12926
   0.01569  0.01817 -0.10371
   0.01439  0.01754 -0.08249
   0.01314  0.01692 -0.06044
   0.01194  0.01630 -0.04156
   0.01080  0.01568 -0.02410
   0.00971  0.01507 -0.00778
   0.00867  0.01445  0.01528
   0.00767  0.01383  0.03007
   0.00672  0.01321  0.05153
   0.00581  0.01258  0.06836
   0.00495  0.01194  0.09579
   0.00414  0.01128  0.11497
   0.00338  0.01061  0.13764
   0.00268  0.00990  0.16583
   0.00207  0.00914  0.27852
   0.00154  0.00835  0.36941
   0.00111  0.00752  0.49401
   0.00078  0.00665  0.63719
   0.00053  0.00577  0.75419
   0.00035  0.00489  0.84007
   0.00022  0.00400  0.89909
   0.00012  0.00312  0.94335
   0.00005  0.00224  0.97116
   0.00001  0.00137  0.98913
  -0.00000  0.00051  0.99842
   0.00001 -0.00034  0.99961
   0.00004 -0.00120  0.99354
   0.00010 -0.00206  0.98007
   0.00020 -0.00292  0.96628
   0.00027 -0.00380  0.93146
   0.00039 -0.00468  0.90197
   0.00054 -0.00556  0.85942
   0.00072 -0.00645  0.80668
   0.00092 -0.00735  0.74742
   0.00115 -0.00824  0.67717
   0.00142 -0.00914  0.58728
   0.00173 -0.01004  0.48701
   0.00207 -0.01094  0.37178
   0.00247 -0.01182  0.20977
   0.00292 -0.01269  0.13042
   0.00342 -0.01356 -0.18858
   0.00402 -0.01437 -0.25420
   0.00470 -0.01514 -0.36090
   0.00546 -0.01587 -0.40091
   0.00629 -0.01657 -0.43452
   0.00717 -0.01724 -0.45090
   0.00811 -0.01789 -0.47057
   0.00910 -0.01851 -0.47357
   0.01015 -0.01912 -0.47403
   0.01125 -0.01971 -0.47781
   0.01240 -0.02029 -0.47403
   0.01361 -0.02086 -0.47148
   0.01488 -0.02142 -0.46727
   0.01621 -0.02198 -0.45590
   0.01761 -0.02253 -0.45088
   0.01908 -0.02307 -0.43800
   0.02063 -0.02362 -0.43542
   0.02226 -0.02417 -0.42507
   0.02397 -0.02472 -0.41242
   0.02579 -0.02528 -0.40725
   0.02770 -0.02584 -0.39890
   0.02973 -0.02641 -0.39303
   0.03189 -0.02700 -0.38714
   0.03419 -0.02759 -0.38250
   0.03663 -0.02820 -0.37357
   0.03924 -0.02882 -0.36868
   0.04203 -0.02945 -0.35959
   0.04502 -0.03011 -0.35449
   0.04822 -0.03078 -0.35015
   0.05165 -0.03148 -0.34817
   0.05533 -0.03220 -0.34509
   0.05925 -0.03293 -0.34331
   0.06344 -0.03368 -0.33983
   0.06789 -0.03445 -0.33897
   0.07262 -0.03522 -0.33537
   0.07761 -0.03600 -0.33501
   0.08288 -0.03679 -0.33276
   0.08842 -0.03758 -0.33055
   0.09419 -0.03836 -0.32852
   0.10019 -0.03914 -0.32743
   0.10638 -0.03991 -0.32744
   0.11276 -0.04065 -0.32731
   0.11929 -0.04138 -0.32732
   0.12594 -0.04208 -0.32673
   0.13272 -0.04276 -0.32638
   0.13959 -0.04340 -0.32562
   0.14656 -0.04401 -0.32318
   0.15362 -0.04460 -0.32208
   0.16075 -0.04515 -0.31876
   0.16794 -0.04567 -0.31705
   0.17519 -0.04616 -0.31421
   0.18248 -0.04663 -0.31270
   0.18981 -0.04706 -0.31096
   0.19717 -0.04747 -0.31001
   0.20456 -0.04785 -0.30625
   0.21197 -0.04820 -0.30575
   0.21942 -0.04852 -0.30203
   0.22690 -0.04882 -0.29981
   0.23441 -0.04909 -0.29544
   0.24195 -0.04934 -0.29366
   0.24951 -0.04956 -0.29191
   0.25708 -0.04977 -0.28897
   0.26468 -0.04995 -0.28795
   0.27229 -0.05011 -0.28399
   0.27991 -0.05024 -0.28282
   0.28756 -0.05036 -0.27965
   0.29522 -0.05046 -0.27797
   0.30289 -0.05054 -0.27635
   0.31057 -0.05060 -0.27448
   0.31825 -0.05064 -0.27249
   0.32595 -0.05066 -0.27114
   0.33364 -0.05066 -0.26983
   0.34135 -0.05065 -0.26824
   0.34906 -0.05061 -0.26672
   0.35677 -0.05056 -0.26512
   0.36448 -0.05048 -0.26370
   0.37219 -0.05039 -0.26230
   0.37990 -0.05028 -0.26052
   0.38761 -0.05015 -0.25935
   0.39532 -0.05001 -0.25823
   0.40302 -0.04984 -0.25705
   0.41072 -0.04966 -0.25514
   0.41842 -0.04945 -0.25473
   0.42610 -0.04923 -0.25354
   0.43378 -0.04899 -0.25298
   0.44144 -0.04873 -0.25101
   0.44910 -0.04845 -0.25066
   0.45674 -0.04815 -0.24927
   0.46437 -0.04783 -0.24872
   0.47199 -0.04749 -0.24719
   0.47960 -0.04713 -0.24548
   0.48720 -0.04674 -0.24435
   0.49478 -0.04634 -0.24278
   0.50235 -0.04590 -0.24056
   0.50991 -0.04545 -0.23952
   0.51745 -0.04497 -0.23699
   0.52498 -0.04447 -0.23477
   0.53250 -0.04395 -0.23279
   0.54000 -0.04340 -0.23038
   0.54749 -0.04282 -0.22768
   0.55497 -0.04222 -0.22470
   0.56243 -0.04159 -0.22123
   0.56987 -0.04093 -0.21802
   0.57730 -0.04025 -0.21448
   0.58471 -0.03954 -0.21053
   0.59210 -0.03881 -0.20646
   0.59948 -0.03804 -0.20220
   0.60683 -0.03724 -0.19773
   0.61417 -0.03642 -0.19165
   0.62149 -0.03556 -0.18709
   0.62879 -0.03468 -0.18000
   0.63608 -0.03376 -0.17445
   0.64335 -0.03281 -0.16645
   0.65061 -0.03183 -0.15954
   0.65786 -0.03081 -0.15112
   0.66510 -0.02976 -0.14236
   0.67232 -0.02867 -0.13278
   0.67954 -0.02755 -0.12284
   0.68676 -0.02640 -0.11239
   0.69397 -0.02520 -0.10137
   0.70117 -0.02398 -0.08877
   0.70838 -0.02271 -0.07623
   0.71559 -0.02141 -0.06290
   0.72281 -0.02007 -0.04867
   0.73004 -0.01870 -0.03407
   0.73728 -0.01729 -0.01816
   0.74453 -0.01584 -0.00081
   0.75180 -0.01436  0.01542
   0.75910 -0.01284  0.03524
   0.76642 -0.01128  0.05311
   0.77378 -0.00969  0.07475
   0.78118 -0.00807  0.09344
   0.78863 -0.00642  0.11676
   0.79611 -0.00475  0.13742
   0.80361 -0.00306  0.16167
   0.81108 -0.00138  0.18442
   0.81847  0.00029  0.20729
   0.82574  0.00191  0.23088
   0.83289  0.00348  0.25276
   0.83991  0.00499  0.27313
   0.84680  0.00644  0.29271
   0.85358  0.00782  0.31203
   0.86023  0.00913  0.32820
   0.86676  0.01036  0.34665
   0.87316  0.01151  0.36079
   0.87944  0.01258  0.37705
   0.88561  0.01356  0.38882
   0.89167  0.01445  0.40098
   0.89763  0.01526  0.41166
   0.90349  0.01599  0.42120
   0.90927  0.01663  0.42893
   0.91493  0.01718  0.43846
   0.92047  0.01765  0.44438
   0.92588  0.01803  0.45249
   0.93120  0.01832  0.45608
   0.93644  0.01853  0.45685
   0.94160  0.01868  0.45972
   0.94662  0.01876  0.46669
   0.95140  0.01879  0.48192
   0.95595  0.01872  0.49159
   0.96030  0.01853  0.49662
   0.96456  0.01820  0.48164
   0.96881  0.01775  0.45413
   0.97308  0.01723  0.42700
   0.97733  0.01672  0.41479
   0.98147  0.01621  0.42786
   0.98549  0.01562  0.43472
   0.98945  0.01488  0.38951
   0.99342  0.01406  0.32480
   0.99738  0.01325  0.29939
   1.00000  0.01271  0.25409
