GRUMMAN K-2 AIRFOIL                             
 Alfa =  -1.26370 Re =        0.000 Xflap,Yflap =     0.000000    0.000000
#    x        y        Cp  
   1.00000  0.01371  0.25420
   0.99740  0.01444  0.09919
   0.99329  0.01549  0.06144
   0.98889  0.01657  0.04607
   0.98423  0.01772  0.00570
   0.97929  0.01890 -0.02927
   0.97409  0.02011 -0.05525
   0.96867  0.02135 -0.08564
   0.96305  0.02259 -0.11219
   0.95727  0.02381 -0.13385
   0.95131  0.02502 -0.15479
   0.94520  0.02620 -0.16988
   0.93893  0.02735 -0.18296
   0.93253  0.02848 -0.19420
   0.92600  0.02957 -0.20139
   0.91932  0.03065 -0.20746
   0.91254  0.03170 -0.21442
   0.90568  0.03272 -0.22306
   0.89876  0.03372 -0.23050
   0.89181  0.03467 -0.23861
   0.88484  0.03559 -0.24459
   0.87782  0.03647 -0.24725
   0.87073  0.03731 -0.24838
   0.86355  0.03812 -0.24951
   0.85628  0.03891 -0.24828
   0.84891  0.03968 -0.24742
   0.84146  0.04044 -0.24739
   0.83396  0.04117 -0.24733
   0.82645  0.04190 -0.25307
   0.81896  0.04260 -0.25799
   0.81149  0.04327 -0.26157
   0.80402  0.04391 -0.26411
   0.79655  0.04452 -0.26656
   0.78909  0.04510 -0.26876
   0.78162  0.04565 -0.26949
   0.77414  0.04617 -0.26904
   0.76665  0.04666 -0.26943
   0.75914  0.04713 -0.26822
   0.75161  0.04756 -0.26641
   0.74405  0.04798 -0.26470
   0.73646  0.04837 -0.26178
   0.72884  0.04874 -0.25936
   0.72118  0.04909 -0.25650
   0.71350  0.04943 -0.25319
   0.70580  0.04974 -0.25140
   0.69806  0.05004 -0.24840
   0.69030  0.05033 -0.24635
   0.68252  0.05060 -0.24428
   0.67473  0.05086 -0.24250
   0.66693  0.05111 -0.24031
   0.65911  0.05135 -0.23908
   0.65129  0.05157 -0.23759
   0.64347  0.05178 -0.23556
   0.63563  0.05197 -0.23447
   0.62779  0.05216 -0.23296
   0.61994  0.05233 -0.23091
   0.61208  0.05249 -0.23041
   0.60421  0.05264 -0.22789
   0.59633  0.05278 -0.22707
   0.58846  0.05291 -0.22587
   0.58058  0.05303 -0.22525
   0.57270  0.05314 -0.22402
   0.56482  0.05324 -0.22314
   0.55693  0.05333 -0.22206
   0.54904  0.05340 -0.22141
   0.54115  0.05347 -0.21999
   0.53326  0.05353 -0.21966
   0.52537  0.05358 -0.21831
   0.51748  0.05361 -0.21741
   0.50958  0.05364 -0.21713
   0.50169  0.05366 -0.21552
   0.49380  0.05367 -0.21589
   0.48590  0.05367 -0.21423
   0.47801  0.05366 -0.21459
   0.47012  0.05363 -0.21358
   0.46224  0.05360 -0.21284
   0.45437  0.05356 -0.21222
   0.44650  0.05351 -0.21169
   0.43864  0.05345 -0.21059
   0.43079  0.05338 -0.21036
   0.42295  0.05330 -0.21006
   0.41514  0.05321 -0.20969
   0.40737  0.05312 -0.21032
   0.39966  0.05301 -0.20970
   0.39202  0.05289 -0.21092
   0.38445  0.05276 -0.20798
   0.37694  0.05262 -0.20534
   0.36954  0.05249 -0.20434
   0.36229  0.05236 -0.21147
   0.35524  0.05223 -0.22230
   0.34842  0.05207 -0.23150
   0.34179  0.05185 -0.22271
   0.33530  0.05159 -0.19577
   0.32892  0.05132 -0.16908
   0.32258  0.05111 -0.15536
   0.31625  0.05098 -0.17167
   0.30988  0.05089 -0.20097
   0.30343  0.05078 -0.22824
   0.29682  0.05061 -0.23052
   0.29002  0.05037 -0.21807
   0.28299  0.05009 -0.20623
   0.27579  0.04982 -0.20491
   0.26847  0.04954 -0.20894
   0.26108  0.04924 -0.21085
   0.25361  0.04892 -0.20969
   0.24607  0.04858 -0.20970
   0.23850  0.04823 -0.21065
   0.23092  0.04786 -0.21104
   0.22333  0.04747 -0.21180
   0.21574  0.04707 -0.21227
   0.20817  0.04664 -0.21402
   0.20063  0.04620 -0.21445
   0.19311  0.04574 -0.21519
   0.18563  0.04526 -0.21826
   0.17820  0.04475 -0.21791
   0.17081  0.04423 -0.21911
   0.16349  0.04368 -0.22142
   0.15624  0.04311 -0.22139
   0.14907  0.04251 -0.22372
   0.14200  0.04189 -0.22428
   0.13503  0.04125 -0.22517
   0.12818  0.04059 -0.22584
   0.12147  0.03990 -0.22600
   0.11493  0.03919 -0.22591
   0.10856  0.03847 -0.22585
   0.10240  0.03773 -0.22530
   0.09647  0.03699 -0.22614
   0.09078  0.03624 -0.22772
   0.08537  0.03550 -0.22624
   0.08024  0.03476 -0.23132
   0.07540  0.03403 -0.23292
   0.07085  0.03331 -0.23650
   0.06658  0.03261 -0.24892
   0.06257  0.03190 -0.24948
   0.05879  0.03120 -0.26036
   0.05523  0.03050 -0.26431
   0.05189  0.02978 -0.26221
   0.04873  0.02906 -0.25587
   0.04574  0.02833 -0.24477
   0.04291  0.02760 -0.23528
   0.04024  0.02687 -0.22023
   0.03771  0.02615 -0.20799
   0.03531  0.02543 -0.19983
   0.03305  0.02471 -0.17498
   0.03089  0.02399 -0.14488
   0.02884  0.02329 -0.12114
   0.02688  0.02260 -0.10539
   0.02502  0.02195 -0.10322
   0.02326  0.02131 -0.10114
   0.02159  0.02067 -0.09955
   0.02000  0.02005 -0.09326
   0.01849  0.01942 -0.08227
   0.01706  0.01880 -0.06398
   0.01569  0.01817 -0.03737
   0.01439  0.01754 -0.01493
   0.01314  0.01692  0.00851
   0.01194  0.01630  0.02908
   0.01080  0.01568  0.04844
   0.00971  0.01507  0.06679
   0.00867  0.01445  0.09182
   0.00767  0.01383  0.10916
   0.00672  0.01321  0.13326
   0.00581  0.01258  0.15325
   0.00495  0.01194  0.18360
   0.00414  0.01128  0.20672
   0.00338  0.01061  0.23421
   0.00268  0.00990  0.26729
   0.00207  0.00914  0.37527
   0.00154  0.00835  0.46337
   0.00111  0.00752  0.57926
   0.00078  0.00665  0.70717
   0.00053  0.00577  0.80933
   0.00035  0.00489  0.88250
   0.00022  0.00400  0.93134
   0.00012  0.00312  0.96629
   0.00005  0.00224  0.98645
   0.00001  0.00137  0.99732
  -0.00000  0.00051  0.99984
   0.00001 -0.00034  0.99493
   0.00004 -0.00120  0.98267
   0.00010 -0.00206  0.96264
   0.00020 -0.00292  0.94643
   0.00027 -0.00380  0.90129
   0.00039 -0.00468  0.86782
   0.00054 -0.00556  0.81881
   0.00072 -0.00645  0.75928
   0.00092 -0.00735  0.69343
   0.00115 -0.00824  0.61615
   0.00142 -0.00914  0.51795
   0.00173 -0.01004  0.40912
   0.00207 -0.01094  0.28528
   0.00247 -0.01182  0.11057
   0.00292 -0.01269  0.02969
   0.00342 -0.01356 -0.31558
   0.00402 -0.01437 -0.37792
   0.00470 -0.01514 -0.48648
   0.00546 -0.01587 -0.52183
   0.00629 -0.01657 -0.55130
   0.00717 -0.01724 -0.56262
   0.00811 -0.01789 -0.57810
   0.00910 -0.01851 -0.57637
   0.01015 -0.01912 -0.57226
   0.01125 -0.01971 -0.57207
   0.01240 -0.02029 -0.56435
   0.01361 -0.02086 -0.55815
   0.01488 -0.02142 -0.55040
   0.01621 -0.02198 -0.53546
   0.01761 -0.02253 -0.52731
   0.01908 -0.02307 -0.51131
   0.02063 -0.02362 -0.50603
   0.02226 -0.02417 -0.49292
   0.02397 -0.02472 -0.47758
   0.02579 -0.02528 -0.47002
   0.02770 -0.02584 -0.45938
   0.02973 -0.02641 -0.45136
   0.03189 -0.02700 -0.44341
   0.03419 -0.02759 -0.43681
   0.03663 -0.02820 -0.42588
   0.03924 -0.02882 -0.41914
   0.04203 -0.02945 -0.40817
   0.04502 -0.03011 -0.40134
   0.04822 -0.03078 -0.39536
   0.05165 -0.03148 -0.39186
   0.05533 -0.03220 -0.38726
   0.05925 -0.03293 -0.38404
   0.06344 -0.03368 -0.37913
   0.06789 -0.03445 -0.37693
   0.07262 -0.03522 -0.37200
   0.07761 -0.03600 -0.37041
   0.08288 -0.03679 -0.36693
   0.08842 -0.03758 -0.36355
   0.09419 -0.03836 -0.36041
   0.10019 -0.03914 -0.35828
   0.10638 -0.03991 -0.35732
   0.11276 -0.04065 -0.35627
   0.11929 -0.04138 -0.35541
   0.12594 -0.04208 -0.35398
   0.13272 -0.04276 -0.35284
   0.13959 -0.04340 -0.35132
   0.14656 -0.04401 -0.34814
   0.15362 -0.04460 -0.34634
   0.16075 -0.04515 -0.34236
   0.16794 -0.04567 -0.34001
   0.17519 -0.04616 -0.33657
   0.18248 -0.04663 -0.33448
   0.18981 -0.04706 -0.33221
   0.19717 -0.04747 -0.33074
   0.20456 -0.04785 -0.32647
   0.21197 -0.04820 -0.32552
   0.21942 -0.04852 -0.32132
   0.22690 -0.04882 -0.31865
   0.23441 -0.04909 -0.31384
   0.24195 -0.04934 -0.31165
   0.24951 -0.04956 -0.30952
   0.25708 -0.04977 -0.30619
   0.26468 -0.04995 -0.30482
   0.27229 -0.05011 -0.30049
   0.27991 -0.05024 -0.29898
   0.28756 -0.05036 -0.29549
   0.29522 -0.05046 -0.29349
   0.30289 -0.05054 -0.29156
   0.31057 -0.05060 -0.28939
   0.31825 -0.05064 -0.28714
   0.32595 -0.05066 -0.28549
   0.33364 -0.05066 -0.28393
   0.34135 -0.05065 -0.28206
   0.34906 -0.05061 -0.28031
   0.35677 -0.05056 -0.27845
   0.36448 -0.05048 -0.27677
   0.37219 -0.05039 -0.27519
   0.37990 -0.05028 -0.27312
   0.38761 -0.05015 -0.27177
   0.39532 -0.05001 -0.27041
   0.40302 -0.04984 -0.26902
   0.41072 -0.04966 -0.26693
   0.41842 -0.04945 -0.26630
   0.42610 -0.04923 -0.26491
   0.43378 -0.04899 -0.26417
   0.44144 -0.04873 -0.26203
   0.44910 -0.04845 -0.26145
   0.45674 -0.04815 -0.25991
   0.46437 -0.04783 -0.25918
   0.47199 -0.04749 -0.25747
   0.47960 -0.04713 -0.25560
   0.48720 -0.04674 -0.25428
   0.49478 -0.04634 -0.25255
   0.50235 -0.04590 -0.25016
   0.50991 -0.04545 -0.24892
   0.51745 -0.04497 -0.24629
   0.52498 -0.04447 -0.24386
   0.53250 -0.04395 -0.24174
   0.54000 -0.04340 -0.23916
   0.54749 -0.04282 -0.23631
   0.55497 -0.04222 -0.23317
   0.56243 -0.04159 -0.22952
   0.56987 -0.04093 -0.22618
   0.57730 -0.04025 -0.22249
   0.58471 -0.03954 -0.21835
   0.59210 -0.03881 -0.21416
   0.59948 -0.03804 -0.20973
   0.60683 -0.03724 -0.20512
   0.61417 -0.03642 -0.19889
   0.62149 -0.03556 -0.19416
   0.62879 -0.03468 -0.18690
   0.63608 -0.03376 -0.18121
   0.64335 -0.03281 -0.17307
   0.65061 -0.03183 -0.16597
   0.65786 -0.03081 -0.15741
   0.66510 -0.02976 -0.14851
   0.67232 -0.02867 -0.13873
   0.67954 -0.02755 -0.12863
   0.68676 -0.02640 -0.11807
   0.69397 -0.02520 -0.10687
   0.70117 -0.02398 -0.09411
   0.70838 -0.02271 -0.08139
   0.71559 -0.02141 -0.06789
   0.72281 -0.02007 -0.05353
   0.73004 -0.01870 -0.03878
   0.73728 -0.01729 -0.02267
   0.74453 -0.01584 -0.00511
   0.75180 -0.01436  0.01121
   0.75910 -0.01284  0.03121
   0.76642 -0.01128  0.04928
   0.77378 -0.00969  0.07108
   0.78118 -0.00807  0.08992
   0.78863 -0.00642  0.11339
   0.79611 -0.00475  0.13424
   0.80361 -0.00306  0.15865
   0.81108 -0.00138  0.18156
   0.81847  0.00029  0.20455
   0.82574  0.00191  0.22831
   0.83289  0.00348  0.25032
   0.83991  0.00499  0.27084
   0.84680  0.00644  0.29053
   0.85358  0.00782  0.30995
   0.86023  0.00913  0.32624
   0.86676  0.01036  0.34483
   0.87316  0.01151  0.35896
   0.87944  0.01258  0.37540
   0.88561  0.01356  0.38723
   0.89167  0.01445  0.39945
   0.89763  0.01526  0.41024
   0.90349  0.01599  0.41979
   0.90927  0.01663  0.42760
   0.91493  0.01718  0.43725
   0.92047  0.01765  0.44312
   0.92588  0.01803  0.45138
   0.93120  0.01832  0.45497
   0.93644  0.01853  0.45581
   0.94160  0.01868  0.45873
   0.94662  0.01876  0.46567
   0.95140  0.01879  0.48106
   0.95595  0.01872  0.49072
   0.96030  0.01853  0.49581
   0.96456  0.01820  0.48089
   0.96881  0.01775  0.45332
   0.97308  0.01723  0.42623
   0.97733  0.01672  0.41404
   0.98147  0.01621  0.42721
   0.98549  0.01562  0.43415
   0.98945  0.01488  0.38891
   0.99342  0.01406  0.32422
   0.99738  0.01325  0.29892
   1.00000  0.01271  0.25420
