GRUMMAN K-2 AIRFOIL                             
 Alfa =  -1.03700 Re =        0.000 Xflap,Yflap =     0.000000    0.000000
#    x        y        Cp  
   1.00000  0.01371  0.25409
   0.99740  0.01444  0.09891
   0.99329  0.01549  0.06105
   0.98889  0.01657  0.04542
   0.98423  0.01772  0.00481
   0.97929  0.01890 -0.03030
   0.97409  0.02011 -0.05640
   0.96867  0.02135 -0.08704
   0.96305  0.02259 -0.11373
   0.95727  0.02381 -0.13553
   0.95131  0.02502 -0.15669
   0.94520  0.02620 -0.17195
   0.93893  0.02735 -0.18519
   0.93253  0.02848 -0.19659
   0.92600  0.02957 -0.20387
   0.91932  0.03065 -0.21017
   0.91254  0.03170 -0.21720
   0.90568  0.03272 -0.22606
   0.89876  0.03372 -0.23357
   0.89181  0.03467 -0.24189
   0.88484  0.03559 -0.24801
   0.87782  0.03647 -0.25076
   0.87073  0.03731 -0.25204
   0.86355  0.03812 -0.25331
   0.85628  0.03891 -0.25213
   0.84891  0.03968 -0.25149
   0.84146  0.04044 -0.25152
   0.83396  0.04117 -0.25162
   0.82645  0.04190 -0.25744
   0.81896  0.04260 -0.26254
   0.81149  0.04327 -0.26627
   0.80402  0.04391 -0.26889
   0.79655  0.04452 -0.27153
   0.78909  0.04510 -0.27374
   0.78162  0.04565 -0.27472
   0.77414  0.04617 -0.27433
   0.76665  0.04666 -0.27490
   0.75914  0.04713 -0.27374
   0.75161  0.04756 -0.27206
   0.74405  0.04798 -0.27040
   0.73646  0.04837 -0.26766
   0.72884  0.04874 -0.26531
   0.72118  0.04909 -0.26257
   0.71350  0.04943 -0.25939
   0.70580  0.04974 -0.25769
   0.69806  0.05004 -0.25474
   0.69030  0.05033 -0.25288
   0.68252  0.05060 -0.25085
   0.67473  0.05086 -0.24925
   0.66693  0.05111 -0.24714
   0.65911  0.05135 -0.24599
   0.65129  0.05157 -0.24468
   0.64347  0.05178 -0.24274
   0.63563  0.05197 -0.24175
   0.62779  0.05216 -0.24037
   0.61994  0.05233 -0.23845
   0.61208  0.05249 -0.23802
   0.60421  0.05264 -0.23565
   0.59633  0.05278 -0.23497
   0.58846  0.05291 -0.23388
   0.58058  0.05303 -0.23339
   0.57270  0.05314 -0.23228
   0.56482  0.05324 -0.23150
   0.55693  0.05333 -0.23057
   0.54904  0.05340 -0.23006
   0.54115  0.05347 -0.22877
   0.53326  0.05353 -0.22858
   0.52537  0.05358 -0.22736
   0.51748  0.05361 -0.22662
   0.50958  0.05364 -0.22646
   0.50169  0.05366 -0.22499
   0.49380  0.05367 -0.22552
   0.48590  0.05367 -0.22398
   0.47801  0.05366 -0.22452
   0.47012  0.05363 -0.22364
   0.46224  0.05360 -0.22308
   0.45437  0.05356 -0.22261
   0.44650  0.05351 -0.22224
   0.43864  0.05345 -0.22129
   0.43079  0.05338 -0.22126
   0.42295  0.05330 -0.22110
   0.41514  0.05321 -0.22091
   0.40737  0.05312 -0.22173
   0.39966  0.05301 -0.22132
   0.39202  0.05289 -0.22269
   0.38445  0.05276 -0.21995
   0.37694  0.05262 -0.21746
   0.36954  0.05249 -0.21664
   0.36229  0.05236 -0.22403
   0.35524  0.05223 -0.23519
   0.34842  0.05207 -0.24464
   0.34179  0.05185 -0.23599
   0.33530  0.05159 -0.20894
   0.32892  0.05132 -0.18211
   0.32258  0.05111 -0.16845
   0.31625  0.05098 -0.18512
   0.30988  0.05089 -0.21496
   0.30343  0.05078 -0.24278
   0.29682  0.05061 -0.24529
   0.29002  0.05037 -0.23295
   0.28299  0.05009 -0.22121
   0.27579  0.04982 -0.22016
   0.26847  0.04954 -0.22452
   0.26108  0.04924 -0.22673
   0.25361  0.04892 -0.22589
   0.24607  0.04858 -0.22622
   0.23850  0.04823 -0.22752
   0.23092  0.04786 -0.22829
   0.22333  0.04747 -0.22942
   0.21574  0.04707 -0.23028
   0.20817  0.04664 -0.23247
   0.20063  0.04620 -0.23334
   0.19311  0.04574 -0.23453
   0.18563  0.04526 -0.23813
   0.17820  0.04475 -0.23827
   0.17081  0.04423 -0.24002
   0.16349  0.04368 -0.24292
   0.15624  0.04311 -0.24347
   0.14907  0.04251 -0.24646
   0.14200  0.04189 -0.24767
   0.13503  0.04125 -0.24927
   0.12818  0.04059 -0.25068
   0.12147  0.03990 -0.25160
   0.11493  0.03919 -0.25232
   0.10856  0.03847 -0.25311
   0.10240  0.03773 -0.25343
   0.09647  0.03699 -0.25523
   0.09078  0.03624 -0.25781
   0.08537  0.03550 -0.25733
   0.08024  0.03476 -0.26358
   0.07540  0.03403 -0.26633
   0.07085  0.03331 -0.27112
   0.06658  0.03261 -0.28508
   0.06257  0.03190 -0.28685
   0.05879  0.03120 -0.29934
   0.05523  0.03050 -0.30471
   0.05189  0.02978 -0.30391
   0.04873  0.02906 -0.29876
   0.04574  0.02833 -0.28873
   0.04291  0.02760 -0.28039
   0.04024  0.02687 -0.26631
   0.03771  0.02615 -0.25517
   0.03531  0.02543 -0.24831
   0.03305  0.02471 -0.22411
   0.03089  0.02399 -0.19446
   0.02884  0.02329 -0.17135
   0.02688  0.02260 -0.15669
   0.02502  0.02195 -0.15624
   0.02326  0.02131 -0.15602
   0.02159  0.02067 -0.15636
   0.02000  0.02005 -0.15191
   0.01849  0.01942 -0.14264
   0.01706  0.01880 -0.12567
   0.01569  0.01817 -0.10006
   0.01439  0.01754 -0.07877
   0.01314  0.01692 -0.05664
   0.01194  0.01630 -0.03766
   0.01080  0.01568 -0.02010
   0.00971  0.01507 -0.00367
   0.00867  0.01445  0.01951
   0.00767  0.01383  0.03445
   0.00672  0.01321  0.05606
   0.00581  0.01258  0.07307
   0.00495  0.01194  0.10067
   0.00414  0.01128  0.12007
   0.00338  0.01061  0.14302
   0.00268  0.00990  0.17150
   0.00207  0.00914  0.28395
   0.00154  0.00835  0.37470
   0.00111  0.00752  0.49884
   0.00078  0.00665  0.64118
   0.00053  0.00577  0.75736
   0.00035  0.00489  0.84254
   0.00022  0.00400  0.90100
   0.00012  0.00312  0.94475
   0.00005  0.00224  0.97214
   0.00001  0.00137  0.98972
  -0.00000  0.00051  0.99864
   0.00001 -0.00034  0.99949
   0.00004 -0.00120  0.99309
   0.00010 -0.00206  0.97927
   0.00020 -0.00292  0.96532
   0.00027 -0.00380  0.92997
   0.00039 -0.00468  0.90024
   0.00054 -0.00556  0.85735
   0.00072 -0.00645  0.80424
   0.00092 -0.00735  0.74463
   0.00115 -0.00824  0.67400
   0.00142 -0.00914  0.58366
   0.00173 -0.01004  0.48293
   0.00207 -0.01094  0.36723
   0.00247 -0.01182  0.20454
   0.00292 -0.01269  0.12510
   0.00342 -0.01356 -0.19531
   0.00402 -0.01437 -0.26076
   0.00470 -0.01514 -0.36757
   0.00546 -0.01587 -0.40734
   0.00629 -0.01657 -0.44074
   0.00717 -0.01724 -0.45686
   0.00811 -0.01789 -0.47631
   0.00910 -0.01851 -0.47906
   0.01015 -0.01912 -0.47927
   0.01125 -0.01971 -0.48285
   0.01240 -0.02029 -0.47886
   0.01361 -0.02086 -0.47612
   0.01488 -0.02142 -0.47172
   0.01621 -0.02198 -0.46016
   0.01761 -0.02253 -0.45498
   0.01908 -0.02307 -0.44193
   0.02063 -0.02362 -0.43921
   0.02226 -0.02417 -0.42871
   0.02397 -0.02472 -0.41592
   0.02579 -0.02528 -0.41062
   0.02770 -0.02584 -0.40215
   0.02973 -0.02641 -0.39617
   0.03189 -0.02700 -0.39016
   0.03419 -0.02759 -0.38542
   0.03663 -0.02820 -0.37638
   0.03924 -0.02882 -0.37139
   0.04203 -0.02945 -0.36220
   0.04502 -0.03011 -0.35701
   0.04822 -0.03078 -0.35258
   0.05165 -0.03148 -0.35053
   0.05533 -0.03220 -0.34736
   0.05925 -0.03293 -0.34550
   0.06344 -0.03368 -0.34195
   0.06789 -0.03445 -0.34102
   0.07262 -0.03522 -0.33735
   0.07761 -0.03600 -0.33692
   0.08288 -0.03679 -0.33460
   0.08842 -0.03758 -0.33233
   0.09419 -0.03836 -0.33024
   0.10019 -0.03914 -0.32909
   0.10638 -0.03991 -0.32906
   0.11276 -0.04065 -0.32888
   0.11929 -0.04138 -0.32884
   0.12594 -0.04208 -0.32821
   0.13272 -0.04276 -0.32781
   0.13959 -0.04340 -0.32701
   0.14656 -0.04401 -0.32452
   0.15362 -0.04460 -0.32339
   0.16075 -0.04515 -0.32004
   0.16794 -0.04567 -0.31829
   0.17519 -0.04616 -0.31542
   0.18248 -0.04663 -0.31388
   0.18981 -0.04706 -0.31211
   0.19717 -0.04747 -0.31114
   0.20456 -0.04785 -0.30734
   0.21197 -0.04820 -0.30682
   0.21942 -0.04852 -0.30308
   0.22690 -0.04882 -0.30083
   0.23441 -0.04909 -0.29644
   0.24195 -0.04934 -0.29464
   0.24951 -0.04956 -0.29287
   0.25708 -0.04977 -0.28990
   0.26468 -0.04995 -0.28886
   0.27229 -0.05011 -0.28488
   0.27991 -0.05024 -0.28370
   0.28756 -0.05036 -0.28051
   0.29522 -0.05046 -0.27881
   0.30289 -0.05054 -0.27717
   0.31057 -0.05060 -0.27529
   0.31825 -0.05064 -0.27329
   0.32595 -0.05066 -0.27192
   0.33364 -0.05066 -0.27060
   0.34135 -0.05065 -0.26899
   0.34906 -0.05061 -0.26746
   0.35677 -0.05056 -0.26584
   0.36448 -0.05048 -0.26441
   0.37219 -0.05039 -0.26300
   0.37990 -0.05028 -0.26120
   0.38761 -0.05015 -0.26002
   0.39532 -0.05001 -0.25889
   0.40302 -0.04984 -0.25769
   0.41072 -0.04966 -0.25578
   0.41842 -0.04945 -0.25536
   0.42610 -0.04923 -0.25416
   0.43378 -0.04899 -0.25358
   0.44144 -0.04873 -0.25161
   0.44910 -0.04845 -0.25124
   0.45674 -0.04815 -0.24985
   0.46437 -0.04783 -0.24929
   0.47199 -0.04749 -0.24774
   0.47960 -0.04713 -0.24603
   0.48720 -0.04674 -0.24489
   0.49478 -0.04634 -0.24331
   0.50235 -0.04590 -0.24108
   0.50991 -0.04545 -0.24003
   0.51745 -0.04497 -0.23750
   0.52498 -0.04447 -0.23526
   0.53250 -0.04395 -0.23327
   0.54000 -0.04340 -0.23086
   0.54749 -0.04282 -0.22815
   0.55497 -0.04222 -0.22516
   0.56243 -0.04159 -0.22168
   0.56987 -0.04093 -0.21846
   0.57730 -0.04025 -0.21492
   0.58471 -0.03954 -0.21096
   0.59210 -0.03881 -0.20688
   0.59948 -0.03804 -0.20261
   0.60683 -0.03724 -0.19813
   0.61417 -0.03642 -0.19205
   0.62149 -0.03556 -0.18748
   0.62879 -0.03468 -0.18037
   0.63608 -0.03376 -0.17482
   0.64335 -0.03281 -0.16681
   0.65061 -0.03183 -0.15989
   0.65786 -0.03081 -0.15146
   0.66510 -0.02976 -0.14270
   0.67232 -0.02867 -0.13310
   0.67954 -0.02755 -0.12316
   0.68676 -0.02640 -0.11270
   0.69397 -0.02520 -0.10167
   0.70117 -0.02398 -0.08906
   0.70838 -0.02271 -0.07651
   0.71559 -0.02141 -0.06317
   0.72281 -0.02007 -0.04894
   0.73004 -0.01870 -0.03432
   0.73728 -0.01729 -0.01840
   0.74453 -0.01584 -0.00104
   0.75180 -0.01436  0.01519
   0.75910 -0.01284  0.03502
   0.76642 -0.01128  0.05290
   0.77378 -0.00969  0.07455
   0.78118 -0.00807  0.09325
   0.78863 -0.00642  0.11658
   0.79611 -0.00475  0.13725
   0.80361 -0.00306  0.16151
   0.81108 -0.00138  0.18427
   0.81847  0.00029  0.20714
   0.82574  0.00191  0.23074
   0.83289  0.00348  0.25262
   0.83991  0.00499  0.27301
   0.84680  0.00644  0.29259
   0.85358  0.00782  0.31192
   0.86023  0.00913  0.32809
   0.86676  0.01036  0.34655
   0.87316  0.01151  0.36069
   0.87944  0.01258  0.37696
   0.88561  0.01356  0.38873
   0.89167  0.01445  0.40089
   0.89763  0.01526  0.41159
   0.90349  0.01599  0.42112
   0.90927  0.01663  0.42886
   0.91493  0.01718  0.43839
   0.92047  0.01765  0.44431
   0.92588  0.01803  0.45243
   0.93120  0.01832  0.45602
   0.93644  0.01853  0.45680
   0.94160  0.01868  0.45966
   0.94662  0.01876  0.46663
   0.95140  0.01879  0.48187
   0.95595  0.01872  0.49154
   0.96030  0.01853  0.49658
   0.96456  0.01820  0.48160
   0.96881  0.01775  0.45408
   0.97308  0.01723  0.42696
   0.97733  0.01672  0.41475
   0.98147  0.01621  0.42782
   0.98549  0.01562  0.43469
   0.98945  0.01488  0.38947
   0.99342  0.01406  0.32477
   0.99738  0.01325  0.29937
   1.00000  0.01271  0.25409
