GRUMMAN K-2 AIRFOIL                             
 Alfa =  -1.30760 Re =        0.000 Xflap,Yflap =     0.000000    0.000000
#    x        y        Cp  
   1.00000  0.01371  0.25422
   0.99740  0.01444  0.09925
   0.99329  0.01549  0.06152
   0.98889  0.01657  0.04620
   0.98423  0.01772  0.00588
   0.97929  0.01890 -0.02906
   0.97409  0.02011 -0.05502
   0.96867  0.02135 -0.08537
   0.96305  0.02259 -0.11189
   0.95727  0.02381 -0.13352
   0.95131  0.02502 -0.15441
   0.94520  0.02620 -0.16948
   0.93893  0.02735 -0.18253
   0.93253  0.02848 -0.19373
   0.92600  0.02957 -0.20090
   0.91932  0.03065 -0.20693
   0.91254  0.03170 -0.21388
   0.90568  0.03272 -0.22247
   0.89876  0.03372 -0.22991
   0.89181  0.03467 -0.23798
   0.88484  0.03559 -0.24393
   0.87782  0.03647 -0.24656
   0.87073  0.03731 -0.24767
   0.86355  0.03812 -0.24877
   0.85628  0.03891 -0.24753
   0.84891  0.03968 -0.24663
   0.84146  0.04044 -0.24659
   0.83396  0.04117 -0.24650
   0.82645  0.04190 -0.25221
   0.81896  0.04260 -0.25710
   0.81149  0.04327 -0.26066
   0.80402  0.04391 -0.26318
   0.79655  0.04452 -0.26559
   0.78909  0.04510 -0.26779
   0.78162  0.04565 -0.26848
   0.77414  0.04617 -0.26801
   0.76665  0.04666 -0.26837
   0.75914  0.04713 -0.26714
   0.75161  0.04756 -0.26532
   0.74405  0.04798 -0.26359
   0.73646  0.04837 -0.26064
   0.72884  0.04874 -0.25821
   0.72118  0.04909 -0.25532
   0.71350  0.04943 -0.25199
   0.70580  0.04974 -0.25018
   0.69806  0.05004 -0.24717
   0.69030  0.05033 -0.24508
   0.68252  0.05060 -0.24301
   0.67473  0.05086 -0.24119
   0.66693  0.05111 -0.23899
   0.65911  0.05135 -0.23774
   0.65129  0.05157 -0.23622
   0.64347  0.05178 -0.23417
   0.63563  0.05197 -0.23306
   0.62779  0.05216 -0.23153
   0.61994  0.05233 -0.22944
   0.61208  0.05249 -0.22893
   0.60421  0.05264 -0.22639
   0.59633  0.05278 -0.22554
   0.58846  0.05291 -0.22431
   0.58058  0.05303 -0.22367
   0.57270  0.05314 -0.22243
   0.56482  0.05324 -0.22151
   0.55693  0.05333 -0.22041
   0.54904  0.05340 -0.21974
   0.54115  0.05347 -0.21829
   0.53326  0.05353 -0.21793
   0.52537  0.05358 -0.21656
   0.51748  0.05361 -0.21563
   0.50958  0.05364 -0.21532
   0.50169  0.05366 -0.21369
   0.49380  0.05367 -0.21403
   0.48590  0.05367 -0.21234
   0.47801  0.05366 -0.21267
   0.47012  0.05363 -0.21163
   0.46224  0.05360 -0.21085
   0.45437  0.05356 -0.21021
   0.44650  0.05351 -0.20965
   0.43864  0.05345 -0.20852
   0.43079  0.05338 -0.20826
   0.42295  0.05330 -0.20792
   0.41514  0.05321 -0.20752
   0.40737  0.05312 -0.20812
   0.39966  0.05301 -0.20746
   0.39202  0.05289 -0.20864
   0.38445  0.05276 -0.20566
   0.37694  0.05262 -0.20300
   0.36954  0.05249 -0.20197
   0.36229  0.05236 -0.20904
   0.35524  0.05223 -0.21981
   0.34842  0.05207 -0.22896
   0.34179  0.05185 -0.22015
   0.33530  0.05159 -0.19323
   0.32892  0.05132 -0.16656
   0.32258  0.05111 -0.15282
   0.31625  0.05098 -0.16907
   0.30988  0.05089 -0.19827
   0.30343  0.05078 -0.22542
   0.29682  0.05061 -0.22766
   0.29002  0.05037 -0.21519
   0.28299  0.05009 -0.20333
   0.27579  0.04982 -0.20197
   0.26847  0.04954 -0.20593
   0.26108  0.04924 -0.20778
   0.25361  0.04892 -0.20656
   0.24607  0.04858 -0.20651
   0.23850  0.04823 -0.20740
   0.23092  0.04786 -0.20771
   0.22333  0.04747 -0.20840
   0.21574  0.04707 -0.20879
   0.20817  0.04664 -0.21045
   0.20063  0.04620 -0.21081
   0.19311  0.04574 -0.21145
   0.18563  0.04526 -0.21443
   0.17820  0.04475 -0.21399
   0.17081  0.04423 -0.21508
   0.16349  0.04368 -0.21727
   0.15624  0.04311 -0.21713
   0.14907  0.04251 -0.21934
   0.14200  0.04189 -0.21977
   0.13503  0.04125 -0.22053
   0.12818  0.04059 -0.22105
   0.12147  0.03990 -0.22107
   0.11493  0.03919 -0.22082
   0.10856  0.03847 -0.22060
   0.10240  0.03773 -0.21988
   0.09647  0.03699 -0.22054
   0.09078  0.03624 -0.22193
   0.08537  0.03550 -0.22026
   0.08024  0.03476 -0.22512
   0.07540  0.03403 -0.22649
   0.07085  0.03331 -0.22985
   0.06658  0.03261 -0.24198
   0.06257  0.03190 -0.24231
   0.05879  0.03120 -0.25287
   0.05523  0.03050 -0.25655
   0.05189  0.02978 -0.25421
   0.04873  0.02906 -0.24764
   0.04574  0.02833 -0.23634
   0.04291  0.02760 -0.22663
   0.04024  0.02687 -0.21140
   0.03771  0.02615 -0.19895
   0.03531  0.02543 -0.19054
   0.03305  0.02471 -0.16558
   0.03089  0.02399 -0.13540
   0.02884  0.02329 -0.11154
   0.02688  0.02260 -0.09559
   0.02502  0.02195 -0.09310
   0.02326  0.02131 -0.09067
   0.02159  0.02067 -0.08871
   0.02000  0.02005 -0.08207
   0.01849  0.01942 -0.07076
   0.01706  0.01880 -0.05223
   0.01569  0.01817 -0.02544
   0.01439  0.01754 -0.00279
   0.01314  0.01692  0.02089
   0.01194  0.01630  0.04175
   0.01080  0.01568  0.06144
   0.00971  0.01507  0.08014
   0.00867  0.01445  0.10550
   0.00767  0.01383  0.12329
   0.00672  0.01321  0.14783
   0.00581  0.01258  0.16836
   0.00495  0.01194  0.19920
   0.00414  0.01128  0.22298
   0.00338  0.01061  0.25128
   0.00268  0.00990  0.28516
   0.00207  0.00914  0.39224
   0.00154  0.00835  0.47976
   0.00111  0.00752  0.59402
   0.00078  0.00665  0.71918
   0.00053  0.00577  0.81867
   0.00035  0.00489  0.88957
   0.00022  0.00400  0.93657
   0.00012  0.00312  0.96985
   0.00005  0.00224  0.98863
   0.00001  0.00137  0.99823
  -0.00000  0.00051  0.99950
   0.00001 -0.00034  0.99350
   0.00004 -0.00120  0.98011
   0.00010 -0.00206  0.95886
   0.00020 -0.00292  0.94230
   0.00027 -0.00380  0.89517
   0.00039 -0.00468  0.86102
   0.00054 -0.00556  0.81082
   0.00072 -0.00645  0.75004
   0.00092 -0.00735  0.68298
   0.00115 -0.00824  0.60441
   0.00142 -0.00914  0.50467
   0.00173 -0.01004  0.39426
   0.00207 -0.01094  0.26883
   0.00247 -0.01182  0.09177
   0.00292 -0.01269  0.01065
   0.00342 -0.01356 -0.33954
   0.00402 -0.01437 -0.40120
   0.00470 -0.01514 -0.51007
   0.00546 -0.01587 -0.54452
   0.00629 -0.01657 -0.57317
   0.00717 -0.01724 -0.58352
   0.00811 -0.01789 -0.59820
   0.00910 -0.01851 -0.59557
   0.01015 -0.01912 -0.59058
   0.01125 -0.01971 -0.58965
   0.01240 -0.02029 -0.58118
   0.01361 -0.02086 -0.57428
   0.01488 -0.02142 -0.56586
   0.01621 -0.02198 -0.55026
   0.01761 -0.02253 -0.54151
   0.01908 -0.02307 -0.52493
   0.02063 -0.02362 -0.51914
   0.02226 -0.02417 -0.50552
   0.02397 -0.02472 -0.48966
   0.02579 -0.02528 -0.48165
   0.02770 -0.02584 -0.47059
   0.02973 -0.02641 -0.46217
   0.03189 -0.02700 -0.45383
   0.03419 -0.02759 -0.44686
   0.03663 -0.02820 -0.43556
   0.03924 -0.02882 -0.42847
   0.04203 -0.02945 -0.41715
   0.04502 -0.03011 -0.41000
   0.04822 -0.03078 -0.40372
   0.05165 -0.03148 -0.39993
   0.05533 -0.03220 -0.39505
   0.05925 -0.03293 -0.39156
   0.06344 -0.03368 -0.38638
   0.06789 -0.03445 -0.38394
   0.07262 -0.03522 -0.37876
   0.07761 -0.03600 -0.37694
   0.08288 -0.03679 -0.37323
   0.08842 -0.03758 -0.36964
   0.09419 -0.03836 -0.36629
   0.10019 -0.03914 -0.36396
   0.10638 -0.03991 -0.36282
   0.11276 -0.04065 -0.36160
   0.11929 -0.04138 -0.36058
   0.12594 -0.04208 -0.35900
   0.13272 -0.04276 -0.35771
   0.13959 -0.04340 -0.35605
   0.14656 -0.04401 -0.35274
   0.15362 -0.04460 -0.35081
   0.16075 -0.04515 -0.34669
   0.16794 -0.04567 -0.34423
   0.17519 -0.04616 -0.34067
   0.18248 -0.04663 -0.33848
   0.18981 -0.04706 -0.33612
   0.19717 -0.04747 -0.33455
   0.20456 -0.04785 -0.33019
   0.21197 -0.04820 -0.32915
   0.21942 -0.04852 -0.32486
   0.22690 -0.04882 -0.32211
   0.23441 -0.04909 -0.31722
   0.24195 -0.04934 -0.31495
   0.24951 -0.04956 -0.31276
   0.25708 -0.04977 -0.30935
   0.26468 -0.04995 -0.30791
   0.27229 -0.05011 -0.30352
   0.27991 -0.05024 -0.30195
   0.28756 -0.05036 -0.29840
   0.29522 -0.05046 -0.29634
   0.30289 -0.05054 -0.29435
   0.31057 -0.05060 -0.29213
   0.31825 -0.05064 -0.28983
   0.32595 -0.05066 -0.28812
   0.33364 -0.05066 -0.28652
   0.34135 -0.05065 -0.28460
   0.34906 -0.05061 -0.28280
   0.35677 -0.05056 -0.28089
   0.36448 -0.05048 -0.27917
   0.37219 -0.05039 -0.27755
   0.37990 -0.05028 -0.27543
   0.38761 -0.05015 -0.27405
   0.39532 -0.05001 -0.27264
   0.40302 -0.04984 -0.27122
   0.41072 -0.04966 -0.26909
   0.41842 -0.04945 -0.26842
   0.42610 -0.04923 -0.26700
   0.43378 -0.04899 -0.26622
   0.44144 -0.04873 -0.26404
   0.44910 -0.04845 -0.26343
   0.45674 -0.04815 -0.26185
   0.46437 -0.04783 -0.26109
   0.47199 -0.04749 -0.25935
   0.47960 -0.04713 -0.25745
   0.48720 -0.04674 -0.25610
   0.49478 -0.04634 -0.25434
   0.50235 -0.04590 -0.25191
   0.50991 -0.04545 -0.25064
   0.51745 -0.04497 -0.24799
   0.52498 -0.04447 -0.24552
   0.53250 -0.04395 -0.24337
   0.54000 -0.04340 -0.24076
   0.54749 -0.04282 -0.23789
   0.55497 -0.04222 -0.23472
   0.56243 -0.04159 -0.23104
   0.56987 -0.04093 -0.22767
   0.57730 -0.04025 -0.22395
   0.58471 -0.03954 -0.21978
   0.59210 -0.03881 -0.21556
   0.59948 -0.03804 -0.21110
   0.60683 -0.03724 -0.20648
   0.61417 -0.03642 -0.20021
   0.62149 -0.03556 -0.19546
   0.62879 -0.03468 -0.18816
   0.63608 -0.03376 -0.18244
   0.64335 -0.03281 -0.17428
   0.65061 -0.03183 -0.16715
   0.65786 -0.03081 -0.15856
   0.66510 -0.02976 -0.14963
   0.67232 -0.02867 -0.13982
   0.67954 -0.02755 -0.12969
   0.68676 -0.02640 -0.11911
   0.69397 -0.02520 -0.10787
   0.70117 -0.02398 -0.09508
   0.70838 -0.02271 -0.08233
   0.71559 -0.02141 -0.06880
   0.72281 -0.02007 -0.05441
   0.73004 -0.01870 -0.03964
   0.73728 -0.01729 -0.02350
   0.74453 -0.01584 -0.00590
   0.75180 -0.01436  0.01045
   0.75910 -0.01284  0.03047
   0.76642 -0.01128  0.04859
   0.77378 -0.00969  0.07041
   0.78118 -0.00807  0.08927
   0.78863 -0.00642  0.11278
   0.79611 -0.00475  0.13366
   0.80361 -0.00306  0.15810
   0.81108 -0.00138  0.18104
   0.81847  0.00029  0.20405
   0.82574  0.00191  0.22785
   0.83289  0.00348  0.24988
   0.83991  0.00499  0.27043
   0.84680  0.00644  0.29014
   0.85358  0.00782  0.30957
   0.86023  0.00913  0.32589
   0.86676  0.01036  0.34449
   0.87316  0.01151  0.35863
   0.87944  0.01258  0.37510
   0.88561  0.01356  0.38694
   0.89167  0.01445  0.39917
   0.89763  0.01526  0.40998
   0.90349  0.01599  0.41954
   0.90927  0.01663  0.42736
   0.91493  0.01718  0.43702
   0.92047  0.01765  0.44289
   0.92588  0.01803  0.45118
   0.93120  0.01832  0.45477
   0.93644  0.01853  0.45562
   0.94160  0.01868  0.45855
   0.94662  0.01876  0.46549
   0.95140  0.01879  0.48090
   0.95595  0.01872  0.49057
   0.96030  0.01853  0.49566
   0.96456  0.01820  0.48076
   0.96881  0.01775  0.45317
   0.97308  0.01723  0.42609
   0.97733  0.01672  0.41390
   0.98147  0.01621  0.42710
   0.98549  0.01562  0.43405
   0.98945  0.01488  0.38881
   0.99342  0.01406  0.32412
   0.99738  0.01325  0.29884
   1.00000  0.01271  0.25422
