GRUMMAN K-2 AIRFOIL                             
 Alfa =  -1.25400 Re =        0.000 Xflap,Yflap =     0.000000    0.000000
#    x        y        Cp  
   1.00000  0.01371  0.25420
   0.99740  0.01444  0.09918
   0.99329  0.01549  0.06142
   0.98889  0.01657  0.04604
   0.98423  0.01772  0.00566
   0.97929  0.01890 -0.02931
   0.97409  0.02011 -0.05530
   0.96867  0.02135 -0.08570
   0.96305  0.02259 -0.11226
   0.95727  0.02381 -0.13392
   0.95131  0.02502 -0.15487
   0.94520  0.02620 -0.16997
   0.93893  0.02735 -0.18306
   0.93253  0.02848 -0.19430
   0.92600  0.02957 -0.20149
   0.91932  0.03065 -0.20758
   0.91254  0.03170 -0.21454
   0.90568  0.03272 -0.22319
   0.89876  0.03372 -0.23064
   0.89181  0.03467 -0.23876
   0.88484  0.03559 -0.24474
   0.87782  0.03647 -0.24740
   0.87073  0.03731 -0.24854
   0.86355  0.03812 -0.24967
   0.85628  0.03891 -0.24845
   0.84891  0.03968 -0.24760
   0.84146  0.04044 -0.24757
   0.83396  0.04117 -0.24752
   0.82645  0.04190 -0.25325
   0.81896  0.04260 -0.25818
   0.81149  0.04327 -0.26177
   0.80402  0.04391 -0.26432
   0.79655  0.04452 -0.26677
   0.78909  0.04510 -0.26897
   0.78162  0.04565 -0.26972
   0.77414  0.04617 -0.26927
   0.76665  0.04666 -0.26967
   0.75914  0.04713 -0.26845
   0.75161  0.04756 -0.26665
   0.74405  0.04798 -0.26494
   0.73646  0.04837 -0.26203
   0.72884  0.04874 -0.25962
   0.72118  0.04909 -0.25676
   0.71350  0.04943 -0.25346
   0.70580  0.04974 -0.25167
   0.69806  0.05004 -0.24868
   0.69030  0.05033 -0.24663
   0.68252  0.05060 -0.24456
   0.67473  0.05086 -0.24279
   0.66693  0.05111 -0.24061
   0.65911  0.05135 -0.23938
   0.65129  0.05157 -0.23790
   0.64347  0.05178 -0.23587
   0.63563  0.05197 -0.23478
   0.62779  0.05216 -0.23328
   0.61994  0.05233 -0.23123
   0.61208  0.05249 -0.23073
   0.60421  0.05264 -0.22823
   0.59633  0.05278 -0.22741
   0.58846  0.05291 -0.22621
   0.58058  0.05303 -0.22560
   0.57270  0.05314 -0.22438
   0.56482  0.05324 -0.22349
   0.55693  0.05333 -0.22242
   0.54904  0.05340 -0.22178
   0.54115  0.05347 -0.22037
   0.53326  0.05353 -0.22004
   0.52537  0.05358 -0.21870
   0.51748  0.05361 -0.21781
   0.50958  0.05364 -0.21753
   0.50169  0.05366 -0.21593
   0.49380  0.05367 -0.21630
   0.48590  0.05367 -0.21465
   0.47801  0.05366 -0.21502
   0.47012  0.05363 -0.21401
   0.46224  0.05360 -0.21327
   0.45437  0.05356 -0.21267
   0.44650  0.05351 -0.21214
   0.43864  0.05345 -0.21105
   0.43079  0.05338 -0.21083
   0.42295  0.05330 -0.21053
   0.41514  0.05321 -0.21017
   0.40737  0.05312 -0.21081
   0.39966  0.05301 -0.21020
   0.39202  0.05289 -0.21142
   0.38445  0.05276 -0.20849
   0.37694  0.05262 -0.20586
   0.36954  0.05249 -0.20487
   0.36229  0.05236 -0.21201
   0.35524  0.05223 -0.22285
   0.34842  0.05207 -0.23206
   0.34179  0.05185 -0.22328
   0.33530  0.05159 -0.19634
   0.32892  0.05132 -0.16963
   0.32258  0.05111 -0.15592
   0.31625  0.05098 -0.17225
   0.30988  0.05089 -0.20157
   0.30343  0.05078 -0.22886
   0.29682  0.05061 -0.23115
   0.29002  0.05037 -0.21870
   0.28299  0.05009 -0.20687
   0.27579  0.04982 -0.20556
   0.26847  0.04954 -0.20961
   0.26108  0.04924 -0.21153
   0.25361  0.04892 -0.21038
   0.24607  0.04858 -0.21040
   0.23850  0.04823 -0.21137
   0.23092  0.04786 -0.21178
   0.22333  0.04747 -0.21255
   0.21574  0.04707 -0.21304
   0.20817  0.04664 -0.21480
   0.20063  0.04620 -0.21526
   0.19311  0.04574 -0.21601
   0.18563  0.04526 -0.21911
   0.17820  0.04475 -0.21878
   0.17081  0.04423 -0.22000
   0.16349  0.04368 -0.22234
   0.15624  0.04311 -0.22233
   0.14907  0.04251 -0.22469
   0.14200  0.04189 -0.22527
   0.13503  0.04125 -0.22620
   0.12818  0.04059 -0.22690
   0.12147  0.03990 -0.22709
   0.11493  0.03919 -0.22703
   0.10856  0.03847 -0.22701
   0.10240  0.03773 -0.22650
   0.09647  0.03699 -0.22738
   0.09078  0.03624 -0.22900
   0.08537  0.03550 -0.22756
   0.08024  0.03476 -0.23270
   0.07540  0.03403 -0.23434
   0.07085  0.03331 -0.23797
   0.06658  0.03261 -0.25046
   0.06257  0.03190 -0.25107
   0.05879  0.03120 -0.26202
   0.05523  0.03050 -0.26602
   0.05189  0.02978 -0.26398
   0.04873  0.02906 -0.25769
   0.04574  0.02833 -0.24664
   0.04291  0.02760 -0.23719
   0.04024  0.02687 -0.22219
   0.03771  0.02615 -0.20999
   0.03531  0.02543 -0.20188
   0.03305  0.02471 -0.17707
   0.03089  0.02399 -0.14698
   0.02884  0.02329 -0.12327
   0.02688  0.02260 -0.10756
   0.02502  0.02195 -0.10547
   0.02326  0.02131 -0.10346
   0.02159  0.02067 -0.10195
   0.02000  0.02005 -0.09574
   0.01849  0.01942 -0.08482
   0.01706  0.01880 -0.06658
   0.01569  0.01817 -0.04002
   0.01439  0.01754 -0.01762
   0.01314  0.01692  0.00576
   0.01194  0.01630  0.02627
   0.01080  0.01568  0.04555
   0.00971  0.01507  0.06383
   0.00867  0.01445  0.08878
   0.00767  0.01383  0.10603
   0.00672  0.01321  0.13002
   0.00581  0.01258  0.14989
   0.00495  0.01194  0.18014
   0.00414  0.01128  0.20310
   0.00338  0.01061  0.23041
   0.00268  0.00990  0.26331
   0.00207  0.00914  0.37149
   0.00154  0.00835  0.45971
   0.00111  0.00752  0.57596
   0.00078  0.00665  0.70449
   0.00053  0.00577  0.80723
   0.00035  0.00489  0.88091
   0.00022  0.00400  0.93015
   0.00012  0.00312  0.96548
   0.00005  0.00224  0.98594
   0.00001  0.00137  0.99710
  -0.00000  0.00051  0.99989
   0.00001 -0.00034  0.99523
   0.00004 -0.00120  0.98321
   0.00010 -0.00206  0.96345
   0.00020 -0.00292  0.94732
   0.00027 -0.00380  0.90262
   0.00039 -0.00468  0.86931
   0.00054 -0.00556  0.82056
   0.00072 -0.00645  0.76130
   0.00092 -0.00735  0.69572
   0.00115 -0.00824  0.61873
   0.00142 -0.00914  0.52086
   0.00173 -0.01004  0.41238
   0.00207 -0.01094  0.28889
   0.00247 -0.01182  0.11470
   0.00292 -0.01269  0.03387
   0.00342 -0.01356 -0.31032
   0.00402 -0.01437 -0.37280
   0.00470 -0.01514 -0.48129
   0.00546 -0.01587 -0.51684
   0.00629 -0.01657 -0.54648
   0.00717 -0.01724 -0.55802
   0.00811 -0.01789 -0.57368
   0.00910 -0.01851 -0.57214
   0.01015 -0.01912 -0.56822
   0.01125 -0.01971 -0.56820
   0.01240 -0.02029 -0.56064
   0.01361 -0.02086 -0.55459
   0.01488 -0.02142 -0.54699
   0.01621 -0.02198 -0.53220
   0.01761 -0.02253 -0.52418
   0.01908 -0.02307 -0.50831
   0.02063 -0.02362 -0.50314
   0.02226 -0.02417 -0.49015
   0.02397 -0.02472 -0.47491
   0.02579 -0.02528 -0.46745
   0.02770 -0.02584 -0.45691
   0.02973 -0.02641 -0.44898
   0.03189 -0.02700 -0.44111
   0.03419 -0.02759 -0.43459
   0.03663 -0.02820 -0.42374
   0.03924 -0.02882 -0.41708
   0.04203 -0.02945 -0.40619
   0.04502 -0.03011 -0.39943
   0.04822 -0.03078 -0.39352
   0.05165 -0.03148 -0.39008
   0.05533 -0.03220 -0.38554
   0.05925 -0.03293 -0.38238
   0.06344 -0.03368 -0.37753
   0.06789 -0.03445 -0.37539
   0.07262 -0.03522 -0.37051
   0.07761 -0.03600 -0.36897
   0.08288 -0.03679 -0.36554
   0.08842 -0.03758 -0.36221
   0.09419 -0.03836 -0.35911
   0.10019 -0.03914 -0.35702
   0.10638 -0.03991 -0.35610
   0.11276 -0.04065 -0.35509
   0.11929 -0.04138 -0.35427
   0.12594 -0.04208 -0.35288
   0.13272 -0.04276 -0.35176
   0.13959 -0.04340 -0.35028
   0.14656 -0.04401 -0.34713
   0.15362 -0.04460 -0.34536
   0.16075 -0.04515 -0.34140
   0.16794 -0.04567 -0.33908
   0.17519 -0.04616 -0.33566
   0.18248 -0.04663 -0.33360
   0.18981 -0.04706 -0.33135
   0.19717 -0.04747 -0.32990
   0.20456 -0.04785 -0.32565
   0.21197 -0.04820 -0.32472
   0.21942 -0.04852 -0.32054
   0.22690 -0.04882 -0.31789
   0.23441 -0.04909 -0.31310
   0.24195 -0.04934 -0.31092
   0.24951 -0.04956 -0.30881
   0.25708 -0.04977 -0.30549
   0.26468 -0.04995 -0.30413
   0.27229 -0.05011 -0.29982
   0.27991 -0.05024 -0.29833
   0.28756 -0.05036 -0.29485
   0.29522 -0.05046 -0.29286
   0.30289 -0.05054 -0.29094
   0.31057 -0.05060 -0.28879
   0.31825 -0.05064 -0.28655
   0.32595 -0.05066 -0.28491
   0.33364 -0.05066 -0.28336
   0.34135 -0.05065 -0.28150
   0.34906 -0.05061 -0.27976
   0.35677 -0.05056 -0.27791
   0.36448 -0.05048 -0.27624
   0.37219 -0.05039 -0.27467
   0.37990 -0.05028 -0.27261
   0.38761 -0.05015 -0.27127
   0.39532 -0.05001 -0.26992
   0.40302 -0.04984 -0.26854
   0.41072 -0.04966 -0.26645
   0.41842 -0.04945 -0.26583
   0.42610 -0.04923 -0.26445
   0.43378 -0.04899 -0.26371
   0.44144 -0.04873 -0.26158
   0.44910 -0.04845 -0.26101
   0.45674 -0.04815 -0.25948
   0.46437 -0.04783 -0.25875
   0.47199 -0.04749 -0.25705
   0.47960 -0.04713 -0.25519
   0.48720 -0.04674 -0.25388
   0.49478 -0.04634 -0.25216
   0.50235 -0.04590 -0.24977
   0.50991 -0.04545 -0.24854
   0.51745 -0.04497 -0.24591
   0.52498 -0.04447 -0.24349
   0.53250 -0.04395 -0.24137
   0.54000 -0.04340 -0.23880
   0.54749 -0.04282 -0.23596
   0.55497 -0.04222 -0.23283
   0.56243 -0.04159 -0.22919
   0.56987 -0.04093 -0.22585
   0.57730 -0.04025 -0.22217
   0.58471 -0.03954 -0.21804
   0.59210 -0.03881 -0.21384
   0.59948 -0.03804 -0.20942
   0.60683 -0.03724 -0.20483
   0.61417 -0.03642 -0.19859
   0.62149 -0.03556 -0.19388
   0.62879 -0.03468 -0.18662
   0.63608 -0.03376 -0.18094
   0.64335 -0.03281 -0.17280
   0.65061 -0.03183 -0.16571
   0.65786 -0.03081 -0.15716
   0.66510 -0.02976 -0.14826
   0.67232 -0.02867 -0.13849
   0.67954 -0.02755 -0.12840
   0.68676 -0.02640 -0.11784
   0.69397 -0.02520 -0.10664
   0.70117 -0.02398 -0.09389
   0.70838 -0.02271 -0.08118
   0.71559 -0.02141 -0.06769
   0.72281 -0.02007 -0.05333
   0.73004 -0.01870 -0.03859
   0.73728 -0.01729 -0.02249
   0.74453 -0.01584 -0.00494
   0.75180 -0.01436  0.01138
   0.75910 -0.01284  0.03137
   0.76642 -0.01128  0.04944
   0.77378 -0.00969  0.07122
   0.78118 -0.00807  0.09006
   0.78863 -0.00642  0.11353
   0.79611 -0.00475  0.13437
   0.80361 -0.00306  0.15877
   0.81108 -0.00138  0.18168
   0.81847  0.00029  0.20466
   0.82574  0.00191  0.22842
   0.83289  0.00348  0.25042
   0.83991  0.00499  0.27093
   0.84680  0.00644  0.29062
   0.85358  0.00782  0.31003
   0.86023  0.00913  0.32632
   0.86676  0.01036  0.34490
   0.87316  0.01151  0.35903
   0.87944  0.01258  0.37547
   0.88561  0.01356  0.38729
   0.89167  0.01445  0.39951
   0.89763  0.01526  0.41030
   0.90349  0.01599  0.41985
   0.90927  0.01663  0.42766
   0.91493  0.01718  0.43729
   0.92047  0.01765  0.44317
   0.92588  0.01803  0.45142
   0.93120  0.01832  0.45502
   0.93644  0.01853  0.45585
   0.94160  0.01868  0.45877
   0.94662  0.01876  0.46571
   0.95140  0.01879  0.48109
   0.95595  0.01872  0.49076
   0.96030  0.01853  0.49584
   0.96456  0.01820  0.48092
   0.96881  0.01775  0.45335
   0.97308  0.01723  0.42626
   0.97733  0.01672  0.41407
   0.98147  0.01621  0.42724
   0.98549  0.01562  0.43418
   0.98945  0.01488  0.38894
   0.99342  0.01406  0.32424
   0.99738  0.01325  0.29894
   1.00000  0.01271  0.25420
