GRUMMAN K-2 AIRFOIL                             
 Alfa =  -1.09000 Re =        0.000 Xflap,Yflap =     0.000000    0.000000
#    x        y        Cp  
   1.00000  0.01371  0.25412
   0.99740  0.01444  0.09897
   0.99329  0.01549  0.06114
   0.98889  0.01657  0.04557
   0.98423  0.01772  0.00501
   0.97929  0.01890 -0.03006
   0.97409  0.02011 -0.05613
   0.96867  0.02135 -0.08672
   0.96305  0.02259 -0.11337
   0.95727  0.02381 -0.13514
   0.95131  0.02502 -0.15625
   0.94520  0.02620 -0.17147
   0.93893  0.02735 -0.18467
   0.93253  0.02848 -0.19603
   0.92600  0.02957 -0.20329
   0.91932  0.03065 -0.20954
   0.91254  0.03170 -0.21655
   0.90568  0.03272 -0.22536
   0.89876  0.03372 -0.23286
   0.89181  0.03467 -0.24113
   0.88484  0.03559 -0.24721
   0.87782  0.03647 -0.24994
   0.87073  0.03731 -0.25119
   0.86355  0.03812 -0.25243
   0.85628  0.03891 -0.25123
   0.84891  0.03968 -0.25054
   0.84146  0.04044 -0.25055
   0.83396  0.04117 -0.25062
   0.82645  0.04190 -0.25642
   0.81896  0.04260 -0.26148
   0.81149  0.04327 -0.26517
   0.80402  0.04391 -0.26777
   0.79655  0.04452 -0.27037
   0.78909  0.04510 -0.27257
   0.78162  0.04565 -0.27350
   0.77414  0.04617 -0.27309
   0.76665  0.04666 -0.27362
   0.75914  0.04713 -0.27245
   0.75161  0.04756 -0.27074
   0.74405  0.04798 -0.26907
   0.73646  0.04837 -0.26629
   0.72884  0.04874 -0.26392
   0.72118  0.04909 -0.26115
   0.71350  0.04943 -0.25794
   0.70580  0.04974 -0.25622
   0.69806  0.05004 -0.25326
   0.69030  0.05033 -0.25136
   0.68252  0.05060 -0.24932
   0.67473  0.05086 -0.24767
   0.66693  0.05111 -0.24554
   0.65911  0.05135 -0.24438
   0.65129  0.05157 -0.24303
   0.64347  0.05178 -0.24106
   0.63563  0.05197 -0.24005
   0.62779  0.05216 -0.23864
   0.61994  0.05233 -0.23669
   0.61208  0.05249 -0.23624
   0.60421  0.05264 -0.23384
   0.59633  0.05278 -0.23313
   0.58846  0.05291 -0.23201
   0.58058  0.05303 -0.23149
   0.57270  0.05314 -0.23035
   0.56482  0.05324 -0.22955
   0.55693  0.05333 -0.22858
   0.54904  0.05340 -0.22804
   0.54115  0.05347 -0.22672
   0.53326  0.05353 -0.22650
   0.52537  0.05358 -0.22524
   0.51748  0.05361 -0.22447
   0.50958  0.05364 -0.22428
   0.50169  0.05366 -0.22278
   0.49380  0.05367 -0.22327
   0.48590  0.05367 -0.22170
   0.47801  0.05366 -0.22220
   0.47012  0.05363 -0.22129
   0.46224  0.05360 -0.22068
   0.45437  0.05356 -0.22018
   0.44650  0.05351 -0.21977
   0.43864  0.05345 -0.21879
   0.43079  0.05338 -0.21871
   0.42295  0.05330 -0.21852
   0.41514  0.05321 -0.21829
   0.40737  0.05312 -0.21906
   0.39966  0.05301 -0.21860
   0.39202  0.05289 -0.21994
   0.38445  0.05276 -0.21715
   0.37694  0.05262 -0.21462
   0.36954  0.05249 -0.21376
   0.36229  0.05236 -0.22109
   0.35524  0.05223 -0.23217
   0.34842  0.05207 -0.24156
   0.34179  0.05185 -0.23288
   0.33530  0.05159 -0.20586
   0.32892  0.05132 -0.17906
   0.32258  0.05111 -0.16538
   0.31625  0.05098 -0.18197
   0.30988  0.05089 -0.21169
   0.30343  0.05078 -0.23938
   0.29682  0.05061 -0.24183
   0.29002  0.05037 -0.22947
   0.28299  0.05009 -0.21770
   0.27579  0.04982 -0.21659
   0.26847  0.04954 -0.22087
   0.26108  0.04924 -0.22301
   0.25361  0.04892 -0.22210
   0.24607  0.04858 -0.22235
   0.23850  0.04823 -0.22357
   0.23092  0.04786 -0.22425
   0.22333  0.04747 -0.22529
   0.21574  0.04707 -0.22606
   0.20817  0.04664 -0.22815
   0.20063  0.04620 -0.22891
   0.19311  0.04574 -0.23000
   0.18563  0.04526 -0.23348
   0.17820  0.04475 -0.23350
   0.17081  0.04423 -0.23512
   0.16349  0.04368 -0.23788
   0.15624  0.04311 -0.23829
   0.14907  0.04251 -0.24113
   0.14200  0.04189 -0.24219
   0.13503  0.04125 -0.24362
   0.12818  0.04059 -0.24485
   0.12147  0.03990 -0.24559
   0.11493  0.03919 -0.24612
   0.10856  0.03847 -0.24672
   0.10240  0.03773 -0.24683
   0.09647  0.03699 -0.24840
   0.09078  0.03624 -0.25075
   0.08537  0.03550 -0.25003
   0.08024  0.03476 -0.25600
   0.07540  0.03403 -0.25848
   0.07085  0.03331 -0.26299
   0.06658  0.03261 -0.27659
   0.06257  0.03190 -0.27807
   0.05879  0.03120 -0.29018
   0.05523  0.03050 -0.29521
   0.05189  0.02978 -0.29411
   0.04873  0.02906 -0.28867
   0.04574  0.02833 -0.27839
   0.04291  0.02760 -0.26977
   0.04024  0.02687 -0.25546
   0.03771  0.02615 -0.24406
   0.03531  0.02543 -0.23690
   0.03305  0.02471 -0.21254
   0.03089  0.02399 -0.18278
   0.02884  0.02329 -0.15952
   0.02688  0.02260 -0.14460
   0.02502  0.02195 -0.14374
   0.02326  0.02131 -0.14307
   0.02159  0.02067 -0.14295
   0.02000  0.02005 -0.13806
   0.01849  0.01942 -0.12838
   0.01706  0.01880 -0.11109
   0.01569  0.01817 -0.08524
   0.01439  0.01754 -0.06368
   0.01314  0.01692 -0.04123
   0.01194  0.01630 -0.02186
   0.01080  0.01568 -0.00387
   0.00971  0.01507  0.01303
   0.00867  0.01445  0.03666
   0.00767  0.01383  0.05218
   0.00672  0.01321  0.07440
   0.00581  0.01258  0.09214
   0.00495  0.01194  0.12041
   0.00414  0.01128  0.14073
   0.00338  0.01061  0.16480
   0.00268  0.00990  0.19442
   0.00207  0.00914  0.30585
   0.00154  0.00835  0.39604
   0.00111  0.00752  0.51827
   0.00078  0.00665  0.65721
   0.00053  0.00577  0.77007
   0.00035  0.00489  0.85241
   0.00022  0.00400  0.90859
   0.00012  0.00312  0.95026
   0.00005  0.00224  0.97594
   0.00001  0.00137  0.99194
  -0.00000  0.00051  0.99936
   0.00001 -0.00034  0.99885
   0.00004 -0.00120  0.99107
   0.00010 -0.00206  0.97582
   0.00020 -0.00292  0.96127
   0.00027 -0.00380  0.92370
   0.00039 -0.00468  0.89307
   0.00054 -0.00556  0.84875
   0.00072 -0.00645  0.79415
   0.00092 -0.00735  0.73308
   0.00115 -0.00824  0.66090
   0.00142 -0.00914  0.56873
   0.00173 -0.01004  0.46611
   0.00207 -0.01094  0.34852
   0.00247 -0.01182  0.18304
   0.00292 -0.01269  0.10324
   0.00342 -0.01356 -0.22291
   0.00402 -0.01437 -0.28769
   0.00470 -0.01514 -0.39493
   0.00546 -0.01587 -0.43371
   0.00629 -0.01657 -0.46622
   0.00717 -0.01724 -0.48126
   0.00811 -0.01789 -0.49981
   0.00910 -0.01851 -0.50153
   0.01015 -0.01912 -0.50076
   0.01125 -0.01971 -0.50348
   0.01240 -0.02029 -0.49864
   0.01361 -0.02086 -0.49510
   0.01488 -0.02142 -0.48993
   0.01621 -0.02198 -0.47760
   0.01761 -0.02253 -0.47174
   0.01908 -0.02307 -0.45801
   0.02063 -0.02362 -0.45470
   0.02226 -0.02417 -0.44360
   0.02397 -0.02472 -0.43022
   0.02579 -0.02528 -0.42440
   0.02770 -0.02584 -0.41543
   0.02973 -0.02641 -0.40898
   0.03189 -0.02700 -0.40253
   0.03419 -0.02759 -0.39736
   0.03663 -0.02820 -0.38788
   0.03924 -0.02882 -0.38248
   0.04203 -0.02945 -0.37289
   0.04502 -0.03011 -0.36731
   0.04822 -0.03078 -0.36253
   0.05165 -0.03148 -0.36014
   0.05533 -0.03220 -0.35664
   0.05925 -0.03293 -0.35447
   0.06344 -0.03368 -0.35060
   0.06789 -0.03445 -0.34938
   0.07262 -0.03522 -0.34541
   0.07761 -0.03600 -0.34472
   0.08288 -0.03679 -0.34213
   0.08842 -0.03758 -0.33960
   0.09419 -0.03836 -0.33727
   0.10019 -0.03914 -0.33589
   0.10638 -0.03991 -0.33564
   0.11276 -0.04065 -0.33526
   0.11929 -0.04138 -0.33503
   0.12594 -0.04208 -0.33421
   0.13272 -0.04276 -0.33364
   0.13959 -0.04340 -0.33268
   0.14656 -0.04401 -0.33003
   0.15362 -0.04460 -0.32874
   0.16075 -0.04515 -0.32524
   0.16794 -0.04567 -0.32335
   0.17519 -0.04616 -0.32035
   0.18248 -0.04663 -0.31868
   0.18981 -0.04706 -0.31680
   0.19717 -0.04747 -0.31571
   0.20456 -0.04785 -0.31180
   0.21197 -0.04820 -0.31119
   0.21942 -0.04852 -0.30733
   0.22690 -0.04882 -0.30499
   0.23441 -0.04909 -0.30050
   0.24195 -0.04934 -0.29861
   0.24951 -0.04956 -0.29675
   0.25708 -0.04977 -0.29370
   0.26468 -0.04995 -0.29259
   0.27229 -0.05011 -0.28852
   0.27991 -0.05024 -0.28727
   0.28756 -0.05036 -0.28401
   0.29522 -0.05046 -0.28224
   0.30289 -0.05054 -0.28053
   0.31057 -0.05060 -0.27859
   0.31825 -0.05064 -0.27652
   0.32595 -0.05066 -0.27509
   0.33364 -0.05066 -0.27371
   0.34135 -0.05065 -0.27204
   0.34906 -0.05061 -0.27046
   0.35677 -0.05056 -0.26879
   0.36448 -0.05048 -0.26730
   0.37219 -0.05039 -0.26585
   0.37990 -0.05028 -0.26399
   0.38761 -0.05015 -0.26277
   0.39532 -0.05001 -0.26158
   0.40302 -0.04984 -0.26034
   0.41072 -0.04966 -0.25839
   0.41842 -0.04945 -0.25791
   0.42610 -0.04923 -0.25667
   0.43378 -0.04899 -0.25606
   0.44144 -0.04873 -0.25404
   0.44910 -0.04845 -0.25363
   0.45674 -0.04815 -0.25220
   0.46437 -0.04783 -0.25160
   0.47199 -0.04749 -0.25002
   0.47960 -0.04713 -0.24827
   0.48720 -0.04674 -0.24709
   0.49478 -0.04634 -0.24547
   0.50235 -0.04590 -0.24320
   0.50991 -0.04545 -0.24211
   0.51745 -0.04497 -0.23955
   0.52498 -0.04447 -0.23727
   0.53250 -0.04395 -0.23525
   0.54000 -0.04340 -0.23280
   0.54749 -0.04282 -0.23006
   0.55497 -0.04222 -0.22703
   0.56243 -0.04159 -0.22352
   0.56987 -0.04093 -0.22027
   0.57730 -0.04025 -0.21669
   0.58471 -0.03954 -0.21269
   0.59210 -0.03881 -0.20858
   0.59948 -0.03804 -0.20427
   0.60683 -0.03724 -0.19977
   0.61417 -0.03642 -0.19365
   0.62149 -0.03556 -0.18904
   0.62879 -0.03468 -0.18190
   0.63608 -0.03376 -0.17632
   0.64335 -0.03281 -0.16827
   0.65061 -0.03183 -0.16131
   0.65786 -0.03081 -0.15285
   0.66510 -0.02976 -0.14406
   0.67232 -0.02867 -0.13442
   0.67954 -0.02755 -0.12444
   0.68676 -0.02640 -0.11395
   0.69397 -0.02520 -0.10289
   0.70117 -0.02398 -0.09024
   0.70838 -0.02271 -0.07766
   0.71559 -0.02141 -0.06428
   0.72281 -0.02007 -0.05001
   0.73004 -0.01870 -0.03537
   0.73728 -0.01729 -0.01940
   0.74453 -0.01584 -0.00200
   0.75180 -0.01436  0.01426
   0.75910 -0.01284  0.03413
   0.76642 -0.01128  0.05205
   0.77378 -0.00969  0.07373
   0.78118 -0.00807  0.09247
   0.78863 -0.00642  0.11583
   0.79611 -0.00475  0.13654
   0.80361 -0.00306  0.16084
   0.81108 -0.00138  0.18363
   0.81847  0.00029  0.20654
   0.82574  0.00191  0.23017
   0.83289  0.00348  0.25208
   0.83991  0.00499  0.27250
   0.84680  0.00644  0.29211
   0.85358  0.00782  0.31146
   0.86023  0.00913  0.32766
   0.86676  0.01036  0.34615
   0.87316  0.01151  0.36028
   0.87944  0.01258  0.37660
   0.88561  0.01356  0.38838
   0.89167  0.01445  0.40055
   0.89763  0.01526  0.41127
   0.90349  0.01599  0.42081
   0.90927  0.01663  0.42856
   0.91493  0.01718  0.43812
   0.92047  0.01765  0.44403
   0.92588  0.01803  0.45218
   0.93120  0.01832  0.45578
   0.93644  0.01853  0.45656
   0.94160  0.01868  0.45944
   0.94662  0.01876  0.46641
   0.95140  0.01879  0.48168
   0.95595  0.01872  0.49135
   0.96030  0.01853  0.49640
   0.96456  0.01820  0.48144
   0.96881  0.01775  0.45390
   0.97308  0.01723  0.42679
   0.97733  0.01672  0.41458
   0.98147  0.01621  0.42768
   0.98549  0.01562  0.43456
   0.98945  0.01488  0.38934
   0.99342  0.01406  0.32464
   0.99738  0.01325  0.29926
   1.00000  0.01271  0.25412
