GRUMMAN K-2 AIRFOIL                             
 Alfa =  -1.29880 Re =        0.000 Xflap,Yflap =     0.000000    0.000000
#    x        y        Cp  
   1.00000  0.01371  0.25220
   0.99739  0.01444  0.09672
   0.99327  0.01550  0.06271
   0.98886  0.01658  0.04432
   0.98418  0.01773  0.00263
   0.97923  0.01891 -0.02690
   0.97401  0.02013 -0.05694
   0.96856  0.02137 -0.08479
   0.96293  0.02261 -0.11261
   0.95713  0.02384 -0.13566
   0.95115  0.02505 -0.15438
   0.94501  0.02623 -0.16959
   0.93873  0.02739 -0.18318
   0.93231  0.02852 -0.19417
   0.92575  0.02962 -0.20152
   0.91905  0.03069 -0.20721
   0.91224  0.03174 -0.21444
   0.90536  0.03277 -0.22308
   0.89842  0.03376 -0.23054
   0.89145  0.03472 -0.23836
   0.88446  0.03564 -0.24371
   0.87741  0.03652 -0.24777
   0.87030  0.03736 -0.24827
   0.86310  0.03817 -0.24821
   0.85580  0.03897 -0.24780
   0.84840  0.03974 -0.24698
   0.84093  0.04049 -0.24708
   0.83341  0.04123 -0.24752
   0.82588  0.04195 -0.25210
   0.81837  0.04265 -0.25805
   0.81087  0.04332 -0.26062
   0.80338  0.04396 -0.26388
   0.79590  0.04457 -0.26638
   0.78841  0.04515 -0.26740
   0.78092  0.04570 -0.26895
   0.77342  0.04622 -0.26863
   0.76591  0.04671 -0.26866
   0.75838  0.04717 -0.26746
   0.75082  0.04761 -0.26618
   0.74324  0.04802 -0.26229
   0.73562  0.04841 -0.26097
   0.72798  0.04878 -0.25763
   0.72030  0.04913 -0.25543
   0.71260  0.04946 -0.25261
   0.70486  0.04978 -0.25000
   0.69710  0.05008 -0.24726
   0.68932  0.05037 -0.24504
   0.68152  0.05064 -0.24271
   0.67370  0.05090 -0.24174
   0.66588  0.05114 -0.23894
   0.65804  0.05138 -0.23782
   0.65020  0.05160 -0.23602
   0.64235  0.05180 -0.23438
   0.63449  0.05200 -0.23350
   0.62662  0.05218 -0.23122
   0.61875  0.05235 -0.23006
   0.61086  0.05251 -0.22844
   0.60297  0.05266 -0.22661
   0.59508  0.05280 -0.22594
   0.58718  0.05293 -0.22502
   0.57928  0.05305 -0.22363
   0.57138  0.05316 -0.22249
   0.56347  0.05325 -0.22159
   0.55556  0.05334 -0.22102
   0.54765  0.05342 -0.21966
   0.53974  0.05348 -0.21855
   0.53183  0.05354 -0.21768
   0.52391  0.05358 -0.21736
   0.51600  0.05362 -0.21581
   0.50808  0.05365 -0.21559
   0.50017  0.05366 -0.21454
   0.49225  0.05367 -0.21342
   0.48434  0.05366 -0.21335
   0.47642  0.05365 -0.21244
   0.46852  0.05363 -0.21194
   0.46062  0.05360 -0.21084
   0.45272  0.05355 -0.21135
   0.44483  0.05350 -0.20962
   0.43695  0.05344 -0.20918
   0.42908  0.05336 -0.20830
   0.42122  0.05328 -0.20841
   0.41340  0.05319 -0.20763
   0.40562  0.05309 -0.20869
   0.39791  0.05299 -0.20837
   0.39026  0.05286 -0.20864
   0.38268  0.05273 -0.20617
   0.37518  0.05259 -0.20263
   0.36779  0.05245 -0.20360
   0.36056  0.05233 -0.21148
   0.35355  0.05219 -0.22313
   0.34675  0.05202 -0.22988
   0.34015  0.05179 -0.21498
   0.33367  0.05152 -0.18670
   0.32729  0.05126 -0.16137
   0.32094  0.05107 -0.15431
   0.31459  0.05095 -0.17730
   0.30818  0.05086 -0.20758
   0.30168  0.05074 -0.22915
   0.29501  0.05055 -0.22526
   0.28812  0.05029 -0.21182
   0.28102  0.05002 -0.20242
   0.27376  0.04974 -0.20430
   0.26640  0.04946 -0.20710
   0.25896  0.04915 -0.20798
   0.25145  0.04883 -0.20772
   0.24388  0.04848 -0.20738
   0.23629  0.04812 -0.20801
   0.22868  0.04775 -0.20862
   0.22107  0.04735 -0.20962
   0.21346  0.04694 -0.20997
   0.20588  0.04651 -0.21108
   0.19832  0.04606 -0.21181
   0.19079  0.04559 -0.21318
   0.18331  0.04510 -0.21516
   0.17587  0.04459 -0.21471
   0.16848  0.04405 -0.21750
   0.16116  0.04350 -0.21776
   0.15392  0.04292 -0.21860
   0.14676  0.04231 -0.22120
   0.13969  0.04168 -0.22012
   0.13274  0.04103 -0.22215
   0.12592  0.04036 -0.22174
   0.11925  0.03966 -0.22230
   0.11274  0.03895 -0.22174
   0.10643  0.03821 -0.22144
   0.10032  0.03747 -0.22193
   0.09446  0.03673 -0.22125
   0.08886  0.03598 -0.22311
   0.08353  0.03523 -0.22348
   0.07849  0.03450 -0.22620
   0.07373  0.03377 -0.23107
   0.06927  0.03305 -0.23242
   0.06509  0.03235 -0.24427
   0.06115  0.03165 -0.24864
   0.05745  0.03095 -0.25547
   0.05396  0.03023 -0.25912
   0.05068  0.02952 -0.25414
   0.04758  0.02879 -0.24564
   0.04465  0.02805 -0.23467
   0.04187  0.02732 -0.22259
   0.03925  0.02659 -0.20785
   0.03676  0.02587 -0.19855
   0.03441  0.02515 -0.18356
   0.03218  0.02442 -0.15601
   0.03006  0.02371 -0.12793
   0.02804  0.02301 -0.10475
   0.02612  0.02234 -0.09654
   0.02429  0.02168 -0.09475
   0.02256  0.02105 -0.09100
   0.02092  0.02042 -0.08908
   0.01936  0.01979 -0.08132
   0.01788  0.01916 -0.06592
   0.01648  0.01853 -0.04423
   0.01513  0.01790 -0.01826
   0.01385  0.01728  0.00488
   0.01262  0.01665  0.02956
   0.01145  0.01603  0.04495
   0.01032  0.01542  0.06552
   0.00925  0.01480  0.09088
   0.00822  0.01418  0.10708
   0.00724  0.01356  0.13470
   0.00631  0.01293  0.15338
   0.00542  0.01229  0.17645
   0.00458  0.01164  0.20823
   0.00379  0.01098  0.23045
   0.00305  0.01029  0.26410
   0.00239  0.00956  0.30931
   0.00182  0.00878  0.44902
   0.00133  0.00797  0.51545
   0.00094  0.00712  0.65455
   0.00065  0.00624  0.76624
   0.00044  0.00536  0.85445
   0.00028  0.00447  0.91214
   0.00016  0.00358  0.95407
   0.00008  0.00270  0.97892
   0.00003  0.00182  0.99406
   0.00000  0.00095  0.99988
  -0.00000  0.00009  0.99753
   0.00003 -0.00076  0.98875
   0.00006 -0.00163  0.97003
   0.00015 -0.00249  0.95352
   0.00023 -0.00336  0.92051
   0.00032 -0.00424  0.88024
   0.00047 -0.00512  0.83839
   0.00063 -0.00601  0.78340
   0.00082 -0.00691  0.71983
   0.00104 -0.00781  0.64708
   0.00129 -0.00871  0.55533
   0.00157 -0.00961  0.45274
   0.00190 -0.01051  0.33554
   0.00227 -0.01140  0.18239
   0.00270 -0.01228  0.05333
   0.00318 -0.01315 -0.15645
   0.00373 -0.01400 -0.38783
   0.00438 -0.01479 -0.46057
   0.00511 -0.01554 -0.52867
   0.00590 -0.01626 -0.55524
   0.00676 -0.01694 -0.57470
   0.00768 -0.01760 -0.58636
   0.00865 -0.01823 -0.59059
   0.00967 -0.01885 -0.59620
   0.01075 -0.01945 -0.58086
   0.01188 -0.02004 -0.58553
   0.01307 -0.02061 -0.57229
   0.01432 -0.02118 -0.56588
   0.01563 -0.02174 -0.55687
   0.01700 -0.02229 -0.53914
   0.01845 -0.02284 -0.52958
   0.01996 -0.02339 -0.51930
   0.02156 -0.02394 -0.50731
   0.02324 -0.02449 -0.49393
   0.02502 -0.02504 -0.48289
   0.02690 -0.02561 -0.47386
   0.02888 -0.02618 -0.46280
   0.03099 -0.02676 -0.45409
   0.03324 -0.02735 -0.44737
   0.03563 -0.02795 -0.43763
   0.03818 -0.02857 -0.42920
   0.04090 -0.02920 -0.41990
   0.04382 -0.02985 -0.41106
   0.04694 -0.03052 -0.40353
   0.05029 -0.03121 -0.40080
   0.05388 -0.03192 -0.39429
   0.05772 -0.03265 -0.39150
   0.06181 -0.03340 -0.38685
   0.06618 -0.03416 -0.38281
   0.07081 -0.03493 -0.37948
   0.07572 -0.03571 -0.37591
   0.08090 -0.03650 -0.37272
   0.08636 -0.03729 -0.36999
   0.09206 -0.03808 -0.36642
   0.09799 -0.03886 -0.36303
   0.10414 -0.03963 -0.36259
   0.11047 -0.04039 -0.36033
   0.11696 -0.04113 -0.35984
   0.12360 -0.04184 -0.35873
   0.13035 -0.04253 -0.35736
   0.13721 -0.04318 -0.35542
   0.14417 -0.04381 -0.35302
   0.15121 -0.04440 -0.34994
   0.15834 -0.04497 -0.34720
   0.16553 -0.04550 -0.34431
   0.17278 -0.04600 -0.34123
   0.18008 -0.04648 -0.33807
   0.18742 -0.04692 -0.33652
   0.19479 -0.04734 -0.33368
   0.20219 -0.04773 -0.33156
   0.20962 -0.04809 -0.32774
   0.21707 -0.04842 -0.32586
   0.22456 -0.04873 -0.32188
   0.23208 -0.04901 -0.31833
   0.23964 -0.04926 -0.31463
   0.24721 -0.04950 -0.31265
   0.25481 -0.04971 -0.30995
   0.26241 -0.04990 -0.30725
   0.27004 -0.05006 -0.30426
   0.27768 -0.05021 -0.30189
   0.28534 -0.05033 -0.29866
   0.29302 -0.05043 -0.29635
   0.30071 -0.05052 -0.29406
   0.30841 -0.05058 -0.29209
   0.31611 -0.05063 -0.29040
   0.32382 -0.05066 -0.28820
   0.33154 -0.05066 -0.28580
   0.33927 -0.05065 -0.28480
   0.34699 -0.05062 -0.28220
   0.35472 -0.05057 -0.28087
   0.36246 -0.05051 -0.27920
   0.37019 -0.05042 -0.27766
   0.37793 -0.05031 -0.27521
   0.38566 -0.05019 -0.27435
   0.39339 -0.05004 -0.27239
   0.40111 -0.04988 -0.27084
   0.40883 -0.04970 -0.26913
   0.41655 -0.04951 -0.26824
   0.42426 -0.04929 -0.26679
   0.43196 -0.04905 -0.26579
   0.43965 -0.04880 -0.26426
   0.44733 -0.04852 -0.26318
   0.45499 -0.04823 -0.26199
   0.46265 -0.04791 -0.26026
   0.47029 -0.04757 -0.25935
   0.47793 -0.04721 -0.25748
   0.48555 -0.04683 -0.25584
   0.49315 -0.04642 -0.25418
   0.50075 -0.04600 -0.25261
   0.50833 -0.04555 -0.25001
   0.51589 -0.04507 -0.24839
   0.52345 -0.04458 -0.24556
   0.53099 -0.04405 -0.24362
   0.53851 -0.04351 -0.24051
   0.54603 -0.04293 -0.23804
   0.55353 -0.04234 -0.23536
   0.56101 -0.04171 -0.23119
   0.56848 -0.04106 -0.22824
   0.57593 -0.04038 -0.22420
   0.58337 -0.03967 -0.22028
   0.59078 -0.03894 -0.21625
   0.59818 -0.03818 -0.21133
   0.60556 -0.03738 -0.20671
   0.61292 -0.03656 -0.20150
   0.62026 -0.03571 -0.19554
   0.62759 -0.03483 -0.18961
   0.63490 -0.03391 -0.18202
   0.64220 -0.03296 -0.17601
   0.64948 -0.03198 -0.16785
   0.65674 -0.03097 -0.15982
   0.66400 -0.02992 -0.15054
   0.67125 -0.02883 -0.14101
   0.67849 -0.02772 -0.13131
   0.68572 -0.02656 -0.12008
   0.69295 -0.02537 -0.10930
   0.70018 -0.02415 -0.09628
   0.70741 -0.02288 -0.08398
   0.71464 -0.02159 -0.07060
   0.72188 -0.02025 -0.05564
   0.72912 -0.01888 -0.04160
   0.73638 -0.01747 -0.02466
   0.74365 -0.01602 -0.00898
   0.75094 -0.01453  0.00966
   0.75826 -0.01301  0.02762
   0.76560 -0.01146  0.04727
   0.77297 -0.00987  0.06690
   0.78039 -0.00825  0.08846
   0.78785 -0.00659  0.10958
   0.79535 -0.00492  0.13274
   0.80287 -0.00323  0.15559
   0.81037 -0.00154  0.17791
   0.81778  0.00013  0.20309
   0.82509  0.00176  0.22624
   0.83227  0.00334  0.24776
   0.83932  0.00486  0.26849
   0.84624  0.00632  0.28891
   0.85304  0.00771  0.30731
   0.85972  0.00903  0.32623
   0.86628  0.01027  0.34243
   0.87271  0.01143  0.35849
   0.87902  0.01251  0.37351
   0.88521  0.01350  0.38623
   0.89129  0.01440  0.39902
   0.89727  0.01522  0.40881
   0.90316  0.01595  0.41931
   0.90895  0.01659  0.42816
   0.91464  0.01715  0.43553
   0.92020  0.01763  0.44392
   0.92564  0.01802  0.44972
   0.93097  0.01831  0.45432
   0.93623  0.01853  0.45743
   0.94141  0.01867  0.45695
   0.94645  0.01876  0.46719
   0.95125  0.01879  0.47886
   0.95581  0.01873  0.49148
   0.96019  0.01854  0.49558
   0.96446  0.01821  0.48054
   0.96872  0.01776  0.45434
   0.97300  0.01724  0.42580
   0.97726  0.01672  0.41549
   0.98142  0.01621  0.42809
   0.98545  0.01563  0.43243
   0.98942  0.01489  0.38724
   0.99340  0.01406  0.32678
   0.99738  0.01325  0.29811
   1.00000  0.01271  0.25220
