GRUMMAN K-2 AIRFOIL                             
 Alfa =  -1.22200 Re =        0.000 Xflap,Yflap =     0.000000    0.000000
#    x        y        Cp  
   1.00000  0.01371  0.25418
   0.99740  0.01444  0.09914
   0.99329  0.01549  0.06136
   0.98889  0.01657  0.04595
   0.98423  0.01772  0.00553
   0.97929  0.01890 -0.02946
   0.97409  0.02011 -0.05546
   0.96867  0.02135 -0.08590
   0.96305  0.02259 -0.11247
   0.95727  0.02381 -0.13416
   0.95131  0.02502 -0.15514
   0.94520  0.02620 -0.17026
   0.93893  0.02735 -0.18338
   0.93253  0.02848 -0.19464
   0.92600  0.02957 -0.20185
   0.91932  0.03065 -0.20796
   0.91254  0.03170 -0.21493
   0.90568  0.03272 -0.22361
   0.89876  0.03372 -0.23107
   0.89181  0.03467 -0.23922
   0.88484  0.03559 -0.24522
   0.87782  0.03647 -0.24789
   0.87073  0.03731 -0.24906
   0.86355  0.03812 -0.25021
   0.85628  0.03891 -0.24899
   0.84891  0.03968 -0.24817
   0.84146  0.04044 -0.24815
   0.83396  0.04117 -0.24812
   0.82645  0.04190 -0.25387
   0.81896  0.04260 -0.25883
   0.81149  0.04327 -0.26244
   0.80402  0.04391 -0.26499
   0.79655  0.04452 -0.26747
   0.78909  0.04510 -0.26967
   0.78162  0.04565 -0.27046
   0.77414  0.04617 -0.27001
   0.76665  0.04666 -0.27044
   0.75914  0.04713 -0.26924
   0.75161  0.04756 -0.26745
   0.74405  0.04798 -0.26575
   0.73646  0.04837 -0.26286
   0.72884  0.04874 -0.26046
   0.72118  0.04909 -0.25762
   0.71350  0.04943 -0.25434
   0.70580  0.04974 -0.25256
   0.69806  0.05004 -0.24957
   0.69030  0.05033 -0.24755
   0.68252  0.05060 -0.24549
   0.67473  0.05086 -0.24374
   0.66693  0.05111 -0.24157
   0.65911  0.05135 -0.24035
   0.65129  0.05157 -0.23890
   0.64347  0.05178 -0.23689
   0.63563  0.05197 -0.23581
   0.62779  0.05216 -0.23433
   0.61994  0.05233 -0.23230
   0.61208  0.05249 -0.23181
   0.60421  0.05264 -0.22932
   0.59633  0.05278 -0.22853
   0.58846  0.05291 -0.22734
   0.58058  0.05303 -0.22675
   0.57270  0.05314 -0.22554
   0.56482  0.05324 -0.22468
   0.55693  0.05333 -0.22363
   0.54904  0.05340 -0.22300
   0.54115  0.05347 -0.22161
   0.53326  0.05353 -0.22130
   0.52537  0.05358 -0.21998
   0.51748  0.05361 -0.21911
   0.50958  0.05364 -0.21885
   0.50169  0.05366 -0.21727
   0.49380  0.05367 -0.21766
   0.48590  0.05367 -0.21602
   0.47801  0.05366 -0.21642
   0.47012  0.05363 -0.21543
   0.46224  0.05360 -0.21472
   0.45437  0.05356 -0.21413
   0.44650  0.05351 -0.21363
   0.43864  0.05345 -0.21256
   0.43079  0.05338 -0.21237
   0.42295  0.05330 -0.21209
   0.41514  0.05321 -0.21175
   0.40737  0.05312 -0.21242
   0.39966  0.05301 -0.21184
   0.39202  0.05289 -0.21308
   0.38445  0.05276 -0.21018
   0.37694  0.05262 -0.20757
   0.36954  0.05249 -0.20660
   0.36229  0.05236 -0.21378
   0.35524  0.05223 -0.22467
   0.34842  0.05207 -0.23391
   0.34179  0.05185 -0.22515
   0.33530  0.05159 -0.19819
   0.32892  0.05132 -0.17147
   0.32258  0.05111 -0.15776
   0.31625  0.05098 -0.17414
   0.30988  0.05089 -0.20354
   0.30343  0.05078 -0.23091
   0.29682  0.05061 -0.23323
   0.29002  0.05037 -0.22080
   0.28299  0.05009 -0.20898
   0.27579  0.04982 -0.20771
   0.26847  0.04954 -0.21180
   0.26108  0.04924 -0.21376
   0.25361  0.04892 -0.21266
   0.24607  0.04858 -0.21273
   0.23850  0.04823 -0.21375
   0.23092  0.04786 -0.21421
   0.22333  0.04747 -0.21503
   0.21574  0.04707 -0.21557
   0.20817  0.04664 -0.21740
   0.20063  0.04620 -0.21792
   0.19311  0.04574 -0.21874
   0.18563  0.04526 -0.22191
   0.17820  0.04475 -0.22165
   0.17081  0.04423 -0.22295
   0.16349  0.04368 -0.22536
   0.15624  0.04311 -0.22544
   0.14907  0.04251 -0.22789
   0.14200  0.04189 -0.22857
   0.13503  0.04125 -0.22959
   0.12818  0.04059 -0.23039
   0.12147  0.03990 -0.23069
   0.11493  0.03919 -0.23075
   0.10856  0.03847 -0.23085
   0.10240  0.03773 -0.23045
   0.09647  0.03699 -0.23147
   0.09078  0.03624 -0.23323
   0.08537  0.03550 -0.23193
   0.08024  0.03476 -0.23723
   0.07540  0.03403 -0.23903
   0.07085  0.03331 -0.24284
   0.06658  0.03261 -0.25554
   0.06257  0.03190 -0.25632
   0.05879  0.03120 -0.26749
   0.05523  0.03050 -0.27169
   0.05189  0.02978 -0.26984
   0.04873  0.02906 -0.26370
   0.04574  0.02833 -0.25281
   0.04291  0.02760 -0.24352
   0.04024  0.02687 -0.22865
   0.03771  0.02615 -0.21660
   0.03531  0.02543 -0.20868
   0.03305  0.02471 -0.18395
   0.03089  0.02399 -0.15392
   0.02884  0.02329 -0.13030
   0.02688  0.02260 -0.11474
   0.02502  0.02195 -0.11288
   0.02326  0.02131 -0.11114
   0.02159  0.02067 -0.10989
   0.02000  0.02005 -0.10393
   0.01849  0.01942 -0.09325
   0.01706  0.01880 -0.07520
   0.01569  0.01817 -0.04877
   0.01439  0.01754 -0.02653
   0.01314  0.01692 -0.00332
   0.01194  0.01630  0.01697
   0.01080  0.01568  0.03601
   0.00971  0.01507  0.05402
   0.00867  0.01445  0.07872
   0.00767  0.01383  0.09564
   0.00672  0.01321  0.11930
   0.00581  0.01258  0.13877
   0.00495  0.01194  0.16865
   0.00414  0.01128  0.19111
   0.00338  0.01061  0.21782
   0.00268  0.00990  0.25011
   0.00207  0.00914  0.35894
   0.00154  0.00835  0.44757
   0.00111  0.00752  0.56499
   0.00078  0.00665  0.69554
   0.00053  0.00577  0.80024
   0.00035  0.00489  0.87559
   0.00022  0.00400  0.92617
   0.00012  0.00312  0.96273
   0.00005  0.00224  0.98420
   0.00001  0.00137  0.99630
  -0.00000  0.00051  0.99999
   0.00001 -0.00034  0.99613
   0.00004 -0.00120  0.98494
   0.00010 -0.00206  0.96607
   0.00020 -0.00292  0.95021
   0.00027 -0.00380  0.90694
   0.00039 -0.00468  0.87413
   0.00054 -0.00556  0.82625
   0.00072 -0.00645  0.76790
   0.00092 -0.00735  0.70320
   0.00115 -0.00824  0.62715
   0.00142 -0.00914  0.53040
   0.00173 -0.01004  0.42306
   0.00207 -0.01094  0.30072
   0.00247 -0.01182  0.12825
   0.00292 -0.01269  0.04761
   0.00342 -0.01356 -0.29303
   0.00402 -0.01437 -0.35598
   0.00470 -0.01514 -0.46424
   0.00546 -0.01587 -0.50044
   0.00629 -0.01657 -0.53066
   0.00717 -0.01724 -0.54289
   0.00811 -0.01789 -0.55913
   0.00910 -0.01851 -0.55824
   0.01015 -0.01912 -0.55494
   0.01125 -0.01971 -0.55547
   0.01240 -0.02029 -0.54845
   0.01361 -0.02086 -0.54290
   0.01488 -0.02142 -0.53577
   0.01621 -0.02198 -0.52147
   0.01761 -0.02253 -0.51387
   0.01908 -0.02307 -0.49843
   0.02063 -0.02362 -0.49363
   0.02226 -0.02417 -0.48101
   0.02397 -0.02472 -0.46614
   0.02579 -0.02528 -0.45900
   0.02770 -0.02584 -0.44877
   0.02973 -0.02641 -0.44113
   0.03189 -0.02700 -0.43355
   0.03419 -0.02759 -0.42729
   0.03663 -0.02820 -0.41671
   0.03924 -0.02882 -0.41029
   0.04203 -0.02945 -0.39966
   0.04502 -0.03011 -0.39313
   0.04822 -0.03078 -0.38745
   0.05165 -0.03148 -0.38421
   0.05533 -0.03220 -0.37988
   0.05925 -0.03293 -0.37691
   0.06344 -0.03368 -0.37226
   0.06789 -0.03445 -0.37029
   0.07262 -0.03522 -0.36559
   0.07761 -0.03600 -0.36422
   0.08288 -0.03679 -0.36096
   0.08842 -0.03758 -0.35779
   0.09419 -0.03836 -0.35484
   0.10019 -0.03914 -0.35289
   0.10638 -0.03991 -0.35210
   0.11276 -0.04065 -0.35121
   0.11929 -0.04138 -0.35051
   0.12594 -0.04208 -0.34923
   0.13272 -0.04276 -0.34822
   0.13959 -0.04340 -0.34683
   0.14656 -0.04401 -0.34379
   0.15362 -0.04460 -0.34211
   0.16075 -0.04515 -0.33824
   0.16794 -0.04567 -0.33601
   0.17519 -0.04616 -0.33267
   0.18248 -0.04663 -0.33068
   0.18981 -0.04706 -0.32851
   0.19717 -0.04747 -0.32712
   0.20456 -0.04785 -0.32294
   0.21197 -0.04820 -0.32208
   0.21942 -0.04852 -0.31796
   0.22690 -0.04882 -0.31537
   0.23441 -0.04909 -0.31064
   0.24195 -0.04934 -0.30851
   0.24951 -0.04956 -0.30645
   0.25708 -0.04977 -0.30319
   0.26468 -0.04995 -0.30188
   0.27229 -0.05011 -0.29761
   0.27991 -0.05024 -0.29617
   0.28756 -0.05036 -0.29274
   0.29522 -0.05046 -0.29078
   0.30289 -0.05054 -0.28891
   0.31057 -0.05060 -0.28680
   0.31825 -0.05064 -0.28459
   0.32595 -0.05066 -0.28299
   0.33364 -0.05066 -0.28148
   0.34135 -0.05065 -0.27965
   0.34906 -0.05061 -0.27795
   0.35677 -0.05056 -0.27613
   0.36448 -0.05048 -0.27450
   0.37219 -0.05039 -0.27295
   0.37990 -0.05028 -0.27093
   0.38761 -0.05015 -0.26961
   0.39532 -0.05001 -0.26829
   0.40302 -0.04984 -0.26694
   0.41072 -0.04966 -0.26488
   0.41842 -0.04945 -0.26429
   0.42610 -0.04923 -0.26293
   0.43378 -0.04899 -0.26222
   0.44144 -0.04873 -0.26011
   0.44910 -0.04845 -0.25957
   0.45674 -0.04815 -0.25806
   0.46437 -0.04783 -0.25736
   0.47199 -0.04749 -0.25568
   0.47960 -0.04713 -0.25384
   0.48720 -0.04674 -0.25255
   0.49478 -0.04634 -0.25085
   0.50235 -0.04590 -0.24849
   0.50991 -0.04545 -0.24729
   0.51745 -0.04497 -0.24467
   0.52498 -0.04447 -0.24228
   0.53250 -0.04395 -0.24018
   0.54000 -0.04340 -0.23763
   0.54749 -0.04282 -0.23481
   0.55497 -0.04222 -0.23170
   0.56243 -0.04159 -0.22808
   0.56987 -0.04093 -0.22476
   0.57730 -0.04025 -0.22110
   0.58471 -0.03954 -0.21699
   0.59210 -0.03881 -0.21282
   0.59948 -0.03804 -0.20842
   0.60683 -0.03724 -0.20384
   0.61417 -0.03642 -0.19763
   0.62149 -0.03556 -0.19294
   0.62879 -0.03468 -0.18570
   0.63608 -0.03376 -0.18004
   0.64335 -0.03281 -0.17192
   0.65061 -0.03183 -0.16485
   0.65786 -0.03081 -0.15632
   0.66510 -0.02976 -0.14744
   0.67232 -0.02867 -0.13770
   0.67954 -0.02755 -0.12762
   0.68676 -0.02640 -0.11709
   0.69397 -0.02520 -0.10591
   0.70117 -0.02398 -0.09318
   0.70838 -0.02271 -0.08050
   0.71559 -0.02141 -0.06702
   0.72281 -0.02007 -0.05268
   0.73004 -0.01870 -0.03796
   0.73728 -0.01729 -0.02189
   0.74453 -0.01584 -0.00436
   0.75180 -0.01436  0.01195
   0.75910 -0.01284  0.03191
   0.76642 -0.01128  0.04995
   0.77378 -0.00969  0.07171
   0.78118 -0.00807  0.09053
   0.78863 -0.00642  0.11398
   0.79611 -0.00475  0.13479
   0.80361 -0.00306  0.15917
   0.81108 -0.00138  0.18206
   0.81847  0.00029  0.20503
   0.82574  0.00191  0.22876
   0.83289  0.00348  0.25074
   0.83991  0.00499  0.27124
   0.84680  0.00644  0.29091
   0.85358  0.00782  0.31031
   0.86023  0.00913  0.32658
   0.86676  0.01036  0.34514
   0.87316  0.01151  0.35928
   0.87944  0.01258  0.37569
   0.88561  0.01356  0.38750
   0.89167  0.01445  0.39971
   0.89763  0.01526  0.41049
   0.90349  0.01599  0.42004
   0.90927  0.01663  0.42783
   0.91493  0.01718  0.43746
   0.92047  0.01765  0.44334
   0.92588  0.01803  0.45157
   0.93120  0.01832  0.45517
   0.93644  0.01853  0.45599
   0.94160  0.01868  0.45890
   0.94662  0.01876  0.46585
   0.95140  0.01879  0.48121
   0.95595  0.01872  0.49087
   0.96030  0.01853  0.49595
   0.96456  0.01820  0.48102
   0.96881  0.01775  0.45346
   0.97308  0.01723  0.42636
   0.97733  0.01672  0.41417
   0.98147  0.01621  0.42733
   0.98549  0.01562  0.43425
   0.98945  0.01488  0.38902
   0.99342  0.01406  0.32432
   0.99738  0.01325  0.29900
   1.00000  0.01271  0.25418
