GRUMMAN K-2 AIRFOIL                             
 Alfa =  -1.32060 Re =        0.000 Xflap,Yflap =     0.000000    0.000000
#    x        y        Cp  
   1.00000  0.01371  0.25423
   0.99740  0.01444  0.09927
   0.99329  0.01549  0.06154
   0.98889  0.01657  0.04624
   0.98423  0.01772  0.00593
   0.97929  0.01890 -0.02900
   0.97409  0.02011 -0.05495
   0.96867  0.02135 -0.08529
   0.96305  0.02259 -0.11180
   0.95727  0.02381 -0.13342
   0.95131  0.02502 -0.15430
   0.94520  0.02620 -0.16936
   0.93893  0.02735 -0.18240
   0.93253  0.02848 -0.19359
   0.92600  0.02957 -0.20076
   0.91932  0.03065 -0.20677
   0.91254  0.03170 -0.21372
   0.90568  0.03272 -0.22230
   0.89876  0.03372 -0.22973
   0.89181  0.03467 -0.23779
   0.88484  0.03559 -0.24373
   0.87782  0.03647 -0.24636
   0.87073  0.03731 -0.24746
   0.86355  0.03812 -0.24855
   0.85628  0.03891 -0.24731
   0.84891  0.03968 -0.24640
   0.84146  0.04044 -0.24635
   0.83396  0.04117 -0.24625
   0.82645  0.04190 -0.25196
   0.81896  0.04260 -0.25684
   0.81149  0.04327 -0.26039
   0.80402  0.04391 -0.26291
   0.79655  0.04452 -0.26530
   0.78909  0.04510 -0.26750
   0.78162  0.04565 -0.26818
   0.77414  0.04617 -0.26771
   0.76665  0.04666 -0.26805
   0.75914  0.04713 -0.26683
   0.75161  0.04756 -0.26499
   0.74405  0.04798 -0.26327
   0.73646  0.04837 -0.26030
   0.72884  0.04874 -0.25787
   0.72118  0.04909 -0.25497
   0.71350  0.04943 -0.25163
   0.70580  0.04974 -0.24982
   0.69806  0.05004 -0.24681
   0.69030  0.05033 -0.24470
   0.68252  0.05060 -0.24263
   0.67473  0.05086 -0.24080
   0.66693  0.05111 -0.23860
   0.65911  0.05135 -0.23734
   0.65129  0.05157 -0.23581
   0.64347  0.05178 -0.23376
   0.63563  0.05197 -0.23264
   0.62779  0.05216 -0.23110
   0.61994  0.05233 -0.22901
   0.61208  0.05249 -0.22849
   0.60421  0.05264 -0.22595
   0.59633  0.05278 -0.22509
   0.58846  0.05291 -0.22385
   0.58058  0.05303 -0.22320
   0.57270  0.05314 -0.22195
   0.56482  0.05324 -0.22103
   0.55693  0.05333 -0.21992
   0.54904  0.05340 -0.21924
   0.54115  0.05347 -0.21779
   0.53326  0.05353 -0.21742
   0.52537  0.05358 -0.21604
   0.51748  0.05361 -0.21510
   0.50958  0.05364 -0.21479
   0.50169  0.05366 -0.21315
   0.49380  0.05367 -0.21348
   0.48590  0.05367 -0.21178
   0.47801  0.05366 -0.21210
   0.47012  0.05363 -0.21105
   0.46224  0.05360 -0.21027
   0.45437  0.05356 -0.20961
   0.44650  0.05351 -0.20905
   0.43864  0.05345 -0.20791
   0.43079  0.05338 -0.20763
   0.42295  0.05330 -0.20729
   0.41514  0.05321 -0.20688
   0.40737  0.05312 -0.20746
   0.39966  0.05301 -0.20679
   0.39202  0.05289 -0.20797
   0.38445  0.05276 -0.20498
   0.37694  0.05262 -0.20231
   0.36954  0.05249 -0.20126
   0.36229  0.05236 -0.20832
   0.35524  0.05223 -0.21907
   0.34842  0.05207 -0.22820
   0.34179  0.05185 -0.21939
   0.33530  0.05159 -0.19248
   0.32892  0.05132 -0.16581
   0.32258  0.05111 -0.15208
   0.31625  0.05098 -0.16830
   0.30988  0.05089 -0.19747
   0.30343  0.05078 -0.22459
   0.29682  0.05061 -0.22682
   0.29002  0.05037 -0.21434
   0.28299  0.05009 -0.20247
   0.27579  0.04982 -0.20110
   0.26847  0.04954 -0.20504
   0.26108  0.04924 -0.20687
   0.25361  0.04892 -0.20564
   0.24607  0.04858 -0.20556
   0.23850  0.04823 -0.20643
   0.23092  0.04786 -0.20673
   0.22333  0.04747 -0.20739
   0.21574  0.04707 -0.20776
   0.20817  0.04664 -0.20940
   0.20063  0.04620 -0.20973
   0.19311  0.04574 -0.21035
   0.18563  0.04526 -0.21329
   0.17820  0.04475 -0.21282
   0.17081  0.04423 -0.21389
   0.16349  0.04368 -0.21605
   0.15624  0.04311 -0.21587
   0.14907  0.04251 -0.21804
   0.14200  0.04189 -0.21843
   0.13503  0.04125 -0.21916
   0.12818  0.04059 -0.21964
   0.12147  0.03990 -0.21961
   0.11493  0.03919 -0.21932
   0.10856  0.03847 -0.21905
   0.10240  0.03773 -0.21828
   0.09647  0.03699 -0.21889
   0.09078  0.03624 -0.22021
   0.08537  0.03550 -0.21849
   0.08024  0.03476 -0.22329
   0.07540  0.03403 -0.22459
   0.07085  0.03331 -0.22788
   0.06658  0.03261 -0.23992
   0.06257  0.03190 -0.24019
   0.05879  0.03120 -0.25066
   0.05523  0.03050 -0.25426
   0.05189  0.02978 -0.25185
   0.04873  0.02906 -0.24521
   0.04574  0.02833 -0.23385
   0.04291  0.02760 -0.22408
   0.04024  0.02687 -0.20880
   0.03771  0.02615 -0.19628
   0.03531  0.02543 -0.18780
   0.03305  0.02471 -0.16281
   0.03089  0.02399 -0.13260
   0.02884  0.02329 -0.10870
   0.02688  0.02260 -0.09269
   0.02502  0.02195 -0.09010
   0.02326  0.02131 -0.08757
   0.02159  0.02067 -0.08551
   0.02000  0.02005 -0.07877
   0.01849  0.01942 -0.06737
   0.01706  0.01880 -0.04876
   0.01569  0.01817 -0.02192
   0.01439  0.01754  0.00079
   0.01314  0.01692  0.02454
   0.01194  0.01630  0.04549
   0.01080  0.01568  0.06527
   0.00971  0.01507  0.08408
   0.00867  0.01445  0.10953
   0.00767  0.01383  0.12745
   0.00672  0.01321  0.15212
   0.00581  0.01258  0.17281
   0.00495  0.01194  0.20379
   0.00414  0.01128  0.22776
   0.00338  0.01061  0.25630
   0.00268  0.00990  0.29041
   0.00207  0.00914  0.39722
   0.00154  0.00835  0.48456
   0.00111  0.00752  0.59834
   0.00078  0.00665  0.72268
   0.00053  0.00577  0.82139
   0.00035  0.00489  0.89162
   0.00022  0.00400  0.93808
   0.00012  0.00312  0.97087
   0.00005  0.00224  0.98924
   0.00001  0.00137  0.99846
  -0.00000  0.00051  0.99937
   0.00001 -0.00034  0.99305
   0.00004 -0.00120  0.97932
   0.00010 -0.00206  0.95771
   0.00020 -0.00292  0.94105
   0.00027 -0.00380  0.89333
   0.00039 -0.00468  0.85897
   0.00054 -0.00556  0.80842
   0.00072 -0.00645  0.74727
   0.00092 -0.00735  0.67985
   0.00115 -0.00824  0.60090
   0.00142 -0.00914  0.50070
   0.00173 -0.01004  0.38983
   0.00207 -0.01094  0.26393
   0.00247 -0.01182  0.08617
   0.00292 -0.01269  0.00497
   0.00342 -0.01356 -0.34667
   0.00402 -0.01437 -0.40813
   0.00470 -0.01514 -0.51710
   0.00546 -0.01587 -0.55127
   0.00629 -0.01657 -0.57968
   0.00717 -0.01724 -0.58974
   0.00811 -0.01789 -0.60418
   0.00910 -0.01851 -0.60127
   0.01015 -0.01912 -0.59603
   0.01125 -0.01971 -0.59487
   0.01240 -0.02029 -0.58618
   0.01361 -0.02086 -0.57907
   0.01488 -0.02142 -0.57046
   0.01621 -0.02198 -0.55465
   0.01761 -0.02253 -0.54573
   0.01908 -0.02307 -0.52897
   0.02063 -0.02362 -0.52304
   0.02226 -0.02417 -0.50926
   0.02397 -0.02472 -0.49325
   0.02579 -0.02528 -0.48511
   0.02770 -0.02584 -0.47391
   0.02973 -0.02641 -0.46538
   0.03189 -0.02700 -0.45693
   0.03419 -0.02759 -0.44984
   0.03663 -0.02820 -0.43843
   0.03924 -0.02882 -0.43124
   0.04203 -0.02945 -0.41982
   0.04502 -0.03011 -0.41257
   0.04822 -0.03078 -0.40620
   0.05165 -0.03148 -0.40233
   0.05533 -0.03220 -0.39736
   0.05925 -0.03293 -0.39379
   0.06344 -0.03368 -0.38854
   0.06789 -0.03445 -0.38601
   0.07262 -0.03522 -0.38076
   0.07761 -0.03600 -0.37887
   0.08288 -0.03679 -0.37510
   0.08842 -0.03758 -0.37144
   0.09419 -0.03836 -0.36803
   0.10019 -0.03914 -0.36565
   0.10638 -0.03991 -0.36445
   0.11276 -0.04065 -0.36318
   0.11929 -0.04138 -0.36212
   0.12594 -0.04208 -0.36049
   0.13272 -0.04276 -0.35915
   0.13959 -0.04340 -0.35745
   0.14656 -0.04401 -0.35410
   0.15362 -0.04460 -0.35213
   0.16075 -0.04515 -0.34798
   0.16794 -0.04567 -0.34549
   0.17519 -0.04616 -0.34189
   0.18248 -0.04663 -0.33967
   0.18981 -0.04706 -0.33728
   0.19717 -0.04747 -0.33567
   0.20456 -0.04785 -0.33129
   0.21197 -0.04820 -0.33023
   0.21942 -0.04852 -0.32591
   0.22690 -0.04882 -0.32314
   0.23441 -0.04909 -0.31822
   0.24195 -0.04934 -0.31593
   0.24951 -0.04956 -0.31372
   0.25708 -0.04977 -0.31029
   0.26468 -0.04995 -0.30883
   0.27229 -0.05011 -0.30441
   0.27991 -0.05024 -0.30283
   0.28756 -0.05036 -0.29926
   0.29522 -0.05046 -0.29718
   0.30289 -0.05054 -0.29518
   0.31057 -0.05060 -0.29294
   0.31825 -0.05064 -0.29062
   0.32595 -0.05066 -0.28890
   0.33364 -0.05066 -0.28728
   0.34135 -0.05065 -0.28535
   0.34906 -0.05061 -0.28354
   0.35677 -0.05056 -0.28162
   0.36448 -0.05048 -0.27988
   0.37219 -0.05039 -0.27825
   0.37990 -0.05028 -0.27612
   0.38761 -0.05015 -0.27473
   0.39532 -0.05001 -0.27330
   0.40302 -0.04984 -0.27187
   0.41072 -0.04966 -0.26973
   0.41842 -0.04945 -0.26905
   0.42610 -0.04923 -0.26761
   0.43378 -0.04899 -0.26682
   0.44144 -0.04873 -0.26464
   0.44910 -0.04845 -0.26401
   0.45674 -0.04815 -0.26243
   0.46437 -0.04783 -0.26166
   0.47199 -0.04749 -0.25991
   0.47960 -0.04713 -0.25800
   0.48720 -0.04674 -0.25664
   0.49478 -0.04634 -0.25487
   0.50235 -0.04590 -0.25243
   0.50991 -0.04545 -0.25115
   0.51745 -0.04497 -0.24849
   0.52498 -0.04447 -0.24601
   0.53250 -0.04395 -0.24386
   0.54000 -0.04340 -0.24124
   0.54749 -0.04282 -0.23836
   0.55497 -0.04222 -0.23518
   0.56243 -0.04159 -0.23149
   0.56987 -0.04093 -0.22812
   0.57730 -0.04025 -0.22439
   0.58471 -0.03954 -0.22020
   0.59210 -0.03881 -0.21598
   0.59948 -0.03804 -0.21151
   0.60683 -0.03724 -0.20688
   0.61417 -0.03642 -0.20060
   0.62149 -0.03556 -0.19584
   0.62879 -0.03468 -0.18854
   0.63608 -0.03376 -0.18281
   0.64335 -0.03281 -0.17464
   0.65061 -0.03183 -0.16749
   0.65786 -0.03081 -0.15890
   0.66510 -0.02976 -0.14996
   0.67232 -0.02867 -0.14014
   0.67954 -0.02755 -0.13000
   0.68676 -0.02640 -0.11942
   0.69397 -0.02520 -0.10817
   0.70117 -0.02398 -0.09537
   0.70838 -0.02271 -0.08261
   0.71559 -0.02141 -0.06907
   0.72281 -0.02007 -0.05468
   0.73004 -0.01870 -0.03989
   0.73728 -0.01729 -0.02374
   0.74453 -0.01584 -0.00613
   0.75180 -0.01436  0.01022
   0.75910 -0.01284  0.03025
   0.76642 -0.01128  0.04838
   0.77378 -0.00969  0.07021
   0.78118 -0.00807  0.08908
   0.78863 -0.00642  0.11259
   0.79611 -0.00475  0.13349
   0.80361 -0.00306  0.15794
   0.81108 -0.00138  0.18089
   0.81847  0.00029  0.20391
   0.82574  0.00191  0.22771
   0.83289  0.00348  0.24975
   0.83991  0.00499  0.27030
   0.84680  0.00644  0.29002
   0.85358  0.00782  0.30946
   0.86023  0.00913  0.32578
   0.86676  0.01036  0.34440
   0.87316  0.01151  0.35853
   0.87944  0.01258  0.37501
   0.88561  0.01356  0.38685
   0.89167  0.01445  0.39909
   0.89763  0.01526  0.40991
   0.90349  0.01599  0.41946
   0.90927  0.01663  0.42729
   0.91493  0.01718  0.43696
   0.92047  0.01765  0.44282
   0.92588  0.01803  0.45112
   0.93120  0.01832  0.45471
   0.93644  0.01853  0.45556
   0.94160  0.01868  0.45849
   0.94662  0.01876  0.46543
   0.95140  0.01879  0.48085
   0.95595  0.01872  0.49052
   0.96030  0.01853  0.49562
   0.96456  0.01820  0.48072
   0.96881  0.01775  0.45313
   0.97308  0.01723  0.42605
   0.97733  0.01672  0.41386
   0.98147  0.01621  0.42706
   0.98549  0.01562  0.43402
   0.98945  0.01488  0.38878
   0.99342  0.01406  0.32408
   0.99738  0.01325  0.29881
   1.00000  0.01271  0.25423
