GRUMMAN K-2 AIRFOIL                             
 Alfa =  -1.22500 Re =        0.000 Xflap,Yflap =     0.000000    0.000000
#    x        y        Cp  
   1.00000  0.01371  0.25418
   0.99740  0.01444  0.09914
   0.99329  0.01549  0.06137
   0.98889  0.01657  0.04596
   0.98423  0.01772  0.00555
   0.97929  0.01890 -0.02944
   0.97409  0.02011 -0.05545
   0.96867  0.02135 -0.08589
   0.96305  0.02259 -0.11245
   0.95727  0.02381 -0.13414
   0.95131  0.02502 -0.15511
   0.94520  0.02620 -0.17024
   0.93893  0.02735 -0.18335
   0.93253  0.02848 -0.19461
   0.92600  0.02957 -0.20181
   0.91932  0.03065 -0.20793
   0.91254  0.03170 -0.21490
   0.90568  0.03272 -0.22357
   0.89876  0.03372 -0.23103
   0.89181  0.03467 -0.23918
   0.88484  0.03559 -0.24518
   0.87782  0.03647 -0.24785
   0.87073  0.03731 -0.24901
   0.86355  0.03812 -0.25016
   0.85628  0.03891 -0.24894
   0.84891  0.03968 -0.24812
   0.84146  0.04044 -0.24810
   0.83396  0.04117 -0.24807
   0.82645  0.04190 -0.25382
   0.81896  0.04260 -0.25877
   0.81149  0.04327 -0.26238
   0.80402  0.04391 -0.26493
   0.79655  0.04452 -0.26741
   0.78909  0.04510 -0.26961
   0.78162  0.04565 -0.27039
   0.77414  0.04617 -0.26994
   0.76665  0.04666 -0.27037
   0.75914  0.04713 -0.26916
   0.75161  0.04756 -0.26738
   0.74405  0.04798 -0.26567
   0.73646  0.04837 -0.26279
   0.72884  0.04874 -0.26038
   0.72118  0.04909 -0.25754
   0.71350  0.04943 -0.25425
   0.70580  0.04974 -0.25248
   0.69806  0.05004 -0.24949
   0.69030  0.05033 -0.24746
   0.68252  0.05060 -0.24541
   0.67473  0.05086 -0.24365
   0.66693  0.05111 -0.24148
   0.65911  0.05135 -0.24026
   0.65129  0.05157 -0.23881
   0.64347  0.05178 -0.23679
   0.63563  0.05197 -0.23571
   0.62779  0.05216 -0.23423
   0.61994  0.05233 -0.23220
   0.61208  0.05249 -0.23171
   0.60421  0.05264 -0.22922
   0.59633  0.05278 -0.22842
   0.58846  0.05291 -0.22723
   0.58058  0.05303 -0.22664
   0.57270  0.05314 -0.22543
   0.56482  0.05324 -0.22456
   0.55693  0.05333 -0.22351
   0.54904  0.05340 -0.22289
   0.54115  0.05347 -0.22149
   0.53326  0.05353 -0.22118
   0.52537  0.05358 -0.21986
   0.51748  0.05361 -0.21898
   0.50958  0.05364 -0.21872
   0.50169  0.05366 -0.21714
   0.49380  0.05367 -0.21754
   0.48590  0.05367 -0.21589
   0.47801  0.05366 -0.21629
   0.47012  0.05363 -0.21530
   0.46224  0.05360 -0.21458
   0.45437  0.05356 -0.21399
   0.44650  0.05351 -0.21349
   0.43864  0.05345 -0.21242
   0.43079  0.05338 -0.21222
   0.42295  0.05330 -0.21194
   0.41514  0.05321 -0.21161
   0.40737  0.05312 -0.21227
   0.39966  0.05301 -0.21169
   0.39202  0.05289 -0.21293
   0.38445  0.05276 -0.21002
   0.37694  0.05262 -0.20741
   0.36954  0.05249 -0.20644
   0.36229  0.05236 -0.21361
   0.35524  0.05223 -0.22450
   0.34842  0.05207 -0.23374
   0.34179  0.05185 -0.22498
   0.33530  0.05159 -0.19802
   0.32892  0.05132 -0.17130
   0.32258  0.05111 -0.15759
   0.31625  0.05098 -0.17397
   0.30988  0.05089 -0.20336
   0.30343  0.05078 -0.23072
   0.29682  0.05061 -0.23304
   0.29002  0.05037 -0.22061
   0.28299  0.05009 -0.20878
   0.27579  0.04982 -0.20751
   0.26847  0.04954 -0.21160
   0.26108  0.04924 -0.21355
   0.25361  0.04892 -0.21245
   0.24607  0.04858 -0.21251
   0.23850  0.04823 -0.21353
   0.23092  0.04786 -0.21398
   0.22333  0.04747 -0.21480
   0.21574  0.04707 -0.21534
   0.20817  0.04664 -0.21716
   0.20063  0.04620 -0.21767
   0.19311  0.04574 -0.21848
   0.18563  0.04526 -0.22164
   0.17820  0.04475 -0.22138
   0.17081  0.04423 -0.22267
   0.16349  0.04368 -0.22508
   0.15624  0.04311 -0.22515
   0.14907  0.04251 -0.22759
   0.14200  0.04189 -0.22826
   0.13503  0.04125 -0.22927
   0.12818  0.04059 -0.23006
   0.12147  0.03990 -0.23035
   0.11493  0.03919 -0.23040
   0.10856  0.03847 -0.23049
   0.10240  0.03773 -0.23008
   0.09647  0.03699 -0.23108
   0.09078  0.03624 -0.23283
   0.08537  0.03550 -0.23152
   0.08024  0.03476 -0.23680
   0.07540  0.03403 -0.23859
   0.07085  0.03331 -0.24238
   0.06658  0.03261 -0.25506
   0.06257  0.03190 -0.25583
   0.05879  0.03120 -0.26697
   0.05523  0.03050 -0.27116
   0.05189  0.02978 -0.26929
   0.04873  0.02906 -0.26314
   0.04574  0.02833 -0.25223
   0.04291  0.02760 -0.24293
   0.04024  0.02687 -0.22804
   0.03771  0.02615 -0.21598
   0.03531  0.02543 -0.20804
   0.03305  0.02471 -0.18330
   0.03089  0.02399 -0.15327
   0.02884  0.02329 -0.12964
   0.02688  0.02260 -0.11407
   0.02502  0.02195 -0.11219
   0.02326  0.02131 -0.11042
   0.02159  0.02067 -0.10915
   0.02000  0.02005 -0.10316
   0.01849  0.01942 -0.09246
   0.01706  0.01880 -0.07439
   0.01569  0.01817 -0.04795
   0.01439  0.01754 -0.02569
   0.01314  0.01692 -0.00247
   0.01194  0.01630  0.01784
   0.01080  0.01568  0.03690
   0.00971  0.01507  0.05494
   0.00867  0.01445  0.07967
   0.00767  0.01383  0.09662
   0.00672  0.01321  0.12031
   0.00581  0.01258  0.13982
   0.00495  0.01194  0.16973
   0.00414  0.01128  0.19224
   0.00338  0.01061  0.21900
   0.00268  0.00990  0.25135
   0.00207  0.00914  0.36012
   0.00154  0.00835  0.44871
   0.00111  0.00752  0.56602
   0.00078  0.00665  0.69638
   0.00053  0.00577  0.80090
   0.00035  0.00489  0.87609
   0.00022  0.00400  0.92655
   0.00012  0.00312  0.96299
   0.00005  0.00224  0.98436
   0.00001  0.00137  0.99638
  -0.00000  0.00051  0.99998
   0.00001 -0.00034  0.99605
   0.00004 -0.00120  0.98478
   0.00010 -0.00206  0.96583
   0.00020 -0.00292  0.94995
   0.00027 -0.00380  0.90654
   0.00039 -0.00468  0.87368
   0.00054 -0.00556  0.82572
   0.00072 -0.00645  0.76729
   0.00092 -0.00735  0.70250
   0.00115 -0.00824  0.62636
   0.00142 -0.00914  0.52951
   0.00173 -0.01004  0.42207
   0.00207 -0.01094  0.29962
   0.00247 -0.01182  0.12698
   0.00292 -0.01269  0.04633
   0.00342 -0.01356 -0.29465
   0.00402 -0.01437 -0.35755
   0.00470 -0.01514 -0.46583
   0.00546 -0.01587 -0.50198
   0.00629 -0.01657 -0.53214
   0.00717 -0.01724 -0.54431
   0.00811 -0.01789 -0.56049
   0.00910 -0.01851 -0.55954
   0.01015 -0.01912 -0.55619
   0.01125 -0.01971 -0.55666
   0.01240 -0.02029 -0.54959
   0.01361 -0.02086 -0.54399
   0.01488 -0.02142 -0.53682
   0.01621 -0.02198 -0.52248
   0.01761 -0.02253 -0.51484
   0.01908 -0.02307 -0.49935
   0.02063 -0.02362 -0.49452
   0.02226 -0.02417 -0.48187
   0.02397 -0.02472 -0.46696
   0.02579 -0.02528 -0.45979
   0.02770 -0.02584 -0.44953
   0.02973 -0.02641 -0.44187
   0.03189 -0.02700 -0.43425
   0.03419 -0.02759 -0.42797
   0.03663 -0.02820 -0.41737
   0.03924 -0.02882 -0.41093
   0.04203 -0.02945 -0.40027
   0.04502 -0.03011 -0.39372
   0.04822 -0.03078 -0.38801
   0.05165 -0.03148 -0.38476
   0.05533 -0.03220 -0.38041
   0.05925 -0.03293 -0.37742
   0.06344 -0.03368 -0.37275
   0.06789 -0.03445 -0.37077
   0.07262 -0.03522 -0.36606
   0.07761 -0.03600 -0.36467
   0.08288 -0.03679 -0.36139
   0.08842 -0.03758 -0.35820
   0.09419 -0.03836 -0.35524
   0.10019 -0.03914 -0.35328
   0.10638 -0.03991 -0.35248
   0.11276 -0.04065 -0.35158
   0.11929 -0.04138 -0.35086
   0.12594 -0.04208 -0.34957
   0.13272 -0.04276 -0.34855
   0.13959 -0.04340 -0.34716
   0.14656 -0.04401 -0.34410
   0.15362 -0.04460 -0.34241
   0.16075 -0.04515 -0.33853
   0.16794 -0.04567 -0.33629
   0.17519 -0.04616 -0.33295
   0.18248 -0.04663 -0.33095
   0.18981 -0.04706 -0.32877
   0.19717 -0.04747 -0.32738
   0.20456 -0.04785 -0.32320
   0.21197 -0.04820 -0.32232
   0.21942 -0.04852 -0.31820
   0.22690 -0.04882 -0.31561
   0.23441 -0.04909 -0.31087
   0.24195 -0.04934 -0.30874
   0.24951 -0.04956 -0.30668
   0.25708 -0.04977 -0.30340
   0.26468 -0.04995 -0.30209
   0.27229 -0.05011 -0.29782
   0.27991 -0.05024 -0.29637
   0.28756 -0.05036 -0.29293
   0.29522 -0.05046 -0.29098
   0.30289 -0.05054 -0.28910
   0.31057 -0.05060 -0.28698
   0.31825 -0.05064 -0.28477
   0.32595 -0.05066 -0.28317
   0.33364 -0.05066 -0.28165
   0.34135 -0.05065 -0.27983
   0.34906 -0.05061 -0.27812
   0.35677 -0.05056 -0.27630
   0.36448 -0.05048 -0.27466
   0.37219 -0.05039 -0.27311
   0.37990 -0.05028 -0.27109
   0.38761 -0.05015 -0.26977
   0.39532 -0.05001 -0.26844
   0.40302 -0.04984 -0.26709
   0.41072 -0.04966 -0.26503
   0.41842 -0.04945 -0.26443
   0.42610 -0.04923 -0.26308
   0.43378 -0.04899 -0.26236
   0.44144 -0.04873 -0.26025
   0.44910 -0.04845 -0.25971
   0.45674 -0.04815 -0.25819
   0.46437 -0.04783 -0.25749
   0.47199 -0.04749 -0.25581
   0.47960 -0.04713 -0.25396
   0.48720 -0.04674 -0.25268
   0.49478 -0.04634 -0.25098
   0.50235 -0.04590 -0.24861
   0.50991 -0.04545 -0.24740
   0.51745 -0.04497 -0.24479
   0.52498 -0.04447 -0.24239
   0.53250 -0.04395 -0.24029
   0.54000 -0.04340 -0.23774
   0.54749 -0.04282 -0.23492
   0.55497 -0.04222 -0.23180
   0.56243 -0.04159 -0.22819
   0.56987 -0.04093 -0.22486
   0.57730 -0.04025 -0.22120
   0.58471 -0.03954 -0.21709
   0.59210 -0.03881 -0.21291
   0.59948 -0.03804 -0.20851
   0.60683 -0.03724 -0.20393
   0.61417 -0.03642 -0.19772
   0.62149 -0.03556 -0.19302
   0.62879 -0.03468 -0.18579
   0.63608 -0.03376 -0.18012
   0.64335 -0.03281 -0.17200
   0.65061 -0.03183 -0.16493
   0.65786 -0.03081 -0.15640
   0.66510 -0.02976 -0.14752
   0.67232 -0.02867 -0.13778
   0.67954 -0.02755 -0.12770
   0.68676 -0.02640 -0.11716
   0.69397 -0.02520 -0.10598
   0.70117 -0.02398 -0.09325
   0.70838 -0.02271 -0.08056
   0.71559 -0.02141 -0.06708
   0.72281 -0.02007 -0.05275
   0.73004 -0.01870 -0.03802
   0.73728 -0.01729 -0.02195
   0.74453 -0.01584 -0.00442
   0.75180 -0.01436  0.01189
   0.75910 -0.01284  0.03186
   0.76642 -0.01128  0.04990
   0.77378 -0.00969  0.07167
   0.78118 -0.00807  0.09048
   0.78863 -0.00642  0.11393
   0.79611 -0.00475  0.13475
   0.80361 -0.00306  0.15914
   0.81108 -0.00138  0.18202
   0.81847  0.00029  0.20499
   0.82574  0.00191  0.22873
   0.83289  0.00348  0.25071
   0.83991  0.00499  0.27121
   0.84680  0.00644  0.29088
   0.85358  0.00782  0.31028
   0.86023  0.00913  0.32656
   0.86676  0.01036  0.34512
   0.87316  0.01151  0.35925
   0.87944  0.01258  0.37567
   0.88561  0.01356  0.38748
   0.89167  0.01445  0.39969
   0.89763  0.01526  0.41047
   0.90349  0.01599  0.42002
   0.90927  0.01663  0.42782
   0.91493  0.01718  0.43744
   0.92047  0.01765  0.44332
   0.92588  0.01803  0.45155
   0.93120  0.01832  0.45515
   0.93644  0.01853  0.45598
   0.94160  0.01868  0.45889
   0.94662  0.01876  0.46584
   0.95140  0.01879  0.48119
   0.95595  0.01872  0.49086
   0.96030  0.01853  0.49594
   0.96456  0.01820  0.48101
   0.96881  0.01775  0.45345
   0.97308  0.01723  0.42635
   0.97733  0.01672  0.41416
   0.98147  0.01621  0.42732
   0.98549  0.01562  0.43424
   0.98945  0.01488  0.38901
   0.99342  0.01406  0.32431
   0.99738  0.01325  0.29900
   1.00000  0.01271  0.25418
