GRUMMAN K-2 AIRFOIL                             
 Alfa =  -1.30290 Re =        0.000 Xflap,Yflap =     0.000000    0.000000
#    x        y        Cp  
   1.00000  0.01371  0.25422
   0.99740  0.01444  0.09924
   0.99329  0.01549  0.06151
   0.98889  0.01657  0.04619
   0.98423  0.01772  0.00586
   0.97929  0.01890 -0.02909
   0.97409  0.02011 -0.05504
   0.96867  0.02135 -0.08540
   0.96305  0.02259 -0.11192
   0.95727  0.02381 -0.13356
   0.95131  0.02502 -0.15445
   0.94520  0.02620 -0.16952
   0.93893  0.02735 -0.18257
   0.93253  0.02848 -0.19378
   0.92600  0.02957 -0.20095
   0.91932  0.03065 -0.20699
   0.91254  0.03170 -0.21394
   0.90568  0.03272 -0.22254
   0.89876  0.03372 -0.22997
   0.89181  0.03467 -0.23805
   0.88484  0.03559 -0.24400
   0.87782  0.03647 -0.24664
   0.87073  0.03731 -0.24775
   0.86355  0.03812 -0.24885
   0.85628  0.03891 -0.24761
   0.84891  0.03968 -0.24672
   0.84146  0.04044 -0.24668
   0.83396  0.04117 -0.24659
   0.82645  0.04190 -0.25231
   0.81896  0.04260 -0.25720
   0.81149  0.04327 -0.26076
   0.80402  0.04391 -0.26328
   0.79655  0.04452 -0.26569
   0.78909  0.04510 -0.26789
   0.78162  0.04565 -0.26859
   0.77414  0.04617 -0.26812
   0.76665  0.04666 -0.26848
   0.75914  0.04713 -0.26726
   0.75161  0.04756 -0.26543
   0.74405  0.04798 -0.26371
   0.73646  0.04837 -0.26076
   0.72884  0.04874 -0.25833
   0.72118  0.04909 -0.25545
   0.71350  0.04943 -0.25212
   0.70580  0.04974 -0.25031
   0.69806  0.05004 -0.24731
   0.69030  0.05033 -0.24522
   0.68252  0.05060 -0.24314
   0.67473  0.05086 -0.24133
   0.66693  0.05111 -0.23913
   0.65911  0.05135 -0.23788
   0.65129  0.05157 -0.23637
   0.64347  0.05178 -0.23432
   0.63563  0.05197 -0.23321
   0.62779  0.05216 -0.23168
   0.61994  0.05233 -0.22960
   0.61208  0.05249 -0.22909
   0.60421  0.05264 -0.22655
   0.59633  0.05278 -0.22571
   0.58846  0.05291 -0.22448
   0.58058  0.05303 -0.22384
   0.57270  0.05314 -0.22260
   0.56482  0.05324 -0.22169
   0.55693  0.05333 -0.22059
   0.54904  0.05340 -0.21992
   0.54115  0.05347 -0.21847
   0.53326  0.05353 -0.21812
   0.52537  0.05358 -0.21675
   0.51748  0.05361 -0.21582
   0.50958  0.05364 -0.21552
   0.50169  0.05366 -0.21389
   0.49380  0.05367 -0.21423
   0.48590  0.05367 -0.21254
   0.47801  0.05366 -0.21288
   0.47012  0.05363 -0.21184
   0.46224  0.05360 -0.21106
   0.45437  0.05356 -0.21042
   0.44650  0.05351 -0.20987
   0.43864  0.05345 -0.20875
   0.43079  0.05338 -0.20848
   0.42295  0.05330 -0.20815
   0.41514  0.05321 -0.20775
   0.40737  0.05312 -0.20835
   0.39966  0.05301 -0.20770
   0.39202  0.05289 -0.20888
   0.38445  0.05276 -0.20591
   0.37694  0.05262 -0.20325
   0.36954  0.05249 -0.20222
   0.36229  0.05236 -0.20930
   0.35524  0.05223 -0.22008
   0.34842  0.05207 -0.22923
   0.34179  0.05185 -0.22042
   0.33530  0.05159 -0.19350
   0.32892  0.05132 -0.16683
   0.32258  0.05111 -0.15310
   0.31625  0.05098 -0.16935
   0.30988  0.05089 -0.19856
   0.30343  0.05078 -0.22573
   0.29682  0.05061 -0.22797
   0.29002  0.05037 -0.21550
   0.28299  0.05009 -0.20364
   0.27579  0.04982 -0.20228
   0.26847  0.04954 -0.20625
   0.26108  0.04924 -0.20811
   0.25361  0.04892 -0.20690
   0.24607  0.04858 -0.20685
   0.23850  0.04823 -0.20775
   0.23092  0.04786 -0.20807
   0.22333  0.04747 -0.20876
   0.21574  0.04707 -0.20916
   0.20817  0.04664 -0.21083
   0.20063  0.04620 -0.21120
   0.19311  0.04574 -0.21185
   0.18563  0.04526 -0.21484
   0.17820  0.04475 -0.21441
   0.17081  0.04423 -0.21551
   0.16349  0.04368 -0.21772
   0.15624  0.04311 -0.21759
   0.14907  0.04251 -0.21981
   0.14200  0.04189 -0.22025
   0.13503  0.04125 -0.22103
   0.12818  0.04059 -0.22156
   0.12147  0.03990 -0.22159
   0.11493  0.03919 -0.22137
   0.10856  0.03847 -0.22117
   0.10240  0.03773 -0.22046
   0.09647  0.03699 -0.22114
   0.09078  0.03624 -0.22255
   0.08537  0.03550 -0.22090
   0.08024  0.03476 -0.22579
   0.07540  0.03403 -0.22718
   0.07085  0.03331 -0.23056
   0.06658  0.03261 -0.24272
   0.06257  0.03190 -0.24307
   0.05879  0.03120 -0.25367
   0.05523  0.03050 -0.25738
   0.05189  0.02978 -0.25507
   0.04873  0.02906 -0.24852
   0.04574  0.02833 -0.23724
   0.04291  0.02760 -0.22756
   0.04024  0.02687 -0.21235
   0.03771  0.02615 -0.19992
   0.03531  0.02543 -0.19154
   0.03305  0.02471 -0.16659
   0.03089  0.02399 -0.13641
   0.02884  0.02329 -0.11256
   0.02688  0.02260 -0.09664
   0.02502  0.02195 -0.09418
   0.02326  0.02131 -0.09179
   0.02159  0.02067 -0.08987
   0.02000  0.02005 -0.08327
   0.01849  0.01942 -0.07199
   0.01706  0.01880 -0.05348
   0.01569  0.01817 -0.02672
   0.01439  0.01754 -0.00409
   0.01314  0.01692  0.01957
   0.01194  0.01630  0.04040
   0.01080  0.01568  0.06005
   0.00971  0.01507  0.07872
   0.00867  0.01445  0.10404
   0.00767  0.01383  0.12178
   0.00672  0.01321  0.14628
   0.00581  0.01258  0.16675
   0.00495  0.01194  0.19754
   0.00414  0.01128  0.22125
   0.00338  0.01061  0.24946
   0.00268  0.00990  0.28326
   0.00207  0.00914  0.39043
   0.00154  0.00835  0.47801
   0.00111  0.00752  0.59245
   0.00078  0.00665  0.71790
   0.00053  0.00577  0.81768
   0.00035  0.00489  0.88882
   0.00022  0.00400  0.93602
   0.00012  0.00312  0.96948
   0.00005  0.00224  0.98840
   0.00001  0.00137  0.99814
  -0.00000  0.00051  0.99955
   0.00001 -0.00034  0.99367
   0.00004 -0.00120  0.98039
   0.00010 -0.00206  0.95928
   0.00020 -0.00292  0.94275
   0.00027 -0.00380  0.89584
   0.00039 -0.00468  0.86176
   0.00054 -0.00556  0.81168
   0.00072 -0.00645  0.75104
   0.00092 -0.00735  0.68411
   0.00115 -0.00824  0.60567
   0.00142 -0.00914  0.50610
   0.00173 -0.01004  0.39586
   0.00207 -0.01094  0.27060
   0.00247 -0.01182  0.09379
   0.00292 -0.01269  0.01270
   0.00342 -0.01356 -0.33696
   0.00402 -0.01437 -0.39870
   0.00470 -0.01514 -0.50754
   0.00546 -0.01587 -0.54208
   0.00629 -0.01657 -0.57082
   0.00717 -0.01724 -0.58128
   0.00811 -0.01789 -0.59605
   0.00910 -0.01851 -0.59351
   0.01015 -0.01912 -0.58862
   0.01125 -0.01971 -0.58776
   0.01240 -0.02029 -0.57937
   0.01361 -0.02086 -0.57255
   0.01488 -0.02142 -0.56420
   0.01621 -0.02198 -0.54867
   0.01761 -0.02253 -0.53999
   0.01908 -0.02307 -0.52347
   0.02063 -0.02362 -0.51774
   0.02226 -0.02417 -0.50417
   0.02397 -0.02472 -0.48837
   0.02579 -0.02528 -0.48041
   0.02770 -0.02584 -0.46938
   0.02973 -0.02641 -0.46101
   0.03189 -0.02700 -0.45272
   0.03419 -0.02759 -0.44578
   0.03663 -0.02820 -0.43452
   0.03924 -0.02882 -0.42747
   0.04203 -0.02945 -0.41619
   0.04502 -0.03011 -0.40907
   0.04822 -0.03078 -0.40282
   0.05165 -0.03148 -0.39907
   0.05533 -0.03220 -0.39422
   0.05925 -0.03293 -0.39075
   0.06344 -0.03368 -0.38561
   0.06789 -0.03445 -0.38319
   0.07262 -0.03522 -0.37803
   0.07761 -0.03600 -0.37624
   0.08288 -0.03679 -0.37256
   0.08842 -0.03758 -0.36899
   0.09419 -0.03836 -0.36566
   0.10019 -0.03914 -0.36335
   0.10638 -0.03991 -0.36223
   0.11276 -0.04065 -0.36103
   0.11929 -0.04138 -0.36003
   0.12594 -0.04208 -0.35846
   0.13272 -0.04276 -0.35719
   0.13959 -0.04340 -0.35554
   0.14656 -0.04401 -0.35225
   0.15362 -0.04460 -0.35033
   0.16075 -0.04515 -0.34623
   0.16794 -0.04567 -0.34378
   0.17519 -0.04616 -0.34023
   0.18248 -0.04663 -0.33805
   0.18981 -0.04706 -0.33570
   0.19717 -0.04747 -0.33414
   0.20456 -0.04785 -0.32979
   0.21197 -0.04820 -0.32876
   0.21942 -0.04852 -0.32448
   0.22690 -0.04882 -0.32174
   0.23441 -0.04909 -0.31686
   0.24195 -0.04934 -0.31459
   0.24951 -0.04956 -0.31241
   0.25708 -0.04977 -0.30901
   0.26468 -0.04995 -0.30758
   0.27229 -0.05011 -0.30319
   0.27991 -0.05024 -0.30163
   0.28756 -0.05036 -0.29809
   0.29522 -0.05046 -0.29603
   0.30289 -0.05054 -0.29405
   0.31057 -0.05060 -0.29184
   0.31825 -0.05064 -0.28954
   0.32595 -0.05066 -0.28784
   0.33364 -0.05066 -0.28624
   0.34135 -0.05065 -0.28433
   0.34906 -0.05061 -0.28254
   0.35677 -0.05056 -0.28063
   0.36448 -0.05048 -0.27891
   0.37219 -0.05039 -0.27730
   0.37990 -0.05028 -0.27519
   0.38761 -0.05015 -0.27381
   0.39532 -0.05001 -0.27240
   0.40302 -0.04984 -0.27098
   0.41072 -0.04966 -0.26886
   0.41842 -0.04945 -0.26819
   0.42610 -0.04923 -0.26677
   0.43378 -0.04899 -0.26600
   0.44144 -0.04873 -0.26383
   0.44910 -0.04845 -0.26322
   0.45674 -0.04815 -0.26165
   0.46437 -0.04783 -0.26089
   0.47199 -0.04749 -0.25915
   0.47960 -0.04713 -0.25725
   0.48720 -0.04674 -0.25591
   0.49478 -0.04634 -0.25415
   0.50235 -0.04590 -0.25173
   0.50991 -0.04545 -0.25046
   0.51745 -0.04497 -0.24781
   0.52498 -0.04447 -0.24534
   0.53250 -0.04395 -0.24320
   0.54000 -0.04340 -0.24059
   0.54749 -0.04282 -0.23772
   0.55497 -0.04222 -0.23455
   0.56243 -0.04159 -0.23088
   0.56987 -0.04093 -0.22751
   0.57730 -0.04025 -0.22380
   0.58471 -0.03954 -0.21963
   0.59210 -0.03881 -0.21541
   0.59948 -0.03804 -0.21095
   0.60683 -0.03724 -0.20633
   0.61417 -0.03642 -0.20007
   0.62149 -0.03556 -0.19532
   0.62879 -0.03468 -0.18803
   0.63608 -0.03376 -0.18231
   0.64335 -0.03281 -0.17415
   0.65061 -0.03183 -0.16702
   0.65786 -0.03081 -0.15844
   0.66510 -0.02976 -0.14951
   0.67232 -0.02867 -0.13971
   0.67954 -0.02755 -0.12957
   0.68676 -0.02640 -0.11900
   0.69397 -0.02520 -0.10776
   0.70117 -0.02398 -0.09498
   0.70838 -0.02271 -0.08223
   0.71559 -0.02141 -0.06870
   0.72281 -0.02007 -0.05432
   0.73004 -0.01870 -0.03955
   0.73728 -0.01729 -0.02341
   0.74453 -0.01584 -0.00581
   0.75180 -0.01436  0.01053
   0.75910 -0.01284  0.03055
   0.76642 -0.01128  0.04866
   0.77378 -0.00969  0.07048
   0.78118 -0.00807  0.08934
   0.78863 -0.00642  0.11284
   0.79611 -0.00475  0.13372
   0.80361 -0.00306  0.15816
   0.81108 -0.00138  0.18110
   0.81847  0.00029  0.20411
   0.82574  0.00191  0.22790
   0.83289  0.00348  0.24992
   0.83991  0.00499  0.27047
   0.84680  0.00644  0.29018
   0.85358  0.00782  0.30961
   0.86023  0.00913  0.32592
   0.86676  0.01036  0.34453
   0.87316  0.01151  0.35866
   0.87944  0.01258  0.37513
   0.88561  0.01356  0.38697
   0.89167  0.01445  0.39920
   0.89763  0.01526  0.41001
   0.90349  0.01599  0.41957
   0.90927  0.01663  0.42739
   0.91493  0.01718  0.43705
   0.92047  0.01765  0.44292
   0.92588  0.01803  0.45120
   0.93120  0.01832  0.45480
   0.93644  0.01853  0.45564
   0.94160  0.01868  0.45857
   0.94662  0.01876  0.46551
   0.95140  0.01879  0.48092
   0.95595  0.01872  0.49058
   0.96030  0.01853  0.49568
   0.96456  0.01820  0.48077
   0.96881  0.01775  0.45319
   0.97308  0.01723  0.42610
   0.97733  0.01672  0.41391
   0.98147  0.01621  0.42711
   0.98549  0.01562  0.43406
   0.98945  0.01488  0.38882
   0.99342  0.01406  0.32413
   0.99738  0.01325  0.29885
   1.00000  0.01271  0.25422
