GRUMMAN K-2 AIRFOIL                             
 Alfa =  -1.30230 Re =        0.000 Xflap,Yflap =     0.000000    0.000000
#    x        y        Cp  
   1.00000  0.01371  0.25220
   0.99739  0.01444  0.09672
   0.99327  0.01550  0.06272
   0.98886  0.01658  0.04433
   0.98418  0.01773  0.00265
   0.97923  0.01891 -0.02688
   0.97401  0.02013 -0.05692
   0.96856  0.02137 -0.08477
   0.96293  0.02261 -0.11259
   0.95713  0.02384 -0.13564
   0.95115  0.02505 -0.15435
   0.94501  0.02623 -0.16956
   0.93873  0.02739 -0.18315
   0.93231  0.02852 -0.19413
   0.92575  0.02962 -0.20148
   0.91905  0.03069 -0.20717
   0.91224  0.03174 -0.21440
   0.90536  0.03277 -0.22303
   0.89842  0.03376 -0.23050
   0.89145  0.03472 -0.23831
   0.88446  0.03564 -0.24366
   0.87741  0.03652 -0.24771
   0.87030  0.03736 -0.24821
   0.86310  0.03817 -0.24815
   0.85580  0.03897 -0.24774
   0.84840  0.03974 -0.24692
   0.84093  0.04049 -0.24702
   0.83341  0.04123 -0.24745
   0.82588  0.04195 -0.25203
   0.81837  0.04265 -0.25798
   0.81087  0.04332 -0.26055
   0.80338  0.04396 -0.26381
   0.79590  0.04457 -0.26631
   0.78841  0.04515 -0.26732
   0.78092  0.04570 -0.26887
   0.77342  0.04622 -0.26855
   0.76591  0.04671 -0.26858
   0.75838  0.04717 -0.26737
   0.75082  0.04761 -0.26609
   0.74324  0.04802 -0.26220
   0.73562  0.04841 -0.26088
   0.72798  0.04878 -0.25754
   0.72030  0.04913 -0.25534
   0.71260  0.04946 -0.25251
   0.70486  0.04978 -0.24991
   0.69710  0.05008 -0.24716
   0.68932  0.05037 -0.24494
   0.68152  0.05064 -0.24261
   0.67370  0.05090 -0.24164
   0.66588  0.05114 -0.23884
   0.65804  0.05138 -0.23772
   0.65020  0.05160 -0.23591
   0.64235  0.05180 -0.23426
   0.63449  0.05200 -0.23338
   0.62662  0.05218 -0.23111
   0.61875  0.05235 -0.22995
   0.61086  0.05251 -0.22832
   0.60297  0.05266 -0.22649
   0.59508  0.05280 -0.22581
   0.58718  0.05293 -0.22490
   0.57928  0.05305 -0.22350
   0.57138  0.05316 -0.22236
   0.56347  0.05325 -0.22146
   0.55556  0.05334 -0.22088
   0.54765  0.05342 -0.21953
   0.53974  0.05348 -0.21841
   0.53183  0.05354 -0.21754
   0.52391  0.05358 -0.21722
   0.51600  0.05362 -0.21567
   0.50808  0.05365 -0.21544
   0.50017  0.05366 -0.21439
   0.49225  0.05367 -0.21327
   0.48434  0.05366 -0.21320
   0.47642  0.05365 -0.21228
   0.46852  0.05363 -0.21178
   0.46062  0.05360 -0.21068
   0.45272  0.05355 -0.21119
   0.44483  0.05350 -0.20945
   0.43695  0.05344 -0.20901
   0.42908  0.05336 -0.20813
   0.42122  0.05328 -0.20824
   0.41340  0.05319 -0.20746
   0.40562  0.05309 -0.20851
   0.39791  0.05299 -0.20819
   0.39026  0.05286 -0.20846
   0.38268  0.05273 -0.20598
   0.37518  0.05259 -0.20244
   0.36779  0.05245 -0.20341
   0.36056  0.05233 -0.21128
   0.35355  0.05219 -0.22293
   0.34675  0.05202 -0.22968
   0.34015  0.05179 -0.21478
   0.33367  0.05152 -0.18650
   0.32729  0.05126 -0.16117
   0.32094  0.05107 -0.15411
   0.31459  0.05095 -0.17709
   0.30818  0.05086 -0.20737
   0.30168  0.05074 -0.22893
   0.29501  0.05055 -0.22503
   0.28812  0.05029 -0.21159
   0.28102  0.05002 -0.20219
   0.27376  0.04974 -0.20406
   0.26640  0.04946 -0.20686
   0.25896  0.04915 -0.20773
   0.25145  0.04883 -0.20747
   0.24388  0.04848 -0.20712
   0.23629  0.04812 -0.20775
   0.22868  0.04775 -0.20835
   0.22107  0.04735 -0.20935
   0.21346  0.04694 -0.20969
   0.20588  0.04651 -0.21080
   0.19832  0.04606 -0.21152
   0.19079  0.04559 -0.21288
   0.18331  0.04510 -0.21485
   0.17587  0.04459 -0.21440
   0.16848  0.04405 -0.21718
   0.16116  0.04350 -0.21742
   0.15392  0.04292 -0.21826
   0.14676  0.04231 -0.22085
   0.13969  0.04168 -0.21976
   0.13274  0.04103 -0.22178
   0.12592  0.04036 -0.22136
   0.11925  0.03966 -0.22190
   0.11274  0.03895 -0.22133
   0.10643  0.03821 -0.22101
   0.10032  0.03747 -0.22150
   0.09446  0.03673 -0.22080
   0.08886  0.03598 -0.22265
   0.08353  0.03523 -0.22300
   0.07849  0.03450 -0.22570
   0.07373  0.03377 -0.23055
   0.06927  0.03305 -0.23189
   0.06509  0.03235 -0.24371
   0.06115  0.03165 -0.24806
   0.05745  0.03095 -0.25487
   0.05396  0.03023 -0.25849
   0.05068  0.02952 -0.25350
   0.04758  0.02879 -0.24498
   0.04465  0.02805 -0.23399
   0.04187  0.02732 -0.22190
   0.03925  0.02659 -0.20714
   0.03676  0.02587 -0.19783
   0.03441  0.02515 -0.18282
   0.03218  0.02442 -0.15526
   0.03006  0.02371 -0.12717
   0.02804  0.02301 -0.10398
   0.02612  0.02234 -0.09575
   0.02429  0.02168 -0.09393
   0.02256  0.02105 -0.09015
   0.02092  0.02042 -0.08821
   0.01936  0.01979 -0.08042
   0.01788  0.01916 -0.06500
   0.01648  0.01853 -0.04329
   0.01513  0.01790 -0.01731
   0.01385  0.01728  0.00585
   0.01262  0.01665  0.03056
   0.01145  0.01603  0.04597
   0.01032  0.01542  0.06656
   0.00925  0.01480  0.09195
   0.00822  0.01418  0.10819
   0.00724  0.01356  0.13584
   0.00631  0.01293  0.15456
   0.00542  0.01229  0.17767
   0.00458  0.01164  0.20949
   0.00379  0.01098  0.23177
   0.00305  0.01029  0.26548
   0.00239  0.00956  0.31074
   0.00182  0.00878  0.45031
   0.00133  0.00797  0.51673
   0.00094  0.00712  0.65561
   0.00065  0.00624  0.76709
   0.00044  0.00536  0.85509
   0.00028  0.00447  0.91262
   0.00016  0.00358  0.95441
   0.00008  0.00270  0.97915
   0.00003  0.00182  0.99418
   0.00000  0.00095  0.99989
  -0.00000  0.00009  0.99746
   0.00003 -0.00076  0.98860
   0.00006 -0.00163  0.96976
   0.00015 -0.00249  0.95322
   0.00023 -0.00336  0.92010
   0.00032 -0.00424  0.87971
   0.00047 -0.00512  0.83780
   0.00063 -0.00601  0.78271
   0.00082 -0.00691  0.71904
   0.00104 -0.00781  0.64619
   0.00129 -0.00871  0.55432
   0.00157 -0.00961  0.45161
   0.00190 -0.01051  0.33428
   0.00227 -0.01140  0.18098
   0.00270 -0.01228  0.05181
   0.00318 -0.01315 -0.15816
   0.00373 -0.01400 -0.38974
   0.00438 -0.01479 -0.46245
   0.00511 -0.01554 -0.53052
   0.00590 -0.01626 -0.55701
   0.00676 -0.01694 -0.57640
   0.00768 -0.01760 -0.58799
   0.00865 -0.01823 -0.59216
   0.00967 -0.01885 -0.59770
   0.01075 -0.01945 -0.58229
   0.01188 -0.02004 -0.58690
   0.01307 -0.02061 -0.57360
   0.01432 -0.02118 -0.56714
   0.01563 -0.02174 -0.55808
   0.01700 -0.02229 -0.54029
   0.01845 -0.02284 -0.53069
   0.01996 -0.02339 -0.52036
   0.02156 -0.02394 -0.50834
   0.02324 -0.02449 -0.49491
   0.02502 -0.02504 -0.48383
   0.02690 -0.02561 -0.47477
   0.02888 -0.02618 -0.46368
   0.03099 -0.02676 -0.45494
   0.03324 -0.02735 -0.44818
   0.03563 -0.02795 -0.43841
   0.03818 -0.02857 -0.42995
   0.04090 -0.02920 -0.42062
   0.04382 -0.02985 -0.41176
   0.04694 -0.03052 -0.40420
   0.05029 -0.03121 -0.40145
   0.05388 -0.03192 -0.39492
   0.05772 -0.03265 -0.39211
   0.06181 -0.03340 -0.38743
   0.06618 -0.03416 -0.38338
   0.07081 -0.03493 -0.38002
   0.07572 -0.03571 -0.37643
   0.08090 -0.03650 -0.37323
   0.08636 -0.03729 -0.37049
   0.09206 -0.03808 -0.36690
   0.09799 -0.03886 -0.36348
   0.10414 -0.03963 -0.36304
   0.11047 -0.04039 -0.36076
   0.11696 -0.04113 -0.36025
   0.12360 -0.04184 -0.35914
   0.13035 -0.04253 -0.35776
   0.13721 -0.04318 -0.35580
   0.14417 -0.04381 -0.35338
   0.15121 -0.04440 -0.35030
   0.15834 -0.04497 -0.34755
   0.16553 -0.04550 -0.34465
   0.17278 -0.04600 -0.34156
   0.18008 -0.04648 -0.33839
   0.18742 -0.04692 -0.33683
   0.19479 -0.04734 -0.33399
   0.20219 -0.04773 -0.33186
   0.20962 -0.04809 -0.32803
   0.21707 -0.04842 -0.32615
   0.22456 -0.04873 -0.32216
   0.23208 -0.04901 -0.31860
   0.23964 -0.04926 -0.31490
   0.24721 -0.04950 -0.31290
   0.25481 -0.04971 -0.31020
   0.26241 -0.04990 -0.30750
   0.27004 -0.05006 -0.30450
   0.27768 -0.05021 -0.30213
   0.28534 -0.05033 -0.29889
   0.29302 -0.05043 -0.29658
   0.30071 -0.05052 -0.29428
   0.30841 -0.05058 -0.29230
   0.31611 -0.05063 -0.29061
   0.32382 -0.05066 -0.28841
   0.33154 -0.05066 -0.28600
   0.33927 -0.05065 -0.28501
   0.34699 -0.05062 -0.28240
   0.35472 -0.05057 -0.28107
   0.36246 -0.05051 -0.27939
   0.37019 -0.05042 -0.27785
   0.37793 -0.05031 -0.27540
   0.38566 -0.05019 -0.27453
   0.39339 -0.05004 -0.27257
   0.40111 -0.04988 -0.27101
   0.40883 -0.04970 -0.26931
   0.41655 -0.04951 -0.26841
   0.42426 -0.04929 -0.26696
   0.43196 -0.04905 -0.26595
   0.43965 -0.04880 -0.26442
   0.44733 -0.04852 -0.26334
   0.45499 -0.04823 -0.26215
   0.46265 -0.04791 -0.26042
   0.47029 -0.04757 -0.25950
   0.47793 -0.04721 -0.25763
   0.48555 -0.04683 -0.25599
   0.49315 -0.04642 -0.25433
   0.50075 -0.04600 -0.25275
   0.50833 -0.04555 -0.25015
   0.51589 -0.04507 -0.24852
   0.52345 -0.04458 -0.24569
   0.53099 -0.04405 -0.24375
   0.53851 -0.04351 -0.24064
   0.54603 -0.04293 -0.23817
   0.55353 -0.04234 -0.23548
   0.56101 -0.04171 -0.23131
   0.56848 -0.04106 -0.22836
   0.57593 -0.04038 -0.22432
   0.58337 -0.03967 -0.22039
   0.59078 -0.03894 -0.21636
   0.59818 -0.03818 -0.21144
   0.60556 -0.03738 -0.20682
   0.61292 -0.03656 -0.20160
   0.62026 -0.03571 -0.19564
   0.62759 -0.03483 -0.18971
   0.63490 -0.03391 -0.18212
   0.64220 -0.03296 -0.17611
   0.64948 -0.03198 -0.16794
   0.65674 -0.03097 -0.15991
   0.66400 -0.02992 -0.15062
   0.67125 -0.02883 -0.14110
   0.67849 -0.02772 -0.13140
   0.68572 -0.02656 -0.12016
   0.69295 -0.02537 -0.10938
   0.70018 -0.02415 -0.09635
   0.70741 -0.02288 -0.08405
   0.71464 -0.02159 -0.07068
   0.72188 -0.02025 -0.05571
   0.72912 -0.01888 -0.04167
   0.73638 -0.01747 -0.02473
   0.74365 -0.01602 -0.00905
   0.75094 -0.01453  0.00960
   0.75826 -0.01301  0.02756
   0.76560 -0.01146  0.04722
   0.77297 -0.00987  0.06685
   0.78039 -0.00825  0.08841
   0.78785 -0.00659  0.10953
   0.79535 -0.00492  0.13270
   0.80287 -0.00323  0.15555
   0.81037 -0.00154  0.17786
   0.81778  0.00013  0.20305
   0.82509  0.00176  0.22620
   0.83227  0.00334  0.24772
   0.83932  0.00486  0.26846
   0.84624  0.00632  0.28887
   0.85304  0.00771  0.30728
   0.85972  0.00903  0.32621
   0.86628  0.01027  0.34240
   0.87271  0.01143  0.35846
   0.87902  0.01251  0.37348
   0.88521  0.01350  0.38620
   0.89129  0.01440  0.39900
   0.89727  0.01522  0.40879
   0.90316  0.01595  0.41929
   0.90895  0.01659  0.42814
   0.91464  0.01715  0.43551
   0.92020  0.01763  0.44390
   0.92564  0.01802  0.44970
   0.93097  0.01831  0.45430
   0.93623  0.01853  0.45742
   0.94141  0.01867  0.45693
   0.94645  0.01876  0.46717
   0.95125  0.01879  0.47885
   0.95581  0.01873  0.49147
   0.96019  0.01854  0.49557
   0.96446  0.01821  0.48053
   0.96872  0.01776  0.45433
   0.97300  0.01724  0.42578
   0.97726  0.01672  0.41548
   0.98142  0.01621  0.42808
   0.98545  0.01563  0.43243
   0.98942  0.01489  0.38723
   0.99340  0.01406  0.32677
   0.99738  0.01325  0.29810
   1.00000  0.01271  0.25220
