GRUMMAN K-2 AIRFOIL                             
 Alfa =  -1.26890 Re =        0.000 Xflap,Yflap =     0.000000    0.000000
#    x        y        Cp  
   1.00000  0.01371  0.25420
   0.99740  0.01444  0.09920
   0.99329  0.01549  0.06145
   0.98889  0.01657  0.04609
   0.98423  0.01772  0.00572
   0.97929  0.01890 -0.02924
   0.97409  0.02011 -0.05522
   0.96867  0.02135 -0.08561
   0.96305  0.02259 -0.11215
   0.95727  0.02381 -0.13381
   0.95131  0.02502 -0.15474
   0.94520  0.02620 -0.16984
   0.93893  0.02735 -0.18291
   0.93253  0.02848 -0.19414
   0.92600  0.02957 -0.20133
   0.91932  0.03065 -0.20740
   0.91254  0.03170 -0.21436
   0.90568  0.03272 -0.22299
   0.89876  0.03372 -0.23043
   0.89181  0.03467 -0.23854
   0.88484  0.03559 -0.24451
   0.87782  0.03647 -0.24717
   0.87073  0.03731 -0.24830
   0.86355  0.03812 -0.24942
   0.85628  0.03891 -0.24819
   0.84891  0.03968 -0.24733
   0.84146  0.04044 -0.24730
   0.83396  0.04117 -0.24723
   0.82645  0.04190 -0.25296
   0.81896  0.04260 -0.25788
   0.81149  0.04327 -0.26147
   0.80402  0.04391 -0.26400
   0.79655  0.04452 -0.26644
   0.78909  0.04510 -0.26864
   0.78162  0.04565 -0.26937
   0.77414  0.04617 -0.26892
   0.76665  0.04666 -0.26931
   0.75914  0.04713 -0.26809
   0.75161  0.04756 -0.26628
   0.74405  0.04798 -0.26457
   0.73646  0.04837 -0.26164
   0.72884  0.04874 -0.25923
   0.72118  0.04909 -0.25636
   0.71350  0.04943 -0.25305
   0.70580  0.04974 -0.25126
   0.69806  0.05004 -0.24826
   0.69030  0.05033 -0.24620
   0.68252  0.05060 -0.24413
   0.67473  0.05086 -0.24234
   0.66693  0.05111 -0.24016
   0.65911  0.05135 -0.23892
   0.65129  0.05157 -0.23743
   0.64347  0.05178 -0.23540
   0.63563  0.05197 -0.23430
   0.62779  0.05216 -0.23279
   0.61994  0.05233 -0.23073
   0.61208  0.05249 -0.23023
   0.60421  0.05264 -0.22772
   0.59633  0.05278 -0.22689
   0.58846  0.05291 -0.22568
   0.58058  0.05303 -0.22506
   0.57270  0.05314 -0.22384
   0.56482  0.05324 -0.22294
   0.55693  0.05333 -0.22186
   0.54904  0.05340 -0.22122
   0.54115  0.05347 -0.21979
   0.53326  0.05353 -0.21946
   0.52537  0.05358 -0.21811
   0.51748  0.05361 -0.21720
   0.50958  0.05364 -0.21692
   0.50169  0.05366 -0.21531
   0.49380  0.05367 -0.21567
   0.48590  0.05367 -0.21400
   0.47801  0.05366 -0.21437
   0.47012  0.05363 -0.21335
   0.46224  0.05360 -0.21260
   0.45437  0.05356 -0.21198
   0.44650  0.05351 -0.21145
   0.43864  0.05345 -0.21035
   0.43079  0.05338 -0.21011
   0.42295  0.05330 -0.20980
   0.41514  0.05321 -0.20943
   0.40737  0.05312 -0.21006
   0.39966  0.05301 -0.20944
   0.39202  0.05289 -0.21065
   0.38445  0.05276 -0.20770
   0.37694  0.05262 -0.20507
   0.36954  0.05249 -0.20406
   0.36229  0.05236 -0.21118
   0.35524  0.05223 -0.22201
   0.34842  0.05207 -0.23120
   0.34179  0.05185 -0.22241
   0.33530  0.05159 -0.19547
   0.32892  0.05132 -0.16878
   0.32258  0.05111 -0.15506
   0.31625  0.05098 -0.17136
   0.30988  0.05089 -0.20065
   0.30343  0.05078 -0.22790
   0.29682  0.05061 -0.23018
   0.29002  0.05037 -0.21773
   0.28299  0.05009 -0.20588
   0.27579  0.04982 -0.20456
   0.26847  0.04954 -0.20859
   0.26108  0.04924 -0.21048
   0.25361  0.04892 -0.20932
   0.24607  0.04858 -0.20932
   0.23850  0.04823 -0.21027
   0.23092  0.04786 -0.21065
   0.22333  0.04747 -0.21139
   0.21574  0.04707 -0.21186
   0.20817  0.04664 -0.21359
   0.20063  0.04620 -0.21402
   0.19311  0.04574 -0.21475
   0.18563  0.04526 -0.21781
   0.17820  0.04475 -0.21745
   0.17081  0.04423 -0.21863
   0.16349  0.04368 -0.22093
   0.15624  0.04311 -0.22089
   0.14907  0.04251 -0.22320
   0.14200  0.04189 -0.22374
   0.13503  0.04125 -0.22462
   0.12818  0.04059 -0.22527
   0.12147  0.03990 -0.22541
   0.11493  0.03919 -0.22531
   0.10856  0.03847 -0.22523
   0.10240  0.03773 -0.22466
   0.09647  0.03699 -0.22548
   0.09078  0.03624 -0.22703
   0.08537  0.03550 -0.22553
   0.08024  0.03476 -0.23059
   0.07540  0.03403 -0.23215
   0.07085  0.03331 -0.23571
   0.06658  0.03261 -0.24810
   0.06257  0.03190 -0.24863
   0.05879  0.03120 -0.25947
   0.05523  0.03050 -0.26339
   0.05189  0.02978 -0.26126
   0.04873  0.02906 -0.25489
   0.04574  0.02833 -0.24377
   0.04291  0.02760 -0.23425
   0.04024  0.02687 -0.21919
   0.03771  0.02615 -0.20692
   0.03531  0.02543 -0.19873
   0.03305  0.02471 -0.17387
   0.03089  0.02399 -0.14375
   0.02884  0.02329 -0.12000
   0.02688  0.02260 -0.10423
   0.02502  0.02195 -0.10202
   0.02326  0.02131 -0.09990
   0.02159  0.02067 -0.09826
   0.02000  0.02005 -0.09193
   0.01849  0.01942 -0.08090
   0.01706  0.01880 -0.06258
   0.01569  0.01817 -0.03596
   0.01439  0.01754 -0.01349
   0.01314  0.01692  0.00998
   0.01194  0.01630  0.03058
   0.01080  0.01568  0.04998
   0.00971  0.01507  0.06838
   0.00867  0.01445  0.09344
   0.00767  0.01383  0.11084
   0.00672  0.01321  0.13499
   0.00581  0.01258  0.15505
   0.00495  0.01194  0.18546
   0.00414  0.01128  0.20865
   0.00338  0.01061  0.23624
   0.00268  0.00990  0.26942
   0.00207  0.00914  0.37729
   0.00154  0.00835  0.46532
   0.00111  0.00752  0.58102
   0.00078  0.00665  0.70861
   0.00053  0.00577  0.81044
   0.00035  0.00489  0.88335
   0.00022  0.00400  0.93197
   0.00012  0.00312  0.96672
   0.00005  0.00224  0.98671
   0.00001  0.00137  0.99744
  -0.00000  0.00051  0.99981
   0.00001 -0.00034  0.99477
   0.00004 -0.00120  0.98238
   0.00010 -0.00206  0.96221
   0.00020 -0.00292  0.94595
   0.00027 -0.00380  0.90058
   0.00039 -0.00468  0.86703
   0.00054 -0.00556  0.81788
   0.00072 -0.00645  0.75820
   0.00092 -0.00735  0.69221
   0.00115 -0.00824  0.61477
   0.00142 -0.00914  0.51639
   0.00173 -0.01004  0.40737
   0.00207 -0.01094  0.28334
   0.00247 -0.01182  0.10836
   0.00292 -0.01269  0.02745
   0.00342 -0.01356 -0.31841
   0.00402 -0.01437 -0.38066
   0.00470 -0.01514 -0.48926
   0.00546 -0.01587 -0.52451
   0.00629 -0.01657 -0.55388
   0.00717 -0.01724 -0.56509
   0.00811 -0.01789 -0.58048
   0.00910 -0.01851 -0.57864
   0.01015 -0.01912 -0.57442
   0.01125 -0.01971 -0.57415
   0.01240 -0.02029 -0.56634
   0.01361 -0.02086 -0.56005
   0.01488 -0.02142 -0.55222
   0.01621 -0.02198 -0.53721
   0.01761 -0.02253 -0.52899
   0.01908 -0.02307 -0.51292
   0.02063 -0.02362 -0.50758
   0.02226 -0.02417 -0.49441
   0.02397 -0.02472 -0.47901
   0.02579 -0.02528 -0.47139
   0.02770 -0.02584 -0.46070
   0.02973 -0.02641 -0.45264
   0.03189 -0.02700 -0.44464
   0.03419 -0.02759 -0.43800
   0.03663 -0.02820 -0.42702
   0.03924 -0.02882 -0.42024
   0.04203 -0.02945 -0.40923
   0.04502 -0.03011 -0.40236
   0.04822 -0.03078 -0.39635
   0.05165 -0.03148 -0.39282
   0.05533 -0.03220 -0.38818
   0.05925 -0.03293 -0.38493
   0.06344 -0.03368 -0.37999
   0.06789 -0.03445 -0.37776
   0.07262 -0.03522 -0.37280
   0.07761 -0.03600 -0.37118
   0.08288 -0.03679 -0.36768
   0.08842 -0.03758 -0.36427
   0.09419 -0.03836 -0.36111
   0.10019 -0.03914 -0.35895
   0.10638 -0.03991 -0.35797
   0.11276 -0.04065 -0.35690
   0.11929 -0.04138 -0.35602
   0.12594 -0.04208 -0.35458
   0.13272 -0.04276 -0.35342
   0.13959 -0.04340 -0.35188
   0.14656 -0.04401 -0.34869
   0.15362 -0.04460 -0.34687
   0.16075 -0.04515 -0.34287
   0.16794 -0.04567 -0.34051
   0.17519 -0.04616 -0.33705
   0.18248 -0.04663 -0.33495
   0.18981 -0.04706 -0.33267
   0.19717 -0.04747 -0.33119
   0.20456 -0.04785 -0.32691
   0.21197 -0.04820 -0.32595
   0.21942 -0.04852 -0.32174
   0.22690 -0.04882 -0.31906
   0.23441 -0.04909 -0.31424
   0.24195 -0.04934 -0.31204
   0.24951 -0.04956 -0.30991
   0.25708 -0.04977 -0.30656
   0.26468 -0.04995 -0.30518
   0.27229 -0.05011 -0.30085
   0.27991 -0.05024 -0.29933
   0.28756 -0.05036 -0.29584
   0.29522 -0.05046 -0.29383
   0.30289 -0.05054 -0.29189
   0.31057 -0.05060 -0.28972
   0.31825 -0.05064 -0.28746
   0.32595 -0.05066 -0.28580
   0.33364 -0.05066 -0.28424
   0.34135 -0.05065 -0.28236
   0.34906 -0.05061 -0.28061
   0.35677 -0.05056 -0.27874
   0.36448 -0.05048 -0.27705
   0.37219 -0.05039 -0.27547
   0.37990 -0.05028 -0.27340
   0.38761 -0.05015 -0.27204
   0.39532 -0.05001 -0.27067
   0.40302 -0.04984 -0.26928
   0.41072 -0.04966 -0.26719
   0.41842 -0.04945 -0.26655
   0.42610 -0.04923 -0.26516
   0.43378 -0.04899 -0.26441
   0.44144 -0.04873 -0.26226
   0.44910 -0.04845 -0.26169
   0.45674 -0.04815 -0.26014
   0.46437 -0.04783 -0.25940
   0.47199 -0.04749 -0.25769
   0.47960 -0.04713 -0.25582
   0.48720 -0.04674 -0.25450
   0.49478 -0.04634 -0.25276
   0.50235 -0.04590 -0.25036
   0.50991 -0.04545 -0.24913
   0.51745 -0.04497 -0.24649
   0.52498 -0.04447 -0.24405
   0.53250 -0.04395 -0.24193
   0.54000 -0.04340 -0.23935
   0.54749 -0.04282 -0.23650
   0.55497 -0.04222 -0.23335
   0.56243 -0.04159 -0.22970
   0.56987 -0.04093 -0.22636
   0.57730 -0.04025 -0.22266
   0.58471 -0.03954 -0.21852
   0.59210 -0.03881 -0.21432
   0.59948 -0.03804 -0.20989
   0.60683 -0.03724 -0.20528
   0.61417 -0.03642 -0.19904
   0.62149 -0.03556 -0.19432
   0.62879 -0.03468 -0.18705
   0.63608 -0.03376 -0.18136
   0.64335 -0.03281 -0.17321
   0.65061 -0.03183 -0.16611
   0.65786 -0.03081 -0.15755
   0.66510 -0.02976 -0.14864
   0.67232 -0.02867 -0.13886
   0.67954 -0.02755 -0.12876
   0.68676 -0.02640 -0.11820
   0.69397 -0.02520 -0.10698
   0.70117 -0.02398 -0.09422
   0.70838 -0.02271 -0.08150
   0.71559 -0.02141 -0.06800
   0.72281 -0.02007 -0.05363
   0.73004 -0.01870 -0.03888
   0.73728 -0.01729 -0.02277
   0.74453 -0.01584 -0.00520
   0.75180 -0.01436  0.01112
   0.75910 -0.01284  0.03112
   0.76642 -0.01128  0.04920
   0.77378 -0.00969  0.07100
   0.78118 -0.00807  0.08984
   0.78863 -0.00642  0.11332
   0.79611 -0.00475  0.13417
   0.80361 -0.00306  0.15858
   0.81108 -0.00138  0.18150
   0.81847  0.00029  0.20449
   0.82574  0.00191  0.22826
   0.83289  0.00348  0.25027
   0.83991  0.00499  0.27079
   0.84680  0.00644  0.29049
   0.85358  0.00782  0.30990
   0.86023  0.00913  0.32620
   0.86676  0.01036  0.34479
   0.87316  0.01151  0.35892
   0.87944  0.01258  0.37537
   0.88561  0.01356  0.38719
   0.89167  0.01445  0.39942
   0.89763  0.01526  0.41021
   0.90349  0.01599  0.41976
   0.90927  0.01663  0.42758
   0.91493  0.01718  0.43722
   0.92047  0.01765  0.44309
   0.92588  0.01803  0.45135
   0.93120  0.01832  0.45495
   0.93644  0.01853  0.45579
   0.94160  0.01868  0.45870
   0.94662  0.01876  0.46565
   0.95140  0.01879  0.48104
   0.95595  0.01872  0.49070
   0.96030  0.01853  0.49579
   0.96456  0.01820  0.48088
   0.96881  0.01775  0.45330
   0.97308  0.01723  0.42621
   0.97733  0.01672  0.41402
   0.98147  0.01621  0.42720
   0.98549  0.01562  0.43414
   0.98945  0.01488  0.38890
   0.99342  0.01406  0.32421
   0.99738  0.01325  0.29891
   1.00000  0.01271  0.25420
