GRUMMAN K-2 AIRFOIL                             
 Alfa =  -1.28120 Re =        0.000 Xflap,Yflap =     0.000000    0.000000
#    x        y        Cp  
   1.00000  0.01371  0.25221
   0.99739  0.01444  0.09669
   0.99327  0.01550  0.06268
   0.98886  0.01658  0.04426
   0.98418  0.01773  0.00256
   0.97923  0.01891 -0.02698
   0.97401  0.02013 -0.05703
   0.96856  0.02137 -0.08490
   0.96293  0.02261 -0.11273
   0.95713  0.02384 -0.13581
   0.95115  0.02505 -0.15453
   0.94501  0.02623 -0.16975
   0.93873  0.02739 -0.18336
   0.93231  0.02852 -0.19436
   0.92575  0.02962 -0.20171
   0.91905  0.03069 -0.20742
   0.91224  0.03174 -0.21466
   0.90536  0.03277 -0.22331
   0.89842  0.03376 -0.23079
   0.89145  0.03472 -0.23861
   0.88446  0.03564 -0.24398
   0.87741  0.03652 -0.24805
   0.87030  0.03736 -0.24855
   0.86310  0.03817 -0.24851
   0.85580  0.03897 -0.24810
   0.84840  0.03974 -0.24729
   0.84093  0.04049 -0.24741
   0.83341  0.04123 -0.24785
   0.82588  0.04195 -0.25245
   0.81837  0.04265 -0.25840
   0.81087  0.04332 -0.26099
   0.80338  0.04396 -0.26426
   0.79590  0.04457 -0.26677
   0.78841  0.04515 -0.26779
   0.78092  0.04570 -0.26936
   0.77342  0.04622 -0.26905
   0.76591  0.04671 -0.26908
   0.75838  0.04717 -0.26789
   0.75082  0.04761 -0.26662
   0.74324  0.04802 -0.26274
   0.73562  0.04841 -0.26143
   0.72798  0.04878 -0.25810
   0.72030  0.04913 -0.25591
   0.71260  0.04946 -0.25309
   0.70486  0.04978 -0.25049
   0.69710  0.05008 -0.24776
   0.68932  0.05037 -0.24555
   0.68152  0.05064 -0.24323
   0.67370  0.05090 -0.24226
   0.66588  0.05114 -0.23948
   0.65804  0.05138 -0.23837
   0.65020  0.05160 -0.23657
   0.64235  0.05180 -0.23493
   0.63449  0.05200 -0.23406
   0.62662  0.05218 -0.23180
   0.61875  0.05235 -0.23065
   0.61086  0.05251 -0.22903
   0.60297  0.05266 -0.22722
   0.59508  0.05280 -0.22655
   0.58718  0.05293 -0.22565
   0.57928  0.05305 -0.22426
   0.57138  0.05316 -0.22313
   0.56347  0.05325 -0.22224
   0.55556  0.05334 -0.22168
   0.54765  0.05342 -0.22034
   0.53974  0.05348 -0.21923
   0.53183  0.05354 -0.21837
   0.52391  0.05358 -0.21806
   0.51600  0.05362 -0.21653
   0.50808  0.05365 -0.21632
   0.50017  0.05366 -0.21528
   0.49225  0.05367 -0.21417
   0.48434  0.05366 -0.21411
   0.47642  0.05365 -0.21321
   0.46852  0.05363 -0.21272
   0.46062  0.05360 -0.21164
   0.45272  0.05355 -0.21216
   0.44483  0.05350 -0.21044
   0.43695  0.05344 -0.21001
   0.42908  0.05336 -0.20914
   0.42122  0.05328 -0.20927
   0.41340  0.05319 -0.20851
   0.40562  0.05309 -0.20957
   0.39791  0.05299 -0.20928
   0.39026  0.05286 -0.20956
   0.38268  0.05273 -0.20710
   0.37518  0.05259 -0.20357
   0.36779  0.05245 -0.20455
   0.36056  0.05233 -0.21246
   0.35355  0.05219 -0.22414
   0.34675  0.05202 -0.23091
   0.34015  0.05179 -0.21601
   0.33367  0.05152 -0.18772
   0.32729  0.05126 -0.16238
   0.32094  0.05107 -0.15533
   0.31459  0.05095 -0.17835
   0.30818  0.05086 -0.20868
   0.30168  0.05074 -0.23029
   0.29501  0.05055 -0.22641
   0.28812  0.05029 -0.21297
   0.28102  0.05002 -0.20359
   0.27376  0.04974 -0.20549
   0.26640  0.04946 -0.20831
   0.25896  0.04915 -0.20921
   0.25145  0.04883 -0.20898
   0.24388  0.04848 -0.20866
   0.23629  0.04812 -0.20933
   0.22868  0.04775 -0.20996
   0.22107  0.04735 -0.21100
   0.21346  0.04694 -0.21137
   0.20588  0.04651 -0.21252
   0.19832  0.04606 -0.21328
   0.19079  0.04559 -0.21469
   0.18331  0.04510 -0.21671
   0.17587  0.04459 -0.21630
   0.16848  0.04405 -0.21913
   0.16116  0.04350 -0.21943
   0.15392  0.04292 -0.22033
   0.14676  0.04231 -0.22297
   0.13969  0.04168 -0.22195
   0.13274  0.04103 -0.22403
   0.12592  0.04036 -0.22368
   0.11925  0.03966 -0.22430
   0.11274  0.03895 -0.22380
   0.10643  0.03821 -0.22356
   0.10032  0.03747 -0.22413
   0.09446  0.03673 -0.22352
   0.08886  0.03598 -0.22546
   0.08353  0.03523 -0.22591
   0.07849  0.03450 -0.22872
   0.07373  0.03377 -0.23368
   0.06927  0.03305 -0.23512
   0.06509  0.03235 -0.24709
   0.06115  0.03165 -0.25156
   0.05745  0.03095 -0.25851
   0.05396  0.03023 -0.26227
   0.05068  0.02952 -0.25739
   0.04758  0.02879 -0.24897
   0.04465  0.02805 -0.23808
   0.04187  0.02732 -0.22609
   0.03925  0.02659 -0.21142
   0.03676  0.02587 -0.20222
   0.03441  0.02515 -0.18730
   0.03218  0.02442 -0.15979
   0.03006  0.02371 -0.13175
   0.02804  0.02301 -0.10862
   0.02612  0.02234 -0.10052
   0.02429  0.02168 -0.09887
   0.02256  0.02105 -0.09525
   0.02092  0.02042 -0.09348
   0.01936  0.01979 -0.08586
   0.01788  0.01916 -0.07058
   0.01648  0.01853 -0.04897
   0.01513  0.01790 -0.02308
   0.01385  0.01728 -0.00003
   0.01262  0.01665  0.02456
   0.01145  0.01603  0.03981
   0.01032  0.01542  0.06025
   0.00925  0.01480  0.08548
   0.00822  0.01418  0.10151
   0.00724  0.01356  0.12898
   0.00631  0.01293  0.14745
   0.00542  0.01229  0.17030
   0.00458  0.01164  0.20188
   0.00379  0.01098  0.22378
   0.00305  0.01029  0.25714
   0.00239  0.00956  0.30210
   0.00182  0.00878  0.44256
   0.00133  0.00797  0.50898
   0.00094  0.00712  0.64919
   0.00065  0.00624  0.76194
   0.00044  0.00536  0.85117
   0.00028  0.00447  0.90966
   0.00016  0.00358  0.95232
   0.00008  0.00270  0.97776
   0.00003  0.00182  0.99345
   0.00000  0.00095  0.99978
  -0.00000  0.00009  0.99790
   0.00003 -0.00076  0.98953
   0.00006 -0.00163  0.97136
   0.00015 -0.00249  0.95505
   0.00023 -0.00336  0.92260
   0.00032 -0.00424  0.88284
   0.00047 -0.00512  0.84135
   0.00063 -0.00601  0.78687
   0.00082 -0.00691  0.72378
   0.00104 -0.00781  0.65154
   0.00129 -0.00871  0.56036
   0.00157 -0.00961  0.45839
   0.00190 -0.01051  0.34181
   0.00227 -0.01140  0.18949
   0.00270 -0.01228  0.06092
   0.00318 -0.01315 -0.14783
   0.00373 -0.01400 -0.37822
   0.00438 -0.01479 -0.45113
   0.00511 -0.01554 -0.51938
   0.00590 -0.01626 -0.54631
   0.00676 -0.01694 -0.56614
   0.00768 -0.01760 -0.57816
   0.00865 -0.01823 -0.58273
   0.00967 -0.01885 -0.58868
   0.01075 -0.01945 -0.57369
   0.01188 -0.02004 -0.57864
   0.01307 -0.02061 -0.56570
   0.01432 -0.02118 -0.55957
   0.01563 -0.02174 -0.55082
   0.01700 -0.02229 -0.53335
   0.01845 -0.02284 -0.52402
   0.01996 -0.02339 -0.51395
   0.02156 -0.02394 -0.50218
   0.02324 -0.02449 -0.48900
   0.02502 -0.02504 -0.47815
   0.02690 -0.02561 -0.46929
   0.02888 -0.02618 -0.45840
   0.03099 -0.02676 -0.44985
   0.03324 -0.02735 -0.44328
   0.03563 -0.02795 -0.43369
   0.03818 -0.02857 -0.42540
   0.04090 -0.02920 -0.41624
   0.04382 -0.02985 -0.40754
   0.04694 -0.03052 -0.40013
   0.05029 -0.03121 -0.39752
   0.05388 -0.03192 -0.39113
   0.05772 -0.03265 -0.38844
   0.06181 -0.03340 -0.38390
   0.06618 -0.03416 -0.37997
   0.07081 -0.03493 -0.37673
   0.07572 -0.03571 -0.37326
   0.08090 -0.03650 -0.37016
   0.08636 -0.03729 -0.36752
   0.09206 -0.03808 -0.36404
   0.09799 -0.03886 -0.36072
   0.10414 -0.03963 -0.36036
   0.11047 -0.04039 -0.35817
   0.11696 -0.04113 -0.35774
   0.12360 -0.04184 -0.35670
   0.13035 -0.04253 -0.35539
   0.13721 -0.04318 -0.35350
   0.14417 -0.04381 -0.35116
   0.15121 -0.04440 -0.34813
   0.15834 -0.04497 -0.34545
   0.16553 -0.04550 -0.34260
   0.17278 -0.04600 -0.33956
   0.18008 -0.04648 -0.33645
   0.18742 -0.04692 -0.33494
   0.19479 -0.04734 -0.33214
   0.20219 -0.04773 -0.33006
   0.20962 -0.04809 -0.32628
   0.21707 -0.04842 -0.32443
   0.22456 -0.04873 -0.32049
   0.23208 -0.04901 -0.31697
   0.23964 -0.04926 -0.31330
   0.24721 -0.04950 -0.31134
   0.25481 -0.04971 -0.30867
   0.26241 -0.04990 -0.30600
   0.27004 -0.05006 -0.30304
   0.27768 -0.05021 -0.30069
   0.28534 -0.05033 -0.29749
   0.29302 -0.05043 -0.29521
   0.30071 -0.05052 -0.29294
   0.30841 -0.05058 -0.29098
   0.31611 -0.05063 -0.28932
   0.32382 -0.05066 -0.28714
   0.33154 -0.05066 -0.28475
   0.33927 -0.05065 -0.28378
   0.34699 -0.05062 -0.28120
   0.35472 -0.05057 -0.27989
   0.36246 -0.05051 -0.27823
   0.37019 -0.05042 -0.27671
   0.37793 -0.05031 -0.27428
   0.38566 -0.05019 -0.27344
   0.39339 -0.05004 -0.27149
   0.40111 -0.04988 -0.26995
   0.40883 -0.04970 -0.26827
   0.41655 -0.04951 -0.26739
   0.42426 -0.04929 -0.26595
   0.43196 -0.04905 -0.26496
   0.43965 -0.04880 -0.26345
   0.44733 -0.04852 -0.26238
   0.45499 -0.04823 -0.26121
   0.46265 -0.04791 -0.25949
   0.47029 -0.04757 -0.25860
   0.47793 -0.04721 -0.25673
   0.48555 -0.04683 -0.25511
   0.49315 -0.04642 -0.25346
   0.50075 -0.04600 -0.25190
   0.50833 -0.04555 -0.24931
   0.51589 -0.04507 -0.24771
   0.52345 -0.04458 -0.24489
   0.53099 -0.04405 -0.24296
   0.53851 -0.04351 -0.23986
   0.54603 -0.04293 -0.23741
   0.55353 -0.04234 -0.23474
   0.56101 -0.04171 -0.23058
   0.56848 -0.04106 -0.22764
   0.57593 -0.04038 -0.22361
   0.58337 -0.03967 -0.21970
   0.59078 -0.03894 -0.21568
   0.59818 -0.03818 -0.21077
   0.60556 -0.03738 -0.20617
   0.61292 -0.03656 -0.20097
   0.62026 -0.03571 -0.19502
   0.62759 -0.03483 -0.18910
   0.63490 -0.03391 -0.18153
   0.64220 -0.03296 -0.17552
   0.64948 -0.03198 -0.16737
   0.65674 -0.03097 -0.15936
   0.66400 -0.02992 -0.15009
   0.67125 -0.02883 -0.14057
   0.67849 -0.02772 -0.13089
   0.68572 -0.02656 -0.11966
   0.69295 -0.02537 -0.10890
   0.70018 -0.02415 -0.09588
   0.70741 -0.02288 -0.08359
   0.71464 -0.02159 -0.07024
   0.72188 -0.02025 -0.05529
   0.72912 -0.01888 -0.04125
   0.73638 -0.01747 -0.02433
   0.74365 -0.01602 -0.00866
   0.75094 -0.01453  0.00996
   0.75826 -0.01301  0.02791
   0.76560 -0.01146  0.04756
   0.77297 -0.00987  0.06718
   0.78039 -0.00825  0.08871
   0.78785 -0.00659  0.10983
   0.79535 -0.00492  0.13298
   0.80287 -0.00323  0.15582
   0.81037 -0.00154  0.17812
   0.81778  0.00013  0.20329
   0.82509  0.00176  0.22643
   0.83227  0.00334  0.24793
   0.83932  0.00486  0.26866
   0.84624  0.00632  0.28907
   0.85304  0.00771  0.30747
   0.85972  0.00903  0.32638
   0.86628  0.01027  0.34256
   0.87271  0.01143  0.35861
   0.87902  0.01251  0.37363
   0.88521  0.01350  0.38635
   0.89129  0.01440  0.39913
   0.89727  0.01522  0.40891
   0.90316  0.01595  0.41941
   0.90895  0.01659  0.42825
   0.91464  0.01715  0.43562
   0.92020  0.01763  0.44400
   0.92564  0.01802  0.44981
   0.93097  0.01831  0.45440
   0.93623  0.01853  0.45750
   0.94141  0.01867  0.45702
   0.94645  0.01876  0.46726
   0.95125  0.01879  0.47892
   0.95581  0.01873  0.49154
   0.96019  0.01854  0.49564
   0.96446  0.01821  0.48059
   0.96872  0.01776  0.45440
   0.97300  0.01724  0.42586
   0.97726  0.01672  0.41554
   0.98142  0.01621  0.42814
   0.98545  0.01563  0.43247
   0.98942  0.01489  0.38728
   0.99340  0.01406  0.32682
   0.99738  0.01325  0.29813
   1.00000  0.01271  0.25221
