GRUMMAN K-2 AIRFOIL                             
 Alfa =  -1.28530 Re =        0.000 Xflap,Yflap =     0.000000    0.000000
#    x        y        Cp  
   1.00000  0.01371  0.25221
   0.99739  0.01444  0.09670
   0.99327  0.01550  0.06268
   0.98886  0.01658  0.04428
   0.98418  0.01773  0.00258
   0.97923  0.01891 -0.02696
   0.97401  0.02013 -0.05701
   0.96856  0.02137 -0.08488
   0.96293  0.02261 -0.11270
   0.95713  0.02384 -0.13577
   0.95115  0.02505 -0.15449
   0.94501  0.02623 -0.16971
   0.93873  0.02739 -0.18332
   0.93231  0.02852 -0.19431
   0.92575  0.02962 -0.20167
   0.91905  0.03069 -0.20737
   0.91224  0.03174 -0.21461
   0.90536  0.03277 -0.22326
   0.89842  0.03376 -0.23073
   0.89145  0.03472 -0.23855
   0.88446  0.03564 -0.24392
   0.87741  0.03652 -0.24798
   0.87030  0.03736 -0.24848
   0.86310  0.03817 -0.24844
   0.85580  0.03897 -0.24803
   0.84840  0.03974 -0.24722
   0.84093  0.04049 -0.24733
   0.83341  0.04123 -0.24777
   0.82588  0.04195 -0.25237
   0.81837  0.04265 -0.25832
   0.81087  0.04332 -0.26091
   0.80338  0.04396 -0.26417
   0.79590  0.04457 -0.26668
   0.78841  0.04515 -0.26770
   0.78092  0.04570 -0.26926
   0.77342  0.04622 -0.26895
   0.76591  0.04671 -0.26898
   0.75838  0.04717 -0.26779
   0.75082  0.04761 -0.26652
   0.74324  0.04802 -0.26264
   0.73562  0.04841 -0.26132
   0.72798  0.04878 -0.25799
   0.72030  0.04913 -0.25580
   0.71260  0.04946 -0.25298
   0.70486  0.04978 -0.25038
   0.69710  0.05008 -0.24765
   0.68932  0.05037 -0.24543
   0.68152  0.05064 -0.24311
   0.67370  0.05090 -0.24214
   0.66588  0.05114 -0.23935
   0.65804  0.05138 -0.23824
   0.65020  0.05160 -0.23645
   0.64235  0.05180 -0.23480
   0.63449  0.05200 -0.23393
   0.62662  0.05218 -0.23166
   0.61875  0.05235 -0.23051
   0.61086  0.05251 -0.22889
   0.60297  0.05266 -0.22708
   0.59508  0.05280 -0.22641
   0.58718  0.05293 -0.22550
   0.57928  0.05305 -0.22411
   0.57138  0.05316 -0.22298
   0.56347  0.05325 -0.22209
   0.55556  0.05334 -0.22152
   0.54765  0.05342 -0.22018
   0.53974  0.05348 -0.21907
   0.53183  0.05354 -0.21821
   0.52391  0.05358 -0.21790
   0.51600  0.05362 -0.21636
   0.50808  0.05365 -0.21615
   0.50017  0.05366 -0.21510
   0.49225  0.05367 -0.21400
   0.48434  0.05366 -0.21393
   0.47642  0.05365 -0.21303
   0.46852  0.05363 -0.21254
   0.46062  0.05360 -0.21145
   0.45272  0.05355 -0.21197
   0.44483  0.05350 -0.21025
   0.43695  0.05344 -0.20982
   0.42908  0.05336 -0.20895
   0.42122  0.05328 -0.20907
   0.41340  0.05319 -0.20830
   0.40562  0.05309 -0.20937
   0.39791  0.05299 -0.20907
   0.39026  0.05286 -0.20934
   0.38268  0.05273 -0.20688
   0.37518  0.05259 -0.20335
   0.36779  0.05245 -0.20433
   0.36056  0.05233 -0.21223
   0.35355  0.05219 -0.22390
   0.34675  0.05202 -0.23067
   0.34015  0.05179 -0.21577
   0.33367  0.05152 -0.18748
   0.32729  0.05126 -0.16214
   0.32094  0.05107 -0.15509
   0.31459  0.05095 -0.17811
   0.30818  0.05086 -0.20842
   0.30168  0.05074 -0.23002
   0.29501  0.05055 -0.22614
   0.28812  0.05029 -0.21270
   0.28102  0.05002 -0.20331
   0.27376  0.04974 -0.20521
   0.26640  0.04946 -0.20803
   0.25896  0.04915 -0.20893
   0.25145  0.04883 -0.20869
   0.24388  0.04848 -0.20836
   0.23629  0.04812 -0.20902
   0.22868  0.04775 -0.20965
   0.22107  0.04735 -0.21068
   0.21346  0.04694 -0.21105
   0.20588  0.04651 -0.21218
   0.19832  0.04606 -0.21294
   0.19079  0.04559 -0.21434
   0.18331  0.04510 -0.21634
   0.17587  0.04459 -0.21593
   0.16848  0.04405 -0.21875
   0.16116  0.04350 -0.21904
   0.15392  0.04292 -0.21992
   0.14676  0.04231 -0.22256
   0.13969  0.04168 -0.22152
   0.13274  0.04103 -0.22359
   0.12592  0.04036 -0.22323
   0.11925  0.03966 -0.22383
   0.11274  0.03895 -0.22332
   0.10643  0.03821 -0.22307
   0.10032  0.03747 -0.22362
   0.09446  0.03673 -0.22299
   0.08886  0.03598 -0.22492
   0.08353  0.03523 -0.22534
   0.07849  0.03450 -0.22813
   0.07373  0.03377 -0.23307
   0.06927  0.03305 -0.23449
   0.06509  0.03235 -0.24643
   0.06115  0.03165 -0.25088
   0.05745  0.03095 -0.25781
   0.05396  0.03023 -0.26153
   0.05068  0.02952 -0.25663
   0.04758  0.02879 -0.24819
   0.04465  0.02805 -0.23728
   0.04187  0.02732 -0.22527
   0.03925  0.02659 -0.21059
   0.03676  0.02587 -0.20136
   0.03441  0.02515 -0.18643
   0.03218  0.02442 -0.15891
   0.03006  0.02371 -0.13086
   0.02804  0.02301 -0.10772
   0.02612  0.02234 -0.09959
   0.02429  0.02168 -0.09791
   0.02256  0.02105 -0.09426
   0.02092  0.02042 -0.09246
   0.01936  0.01979 -0.08480
   0.01788  0.01916 -0.06949
   0.01648  0.01853 -0.04786
   0.01513  0.01790 -0.02196
   0.01385  0.01728  0.00112
   0.01262  0.01665  0.02573
   0.01145  0.01603  0.04101
   0.01032  0.01542  0.06148
   0.00925  0.01480  0.08674
   0.00822  0.01418  0.10281
   0.00724  0.01356  0.13031
   0.00631  0.01293  0.14883
   0.00542  0.01229  0.17173
   0.00458  0.01164  0.20336
   0.00379  0.01098  0.22534
   0.00305  0.01029  0.25876
   0.00239  0.00956  0.30378
   0.00182  0.00878  0.44407
   0.00133  0.00797  0.51049
   0.00094  0.00712  0.65044
   0.00065  0.00624  0.76295
   0.00044  0.00536  0.85194
   0.00028  0.00447  0.91024
   0.00016  0.00358  0.95273
   0.00008  0.00270  0.97803
   0.00003  0.00182  0.99360
   0.00000  0.00095  0.99980
  -0.00000  0.00009  0.99782
   0.00003 -0.00076  0.98935
   0.00006 -0.00163  0.97105
   0.00015 -0.00249  0.95470
   0.00023 -0.00336  0.92212
   0.00032 -0.00424  0.88224
   0.00047 -0.00512  0.84066
   0.00063 -0.00601  0.78606
   0.00082 -0.00691  0.72287
   0.00104 -0.00781  0.65050
   0.00129 -0.00871  0.55919
   0.00157 -0.00961  0.45708
   0.00190 -0.01051  0.34035
   0.00227 -0.01140  0.18784
   0.00270 -0.01228  0.05915
   0.00318 -0.01315 -0.14984
   0.00373 -0.01400 -0.38045
   0.00438 -0.01479 -0.45333
   0.00511 -0.01554 -0.52154
   0.00590 -0.01626 -0.54839
   0.00676 -0.01694 -0.56813
   0.00768 -0.01760 -0.58007
   0.00865 -0.01823 -0.58456
   0.00967 -0.01885 -0.59043
   0.01075 -0.01945 -0.57536
   0.01188 -0.02004 -0.58024
   0.01307 -0.02061 -0.56723
   0.01432 -0.02118 -0.56104
   0.01563 -0.02174 -0.55223
   0.01700 -0.02229 -0.53470
   0.01845 -0.02284 -0.52531
   0.01996 -0.02339 -0.51520
   0.02156 -0.02394 -0.50337
   0.02324 -0.02449 -0.49015
   0.02502 -0.02504 -0.47925
   0.02690 -0.02561 -0.47036
   0.02888 -0.02618 -0.45943
   0.03099 -0.02676 -0.45084
   0.03324 -0.02735 -0.44423
   0.03563 -0.02795 -0.43461
   0.03818 -0.02857 -0.42628
   0.04090 -0.02920 -0.41709
   0.04382 -0.02985 -0.40836
   0.04694 -0.03052 -0.40092
   0.05029 -0.03121 -0.39828
   0.05388 -0.03192 -0.39187
   0.05772 -0.03265 -0.38916
   0.06181 -0.03340 -0.38458
   0.06618 -0.03416 -0.38063
   0.07081 -0.03493 -0.37737
   0.07572 -0.03571 -0.37387
   0.08090 -0.03650 -0.37076
   0.08636 -0.03729 -0.36810
   0.09206 -0.03808 -0.36459
   0.09799 -0.03886 -0.36126
   0.10414 -0.03963 -0.36088
   0.11047 -0.04039 -0.35868
   0.11696 -0.04113 -0.35823
   0.12360 -0.04184 -0.35718
   0.13035 -0.04253 -0.35585
   0.13721 -0.04318 -0.35395
   0.14417 -0.04381 -0.35159
   0.15121 -0.04440 -0.34855
   0.15834 -0.04497 -0.34586
   0.16553 -0.04550 -0.34300
   0.17278 -0.04600 -0.33995
   0.18008 -0.04648 -0.33683
   0.18742 -0.04692 -0.33531
   0.19479 -0.04734 -0.33250
   0.20219 -0.04773 -0.33041
   0.20962 -0.04809 -0.32662
   0.21707 -0.04842 -0.32476
   0.22456 -0.04873 -0.32081
   0.23208 -0.04901 -0.31728
   0.23964 -0.04926 -0.31361
   0.24721 -0.04950 -0.31164
   0.25481 -0.04971 -0.30897
   0.26241 -0.04990 -0.30629
   0.27004 -0.05006 -0.30332
   0.27768 -0.05021 -0.30097
   0.28534 -0.05033 -0.29776
   0.29302 -0.05043 -0.29547
   0.30071 -0.05052 -0.29320
   0.30841 -0.05058 -0.29124
   0.31611 -0.05063 -0.28957
   0.32382 -0.05066 -0.28739
   0.33154 -0.05066 -0.28500
   0.33927 -0.05065 -0.28402
   0.34699 -0.05062 -0.28143
   0.35472 -0.05057 -0.28012
   0.36246 -0.05051 -0.27846
   0.37019 -0.05042 -0.27693
   0.37793 -0.05031 -0.27450
   0.38566 -0.05019 -0.27365
   0.39339 -0.05004 -0.27170
   0.40111 -0.04988 -0.27016
   0.40883 -0.04970 -0.26847
   0.41655 -0.04951 -0.26759
   0.42426 -0.04929 -0.26615
   0.43196 -0.04905 -0.26515
   0.43965 -0.04880 -0.26363
   0.44733 -0.04852 -0.26257
   0.45499 -0.04823 -0.26139
   0.46265 -0.04791 -0.25967
   0.47029 -0.04757 -0.25877
   0.47793 -0.04721 -0.25691
   0.48555 -0.04683 -0.25528
   0.49315 -0.04642 -0.25363
   0.50075 -0.04600 -0.25206
   0.50833 -0.04555 -0.24947
   0.51589 -0.04507 -0.24787
   0.52345 -0.04458 -0.24505
   0.53099 -0.04405 -0.24312
   0.53851 -0.04351 -0.24002
   0.54603 -0.04293 -0.23755
   0.55353 -0.04234 -0.23488
   0.56101 -0.04171 -0.23072
   0.56848 -0.04106 -0.22778
   0.57593 -0.04038 -0.22375
   0.58337 -0.03967 -0.21984
   0.59078 -0.03894 -0.21582
   0.59818 -0.03818 -0.21090
   0.60556 -0.03738 -0.20630
   0.61292 -0.03656 -0.20109
   0.62026 -0.03571 -0.19514
   0.62759 -0.03483 -0.18922
   0.63490 -0.03391 -0.18164
   0.64220 -0.03296 -0.17564
   0.64948 -0.03198 -0.16748
   0.65674 -0.03097 -0.15946
   0.66400 -0.02992 -0.15019
   0.67125 -0.02883 -0.14068
   0.67849 -0.02772 -0.13099
   0.68572 -0.02656 -0.11976
   0.69295 -0.02537 -0.10899
   0.70018 -0.02415 -0.09598
   0.70741 -0.02288 -0.08368
   0.71464 -0.02159 -0.07032
   0.72188 -0.02025 -0.05537
   0.72912 -0.01888 -0.04133
   0.73638 -0.01747 -0.02441
   0.74365 -0.01602 -0.00874
   0.75094 -0.01453  0.00989
   0.75826 -0.01301  0.02784
   0.76560 -0.01146  0.04749
   0.77297 -0.00987  0.06711
   0.78039 -0.00825  0.08865
   0.78785 -0.00659  0.10977
   0.79535 -0.00492  0.13292
   0.80287 -0.00323  0.15577
   0.81037 -0.00154  0.17807
   0.81778  0.00013  0.20325
   0.82509  0.00176  0.22638
   0.83227  0.00334  0.24789
   0.83932  0.00486  0.26862
   0.84624  0.00632  0.28903
   0.85304  0.00771  0.30743
   0.85972  0.00903  0.32634
   0.86628  0.01027  0.34253
   0.87271  0.01143  0.35858
   0.87902  0.01251  0.37360
   0.88521  0.01350  0.38632
   0.89129  0.01440  0.39911
   0.89727  0.01522  0.40889
   0.90316  0.01595  0.41939
   0.90895  0.01659  0.42823
   0.91464  0.01715  0.43560
   0.92020  0.01763  0.44398
   0.92564  0.01802  0.44979
   0.93097  0.01831  0.45438
   0.93623  0.01853  0.45749
   0.94141  0.01867  0.45701
   0.94645  0.01876  0.46724
   0.95125  0.01879  0.47891
   0.95581  0.01873  0.49153
   0.96019  0.01854  0.49563
   0.96446  0.01821  0.48058
   0.96872  0.01776  0.45438
   0.97300  0.01724  0.42584
   0.97726  0.01672  0.41553
   0.98142  0.01621  0.42813
   0.98545  0.01563  0.43246
   0.98942  0.01489  0.38727
   0.99340  0.01406  0.32681
   0.99738  0.01325  0.29813
   1.00000  0.01271  0.25221
