GRUMMAN K-2 AIRFOIL                             
 Alfa =  -1.29810 Re =        0.000 Xflap,Yflap =     0.000000    0.000000
#    x        y        Cp  
   1.00000  0.01371  0.25422
   0.99740  0.01444  0.09924
   0.99329  0.01549  0.06150
   0.98889  0.01657  0.04618
   0.98423  0.01772  0.00584
   0.97929  0.01890 -0.02911
   0.97409  0.02011 -0.05507
   0.96867  0.02135 -0.08543
   0.96305  0.02259 -0.11195
   0.95727  0.02381 -0.13359
   0.95131  0.02502 -0.15450
   0.94520  0.02620 -0.16957
   0.93893  0.02735 -0.18262
   0.93253  0.02848 -0.19383
   0.92600  0.02957 -0.20101
   0.91932  0.03065 -0.20704
   0.91254  0.03170 -0.21399
   0.90568  0.03272 -0.22260
   0.89876  0.03372 -0.23003
   0.89181  0.03467 -0.23811
   0.88484  0.03559 -0.24407
   0.87782  0.03647 -0.24671
   0.87073  0.03731 -0.24783
   0.86355  0.03812 -0.24893
   0.85628  0.03891 -0.24770
   0.84891  0.03968 -0.24680
   0.84146  0.04044 -0.24676
   0.83396  0.04117 -0.24668
   0.82645  0.04190 -0.25240
   0.81896  0.04260 -0.25730
   0.81149  0.04327 -0.26086
   0.80402  0.04391 -0.26338
   0.79655  0.04452 -0.26580
   0.78909  0.04510 -0.26800
   0.78162  0.04565 -0.26870
   0.77414  0.04617 -0.26823
   0.76665  0.04666 -0.26860
   0.75914  0.04713 -0.26738
   0.75161  0.04756 -0.26555
   0.74405  0.04798 -0.26383
   0.73646  0.04837 -0.26089
   0.72884  0.04874 -0.25846
   0.72118  0.04909 -0.25558
   0.71350  0.04943 -0.25225
   0.70580  0.04974 -0.25044
   0.69806  0.05004 -0.24744
   0.69030  0.05033 -0.24535
   0.68252  0.05060 -0.24328
   0.67473  0.05086 -0.24147
   0.66693  0.05111 -0.23928
   0.65911  0.05135 -0.23803
   0.65129  0.05157 -0.23652
   0.64347  0.05178 -0.23448
   0.63563  0.05197 -0.23336
   0.62779  0.05216 -0.23184
   0.61994  0.05233 -0.22976
   0.61208  0.05249 -0.22925
   0.60421  0.05264 -0.22672
   0.59633  0.05278 -0.22588
   0.58846  0.05291 -0.22465
   0.58058  0.05303 -0.22401
   0.57270  0.05314 -0.22277
   0.56482  0.05324 -0.22186
   0.55693  0.05333 -0.22077
   0.54904  0.05340 -0.22010
   0.54115  0.05347 -0.21866
   0.53326  0.05353 -0.21831
   0.52537  0.05358 -0.21694
   0.51748  0.05361 -0.21601
   0.50958  0.05364 -0.21571
   0.50169  0.05366 -0.21409
   0.49380  0.05367 -0.21443
   0.48590  0.05367 -0.21275
   0.47801  0.05366 -0.21309
   0.47012  0.05363 -0.21205
   0.46224  0.05360 -0.21128
   0.45437  0.05356 -0.21064
   0.44650  0.05351 -0.21009
   0.43864  0.05345 -0.20897
   0.43079  0.05338 -0.20871
   0.42295  0.05330 -0.20838
   0.41514  0.05321 -0.20799
   0.40737  0.05312 -0.20859
   0.39966  0.05301 -0.20794
   0.39202  0.05289 -0.20913
   0.38445  0.05276 -0.20616
   0.37694  0.05262 -0.20351
   0.36954  0.05249 -0.20248
   0.36229  0.05236 -0.20957
   0.35524  0.05223 -0.22035
   0.34842  0.05207 -0.22951
   0.34179  0.05185 -0.22070
   0.33530  0.05159 -0.19378
   0.32892  0.05132 -0.16710
   0.32258  0.05111 -0.15337
   0.31625  0.05098 -0.16964
   0.30988  0.05089 -0.19885
   0.30343  0.05078 -0.22603
   0.29682  0.05061 -0.22828
   0.29002  0.05037 -0.21581
   0.28299  0.05009 -0.20396
   0.27579  0.04982 -0.20260
   0.26847  0.04954 -0.20658
   0.26108  0.04924 -0.20844
   0.25361  0.04892 -0.20724
   0.24607  0.04858 -0.20720
   0.23850  0.04823 -0.20810
   0.23092  0.04786 -0.20843
   0.22333  0.04747 -0.20913
   0.21574  0.04707 -0.20954
   0.20817  0.04664 -0.21122
   0.20063  0.04620 -0.21160
   0.19311  0.04574 -0.21226
   0.18563  0.04526 -0.21525
   0.17820  0.04475 -0.21484
   0.17081  0.04423 -0.21595
   0.16349  0.04368 -0.21817
   0.15624  0.04311 -0.21805
   0.14907  0.04251 -0.22029
   0.14200  0.04189 -0.22074
   0.13503  0.04125 -0.22153
   0.12818  0.04059 -0.22209
   0.12147  0.03990 -0.22213
   0.11493  0.03919 -0.22192
   0.10856  0.03847 -0.22174
   0.10240  0.03773 -0.22105
   0.09647  0.03699 -0.22175
   0.09078  0.03624 -0.22318
   0.08537  0.03550 -0.22155
   0.08024  0.03476 -0.22646
   0.07540  0.03403 -0.22788
   0.07085  0.03331 -0.23129
   0.06658  0.03261 -0.24348
   0.06257  0.03190 -0.24386
   0.05879  0.03120 -0.25449
   0.05523  0.03050 -0.25823
   0.05189  0.02978 -0.25594
   0.04873  0.02906 -0.24942
   0.04574  0.02833 -0.23817
   0.04291  0.02760 -0.22850
   0.04024  0.02687 -0.21331
   0.03771  0.02615 -0.20091
   0.03531  0.02543 -0.19255
   0.03305  0.02471 -0.16761
   0.03089  0.02399 -0.13745
   0.02884  0.02329 -0.11361
   0.02688  0.02260 -0.09771
   0.02502  0.02195 -0.09528
   0.02326  0.02131 -0.09293
   0.02159  0.02067 -0.09105
   0.02000  0.02005 -0.08449
   0.01849  0.01942 -0.07325
   0.01706  0.01880 -0.05476
   0.01569  0.01817 -0.02802
   0.01439  0.01754 -0.00541
   0.01314  0.01692  0.01822
   0.01194  0.01630  0.03902
   0.01080  0.01568  0.05863
   0.00971  0.01507  0.07726
   0.00867  0.01445  0.10255
   0.00767  0.01383  0.12024
   0.00672  0.01321  0.14469
   0.00581  0.01258  0.16510
   0.00495  0.01194  0.19584
   0.00414  0.01128  0.21948
   0.00338  0.01061  0.24760
   0.00268  0.00990  0.28131
   0.00207  0.00914  0.38859
   0.00154  0.00835  0.47623
   0.00111  0.00752  0.59084
   0.00078  0.00665  0.71660
   0.00053  0.00577  0.81666
   0.00035  0.00489  0.88806
   0.00022  0.00400  0.93546
   0.00012  0.00312  0.96910
   0.00005  0.00224  0.98817
   0.00001  0.00137  0.99805
  -0.00000  0.00051  0.99959
   0.00001 -0.00034  0.99383
   0.00004 -0.00120  0.98068
   0.00010 -0.00206  0.95970
   0.00020 -0.00292  0.94321
   0.00027 -0.00380  0.89651
   0.00039 -0.00468  0.86251
   0.00054 -0.00556  0.81257
   0.00072 -0.00645  0.75205
   0.00092 -0.00735  0.68526
   0.00115 -0.00824  0.60697
   0.00142 -0.00914  0.50756
   0.00173 -0.01004  0.39749
   0.00207 -0.01094  0.27241
   0.00247 -0.01182  0.09586
   0.00292 -0.01269  0.01478
   0.00342 -0.01356 -0.33434
   0.00402 -0.01437 -0.39614
   0.00470 -0.01514 -0.50495
   0.00546 -0.01587 -0.53959
   0.00629 -0.01657 -0.56842
   0.00717 -0.01724 -0.57899
   0.00811 -0.01789 -0.59384
   0.00910 -0.01851 -0.59140
   0.01015 -0.01912 -0.58661
   0.01125 -0.01971 -0.58584
   0.01240 -0.02029 -0.57753
   0.01361 -0.02086 -0.57078
   0.01488 -0.02142 -0.56251
   0.01621 -0.02198 -0.54705
   0.01761 -0.02253 -0.53843
   0.01908 -0.02307 -0.52198
   0.02063 -0.02362 -0.51630
   0.02226 -0.02417 -0.50279
   0.02397 -0.02472 -0.48704
   0.02579 -0.02528 -0.47913
   0.02770 -0.02584 -0.46816
   0.02973 -0.02641 -0.45983
   0.03189 -0.02700 -0.45158
   0.03419 -0.02759 -0.44468
   0.03663 -0.02820 -0.43346
   0.03924 -0.02882 -0.42645
   0.04203 -0.02945 -0.41520
   0.04502 -0.03011 -0.40812
   0.04822 -0.03078 -0.40191
   0.05165 -0.03148 -0.39818
   0.05533 -0.03220 -0.39336
   0.05925 -0.03293 -0.38993
   0.06344 -0.03368 -0.38481
   0.06789 -0.03445 -0.38242
   0.07262 -0.03522 -0.37729
   0.07761 -0.03600 -0.37552
   0.08288 -0.03679 -0.37187
   0.08842 -0.03758 -0.36832
   0.09419 -0.03836 -0.36501
   0.10019 -0.03914 -0.36273
   0.10638 -0.03991 -0.36163
   0.11276 -0.04065 -0.36045
   0.11929 -0.04138 -0.35946
   0.12594 -0.04208 -0.35791
   0.13272 -0.04276 -0.35665
   0.13959 -0.04340 -0.35502
   0.14656 -0.04401 -0.35174
   0.15362 -0.04460 -0.34984
   0.16075 -0.04515 -0.34575
   0.16794 -0.04567 -0.34332
   0.17519 -0.04616 -0.33978
   0.18248 -0.04663 -0.33762
   0.18981 -0.04706 -0.33527
   0.19717 -0.04747 -0.33372
   0.20456 -0.04785 -0.32938
   0.21197 -0.04820 -0.32837
   0.21942 -0.04852 -0.32410
   0.22690 -0.04882 -0.32136
   0.23441 -0.04909 -0.31649
   0.24195 -0.04934 -0.31423
   0.24951 -0.04956 -0.31206
   0.25708 -0.04977 -0.30867
   0.26468 -0.04995 -0.30724
   0.27229 -0.05011 -0.30286
   0.27991 -0.05024 -0.30131
   0.28756 -0.05036 -0.29777
   0.29522 -0.05046 -0.29572
   0.30289 -0.05054 -0.29375
   0.31057 -0.05060 -0.29154
   0.31825 -0.05064 -0.28925
   0.32595 -0.05066 -0.28755
   0.33364 -0.05066 -0.28596
   0.34135 -0.05065 -0.28405
   0.34906 -0.05061 -0.28226
   0.35677 -0.05056 -0.28037
   0.36448 -0.05048 -0.27865
   0.37219 -0.05039 -0.27704
   0.37990 -0.05028 -0.27493
   0.38761 -0.05015 -0.27356
   0.39532 -0.05001 -0.27216
   0.40302 -0.04984 -0.27074
   0.41072 -0.04966 -0.26862
   0.41842 -0.04945 -0.26796
   0.42610 -0.04923 -0.26654
   0.43378 -0.04899 -0.26577
   0.44144 -0.04873 -0.26361
   0.44910 -0.04845 -0.26300
   0.45674 -0.04815 -0.26143
   0.46437 -0.04783 -0.26068
   0.47199 -0.04749 -0.25894
   0.47960 -0.04713 -0.25705
   0.48720 -0.04674 -0.25571
   0.49478 -0.04634 -0.25395
   0.50235 -0.04590 -0.25153
   0.50991 -0.04545 -0.25027
   0.51745 -0.04497 -0.24762
   0.52498 -0.04447 -0.24516
   0.53250 -0.04395 -0.24302
   0.54000 -0.04340 -0.24041
   0.54749 -0.04282 -0.23755
   0.55497 -0.04222 -0.23438
   0.56243 -0.04159 -0.23071
   0.56987 -0.04093 -0.22735
   0.57730 -0.04025 -0.22364
   0.58471 -0.03954 -0.21947
   0.59210 -0.03881 -0.21526
   0.59948 -0.03804 -0.21080
   0.60683 -0.03724 -0.20618
   0.61417 -0.03642 -0.19992
   0.62149 -0.03556 -0.19518
   0.62879 -0.03468 -0.18789
   0.63608 -0.03376 -0.18218
   0.64335 -0.03281 -0.17401
   0.65061 -0.03183 -0.16689
   0.65786 -0.03081 -0.15831
   0.66510 -0.02976 -0.14939
   0.67232 -0.02867 -0.13959
   0.67954 -0.02755 -0.12946
   0.68676 -0.02640 -0.11889
   0.69397 -0.02520 -0.10765
   0.70117 -0.02398 -0.09487
   0.70838 -0.02271 -0.08213
   0.71559 -0.02141 -0.06860
   0.72281 -0.02007 -0.05422
   0.73004 -0.01870 -0.03945
   0.73728 -0.01729 -0.02332
   0.74453 -0.01584 -0.00573
   0.75180 -0.01436  0.01061
   0.75910 -0.01284  0.03063
   0.76642 -0.01128  0.04874
   0.77378 -0.00969  0.07055
   0.78118 -0.00807  0.08941
   0.78863 -0.00642  0.11291
   0.79611 -0.00475  0.13379
   0.80361 -0.00306  0.15822
   0.81108 -0.00138  0.18116
   0.81847  0.00029  0.20416
   0.82574  0.00191  0.22795
   0.83289  0.00348  0.24997
   0.83991  0.00499  0.27052
   0.84680  0.00644  0.29022
   0.85358  0.00782  0.30965
   0.86023  0.00913  0.32596
   0.86676  0.01036  0.34457
   0.87316  0.01151  0.35870
   0.87944  0.01258  0.37517
   0.88561  0.01356  0.38700
   0.89167  0.01445  0.39923
   0.89763  0.01526  0.41004
   0.90349  0.01599  0.41959
   0.90927  0.01663  0.42742
   0.91493  0.01718  0.43707
   0.92047  0.01765  0.44294
   0.92588  0.01803  0.45122
   0.93120  0.01832  0.45482
   0.93644  0.01853  0.45566
   0.94160  0.01868  0.45859
   0.94662  0.01876  0.46553
   0.95140  0.01879  0.48093
   0.95595  0.01872  0.49060
   0.96030  0.01853  0.49570
   0.96456  0.01820  0.48079
   0.96881  0.01775  0.45320
   0.97308  0.01723  0.42612
   0.97733  0.01672  0.41393
   0.98147  0.01621  0.42712
   0.98549  0.01562  0.43407
   0.98945  0.01488  0.38883
   0.99342  0.01406  0.32414
   0.99738  0.01325  0.29885
   1.00000  0.01271  0.25422
