GRUMMAN K-2 AIRFOIL                             
 Alfa =  -1.24000 Re =        0.000 Xflap,Yflap =     0.000000    0.000000
#    x        y        Cp  
   1.00000  0.01371  0.25419
   0.99740  0.01444  0.09916
   0.99329  0.01549  0.06139
   0.98889  0.01657  0.04600
   0.98423  0.01772  0.00561
   0.97929  0.01890 -0.02938
   0.97409  0.02011 -0.05537
   0.96867  0.02135 -0.08579
   0.96305  0.02259 -0.11235
   0.95727  0.02381 -0.13403
   0.95131  0.02502 -0.15499
   0.94520  0.02620 -0.17010
   0.93893  0.02735 -0.18320
   0.93253  0.02848 -0.19445
   0.92600  0.02957 -0.20165
   0.91932  0.03065 -0.20774
   0.91254  0.03170 -0.21471
   0.90568  0.03272 -0.22337
   0.89876  0.03372 -0.23083
   0.89181  0.03467 -0.23896
   0.88484  0.03559 -0.24495
   0.87782  0.03647 -0.24761
   0.87073  0.03731 -0.24877
   0.86355  0.03812 -0.24991
   0.85628  0.03891 -0.24869
   0.84891  0.03968 -0.24785
   0.84146  0.04044 -0.24782
   0.83396  0.04117 -0.24778
   0.82645  0.04190 -0.25352
   0.81896  0.04260 -0.25847
   0.81149  0.04327 -0.26207
   0.80402  0.04391 -0.26461
   0.79655  0.04452 -0.26708
   0.78909  0.04510 -0.26928
   0.78162  0.04565 -0.27004
   0.77414  0.04617 -0.26959
   0.76665  0.04666 -0.27000
   0.75914  0.04713 -0.26880
   0.75161  0.04756 -0.26700
   0.74405  0.04798 -0.26530
   0.73646  0.04837 -0.26240
   0.72884  0.04874 -0.25999
   0.72118  0.04909 -0.25713
   0.71350  0.04943 -0.25384
   0.70580  0.04974 -0.25206
   0.69806  0.05004 -0.24907
   0.69030  0.05033 -0.24703
   0.68252  0.05060 -0.24497
   0.67473  0.05086 -0.24320
   0.66693  0.05111 -0.24103
   0.65911  0.05135 -0.23980
   0.65129  0.05157 -0.23834
   0.64347  0.05178 -0.23632
   0.63563  0.05197 -0.23523
   0.62779  0.05216 -0.23374
   0.61994  0.05233 -0.23170
   0.61208  0.05249 -0.23120
   0.60421  0.05264 -0.22871
   0.59633  0.05278 -0.22790
   0.58846  0.05291 -0.22670
   0.58058  0.05303 -0.22610
   0.57270  0.05314 -0.22489
   0.56482  0.05324 -0.22401
   0.55693  0.05333 -0.22295
   0.54904  0.05340 -0.22232
   0.54115  0.05347 -0.22091
   0.53326  0.05353 -0.22059
   0.52537  0.05358 -0.21926
   0.51748  0.05361 -0.21837
   0.50958  0.05364 -0.21810
   0.50169  0.05366 -0.21651
   0.49380  0.05367 -0.21690
   0.48590  0.05367 -0.21525
   0.47801  0.05366 -0.21563
   0.47012  0.05363 -0.21463
   0.46224  0.05360 -0.21391
   0.45437  0.05356 -0.21331
   0.44650  0.05351 -0.21280
   0.43864  0.05345 -0.21171
   0.43079  0.05338 -0.21150
   0.42295  0.05330 -0.21121
   0.41514  0.05321 -0.21086
   0.40737  0.05312 -0.21152
   0.39966  0.05301 -0.21092
   0.39202  0.05289 -0.21215
   0.38445  0.05276 -0.20923
   0.37694  0.05262 -0.20661
   0.36954  0.05249 -0.20563
   0.36229  0.05236 -0.21278
   0.35524  0.05223 -0.22365
   0.34842  0.05207 -0.23287
   0.34179  0.05185 -0.22410
   0.33530  0.05159 -0.19715
   0.32892  0.05132 -0.17044
   0.32258  0.05111 -0.15672
   0.31625  0.05098 -0.17308
   0.30988  0.05089 -0.20243
   0.30343  0.05078 -0.22975
   0.29682  0.05061 -0.23206
   0.29002  0.05037 -0.21962
   0.28299  0.05009 -0.20779
   0.27579  0.04982 -0.20650
   0.26847  0.04954 -0.21057
   0.26108  0.04924 -0.21250
   0.25361  0.04892 -0.21138
   0.24607  0.04858 -0.21142
   0.23850  0.04823 -0.21241
   0.23092  0.04786 -0.21284
   0.22333  0.04747 -0.21364
   0.21574  0.04707 -0.21415
   0.20817  0.04664 -0.21594
   0.20063  0.04620 -0.21642
   0.19311  0.04574 -0.21720
   0.18563  0.04526 -0.22033
   0.17820  0.04475 -0.22004
   0.17081  0.04423 -0.22129
   0.16349  0.04368 -0.22366
   0.15624  0.04311 -0.22369
   0.14907  0.04251 -0.22609
   0.14200  0.04189 -0.22671
   0.13503  0.04125 -0.22768
   0.12818  0.04059 -0.22842
   0.12147  0.03990 -0.22866
   0.11493  0.03919 -0.22866
   0.10856  0.03847 -0.22869
   0.10240  0.03773 -0.22823
   0.09647  0.03699 -0.22917
   0.09078  0.03624 -0.23085
   0.08537  0.03550 -0.22947
   0.08024  0.03476 -0.23468
   0.07540  0.03403 -0.23639
   0.07085  0.03331 -0.24010
   0.06658  0.03261 -0.25268
   0.06257  0.03190 -0.25337
   0.05879  0.03120 -0.26441
   0.05523  0.03050 -0.26850
   0.05189  0.02978 -0.26654
   0.04873  0.02906 -0.26032
   0.04574  0.02833 -0.24933
   0.04291  0.02760 -0.23996
   0.04024  0.02687 -0.22501
   0.03771  0.02615 -0.21288
   0.03531  0.02543 -0.20485
   0.03305  0.02471 -0.18008
   0.03089  0.02399 -0.15002
   0.02884  0.02329 -0.12634
   0.02688  0.02260 -0.11070
   0.02502  0.02195 -0.10871
   0.02326  0.02131 -0.10682
   0.02159  0.02067 -0.10542
   0.02000  0.02005 -0.09932
   0.01849  0.01942 -0.08851
   0.01706  0.01880 -0.07035
   0.01569  0.01817 -0.04384
   0.01439  0.01754 -0.02152
   0.01314  0.01692  0.00179
   0.01194  0.01630  0.02220
   0.01080  0.01568  0.04138
   0.00971  0.01507  0.05954
   0.00867  0.01445  0.08439
   0.00767  0.01383  0.10149
   0.00672  0.01321  0.12534
   0.00581  0.01258  0.14503
   0.00495  0.01194  0.17512
   0.00414  0.01128  0.19787
   0.00338  0.01061  0.22492
   0.00268  0.00990  0.25755
   0.00207  0.00914  0.36601
   0.00154  0.00835  0.45442
   0.00111  0.00752  0.57118
   0.00078  0.00665  0.70059
   0.00053  0.00577  0.80418
   0.00035  0.00489  0.87860
   0.00022  0.00400  0.92842
   0.00012  0.00312  0.96429
   0.00005  0.00224  0.98519
   0.00001  0.00137  0.99676
  -0.00000  0.00051  0.99994
   0.00001 -0.00034  0.99563
   0.00004 -0.00120  0.98398
   0.00010 -0.00206  0.96461
   0.00020 -0.00292  0.94860
   0.00027 -0.00380  0.90452
   0.00039 -0.00468  0.87143
   0.00054 -0.00556  0.82306
   0.00072 -0.00645  0.76420
   0.00092 -0.00735  0.69900
   0.00115 -0.00824  0.62242
   0.00142 -0.00914  0.52504
   0.00173 -0.01004  0.41707
   0.00207 -0.01094  0.29408
   0.00247 -0.01182  0.12064
   0.00292 -0.01269  0.03990
   0.00342 -0.01356 -0.30274
   0.00402 -0.01437 -0.36543
   0.00470 -0.01514 -0.47382
   0.00546 -0.01587 -0.50966
   0.00629 -0.01657 -0.53955
   0.00717 -0.01724 -0.55139
   0.00811 -0.01789 -0.56731
   0.00910 -0.01851 -0.56605
   0.01015 -0.01912 -0.56240
   0.01125 -0.01971 -0.56263
   0.01240 -0.02029 -0.55530
   0.01361 -0.02086 -0.54947
   0.01488 -0.02142 -0.54208
   0.01621 -0.02198 -0.52750
   0.01761 -0.02253 -0.51967
   0.01908 -0.02307 -0.50398
   0.02063 -0.02362 -0.49898
   0.02226 -0.02417 -0.48615
   0.02397 -0.02472 -0.47107
   0.02579 -0.02528 -0.46375
   0.02770 -0.02584 -0.45334
   0.02973 -0.02641 -0.44554
   0.03189 -0.02700 -0.43780
   0.03419 -0.02759 -0.43139
   0.03663 -0.02820 -0.42066
   0.03924 -0.02882 -0.41411
   0.04203 -0.02945 -0.40333
   0.04502 -0.03011 -0.39667
   0.04822 -0.03078 -0.39086
   0.05165 -0.03148 -0.38751
   0.05533 -0.03220 -0.38307
   0.05925 -0.03293 -0.37999
   0.06344 -0.03368 -0.37522
   0.06789 -0.03445 -0.37316
   0.07262 -0.03522 -0.36836
   0.07761 -0.03600 -0.36689
   0.08288 -0.03679 -0.36354
   0.08842 -0.03758 -0.36027
   0.09419 -0.03836 -0.35724
   0.10019 -0.03914 -0.35521
   0.10638 -0.03991 -0.35435
   0.11276 -0.04065 -0.35340
   0.11929 -0.04138 -0.35262
   0.12594 -0.04208 -0.35128
   0.13272 -0.04276 -0.35021
   0.13959 -0.04340 -0.34877
   0.14656 -0.04401 -0.34567
   0.15362 -0.04460 -0.34394
   0.16075 -0.04515 -0.34001
   0.16794 -0.04567 -0.33773
   0.17519 -0.04616 -0.33435
   0.18248 -0.04663 -0.33232
   0.18981 -0.04706 -0.33011
   0.19717 -0.04747 -0.32868
   0.20456 -0.04785 -0.32447
   0.21197 -0.04820 -0.32356
   0.21942 -0.04852 -0.31941
   0.22690 -0.04882 -0.31679
   0.23441 -0.04909 -0.31202
   0.24195 -0.04934 -0.30986
   0.24951 -0.04956 -0.30778
   0.25708 -0.04977 -0.30448
   0.26468 -0.04995 -0.30315
   0.27229 -0.05011 -0.29885
   0.27991 -0.05024 -0.29738
   0.28756 -0.05036 -0.29393
   0.29522 -0.05046 -0.29195
   0.30289 -0.05054 -0.29005
   0.31057 -0.05060 -0.28792
   0.31825 -0.05064 -0.28569
   0.32595 -0.05066 -0.28407
   0.33364 -0.05066 -0.28254
   0.34135 -0.05065 -0.28069
   0.34906 -0.05061 -0.27897
   0.35677 -0.05056 -0.27713
   0.36448 -0.05048 -0.27548
   0.37219 -0.05039 -0.27391
   0.37990 -0.05028 -0.27188
   0.38761 -0.05015 -0.27054
   0.39532 -0.05001 -0.26921
   0.40302 -0.04984 -0.26784
   0.41072 -0.04966 -0.26577
   0.41842 -0.04945 -0.26516
   0.42610 -0.04923 -0.26379
   0.43378 -0.04899 -0.26306
   0.44144 -0.04873 -0.26094
   0.44910 -0.04845 -0.26038
   0.45674 -0.04815 -0.25885
   0.46437 -0.04783 -0.25814
   0.47199 -0.04749 -0.25645
   0.47960 -0.04713 -0.25460
   0.48720 -0.04674 -0.25330
   0.49478 -0.04634 -0.25159
   0.50235 -0.04590 -0.24921
   0.50991 -0.04545 -0.24799
   0.51745 -0.04497 -0.24537
   0.52498 -0.04447 -0.24296
   0.53250 -0.04395 -0.24085
   0.54000 -0.04340 -0.23829
   0.54749 -0.04282 -0.23546
   0.55497 -0.04222 -0.23233
   0.56243 -0.04159 -0.22870
   0.56987 -0.04093 -0.22537
   0.57730 -0.04025 -0.22170
   0.58471 -0.03954 -0.21758
   0.59210 -0.03881 -0.21340
   0.59948 -0.03804 -0.20898
   0.60683 -0.03724 -0.20439
   0.61417 -0.03642 -0.19817
   0.62149 -0.03556 -0.19347
   0.62879 -0.03468 -0.18622
   0.63608 -0.03376 -0.18054
   0.64335 -0.03281 -0.17241
   0.65061 -0.03183 -0.16534
   0.65786 -0.03081 -0.15679
   0.66510 -0.02976 -0.14790
   0.67232 -0.02867 -0.13815
   0.67954 -0.02755 -0.12806
   0.68676 -0.02640 -0.11751
   0.69397 -0.02520 -0.10632
   0.70117 -0.02398 -0.09358
   0.70838 -0.02271 -0.08088
   0.71559 -0.02141 -0.06740
   0.72281 -0.02007 -0.05305
   0.73004 -0.01870 -0.03831
   0.73728 -0.01729 -0.02223
   0.74453 -0.01584 -0.00469
   0.75180 -0.01436  0.01163
   0.75910 -0.01284  0.03161
   0.76642 -0.01128  0.04966
   0.77378 -0.00969  0.07144
   0.78118 -0.00807  0.09026
   0.78863 -0.00642  0.11372
   0.79611 -0.00475  0.13455
   0.80361 -0.00306  0.15895
   0.81108 -0.00138  0.18185
   0.81847  0.00029  0.20482
   0.82574  0.00191  0.22857
   0.83289  0.00348  0.25056
   0.83991  0.00499  0.27107
   0.84680  0.00644  0.29075
   0.85358  0.00782  0.31015
   0.86023  0.00913  0.32643
   0.86676  0.01036  0.34501
   0.87316  0.01151  0.35914
   0.87944  0.01258  0.37556
   0.88561  0.01356  0.38738
   0.89167  0.01445  0.39960
   0.89763  0.01526  0.41038
   0.90349  0.01599  0.41993
   0.90927  0.01663  0.42773
   0.91493  0.01718  0.43736
   0.92047  0.01765  0.44324
   0.92588  0.01803  0.45149
   0.93120  0.01832  0.45508
   0.93644  0.01853  0.45591
   0.94160  0.01868  0.45882
   0.94662  0.01876  0.46577
   0.95140  0.01879  0.48114
   0.95595  0.01872  0.49081
   0.96030  0.01853  0.49589
   0.96456  0.01820  0.48097
   0.96881  0.01775  0.45340
   0.97308  0.01723  0.42630
   0.97733  0.01672  0.41411
   0.98147  0.01621  0.42728
   0.98549  0.01562  0.43421
   0.98945  0.01488  0.38897
   0.99342  0.01406  0.32428
   0.99738  0.01325  0.29897
   1.00000  0.01271  0.25419
