GRUMMAN K-2 AIRFOIL                             
 Alfa =  -1.22300 Re =        0.000 Xflap,Yflap =     0.000000    0.000000
#    x        y        Cp  
   1.00000  0.01371  0.25418
   0.99740  0.01444  0.09914
   0.99329  0.01549  0.06136
   0.98889  0.01657  0.04595
   0.98423  0.01772  0.00554
   0.97929  0.01890 -0.02945
   0.97409  0.02011 -0.05546
   0.96867  0.02135 -0.08590
   0.96305  0.02259 -0.11247
   0.95727  0.02381 -0.13415
   0.95131  0.02502 -0.15513
   0.94520  0.02620 -0.17026
   0.93893  0.02735 -0.18337
   0.93253  0.02848 -0.19463
   0.92600  0.02957 -0.20183
   0.91932  0.03065 -0.20795
   0.91254  0.03170 -0.21492
   0.90568  0.03272 -0.22360
   0.89876  0.03372 -0.23106
   0.89181  0.03467 -0.23921
   0.88484  0.03559 -0.24521
   0.87782  0.03647 -0.24788
   0.87073  0.03731 -0.24904
   0.86355  0.03812 -0.25020
   0.85628  0.03891 -0.24898
   0.84891  0.03968 -0.24816
   0.84146  0.04044 -0.24813
   0.83396  0.04117 -0.24810
   0.82645  0.04190 -0.25385
   0.81896  0.04260 -0.25881
   0.81149  0.04327 -0.26242
   0.80402  0.04391 -0.26497
   0.79655  0.04452 -0.26745
   0.78909  0.04510 -0.26965
   0.78162  0.04565 -0.27043
   0.77414  0.04617 -0.26999
   0.76665  0.04666 -0.27041
   0.75914  0.04713 -0.26921
   0.75161  0.04756 -0.26743
   0.74405  0.04798 -0.26573
   0.73646  0.04837 -0.26284
   0.72884  0.04874 -0.26043
   0.72118  0.04909 -0.25759
   0.71350  0.04943 -0.25431
   0.70580  0.04974 -0.25253
   0.69806  0.05004 -0.24954
   0.69030  0.05033 -0.24752
   0.68252  0.05060 -0.24546
   0.67473  0.05086 -0.24371
   0.66693  0.05111 -0.24154
   0.65911  0.05135 -0.24032
   0.65129  0.05157 -0.23887
   0.64347  0.05178 -0.23685
   0.63563  0.05197 -0.23578
   0.62779  0.05216 -0.23429
   0.61994  0.05233 -0.23226
   0.61208  0.05249 -0.23177
   0.60421  0.05264 -0.22929
   0.59633  0.05278 -0.22849
   0.58846  0.05291 -0.22731
   0.58058  0.05303 -0.22671
   0.57270  0.05314 -0.22551
   0.56482  0.05324 -0.22464
   0.55693  0.05333 -0.22359
   0.54904  0.05340 -0.22297
   0.54115  0.05347 -0.22157
   0.53326  0.05353 -0.22126
   0.52537  0.05358 -0.21994
   0.51748  0.05361 -0.21907
   0.50958  0.05364 -0.21880
   0.50169  0.05366 -0.21722
   0.49380  0.05367 -0.21762
   0.48590  0.05367 -0.21598
   0.47801  0.05366 -0.21638
   0.47012  0.05363 -0.21539
   0.46224  0.05360 -0.21467
   0.45437  0.05356 -0.21409
   0.44650  0.05351 -0.21359
   0.43864  0.05345 -0.21251
   0.43079  0.05338 -0.21232
   0.42295  0.05330 -0.21204
   0.41514  0.05321 -0.21170
   0.40737  0.05312 -0.21237
   0.39966  0.05301 -0.21179
   0.39202  0.05289 -0.21303
   0.38445  0.05276 -0.21012
   0.37694  0.05262 -0.20752
   0.36954  0.05249 -0.20655
   0.36229  0.05236 -0.21372
   0.35524  0.05223 -0.22461
   0.34842  0.05207 -0.23385
   0.34179  0.05185 -0.22510
   0.33530  0.05159 -0.19814
   0.32892  0.05132 -0.17141
   0.32258  0.05111 -0.15770
   0.31625  0.05098 -0.17408
   0.30988  0.05089 -0.20348
   0.30343  0.05078 -0.23084
   0.29682  0.05061 -0.23317
   0.29002  0.05037 -0.22074
   0.28299  0.05009 -0.20891
   0.27579  0.04982 -0.20765
   0.26847  0.04954 -0.21173
   0.26108  0.04924 -0.21369
   0.25361  0.04892 -0.21259
   0.24607  0.04858 -0.21266
   0.23850  0.04823 -0.21368
   0.23092  0.04786 -0.21413
   0.22333  0.04747 -0.21496
   0.21574  0.04707 -0.21549
   0.20817  0.04664 -0.21732
   0.20063  0.04620 -0.21783
   0.19311  0.04574 -0.21865
   0.18563  0.04526 -0.22182
   0.17820  0.04475 -0.22156
   0.17081  0.04423 -0.22285
   0.16349  0.04368 -0.22527
   0.15624  0.04311 -0.22534
   0.14907  0.04251 -0.22779
   0.14200  0.04189 -0.22846
   0.13503  0.04125 -0.22948
   0.12818  0.04059 -0.23028
   0.12147  0.03990 -0.23058
   0.11493  0.03919 -0.23063
   0.10856  0.03847 -0.23073
   0.10240  0.03773 -0.23033
   0.09647  0.03699 -0.23134
   0.09078  0.03624 -0.23310
   0.08537  0.03550 -0.23180
   0.08024  0.03476 -0.23709
   0.07540  0.03403 -0.23889
   0.07085  0.03331 -0.24269
   0.06658  0.03261 -0.25538
   0.06257  0.03190 -0.25616
   0.05879  0.03120 -0.26732
   0.05523  0.03050 -0.27152
   0.05189  0.02978 -0.26965
   0.04873  0.02906 -0.26352
   0.04574  0.02833 -0.25261
   0.04291  0.02760 -0.24332
   0.04024  0.02687 -0.22845
   0.03771  0.02615 -0.21640
   0.03531  0.02543 -0.20846
   0.03305  0.02471 -0.18373
   0.03089  0.02399 -0.15371
   0.02884  0.02329 -0.13008
   0.02688  0.02260 -0.11452
   0.02502  0.02195 -0.11265
   0.02326  0.02131 -0.11090
   0.02159  0.02067 -0.10965
   0.02000  0.02005 -0.10368
   0.01849  0.01942 -0.09299
   0.01706  0.01880 -0.07493
   0.01569  0.01817 -0.04850
   0.01439  0.01754 -0.02625
   0.01314  0.01692 -0.00304
   0.01194  0.01630  0.01726
   0.01080  0.01568  0.03631
   0.00971  0.01507  0.05433
   0.00867  0.01445  0.07904
   0.00767  0.01383  0.09597
   0.00672  0.01321  0.11964
   0.00581  0.01258  0.13912
   0.00495  0.01194  0.16901
   0.00414  0.01128  0.19149
   0.00338  0.01061  0.21821
   0.00268  0.00990  0.25052
   0.00207  0.00914  0.35933
   0.00154  0.00835  0.44795
   0.00111  0.00752  0.56533
   0.00078  0.00665  0.69582
   0.00053  0.00577  0.80046
   0.00035  0.00489  0.87576
   0.00022  0.00400  0.92630
   0.00012  0.00312  0.96281
   0.00005  0.00224  0.98425
   0.00001  0.00137  0.99632
  -0.00000  0.00051  0.99999
   0.00001 -0.00034  0.99610
   0.00004 -0.00120  0.98489
   0.00010 -0.00206  0.96599
   0.00020 -0.00292  0.95012
   0.00027 -0.00380  0.90680
   0.00039 -0.00468  0.87398
   0.00054 -0.00556  0.82607
   0.00072 -0.00645  0.76770
   0.00092 -0.00735  0.70297
   0.00115 -0.00824  0.62689
   0.00142 -0.00914  0.53010
   0.00173 -0.01004  0.42273
   0.00207 -0.01094  0.30036
   0.00247 -0.01182  0.12783
   0.00292 -0.01269  0.04718
   0.00342 -0.01356 -0.29357
   0.00402 -0.01437 -0.35650
   0.00470 -0.01514 -0.46477
   0.00546 -0.01587 -0.50095
   0.00629 -0.01657 -0.53115
   0.00717 -0.01724 -0.54336
   0.00811 -0.01789 -0.55958
   0.00910 -0.01851 -0.55867
   0.01015 -0.01912 -0.55536
   0.01125 -0.01971 -0.55587
   0.01240 -0.02029 -0.54883
   0.01361 -0.02086 -0.54326
   0.01488 -0.02142 -0.53612
   0.01621 -0.02198 -0.52181
   0.01761 -0.02253 -0.51420
   0.01908 -0.02307 -0.49874
   0.02063 -0.02362 -0.49393
   0.02226 -0.02417 -0.48130
   0.02397 -0.02472 -0.46641
   0.02579 -0.02528 -0.45927
   0.02770 -0.02584 -0.44902
   0.02973 -0.02641 -0.44138
   0.03189 -0.02700 -0.43378
   0.03419 -0.02759 -0.42752
   0.03663 -0.02820 -0.41693
   0.03924 -0.02882 -0.41051
   0.04203 -0.02945 -0.39986
   0.04502 -0.03011 -0.39333
   0.04822 -0.03078 -0.38764
   0.05165 -0.03148 -0.38440
   0.05533 -0.03220 -0.38006
   0.05925 -0.03293 -0.37708
   0.06344 -0.03368 -0.37242
   0.06789 -0.03445 -0.37045
   0.07262 -0.03522 -0.36575
   0.07761 -0.03600 -0.36437
   0.08288 -0.03679 -0.36110
   0.08842 -0.03758 -0.35792
   0.09419 -0.03836 -0.35497
   0.10019 -0.03914 -0.35302
   0.10638 -0.03991 -0.35223
   0.11276 -0.04065 -0.35134
   0.11929 -0.04138 -0.35062
   0.12594 -0.04208 -0.34934
   0.13272 -0.04276 -0.34833
   0.13959 -0.04340 -0.34694
   0.14656 -0.04401 -0.34389
   0.15362 -0.04460 -0.34221
   0.16075 -0.04515 -0.33834
   0.16794 -0.04567 -0.33610
   0.17519 -0.04616 -0.33276
   0.18248 -0.04663 -0.33077
   0.18981 -0.04706 -0.32859
   0.19717 -0.04747 -0.32721
   0.20456 -0.04785 -0.32303
   0.21197 -0.04820 -0.32216
   0.21942 -0.04852 -0.31804
   0.22690 -0.04882 -0.31545
   0.23441 -0.04909 -0.31071
   0.24195 -0.04934 -0.30859
   0.24951 -0.04956 -0.30653
   0.25708 -0.04977 -0.30326
   0.26468 -0.04995 -0.30195
   0.27229 -0.05011 -0.29768
   0.27991 -0.05024 -0.29623
   0.28756 -0.05036 -0.29280
   0.29522 -0.05046 -0.29085
   0.30289 -0.05054 -0.28897
   0.31057 -0.05060 -0.28686
   0.31825 -0.05064 -0.28465
   0.32595 -0.05066 -0.28305
   0.33364 -0.05066 -0.28153
   0.34135 -0.05065 -0.27971
   0.34906 -0.05061 -0.27800
   0.35677 -0.05056 -0.27619
   0.36448 -0.05048 -0.27455
   0.37219 -0.05039 -0.27300
   0.37990 -0.05028 -0.27098
   0.38761 -0.05015 -0.26966
   0.39532 -0.05001 -0.26834
   0.40302 -0.04984 -0.26699
   0.41072 -0.04966 -0.26493
   0.41842 -0.04945 -0.26433
   0.42610 -0.04923 -0.26298
   0.43378 -0.04899 -0.26226
   0.44144 -0.04873 -0.26016
   0.44910 -0.04845 -0.25962
   0.45674 -0.04815 -0.25810
   0.46437 -0.04783 -0.25740
   0.47199 -0.04749 -0.25572
   0.47960 -0.04713 -0.25388
   0.48720 -0.04674 -0.25260
   0.49478 -0.04634 -0.25089
   0.50235 -0.04590 -0.24853
   0.50991 -0.04545 -0.24733
   0.51745 -0.04497 -0.24471
   0.52498 -0.04447 -0.24231
   0.53250 -0.04395 -0.24022
   0.54000 -0.04340 -0.23767
   0.54749 -0.04282 -0.23485
   0.55497 -0.04222 -0.23173
   0.56243 -0.04159 -0.22812
   0.56987 -0.04093 -0.22480
   0.57730 -0.04025 -0.22113
   0.58471 -0.03954 -0.21702
   0.59210 -0.03881 -0.21285
   0.59948 -0.03804 -0.20845
   0.60683 -0.03724 -0.20387
   0.61417 -0.03642 -0.19766
   0.62149 -0.03556 -0.19296
   0.62879 -0.03468 -0.18573
   0.63608 -0.03376 -0.18006
   0.64335 -0.03281 -0.17194
   0.65061 -0.03183 -0.16488
   0.65786 -0.03081 -0.15634
   0.66510 -0.02976 -0.14747
   0.67232 -0.02867 -0.13773
   0.67954 -0.02755 -0.12765
   0.68676 -0.02640 -0.11711
   0.69397 -0.02520 -0.10594
   0.70117 -0.02398 -0.09320
   0.70838 -0.02271 -0.08052
   0.71559 -0.02141 -0.06704
   0.72281 -0.02007 -0.05270
   0.73004 -0.01870 -0.03798
   0.73728 -0.01729 -0.02191
   0.74453 -0.01584 -0.00438
   0.75180 -0.01436  0.01193
   0.75910 -0.01284  0.03189
   0.76642 -0.01128  0.04993
   0.77378 -0.00969  0.07170
   0.78118 -0.00807  0.09051
   0.78863 -0.00642  0.11396
   0.79611 -0.00475  0.13478
   0.80361 -0.00306  0.15916
   0.81108 -0.00138  0.18205
   0.81847  0.00029  0.20502
   0.82574  0.00191  0.22875
   0.83289  0.00348  0.25073
   0.83991  0.00499  0.27123
   0.84680  0.00644  0.29090
   0.85358  0.00782  0.31030
   0.86023  0.00913  0.32657
   0.86676  0.01036  0.34514
   0.87316  0.01151  0.35927
   0.87944  0.01258  0.37568
   0.88561  0.01356  0.38750
   0.89167  0.01445  0.39971
   0.89763  0.01526  0.41048
   0.90349  0.01599  0.42003
   0.90927  0.01663  0.42783
   0.91493  0.01718  0.43745
   0.92047  0.01765  0.44333
   0.92588  0.01803  0.45156
   0.93120  0.01832  0.45516
   0.93644  0.01853  0.45599
   0.94160  0.01868  0.45889
   0.94662  0.01876  0.46585
   0.95140  0.01879  0.48120
   0.95595  0.01872  0.49087
   0.96030  0.01853  0.49595
   0.96456  0.01820  0.48102
   0.96881  0.01775  0.45345
   0.97308  0.01723  0.42636
   0.97733  0.01672  0.41416
   0.98147  0.01621  0.42732
   0.98549  0.01562  0.43425
   0.98945  0.01488  0.38901
   0.99342  0.01406  0.32432
   0.99738  0.01325  0.29900
   1.00000  0.01271  0.25418
