GRUMMAN K-2 AIRFOIL                             
 Alfa =  -1.26620 Re =        0.000 Xflap,Yflap =     0.000000    0.000000
#    x        y        Cp  
   1.00000  0.01371  0.25223
   0.99739  0.01444  0.09667
   0.99327  0.01550  0.06265
   0.98886  0.01658  0.04421
   0.98418  0.01773  0.00250
   0.97923  0.01891 -0.02705
   0.97401  0.02013 -0.05710
   0.96856  0.02137 -0.08500
   0.96293  0.02261 -0.11283
   0.95713  0.02384 -0.13593
   0.95115  0.02505 -0.15466
   0.94501  0.02623 -0.16988
   0.93873  0.02739 -0.18351
   0.93231  0.02852 -0.19452
   0.92575  0.02962 -0.20188
   0.91905  0.03069 -0.20760
   0.91224  0.03174 -0.21485
   0.90536  0.03277 -0.22351
   0.89842  0.03376 -0.23100
   0.89145  0.03472 -0.23883
   0.88446  0.03564 -0.24421
   0.87741  0.03652 -0.24828
   0.87030  0.03736 -0.24879
   0.86310  0.03817 -0.24876
   0.85580  0.03897 -0.24836
   0.84840  0.03974 -0.24756
   0.84093  0.04049 -0.24768
   0.83341  0.04123 -0.24813
   0.82588  0.04195 -0.25274
   0.81837  0.04265 -0.25870
   0.81087  0.04332 -0.26131
   0.80338  0.04396 -0.26458
   0.79590  0.04457 -0.26710
   0.78841  0.04515 -0.26812
   0.78092  0.04570 -0.26971
   0.77342  0.04622 -0.26940
   0.76591  0.04671 -0.26944
   0.75838  0.04717 -0.26826
   0.75082  0.04761 -0.26699
   0.74324  0.04802 -0.26313
   0.73562  0.04841 -0.26182
   0.72798  0.04878 -0.25849
   0.72030  0.04913 -0.25631
   0.71260  0.04946 -0.25350
   0.70486  0.04978 -0.25091
   0.69710  0.05008 -0.24819
   0.68932  0.05037 -0.24598
   0.68152  0.05064 -0.24367
   0.67370  0.05090 -0.24271
   0.66588  0.05114 -0.23993
   0.65804  0.05138 -0.23883
   0.65020  0.05160 -0.23704
   0.64235  0.05180 -0.23541
   0.63449  0.05200 -0.23455
   0.62662  0.05218 -0.23229
   0.61875  0.05235 -0.23115
   0.61086  0.05251 -0.22954
   0.60297  0.05266 -0.22774
   0.59508  0.05280 -0.22707
   0.58718  0.05293 -0.22618
   0.57928  0.05305 -0.22480
   0.57138  0.05316 -0.22368
   0.56347  0.05325 -0.22280
   0.55556  0.05334 -0.22224
   0.54765  0.05342 -0.22092
   0.53974  0.05348 -0.21981
   0.53183  0.05354 -0.21896
   0.52391  0.05358 -0.21866
   0.51600  0.05362 -0.21714
   0.50808  0.05365 -0.21694
   0.50017  0.05366 -0.21590
   0.49225  0.05367 -0.21481
   0.48434  0.05366 -0.21475
   0.47642  0.05365 -0.21387
   0.46852  0.05363 -0.21339
   0.46062  0.05360 -0.21231
   0.45272  0.05355 -0.21285
   0.44483  0.05350 -0.21114
   0.43695  0.05344 -0.21072
   0.42908  0.05336 -0.20987
   0.42122  0.05328 -0.21001
   0.41340  0.05319 -0.20925
   0.40562  0.05309 -0.21033
   0.39791  0.05299 -0.21005
   0.39026  0.05286 -0.21034
   0.38268  0.05273 -0.20789
   0.37518  0.05259 -0.20438
   0.36779  0.05245 -0.20537
   0.36056  0.05233 -0.21330
   0.35355  0.05219 -0.22499
   0.34675  0.05202 -0.23178
   0.34015  0.05179 -0.21688
   0.33367  0.05152 -0.18859
   0.32729  0.05126 -0.16324
   0.32094  0.05107 -0.15619
   0.31459  0.05095 -0.17925
   0.30818  0.05086 -0.20961
   0.30168  0.05074 -0.23125
   0.29501  0.05055 -0.22738
   0.28812  0.05029 -0.21396
   0.28102  0.05002 -0.20458
   0.27376  0.04974 -0.20650
   0.26640  0.04946 -0.20935
   0.25896  0.04915 -0.21027
   0.25145  0.04883 -0.21005
   0.24388  0.04848 -0.20976
   0.23629  0.04812 -0.21045
   0.22868  0.04775 -0.21111
   0.22107  0.04735 -0.21217
   0.21346  0.04694 -0.21257
   0.20588  0.04651 -0.21375
   0.19832  0.04606 -0.21453
   0.19079  0.04559 -0.21598
   0.18331  0.04510 -0.21803
   0.17587  0.04459 -0.21766
   0.16848  0.04405 -0.22052
   0.16116  0.04350 -0.22086
   0.15392  0.04292 -0.22179
   0.14676  0.04231 -0.22449
   0.13969  0.04168 -0.22350
   0.13274  0.04103 -0.22563
   0.12592  0.04036 -0.22533
   0.11925  0.03966 -0.22600
   0.11274  0.03895 -0.22556
   0.10643  0.03821 -0.22537
   0.10032  0.03747 -0.22600
   0.09446  0.03673 -0.22545
   0.08886  0.03598 -0.22747
   0.08353  0.03523 -0.22798
   0.07849  0.03450 -0.23086
   0.07373  0.03377 -0.23591
   0.06927  0.03305 -0.23743
   0.06509  0.03235 -0.24949
   0.06115  0.03165 -0.25405
   0.05745  0.03095 -0.26111
   0.05396  0.03023 -0.26495
   0.05068  0.02952 -0.26015
   0.04758  0.02879 -0.25181
   0.04465  0.02805 -0.24099
   0.04187  0.02732 -0.22907
   0.03925  0.02659 -0.21447
   0.03676  0.02587 -0.20534
   0.03441  0.02515 -0.19050
   0.03218  0.02442 -0.16302
   0.03006  0.02371 -0.13501
   0.02804  0.02301 -0.11192
   0.02612  0.02234 -0.10391
   0.02429  0.02168 -0.10238
   0.02256  0.02105 -0.09888
   0.02092  0.02042 -0.09724
   0.01936  0.01979 -0.08974
   0.01788  0.01916 -0.07455
   0.01648  0.01853 -0.05302
   0.01513  0.01790 -0.02719
   0.01385  0.01728 -0.00421
   0.01262  0.01665  0.02029
   0.01145  0.01603  0.03542
   0.01032  0.01542  0.05574
   0.00925  0.01480  0.08087
   0.00822  0.01418  0.09675
   0.00724  0.01356  0.12409
   0.00631  0.01293  0.14238
   0.00542  0.01229  0.16504
   0.00458  0.01164  0.19645
   0.00379  0.01098  0.21808
   0.00305  0.01029  0.25118
   0.00239  0.00956  0.29593
   0.00182  0.00878  0.43702
   0.00133  0.00797  0.50343
   0.00094  0.00712  0.64458
   0.00065  0.00624  0.75824
   0.00044  0.00536  0.84835
   0.00028  0.00447  0.90753
   0.00016  0.00358  0.95080
   0.00008  0.00270  0.97674
   0.00003  0.00182  0.99290
   0.00000  0.00095  0.99967
  -0.00000  0.00009  0.99819
   0.00003 -0.00076  0.99016
   0.00006 -0.00163  0.97247
   0.00015 -0.00249  0.95633
   0.00023 -0.00336  0.92435
   0.00032 -0.00424  0.88504
   0.00047 -0.00512  0.84385
   0.00063 -0.00601  0.78980
   0.00082 -0.00691  0.72713
   0.00104 -0.00781  0.65531
   0.00129 -0.00871  0.56463
   0.00157 -0.00961  0.46319
   0.00190 -0.01051  0.34714
   0.00227 -0.01140  0.19552
   0.00270 -0.01228  0.06736
   0.00318 -0.01315 -0.14051
   0.00373 -0.01400 -0.37005
   0.00438 -0.01479 -0.44311
   0.00511 -0.01554 -0.51149
   0.00590 -0.01626 -0.53873
   0.00676 -0.01694 -0.55886
   0.00768 -0.01760 -0.57119
   0.00865 -0.01823 -0.57605
   0.00967 -0.01885 -0.58229
   0.01075 -0.01945 -0.56760
   0.01188 -0.02004 -0.57278
   0.01307 -0.02061 -0.56010
   0.01432 -0.02118 -0.55419
   0.01563 -0.02174 -0.54567
   0.01700 -0.02229 -0.52842
   0.01845 -0.02284 -0.51929
   0.01996 -0.02339 -0.50941
   0.02156 -0.02394 -0.49781
   0.02324 -0.02449 -0.48480
   0.02502 -0.02504 -0.47412
   0.02690 -0.02561 -0.46541
   0.02888 -0.02618 -0.45466
   0.03099 -0.02676 -0.44624
   0.03324 -0.02735 -0.43979
   0.03563 -0.02795 -0.43033
   0.03818 -0.02857 -0.42217
   0.04090 -0.02920 -0.41312
   0.04382 -0.02985 -0.40454
   0.04694 -0.03052 -0.39724
   0.05029 -0.03121 -0.39472
   0.05388 -0.03192 -0.38843
   0.05772 -0.03265 -0.38584
   0.06181 -0.03340 -0.38139
   0.06618 -0.03416 -0.37754
   0.07081 -0.03493 -0.37439
   0.07572 -0.03571 -0.37100
   0.08090 -0.03650 -0.36798
   0.08636 -0.03729 -0.36542
   0.09206 -0.03808 -0.36201
   0.09799 -0.03886 -0.35876
   0.10414 -0.03963 -0.35846
   0.11047 -0.04039 -0.35633
   0.11696 -0.04113 -0.35595
   0.12360 -0.04184 -0.35497
   0.13035 -0.04253 -0.35371
   0.13721 -0.04318 -0.35187
   0.14417 -0.04381 -0.34957
   0.15121 -0.04440 -0.34659
   0.15834 -0.04497 -0.34395
   0.16553 -0.04550 -0.34115
   0.17278 -0.04600 -0.33815
   0.18008 -0.04648 -0.33507
   0.18742 -0.04692 -0.33359
   0.19479 -0.04734 -0.33083
   0.20219 -0.04773 -0.32878
   0.20962 -0.04809 -0.32503
   0.21707 -0.04842 -0.32321
   0.22456 -0.04873 -0.31930
   0.23208 -0.04901 -0.31580
   0.23964 -0.04926 -0.31217
   0.24721 -0.04950 -0.31023
   0.25481 -0.04971 -0.30758
   0.26241 -0.04990 -0.30494
   0.27004 -0.05006 -0.30200
   0.27768 -0.05021 -0.29967
   0.28534 -0.05033 -0.29649
   0.29302 -0.05043 -0.29423
   0.30071 -0.05052 -0.29198
   0.30841 -0.05058 -0.29004
   0.31611 -0.05063 -0.28839
   0.32382 -0.05066 -0.28624
   0.33154 -0.05066 -0.28387
   0.33927 -0.05065 -0.28291
   0.34699 -0.05062 -0.28034
   0.35472 -0.05057 -0.27905
   0.36246 -0.05051 -0.27741
   0.37019 -0.05042 -0.27590
   0.37793 -0.05031 -0.27349
   0.38566 -0.05019 -0.27266
   0.39339 -0.05004 -0.27072
   0.40111 -0.04988 -0.26920
   0.40883 -0.04970 -0.26753
   0.41655 -0.04951 -0.26666
   0.42426 -0.04929 -0.26524
   0.43196 -0.04905 -0.26426
   0.43965 -0.04880 -0.26275
   0.44733 -0.04852 -0.26170
   0.45499 -0.04823 -0.26054
   0.46265 -0.04791 -0.25884
   0.47029 -0.04757 -0.25795
   0.47793 -0.04721 -0.25610
   0.48555 -0.04683 -0.25449
   0.49315 -0.04642 -0.25285
   0.50075 -0.04600 -0.25130
   0.50833 -0.04555 -0.24872
   0.51589 -0.04507 -0.24713
   0.52345 -0.04458 -0.24432
   0.53099 -0.04405 -0.24240
   0.53851 -0.04351 -0.23931
   0.54603 -0.04293 -0.23686
   0.55353 -0.04234 -0.23421
   0.56101 -0.04171 -0.23006
   0.56848 -0.04106 -0.22713
   0.57593 -0.04038 -0.22311
   0.58337 -0.03967 -0.21921
   0.59078 -0.03894 -0.21520
   0.59818 -0.03818 -0.21030
   0.60556 -0.03738 -0.20571
   0.61292 -0.03656 -0.20051
   0.62026 -0.03571 -0.19457
   0.62759 -0.03483 -0.18867
   0.63490 -0.03391 -0.18111
   0.64220 -0.03296 -0.17511
   0.64948 -0.03198 -0.16697
   0.65674 -0.03097 -0.15896
   0.66400 -0.02992 -0.14971
   0.67125 -0.02883 -0.14020
   0.67849 -0.02772 -0.13052
   0.68572 -0.02656 -0.11931
   0.69295 -0.02537 -0.10855
   0.70018 -0.02415 -0.09555
   0.70741 -0.02288 -0.08327
   0.71464 -0.02159 -0.06992
   0.72188 -0.02025 -0.05499
   0.72912 -0.01888 -0.04096
   0.73638 -0.01747 -0.02405
   0.74365 -0.01602 -0.00839
   0.75094 -0.01453  0.01023
   0.75826 -0.01301  0.02816
   0.76560 -0.01146  0.04780
   0.77297 -0.00987  0.06741
   0.78039 -0.00825  0.08893
   0.78785 -0.00659  0.11004
   0.79535 -0.00492  0.13318
   0.80287 -0.00323  0.15601
   0.81037 -0.00154  0.17829
   0.81778  0.00013  0.20347
   0.82509  0.00176  0.22659
   0.83227  0.00334  0.24809
   0.83932  0.00486  0.26880
   0.84624  0.00632  0.28921
   0.85304  0.00771  0.30759
   0.85972  0.00903  0.32650
   0.86628  0.01027  0.34268
   0.87271  0.01143  0.35872
   0.87902  0.01251  0.37374
   0.88521  0.01350  0.38645
   0.89129  0.01440  0.39923
   0.89727  0.01522  0.40900
   0.90316  0.01595  0.41950
   0.90895  0.01659  0.42833
   0.91464  0.01715  0.43570
   0.92020  0.01763  0.44408
   0.92564  0.01802  0.44988
   0.93097  0.01831  0.45446
   0.93623  0.01853  0.45757
   0.94141  0.01867  0.45709
   0.94645  0.01876  0.46731
   0.95125  0.01879  0.47897
   0.95581  0.01873  0.49160
   0.96019  0.01854  0.49569
   0.96446  0.01821  0.48064
   0.96872  0.01776  0.45444
   0.97300  0.01724  0.42591
   0.97726  0.01672  0.41558
   0.98142  0.01621  0.42819
   0.98545  0.01563  0.43250
   0.98942  0.01489  0.38731
   0.99340  0.01406  0.32685
   0.99738  0.01325  0.29816
   1.00000  0.01271  0.25223
