GRUMMAN K-2 AIRFOIL                             
 Alfa =  -1.13200 Re =        0.000 Xflap,Yflap =     0.000000    0.000000
#    x        y        Cp  
   1.00000  0.01371  0.25414
   0.99740  0.01444  0.09903
   0.99329  0.01549  0.06121
   0.98889  0.01657  0.04569
   0.98423  0.01772  0.00518
   0.97929  0.01890 -0.02987
   0.97409  0.02011 -0.05592
   0.96867  0.02135 -0.08646
   0.96305  0.02259 -0.11309
   0.95727  0.02381 -0.13483
   0.95131  0.02502 -0.15590
   0.94520  0.02620 -0.17109
   0.93893  0.02735 -0.18426
   0.93253  0.02848 -0.19559
   0.92600  0.02957 -0.20283
   0.91932  0.03065 -0.20904
   0.91254  0.03170 -0.21604
   0.90568  0.03272 -0.22481
   0.89876  0.03372 -0.23229
   0.89181  0.03467 -0.24052
   0.88484  0.03559 -0.24658
   0.87782  0.03647 -0.24929
   0.87073  0.03731 -0.25051
   0.86355  0.03812 -0.25173
   0.85628  0.03891 -0.25052
   0.84891  0.03968 -0.24979
   0.84146  0.04044 -0.24979
   0.83396  0.04117 -0.24983
   0.82645  0.04190 -0.25561
   0.81896  0.04260 -0.26064
   0.81149  0.04327 -0.26430
   0.80402  0.04391 -0.26689
   0.79655  0.04452 -0.26945
   0.78909  0.04510 -0.27165
   0.78162  0.04565 -0.27253
   0.77414  0.04617 -0.27212
   0.76665  0.04666 -0.27261
   0.75914  0.04713 -0.27143
   0.75161  0.04756 -0.26970
   0.74405  0.04798 -0.26801
   0.73646  0.04837 -0.26520
   0.72884  0.04874 -0.26282
   0.72118  0.04909 -0.26003
   0.71350  0.04943 -0.25680
   0.70580  0.04974 -0.25506
   0.69806  0.05004 -0.25209
   0.69030  0.05033 -0.25015
   0.68252  0.05060 -0.24810
   0.67473  0.05086 -0.24642
   0.66693  0.05111 -0.24428
   0.65911  0.05135 -0.24310
   0.65129  0.05157 -0.24171
   0.64347  0.05178 -0.23973
   0.63563  0.05197 -0.23870
   0.62779  0.05216 -0.23727
   0.61994  0.05233 -0.23529
   0.61208  0.05249 -0.23483
   0.60421  0.05264 -0.23240
   0.59633  0.05278 -0.23166
   0.58846  0.05291 -0.23052
   0.58058  0.05303 -0.22998
   0.57270  0.05314 -0.22882
   0.56482  0.05324 -0.22800
   0.55693  0.05333 -0.22700
   0.54904  0.05340 -0.22644
   0.54115  0.05347 -0.22509
   0.53326  0.05353 -0.22484
   0.52537  0.05358 -0.22357
   0.51748  0.05361 -0.22276
   0.50958  0.05364 -0.22255
   0.50169  0.05366 -0.22103
   0.49380  0.05367 -0.22148
   0.48590  0.05367 -0.21990
   0.47801  0.05366 -0.22036
   0.47012  0.05363 -0.21943
   0.46224  0.05360 -0.21878
   0.45437  0.05356 -0.21826
   0.44650  0.05351 -0.21782
   0.43864  0.05345 -0.21681
   0.43079  0.05338 -0.21669
   0.42295  0.05330 -0.21647
   0.41514  0.05321 -0.21621
   0.40737  0.05312 -0.21695
   0.39966  0.05301 -0.21645
   0.39202  0.05289 -0.21776
   0.38445  0.05276 -0.21493
   0.37694  0.05262 -0.21238
   0.36954  0.05249 -0.21148
   0.36229  0.05236 -0.21876
   0.35524  0.05223 -0.22979
   0.34842  0.05207 -0.23913
   0.34179  0.05185 -0.23042
   0.33530  0.05159 -0.20342
   0.32892  0.05132 -0.17665
   0.32258  0.05111 -0.16296
   0.31625  0.05098 -0.17948
   0.30988  0.05089 -0.20910
   0.30343  0.05078 -0.23668
   0.29682  0.05061 -0.23909
   0.29002  0.05037 -0.22671
   0.28299  0.05009 -0.21493
   0.27579  0.04982 -0.21376
   0.26847  0.04954 -0.21798
   0.26108  0.04924 -0.22007
   0.25361  0.04892 -0.21909
   0.24607  0.04858 -0.21929
   0.23850  0.04823 -0.22044
   0.23092  0.04786 -0.22105
   0.22333  0.04747 -0.22202
   0.21574  0.04707 -0.22272
   0.20817  0.04664 -0.22472
   0.20063  0.04620 -0.22541
   0.19311  0.04574 -0.22641
   0.18563  0.04526 -0.22979
   0.17820  0.04475 -0.22973
   0.17081  0.04423 -0.23124
   0.16349  0.04368 -0.23389
   0.15624  0.04311 -0.23420
   0.14907  0.04251 -0.23691
   0.14200  0.04189 -0.23785
   0.13503  0.04125 -0.23915
   0.12818  0.04059 -0.24024
   0.12147  0.03990 -0.24084
   0.11493  0.03919 -0.24122
   0.10856  0.03847 -0.24166
   0.10240  0.03773 -0.24161
   0.09647  0.03699 -0.24300
   0.09078  0.03624 -0.24516
   0.08537  0.03550 -0.24426
   0.08024  0.03476 -0.25002
   0.07540  0.03403 -0.25228
   0.07085  0.03331 -0.25656
   0.06658  0.03261 -0.26987
   0.06257  0.03190 -0.27113
   0.05879  0.03120 -0.28294
   0.05523  0.03050 -0.28770
   0.05189  0.02978 -0.28636
   0.04873  0.02906 -0.28070
   0.04574  0.02833 -0.27022
   0.04291  0.02760 -0.26139
   0.04024  0.02687 -0.24690
   0.03771  0.02615 -0.23529
   0.03531  0.02543 -0.22788
   0.03305  0.02471 -0.20341
   0.03089  0.02399 -0.17356
   0.02884  0.02329 -0.15018
   0.02688  0.02260 -0.13506
   0.02502  0.02195 -0.13387
   0.02326  0.02131 -0.13286
   0.02159  0.02067 -0.13238
   0.02000  0.02005 -0.12715
   0.01849  0.01942 -0.11715
   0.01706  0.01880 -0.09961
   0.01569  0.01817 -0.07357
   0.01439  0.01754 -0.05179
   0.01314  0.01692 -0.02909
   0.01194  0.01630 -0.00943
   0.01080  0.01568  0.00891
   0.00971  0.01507  0.02617
   0.00867  0.01445  0.05014
   0.00767  0.01383  0.06612
   0.00672  0.01321  0.08881
   0.00581  0.01258  0.10711
   0.00495  0.01194  0.13591
   0.00414  0.01128  0.15692
   0.00338  0.01061  0.18186
   0.00268  0.00990  0.21236
   0.00207  0.00914  0.32297
   0.00154  0.00835  0.41268
   0.00111  0.00752  0.53339
   0.00078  0.00665  0.66965
   0.00053  0.00577  0.77990
   0.00035  0.00489  0.86000
   0.00022  0.00400  0.91439
   0.00012  0.00312  0.95442
   0.00005  0.00224  0.97876
   0.00001  0.00137  0.99351
  -0.00000  0.00051  0.99974
   0.00001 -0.00034  0.99816
   0.00004 -0.00120  0.98929
   0.00010 -0.00206  0.97289
   0.00020 -0.00292  0.95790
   0.00027 -0.00380  0.91855
   0.00039 -0.00468  0.88721
   0.00054 -0.00556  0.84176
   0.00072 -0.00645  0.78597
   0.00092 -0.00735  0.72374
   0.00115 -0.00824  0.65033
   0.00142 -0.00914  0.55671
   0.00173 -0.01004  0.45259
   0.00207 -0.01094  0.33349
   0.00247 -0.01182  0.16580
   0.00292 -0.01269  0.08572
   0.00342 -0.01356 -0.24501
   0.00402 -0.01437 -0.30923
   0.00470 -0.01514 -0.41680
   0.00546 -0.01587 -0.45478
   0.00629 -0.01657 -0.48657
   0.00717 -0.01724 -0.50073
   0.00811 -0.01789 -0.51856
   0.00910 -0.01851 -0.51946
   0.01015 -0.01912 -0.51790
   0.01125 -0.01971 -0.51993
   0.01240 -0.02029 -0.51440
   0.01361 -0.02086 -0.51023
   0.01488 -0.02142 -0.50445
   0.01621 -0.02198 -0.49149
   0.01761 -0.02253 -0.48508
   0.01908 -0.02307 -0.47081
   0.02063 -0.02362 -0.46703
   0.02226 -0.02417 -0.45545
   0.02397 -0.02472 -0.44160
   0.02579 -0.02528 -0.43537
   0.02770 -0.02584 -0.42600
   0.02973 -0.02641 -0.41917
   0.03189 -0.02700 -0.41236
   0.03419 -0.02759 -0.40685
   0.03663 -0.02820 -0.39702
   0.03924 -0.02882 -0.39130
   0.04203 -0.02945 -0.38138
   0.04502 -0.03011 -0.37550
   0.04822 -0.03078 -0.37043
   0.05165 -0.03148 -0.36778
   0.05533 -0.03220 -0.36402
   0.05925 -0.03293 -0.36159
   0.06344 -0.03368 -0.35747
   0.06789 -0.03445 -0.35602
   0.07262 -0.03522 -0.35182
   0.07761 -0.03600 -0.35091
   0.08288 -0.03679 -0.34811
   0.08842 -0.03758 -0.34537
   0.09419 -0.03836 -0.34285
   0.10019 -0.03914 -0.34129
   0.10638 -0.03991 -0.34087
   0.11276 -0.04065 -0.34033
   0.11929 -0.04138 -0.33995
   0.12594 -0.04208 -0.33898
   0.13272 -0.04276 -0.33827
   0.13959 -0.04340 -0.33717
   0.14656 -0.04401 -0.33440
   0.15362 -0.04460 -0.33299
   0.16075 -0.04515 -0.32937
   0.16794 -0.04567 -0.32737
   0.17519 -0.04616 -0.32427
   0.18248 -0.04663 -0.32250
   0.18981 -0.04706 -0.32052
   0.19717 -0.04747 -0.31934
   0.20456 -0.04785 -0.31534
   0.21197 -0.04820 -0.31465
   0.21942 -0.04852 -0.31071
   0.22690 -0.04882 -0.30829
   0.23441 -0.04909 -0.30372
   0.24195 -0.04934 -0.30176
   0.24951 -0.04956 -0.29984
   0.25708 -0.04977 -0.29672
   0.26468 -0.04995 -0.29554
   0.27229 -0.05011 -0.29141
   0.27991 -0.05024 -0.29010
   0.28756 -0.05036 -0.28678
   0.29522 -0.05046 -0.28496
   0.30289 -0.05054 -0.28320
   0.31057 -0.05060 -0.28120
   0.31825 -0.05064 -0.27909
   0.32595 -0.05066 -0.27760
   0.33364 -0.05066 -0.27618
   0.34135 -0.05065 -0.27446
   0.34906 -0.05061 -0.27284
   0.35677 -0.05056 -0.27112
   0.36448 -0.05048 -0.26959
   0.37219 -0.05039 -0.26811
   0.37990 -0.05028 -0.26620
   0.38761 -0.05015 -0.26494
   0.39532 -0.05001 -0.26372
   0.40302 -0.04984 -0.26244
   0.41072 -0.04966 -0.26045
   0.41842 -0.04945 -0.25994
   0.42610 -0.04923 -0.25867
   0.43378 -0.04899 -0.25802
   0.44144 -0.04873 -0.25597
   0.44910 -0.04845 -0.25552
   0.45674 -0.04815 -0.25406
   0.46437 -0.04783 -0.25343
   0.47199 -0.04749 -0.25182
   0.47960 -0.04713 -0.25004
   0.48720 -0.04674 -0.24883
   0.49478 -0.04634 -0.24718
   0.50235 -0.04590 -0.24488
   0.50991 -0.04545 -0.24376
   0.51745 -0.04497 -0.24118
   0.52498 -0.04447 -0.23886
   0.53250 -0.04395 -0.23682
   0.54000 -0.04340 -0.23434
   0.54749 -0.04282 -0.23157
   0.55497 -0.04222 -0.22852
   0.56243 -0.04159 -0.22497
   0.56987 -0.04093 -0.22170
   0.57730 -0.04025 -0.21809
   0.58471 -0.03954 -0.21406
   0.59210 -0.03881 -0.20993
   0.59948 -0.03804 -0.20559
   0.60683 -0.03724 -0.20106
   0.61417 -0.03642 -0.19491
   0.62149 -0.03556 -0.19028
   0.62879 -0.03468 -0.18311
   0.63608 -0.03376 -0.17750
   0.64335 -0.03281 -0.16943
   0.65061 -0.03183 -0.16244
   0.65786 -0.03081 -0.15396
   0.66510 -0.02976 -0.14513
   0.67232 -0.02867 -0.13547
   0.67954 -0.02755 -0.12545
   0.68676 -0.02640 -0.11495
   0.69397 -0.02520 -0.10385
   0.70117 -0.02398 -0.09118
   0.70838 -0.02271 -0.07856
   0.71559 -0.02141 -0.06515
   0.72281 -0.02007 -0.05086
   0.73004 -0.01870 -0.03619
   0.73728 -0.01729 -0.02020
   0.74453 -0.01584 -0.00275
   0.75180 -0.01436  0.01352
   0.75910 -0.01284  0.03342
   0.76642 -0.01128  0.05138
   0.77378 -0.00969  0.07309
   0.78118 -0.00807  0.09185
   0.78863 -0.00642  0.11524
   0.79611 -0.00475  0.13598
   0.80361 -0.00306  0.16031
   0.81108 -0.00138  0.18313
   0.81847  0.00029  0.20605
   0.82574  0.00191  0.22972
   0.83289  0.00348  0.25166
   0.83991  0.00499  0.27210
   0.84680  0.00644  0.29173
   0.85358  0.00782  0.31109
   0.86023  0.00913  0.32731
   0.86676  0.01036  0.34583
   0.87316  0.01151  0.35996
   0.87944  0.01258  0.37631
   0.88561  0.01356  0.38810
   0.89167  0.01445  0.40029
   0.89763  0.01526  0.41102
   0.90349  0.01599  0.42056
   0.90927  0.01663  0.42833
   0.91493  0.01718  0.43791
   0.92047  0.01765  0.44381
   0.92588  0.01803  0.45198
   0.93120  0.01832  0.45558
   0.93644  0.01853  0.45638
   0.94160  0.01868  0.45927
   0.94662  0.01876  0.46623
   0.95140  0.01879  0.48153
   0.95595  0.01872  0.49120
   0.96030  0.01853  0.49625
   0.96456  0.01820  0.48130
   0.96881  0.01775  0.45376
   0.97308  0.01723  0.42665
   0.97733  0.01672  0.41445
   0.98147  0.01621  0.42757
   0.98549  0.01562  0.43446
   0.98945  0.01488  0.38924
   0.99342  0.01406  0.32454
   0.99738  0.01325  0.29918
   1.00000  0.01271  0.25414
