GRUMMAN K-2 AIRFOIL                             
 Alfa =  -1.04100 Re =        0.000 Xflap,Yflap =     0.000000    0.000000
#    x        y        Cp  
   1.00000  0.01371  0.25410
   0.99740  0.01444  0.09892
   0.99329  0.01549  0.06105
   0.98889  0.01657  0.04543
   0.98423  0.01772  0.00482
   0.97929  0.01890 -0.03028
   0.97409  0.02011 -0.05638
   0.96867  0.02135 -0.08702
   0.96305  0.02259 -0.11370
   0.95727  0.02381 -0.13550
   0.95131  0.02502 -0.15666
   0.94520  0.02620 -0.17191
   0.93893  0.02735 -0.18515
   0.93253  0.02848 -0.19655
   0.92600  0.02957 -0.20383
   0.91932  0.03065 -0.21013
   0.91254  0.03170 -0.21715
   0.90568  0.03272 -0.22601
   0.89876  0.03372 -0.23352
   0.89181  0.03467 -0.24183
   0.88484  0.03559 -0.24795
   0.87782  0.03647 -0.25070
   0.87073  0.03731 -0.25198
   0.86355  0.03812 -0.25325
   0.85628  0.03891 -0.25206
   0.84891  0.03968 -0.25142
   0.84146  0.04044 -0.25144
   0.83396  0.04117 -0.25154
   0.82645  0.04190 -0.25737
   0.81896  0.04260 -0.26246
   0.81149  0.04327 -0.26618
   0.80402  0.04391 -0.26880
   0.79655  0.04452 -0.27144
   0.78909  0.04510 -0.27365
   0.78162  0.04565 -0.27463
   0.77414  0.04617 -0.27424
   0.76665  0.04666 -0.27480
   0.75914  0.04713 -0.27365
   0.75161  0.04756 -0.27196
   0.74405  0.04798 -0.27030
   0.73646  0.04837 -0.26756
   0.72884  0.04874 -0.26521
   0.72118  0.04909 -0.26246
   0.71350  0.04943 -0.25928
   0.70580  0.04974 -0.25758
   0.69806  0.05004 -0.25463
   0.69030  0.05033 -0.25277
   0.68252  0.05060 -0.25074
   0.67473  0.05086 -0.24913
   0.66693  0.05111 -0.24702
   0.65911  0.05135 -0.24587
   0.65129  0.05157 -0.24456
   0.64347  0.05178 -0.24261
   0.63563  0.05197 -0.24162
   0.62779  0.05216 -0.24024
   0.61994  0.05233 -0.23832
   0.61208  0.05249 -0.23789
   0.60421  0.05264 -0.23551
   0.59633  0.05278 -0.23483
   0.58846  0.05291 -0.23374
   0.58058  0.05303 -0.23325
   0.57270  0.05314 -0.23213
   0.56482  0.05324 -0.23136
   0.55693  0.05333 -0.23042
   0.54904  0.05340 -0.22991
   0.54115  0.05347 -0.22862
   0.53326  0.05353 -0.22842
   0.52537  0.05358 -0.22720
   0.51748  0.05361 -0.22646
   0.50958  0.05364 -0.22629
   0.50169  0.05366 -0.22483
   0.49380  0.05367 -0.22535
   0.48590  0.05367 -0.22381
   0.47801  0.05366 -0.22435
   0.47012  0.05363 -0.22347
   0.46224  0.05360 -0.22290
   0.45437  0.05356 -0.22243
   0.44650  0.05351 -0.22205
   0.43864  0.05345 -0.22110
   0.43079  0.05338 -0.22106
   0.42295  0.05330 -0.22090
   0.41514  0.05321 -0.22071
   0.40737  0.05312 -0.22153
   0.39966  0.05301 -0.22112
   0.39202  0.05289 -0.22248
   0.38445  0.05276 -0.21974
   0.37694  0.05262 -0.21724
   0.36954  0.05249 -0.21642
   0.36229  0.05236 -0.22381
   0.35524  0.05223 -0.23496
   0.34842  0.05207 -0.24441
   0.34179  0.05185 -0.23576
   0.33530  0.05159 -0.20870
   0.32892  0.05132 -0.18188
   0.32258  0.05111 -0.16822
   0.31625  0.05098 -0.18489
   0.30988  0.05089 -0.21472
   0.30343  0.05078 -0.24252
   0.29682  0.05061 -0.24503
   0.29002  0.05037 -0.23269
   0.28299  0.05009 -0.22095
   0.27579  0.04982 -0.21989
   0.26847  0.04954 -0.22424
   0.26108  0.04924 -0.22645
   0.25361  0.04892 -0.22560
   0.24607  0.04858 -0.22593
   0.23850  0.04823 -0.22722
   0.23092  0.04786 -0.22798
   0.22333  0.04747 -0.22911
   0.21574  0.04707 -0.22996
   0.20817  0.04664 -0.23214
   0.20063  0.04620 -0.23300
   0.19311  0.04574 -0.23419
   0.18563  0.04526 -0.23778
   0.17820  0.04475 -0.23791
   0.17081  0.04423 -0.23965
   0.16349  0.04368 -0.24253
   0.15624  0.04311 -0.24308
   0.14907  0.04251 -0.24606
   0.14200  0.04189 -0.24726
   0.13503  0.04125 -0.24884
   0.12818  0.04059 -0.25024
   0.12147  0.03990 -0.25114
   0.11493  0.03919 -0.25185
   0.10856  0.03847 -0.25263
   0.10240  0.03773 -0.25294
   0.09647  0.03699 -0.25471
   0.09078  0.03624 -0.25728
   0.08537  0.03550 -0.25678
   0.08024  0.03476 -0.26300
   0.07540  0.03403 -0.26574
   0.07085  0.03331 -0.27051
   0.06658  0.03261 -0.28444
   0.06257  0.03190 -0.28619
   0.05879  0.03120 -0.29865
   0.05523  0.03050 -0.30399
   0.05189  0.02978 -0.30317
   0.04873  0.02906 -0.29800
   0.04574  0.02833 -0.28795
   0.04291  0.02760 -0.27959
   0.04024  0.02687 -0.26549
   0.03771  0.02615 -0.25433
   0.03531  0.02543 -0.24745
   0.03305  0.02471 -0.22324
   0.03089  0.02399 -0.19357
   0.02884  0.02329 -0.17045
   0.02688  0.02260 -0.15578
   0.02502  0.02195 -0.15529
   0.02326  0.02131 -0.15504
   0.02159  0.02067 -0.15534
   0.02000  0.02005 -0.15086
   0.01849  0.01942 -0.14156
   0.01706  0.01880 -0.12456
   0.01569  0.01817 -0.09894
   0.01439  0.01754 -0.07763
   0.01314  0.01692 -0.05548
   0.01194  0.01630 -0.03647
   0.01080  0.01568 -0.01887
   0.00971  0.01507 -0.00240
   0.00867  0.01445  0.02081
   0.00767  0.01383  0.03579
   0.00672  0.01321  0.05745
   0.00581  0.01258  0.07451
   0.00495  0.01194  0.10216
   0.00414  0.01128  0.12164
   0.00338  0.01061  0.14468
   0.00268  0.00990  0.17325
   0.00207  0.00914  0.28561
   0.00154  0.00835  0.37632
   0.00111  0.00752  0.50032
   0.00078  0.00665  0.64240
   0.00053  0.00577  0.75833
   0.00035  0.00489  0.84330
   0.00022  0.00400  0.90158
   0.00012  0.00312  0.94517
   0.00005  0.00224  0.97244
   0.00001  0.00137  0.98989
  -0.00000  0.00051  0.99870
   0.00001 -0.00034  0.99945
   0.00004 -0.00120  0.99294
   0.00010 -0.00206  0.97902
   0.00020 -0.00292  0.96502
   0.00027 -0.00380  0.92950
   0.00039 -0.00468  0.89971
   0.00054 -0.00556  0.85671
   0.00072 -0.00645  0.80349
   0.00092 -0.00735  0.74376
   0.00115 -0.00824  0.67302
   0.00142 -0.00914  0.58254
   0.00173 -0.01004  0.48167
   0.00207 -0.01094  0.36583
   0.00247 -0.01182  0.20293
   0.00292 -0.01269  0.12346
   0.00342 -0.01356 -0.19738
   0.00402 -0.01437 -0.26278
   0.00470 -0.01514 -0.36962
   0.00546 -0.01587 -0.40933
   0.00629 -0.01657 -0.44265
   0.00717 -0.01724 -0.45869
   0.00811 -0.01789 -0.47807
   0.00910 -0.01851 -0.48075
   0.01015 -0.01912 -0.48089
   0.01125 -0.01971 -0.48440
   0.01240 -0.02029 -0.48035
   0.01361 -0.02086 -0.47755
   0.01488 -0.02142 -0.47309
   0.01621 -0.02198 -0.46147
   0.01761 -0.02253 -0.45624
   0.01908 -0.02307 -0.44314
   0.02063 -0.02362 -0.44037
   0.02226 -0.02417 -0.42983
   0.02397 -0.02472 -0.41700
   0.02579 -0.02528 -0.41166
   0.02770 -0.02584 -0.40315
   0.02973 -0.02641 -0.39713
   0.03189 -0.02700 -0.39109
   0.03419 -0.02759 -0.38632
   0.03663 -0.02820 -0.37725
   0.03924 -0.02882 -0.37223
   0.04203 -0.02945 -0.36301
   0.04502 -0.03011 -0.35778
   0.04822 -0.03078 -0.35333
   0.05165 -0.03148 -0.35125
   0.05533 -0.03220 -0.34806
   0.05925 -0.03293 -0.34618
   0.06344 -0.03368 -0.34260
   0.06789 -0.03445 -0.34165
   0.07262 -0.03522 -0.33795
   0.07761 -0.03600 -0.33751
   0.08288 -0.03679 -0.33517
   0.08842 -0.03758 -0.33287
   0.09419 -0.03836 -0.33077
   0.10019 -0.03914 -0.32961
   0.10638 -0.03991 -0.32955
   0.11276 -0.04065 -0.32936
   0.11929 -0.04138 -0.32931
   0.12594 -0.04208 -0.32866
   0.13272 -0.04276 -0.32825
   0.13959 -0.04340 -0.32744
   0.14656 -0.04401 -0.32494
   0.15362 -0.04460 -0.32379
   0.16075 -0.04515 -0.32043
   0.16794 -0.04567 -0.31867
   0.17519 -0.04616 -0.31579
   0.18248 -0.04663 -0.31424
   0.18981 -0.04706 -0.31246
   0.19717 -0.04747 -0.31148
   0.20456 -0.04785 -0.30768
   0.21197 -0.04820 -0.30715
   0.21942 -0.04852 -0.30340
   0.22690 -0.04882 -0.30115
   0.23441 -0.04909 -0.29675
   0.24195 -0.04934 -0.29494
   0.24951 -0.04956 -0.29316
   0.25708 -0.04977 -0.29019
   0.26468 -0.04995 -0.28914
   0.27229 -0.05011 -0.28515
   0.27991 -0.05024 -0.28397
   0.28756 -0.05036 -0.28078
   0.29522 -0.05046 -0.27907
   0.30289 -0.05054 -0.27743
   0.31057 -0.05060 -0.27554
   0.31825 -0.05064 -0.27353
   0.32595 -0.05066 -0.27216
   0.33364 -0.05066 -0.27083
   0.34135 -0.05065 -0.26922
   0.34906 -0.05061 -0.26769
   0.35677 -0.05056 -0.26607
   0.36448 -0.05048 -0.26463
   0.37219 -0.05039 -0.26322
   0.37990 -0.05028 -0.26141
   0.38761 -0.05015 -0.26023
   0.39532 -0.05001 -0.25910
   0.40302 -0.04984 -0.25789
   0.41072 -0.04966 -0.25598
   0.41842 -0.04945 -0.25555
   0.42610 -0.04923 -0.25435
   0.43378 -0.04899 -0.25377
   0.44144 -0.04873 -0.25179
   0.44910 -0.04845 -0.25142
   0.45674 -0.04815 -0.25003
   0.46437 -0.04783 -0.24946
   0.47199 -0.04749 -0.24791
   0.47960 -0.04713 -0.24620
   0.48720 -0.04674 -0.24506
   0.49478 -0.04634 -0.24347
   0.50235 -0.04590 -0.24124
   0.50991 -0.04545 -0.24019
   0.51745 -0.04497 -0.23765
   0.52498 -0.04447 -0.23541
   0.53250 -0.04395 -0.23342
   0.54000 -0.04340 -0.23100
   0.54749 -0.04282 -0.22830
   0.55497 -0.04222 -0.22530
   0.56243 -0.04159 -0.22182
   0.56987 -0.04093 -0.21860
   0.57730 -0.04025 -0.21505
   0.58471 -0.03954 -0.21109
   0.59210 -0.03881 -0.20701
   0.59948 -0.03804 -0.20273
   0.60683 -0.03724 -0.19826
   0.61417 -0.03642 -0.19217
   0.62149 -0.03556 -0.18759
   0.62879 -0.03468 -0.18049
   0.63608 -0.03376 -0.17493
   0.64335 -0.03281 -0.16692
   0.65061 -0.03183 -0.15999
   0.65786 -0.03081 -0.15157
   0.66510 -0.02976 -0.14280
   0.67232 -0.02867 -0.13320
   0.67954 -0.02755 -0.12325
   0.68676 -0.02640 -0.11279
   0.69397 -0.02520 -0.10176
   0.70117 -0.02398 -0.08915
   0.70838 -0.02271 -0.07660
   0.71559 -0.02141 -0.06325
   0.72281 -0.02007 -0.04902
   0.73004 -0.01870 -0.03440
   0.73728 -0.01729 -0.01848
   0.74453 -0.01584 -0.00111
   0.75180 -0.01436  0.01512
   0.75910 -0.01284  0.03496
   0.76642 -0.01128  0.05283
   0.77378 -0.00969  0.07448
   0.78118 -0.00807  0.09319
   0.78863 -0.00642  0.11652
   0.79611 -0.00475  0.13719
   0.80361 -0.00306  0.16146
   0.81108 -0.00138  0.18422
   0.81847  0.00029  0.20710
   0.82574  0.00191  0.23070
   0.83289  0.00348  0.25258
   0.83991  0.00499  0.27297
   0.84680  0.00644  0.29256
   0.85358  0.00782  0.31188
   0.86023  0.00913  0.32806
   0.86676  0.01036  0.34652
   0.87316  0.01151  0.36066
   0.87944  0.01258  0.37694
   0.88561  0.01356  0.38870
   0.89167  0.01445  0.40087
   0.89763  0.01526  0.41156
   0.90349  0.01599  0.42110
   0.90927  0.01663  0.42883
   0.91493  0.01718  0.43837
   0.92047  0.01765  0.44429
   0.92588  0.01803  0.45241
   0.93120  0.01832  0.45600
   0.93644  0.01853  0.45678
   0.94160  0.01868  0.45965
   0.94662  0.01876  0.46662
   0.95140  0.01879  0.48186
   0.95595  0.01872  0.49153
   0.96030  0.01853  0.49656
   0.96456  0.01820  0.48159
   0.96881  0.01775  0.45407
   0.97308  0.01723  0.42695
   0.97733  0.01672  0.41474
   0.98147  0.01621  0.42781
   0.98549  0.01562  0.43468
   0.98945  0.01488  0.38946
   0.99342  0.01406  0.32476
   0.99738  0.01325  0.29936
   1.00000  0.01271  0.25410
