GRUMMAN K-2 AIRFOIL                             
 Alfa =  -1.28680 Re =        0.000 Xflap,Yflap =     0.000000    0.000000
#    x        y        Cp  
   1.00000  0.01371  0.25221
   0.99739  0.01444  0.09670
   0.99327  0.01550  0.06269
   0.98886  0.01658  0.04428
   0.98418  0.01773  0.00258
   0.97923  0.01891 -0.02695
   0.97401  0.02013 -0.05700
   0.96856  0.02137 -0.08487
   0.96293  0.02261 -0.11269
   0.95713  0.02384 -0.13576
   0.95115  0.02505 -0.15448
   0.94501  0.02623 -0.16970
   0.93873  0.02739 -0.18330
   0.93231  0.02852 -0.19430
   0.92575  0.02962 -0.20165
   0.91905  0.03069 -0.20735
   0.91224  0.03174 -0.21459
   0.90536  0.03277 -0.22324
   0.89842  0.03376 -0.23071
   0.89145  0.03472 -0.23853
   0.88446  0.03564 -0.24390
   0.87741  0.03652 -0.24796
   0.87030  0.03736 -0.24846
   0.86310  0.03817 -0.24841
   0.85580  0.03897 -0.24800
   0.84840  0.03974 -0.24719
   0.84093  0.04049 -0.24730
   0.83341  0.04123 -0.24774
   0.82588  0.04195 -0.25234
   0.81837  0.04265 -0.25829
   0.81087  0.04332 -0.26088
   0.80338  0.04396 -0.26414
   0.79590  0.04457 -0.26665
   0.78841  0.04515 -0.26766
   0.78092  0.04570 -0.26923
   0.77342  0.04622 -0.26892
   0.76591  0.04671 -0.26895
   0.75838  0.04717 -0.26775
   0.75082  0.04761 -0.26648
   0.74324  0.04802 -0.26260
   0.73562  0.04841 -0.26128
   0.72798  0.04878 -0.25795
   0.72030  0.04913 -0.25576
   0.71260  0.04946 -0.25294
   0.70486  0.04978 -0.25034
   0.69710  0.05008 -0.24760
   0.68932  0.05037 -0.24538
   0.68152  0.05064 -0.24306
   0.67370  0.05090 -0.24210
   0.66588  0.05114 -0.23931
   0.65804  0.05138 -0.23819
   0.65020  0.05160 -0.23640
   0.64235  0.05180 -0.23476
   0.63449  0.05200 -0.23388
   0.62662  0.05218 -0.23161
   0.61875  0.05235 -0.23046
   0.61086  0.05251 -0.22884
   0.60297  0.05266 -0.22703
   0.59508  0.05280 -0.22635
   0.58718  0.05293 -0.22545
   0.57928  0.05305 -0.22406
   0.57138  0.05316 -0.22293
   0.56347  0.05325 -0.22204
   0.55556  0.05334 -0.22147
   0.54765  0.05342 -0.22012
   0.53974  0.05348 -0.21902
   0.53183  0.05354 -0.21815
   0.52391  0.05358 -0.21784
   0.51600  0.05362 -0.21630
   0.50808  0.05365 -0.21609
   0.50017  0.05366 -0.21504
   0.49225  0.05367 -0.21393
   0.48434  0.05366 -0.21387
   0.47642  0.05365 -0.21297
   0.46852  0.05363 -0.21247
   0.46062  0.05360 -0.21138
   0.45272  0.05355 -0.21190
   0.44483  0.05350 -0.21018
   0.43695  0.05344 -0.20975
   0.42908  0.05336 -0.20887
   0.42122  0.05328 -0.20900
   0.41340  0.05319 -0.20823
   0.40562  0.05309 -0.20929
   0.39791  0.05299 -0.20899
   0.39026  0.05286 -0.20927
   0.38268  0.05273 -0.20680
   0.37518  0.05259 -0.20327
   0.36779  0.05245 -0.20425
   0.36056  0.05233 -0.21215
   0.35355  0.05219 -0.22382
   0.34675  0.05202 -0.23058
   0.34015  0.05179 -0.21568
   0.33367  0.05152 -0.18740
   0.32729  0.05126 -0.16206
   0.32094  0.05107 -0.15500
   0.31459  0.05095 -0.17802
   0.30818  0.05086 -0.20833
   0.30168  0.05074 -0.22993
   0.29501  0.05055 -0.22604
   0.28812  0.05029 -0.21261
   0.28102  0.05002 -0.20321
   0.27376  0.04974 -0.20511
   0.26640  0.04946 -0.20793
   0.25896  0.04915 -0.20882
   0.25145  0.04883 -0.20858
   0.24388  0.04848 -0.20825
   0.23629  0.04812 -0.20891
   0.22868  0.04775 -0.20953
   0.22107  0.04735 -0.21056
   0.21346  0.04694 -0.21093
   0.20588  0.04651 -0.21206
   0.19832  0.04606 -0.21281
   0.19079  0.04559 -0.21421
   0.18331  0.04510 -0.21621
   0.17587  0.04459 -0.21580
   0.16848  0.04405 -0.21861
   0.16116  0.04350 -0.21890
   0.15392  0.04292 -0.21978
   0.14676  0.04231 -0.22241
   0.13969  0.04168 -0.22137
   0.13274  0.04103 -0.22343
   0.12592  0.04036 -0.22306
   0.11925  0.03966 -0.22366
   0.11274  0.03895 -0.22315
   0.10643  0.03821 -0.22288
   0.10032  0.03747 -0.22343
   0.09446  0.03673 -0.22279
   0.08886  0.03598 -0.22472
   0.08353  0.03523 -0.22513
   0.07849  0.03450 -0.22792
   0.07373  0.03377 -0.23285
   0.06927  0.03305 -0.23426
   0.06509  0.03235 -0.24619
   0.06115  0.03165 -0.25063
   0.05745  0.03095 -0.25755
   0.05396  0.03023 -0.26126
   0.05068  0.02952 -0.25635
   0.04758  0.02879 -0.24791
   0.04465  0.02805 -0.23699
   0.04187  0.02732 -0.22498
   0.03925  0.02659 -0.21029
   0.03676  0.02587 -0.20105
   0.03441  0.02515 -0.18611
   0.03218  0.02442 -0.15859
   0.03006  0.02371 -0.13053
   0.02804  0.02301 -0.10739
   0.02612  0.02234 -0.09925
   0.02429  0.02168 -0.09756
   0.02256  0.02105 -0.09390
   0.02092  0.02042 -0.09208
   0.01936  0.01979 -0.08441
   0.01788  0.01916 -0.06909
   0.01648  0.01853 -0.04746
   0.01513  0.01790 -0.02155
   0.01385  0.01728  0.00153
   0.01262  0.01665  0.02615
   0.01145  0.01603  0.04145
   0.01032  0.01542  0.06193
   0.00925  0.01480  0.08720
   0.00822  0.01418  0.10329
   0.00724  0.01356  0.13080
   0.00631  0.01293  0.14934
   0.00542  0.01229  0.17226
   0.00458  0.01164  0.20391
   0.00379  0.01098  0.22591
   0.00305  0.01029  0.25936
   0.00239  0.00956  0.30440
   0.00182  0.00878  0.44462
   0.00133  0.00797  0.51104
   0.00094  0.00712  0.65090
   0.00065  0.00624  0.76331
   0.00044  0.00536  0.85222
   0.00028  0.00447  0.91045
   0.00016  0.00358  0.95288
   0.00008  0.00270  0.97813
   0.00003  0.00182  0.99365
   0.00000  0.00095  0.99981
  -0.00000  0.00009  0.99779
   0.00003 -0.00076  0.98928
   0.00006 -0.00163  0.97094
   0.00015 -0.00249  0.95457
   0.00023 -0.00336  0.92194
   0.00032 -0.00424  0.88201
   0.00047 -0.00512  0.84041
   0.00063 -0.00601  0.78577
   0.00082 -0.00691  0.72253
   0.00104 -0.00781  0.65012
   0.00129 -0.00871  0.55876
   0.00157 -0.00961  0.45660
   0.00190 -0.01051  0.33982
   0.00227 -0.01140  0.18724
   0.00270 -0.01228  0.05850
   0.00318 -0.01315 -0.15057
   0.00373 -0.01400 -0.38127
   0.00438 -0.01479 -0.45413
   0.00511 -0.01554 -0.52233
   0.00590 -0.01626 -0.54915
   0.00676 -0.01694 -0.56886
   0.00768 -0.01760 -0.58077
   0.00865 -0.01823 -0.58523
   0.00967 -0.01885 -0.59107
   0.01075 -0.01945 -0.57597
   0.01188 -0.02004 -0.58083
   0.01307 -0.02061 -0.56779
   0.01432 -0.02118 -0.56158
   0.01563 -0.02174 -0.55274
   0.01700 -0.02229 -0.53519
   0.01845 -0.02284 -0.52579
   0.01996 -0.02339 -0.51565
   0.02156 -0.02394 -0.50381
   0.02324 -0.02449 -0.49057
   0.02502 -0.02504 -0.47966
   0.02690 -0.02561 -0.47075
   0.02888 -0.02618 -0.45980
   0.03099 -0.02676 -0.45120
   0.03324 -0.02735 -0.44458
   0.03563 -0.02795 -0.43494
   0.03818 -0.02857 -0.42661
   0.04090 -0.02920 -0.41740
   0.04382 -0.02985 -0.40866
   0.04694 -0.03052 -0.40121
   0.05029 -0.03121 -0.39856
   0.05388 -0.03192 -0.39214
   0.05772 -0.03265 -0.38942
   0.06181 -0.03340 -0.38483
   0.06618 -0.03416 -0.38087
   0.07081 -0.03493 -0.37761
   0.07572 -0.03571 -0.37410
   0.08090 -0.03650 -0.37098
   0.08636 -0.03729 -0.36831
   0.09206 -0.03808 -0.36480
   0.09799 -0.03886 -0.36145
   0.10414 -0.03963 -0.36107
   0.11047 -0.04039 -0.35886
   0.11696 -0.04113 -0.35841
   0.12360 -0.04184 -0.35735
   0.13035 -0.04253 -0.35602
   0.13721 -0.04318 -0.35411
   0.14417 -0.04381 -0.35175
   0.15121 -0.04440 -0.34871
   0.15834 -0.04497 -0.34601
   0.16553 -0.04550 -0.34314
   0.17278 -0.04600 -0.34009
   0.18008 -0.04648 -0.33697
   0.18742 -0.04692 -0.33544
   0.19479 -0.04734 -0.33263
   0.20219 -0.04773 -0.33054
   0.20962 -0.04809 -0.32674
   0.21707 -0.04842 -0.32488
   0.22456 -0.04873 -0.32093
   0.23208 -0.04901 -0.31740
   0.23964 -0.04926 -0.31373
   0.24721 -0.04950 -0.31176
   0.25481 -0.04971 -0.30908
   0.26241 -0.04990 -0.30640
   0.27004 -0.05006 -0.30343
   0.27768 -0.05021 -0.30107
   0.28534 -0.05033 -0.29786
   0.29302 -0.05043 -0.29557
   0.30071 -0.05052 -0.29329
   0.30841 -0.05058 -0.29133
   0.31611 -0.05063 -0.28966
   0.32382 -0.05066 -0.28748
   0.33154 -0.05066 -0.28509
   0.33927 -0.05065 -0.28411
   0.34699 -0.05062 -0.28152
   0.35472 -0.05057 -0.28020
   0.36246 -0.05051 -0.27854
   0.37019 -0.05042 -0.27701
   0.37793 -0.05031 -0.27458
   0.38566 -0.05019 -0.27373
   0.39339 -0.05004 -0.27178
   0.40111 -0.04988 -0.27023
   0.40883 -0.04970 -0.26854
   0.41655 -0.04951 -0.26766
   0.42426 -0.04929 -0.26622
   0.43196 -0.04905 -0.26522
   0.43965 -0.04880 -0.26370
   0.44733 -0.04852 -0.26264
   0.45499 -0.04823 -0.26146
   0.46265 -0.04791 -0.25974
   0.47029 -0.04757 -0.25884
   0.47793 -0.04721 -0.25697
   0.48555 -0.04683 -0.25534
   0.49315 -0.04642 -0.25369
   0.50075 -0.04600 -0.25212
   0.50833 -0.04555 -0.24953
   0.51589 -0.04507 -0.24793
   0.52345 -0.04458 -0.24510
   0.53099 -0.04405 -0.24317
   0.53851 -0.04351 -0.24007
   0.54603 -0.04293 -0.23761
   0.55353 -0.04234 -0.23494
   0.56101 -0.04171 -0.23077
   0.56848 -0.04106 -0.22783
   0.57593 -0.04038 -0.22380
   0.58337 -0.03967 -0.21988
   0.59078 -0.03894 -0.21586
   0.59818 -0.03818 -0.21095
   0.60556 -0.03738 -0.20635
   0.61292 -0.03656 -0.20113
   0.62026 -0.03571 -0.19518
   0.62759 -0.03483 -0.18926
   0.63490 -0.03391 -0.18168
   0.64220 -0.03296 -0.17568
   0.64948 -0.03198 -0.16752
   0.65674 -0.03097 -0.15950
   0.66400 -0.02992 -0.15023
   0.67125 -0.02883 -0.14071
   0.67849 -0.02772 -0.13102
   0.68572 -0.02656 -0.11979
   0.69295 -0.02537 -0.10903
   0.70018 -0.02415 -0.09601
   0.70741 -0.02288 -0.08372
   0.71464 -0.02159 -0.07035
   0.72188 -0.02025 -0.05540
   0.72912 -0.01888 -0.04136
   0.73638 -0.01747 -0.02443
   0.74365 -0.01602 -0.00877
   0.75094 -0.01453  0.00987
   0.75826 -0.01301  0.02782
   0.76560 -0.01146  0.04747
   0.77297 -0.00987  0.06709
   0.78039 -0.00825  0.08863
   0.78785 -0.00659  0.10975
   0.79535 -0.00492  0.13290
   0.80287 -0.00323  0.15575
   0.81037 -0.00154  0.17805
   0.81778  0.00013  0.20323
   0.82509  0.00176  0.22637
   0.83227  0.00334  0.24788
   0.83932  0.00486  0.26860
   0.84624  0.00632  0.28902
   0.85304  0.00771  0.30742
   0.85972  0.00903  0.32633
   0.86628  0.01027  0.34252
   0.87271  0.01143  0.35857
   0.87902  0.01251  0.37359
   0.88521  0.01350  0.38631
   0.89129  0.01440  0.39910
   0.89727  0.01522  0.40888
   0.90316  0.01595  0.41938
   0.90895  0.01659  0.42822
   0.91464  0.01715  0.43559
   0.92020  0.01763  0.44398
   0.92564  0.01802  0.44978
   0.93097  0.01831  0.45437
   0.93623  0.01853  0.45748
   0.94141  0.01867  0.45700
   0.94645  0.01876  0.46723
   0.95125  0.01879  0.47890
   0.95581  0.01873  0.49152
   0.96019  0.01854  0.49562
   0.96446  0.01821  0.48058
   0.96872  0.01776  0.45438
   0.97300  0.01724  0.42584
   0.97726  0.01672  0.41552
   0.98142  0.01621  0.42813
   0.98545  0.01563  0.43246
   0.98942  0.01489  0.38726
   0.99340  0.01406  0.32680
   0.99738  0.01325  0.29813
   1.00000  0.01271  0.25221
