GRUMMAN K-2 AIRFOIL                             
 Alfa =  -1.26070 Re =        0.000 Xflap,Yflap =     0.000000    0.000000
#    x        y        Cp  
   1.00000  0.01371  0.25223
   0.99739  0.01444  0.09667
   0.99327  0.01550  0.06264
   0.98886  0.01658  0.04419
   0.98418  0.01773  0.00247
   0.97923  0.01891 -0.02707
   0.97401  0.02013 -0.05713
   0.96856  0.02137 -0.08504
   0.96293  0.02261 -0.11287
   0.95713  0.02384 -0.13597
   0.95115  0.02505 -0.15470
   0.94501  0.02623 -0.16993
   0.93873  0.02739 -0.18356
   0.93231  0.02852 -0.19458
   0.92575  0.02962 -0.20194
   0.91905  0.03069 -0.20766
   0.91224  0.03174 -0.21492
   0.90536  0.03277 -0.22359
   0.89842  0.03376 -0.23108
   0.89145  0.03472 -0.23890
   0.88446  0.03564 -0.24429
   0.87741  0.03652 -0.24837
   0.87030  0.03736 -0.24888
   0.86310  0.03817 -0.24885
   0.85580  0.03897 -0.24846
   0.84840  0.03974 -0.24766
   0.84093  0.04049 -0.24778
   0.83341  0.04123 -0.24824
   0.82588  0.04195 -0.25285
   0.81837  0.04265 -0.25881
   0.81087  0.04332 -0.26142
   0.80338  0.04396 -0.26469
   0.79590  0.04457 -0.26722
   0.78841  0.04515 -0.26825
   0.78092  0.04570 -0.26983
   0.77342  0.04622 -0.26953
   0.76591  0.04671 -0.26957
   0.75838  0.04717 -0.26839
   0.75082  0.04761 -0.26713
   0.74324  0.04802 -0.26327
   0.73562  0.04841 -0.26196
   0.72798  0.04878 -0.25864
   0.72030  0.04913 -0.25645
   0.71260  0.04946 -0.25365
   0.70486  0.04978 -0.25106
   0.69710  0.05008 -0.24834
   0.68932  0.05037 -0.24613
   0.68152  0.05064 -0.24383
   0.67370  0.05090 -0.24287
   0.66588  0.05114 -0.24010
   0.65804  0.05138 -0.23900
   0.65020  0.05160 -0.23721
   0.64235  0.05180 -0.23558
   0.63449  0.05200 -0.23472
   0.62662  0.05218 -0.23247
   0.61875  0.05235 -0.23133
   0.61086  0.05251 -0.22972
   0.60297  0.05266 -0.22793
   0.59508  0.05280 -0.22726
   0.58718  0.05293 -0.22638
   0.57928  0.05305 -0.22499
   0.57138  0.05316 -0.22388
   0.56347  0.05325 -0.22301
   0.55556  0.05334 -0.22245
   0.54765  0.05342 -0.22113
   0.53974  0.05348 -0.22003
   0.53183  0.05354 -0.21918
   0.52391  0.05358 -0.21888
   0.51600  0.05362 -0.21736
   0.50808  0.05365 -0.21717
   0.50017  0.05366 -0.21613
   0.49225  0.05367 -0.21505
   0.48434  0.05366 -0.21499
   0.47642  0.05365 -0.21411
   0.46852  0.05363 -0.21364
   0.46062  0.05360 -0.21256
   0.45272  0.05355 -0.21310
   0.44483  0.05350 -0.21140
   0.43695  0.05344 -0.21098
   0.42908  0.05336 -0.21013
   0.42122  0.05328 -0.21028
   0.41340  0.05319 -0.20952
   0.40562  0.05309 -0.21061
   0.39791  0.05299 -0.21033
   0.39026  0.05286 -0.21063
   0.38268  0.05273 -0.20818
   0.37518  0.05259 -0.20467
   0.36779  0.05245 -0.20567
   0.36056  0.05233 -0.21360
   0.35355  0.05219 -0.22531
   0.34675  0.05202 -0.23210
   0.34015  0.05179 -0.21720
   0.33367  0.05152 -0.18891
   0.32729  0.05126 -0.16356
   0.32094  0.05107 -0.15651
   0.31459  0.05095 -0.17958
   0.30818  0.05086 -0.20996
   0.30168  0.05074 -0.23161
   0.29501  0.05055 -0.22774
   0.28812  0.05029 -0.21432
   0.28102  0.05002 -0.20494
   0.27376  0.04974 -0.20687
   0.26640  0.04946 -0.20972
   0.25896  0.04915 -0.21066
   0.25145  0.04883 -0.21045
   0.24388  0.04848 -0.21016
   0.23629  0.04812 -0.21086
   0.22868  0.04775 -0.21153
   0.22107  0.04735 -0.21259
   0.21346  0.04694 -0.21301
   0.20588  0.04651 -0.21419
   0.19832  0.04606 -0.21499
   0.19079  0.04559 -0.21645
   0.18331  0.04510 -0.21851
   0.17587  0.04459 -0.21815
   0.16848  0.04405 -0.22103
   0.16116  0.04350 -0.22138
   0.15392  0.04292 -0.22233
   0.14676  0.04231 -0.22504
   0.13969  0.04168 -0.22407
   0.13274  0.04103 -0.22622
   0.12592  0.04036 -0.22594
   0.11925  0.03966 -0.22663
   0.11274  0.03895 -0.22620
   0.10643  0.03821 -0.22604
   0.10032  0.03747 -0.22669
   0.09446  0.03673 -0.22616
   0.08886  0.03598 -0.22820
   0.08353  0.03523 -0.22874
   0.07849  0.03450 -0.23165
   0.07373  0.03377 -0.23673
   0.06927  0.03305 -0.23827
   0.06509  0.03235 -0.25038
   0.06115  0.03165 -0.25497
   0.05745  0.03095 -0.26206
   0.05396  0.03023 -0.26594
   0.05068  0.02952 -0.26117
   0.04758  0.02879 -0.25285
   0.04465  0.02805 -0.24206
   0.04187  0.02732 -0.23016
   0.03925  0.02659 -0.21559
   0.03676  0.02587 -0.20649
   0.03441  0.02515 -0.19167
   0.03218  0.02442 -0.16420
   0.03006  0.02371 -0.13620
   0.02804  0.02301 -0.11314
   0.02612  0.02234 -0.10516
   0.02429  0.02168 -0.10367
   0.02256  0.02105 -0.10022
   0.02092  0.02042 -0.09862
   0.01936  0.01979 -0.09116
   0.01788  0.01916 -0.07601
   0.01648  0.01853 -0.05450
   0.01513  0.01790 -0.02870
   0.01385  0.01728 -0.00575
   0.01262  0.01665  0.01872
   0.01145  0.01603  0.03381
   0.01032  0.01542  0.05409
   0.00925  0.01480  0.07917
   0.00822  0.01418  0.09500
   0.00724  0.01356  0.12230
   0.00631  0.01293  0.14051
   0.00542  0.01229  0.16311
   0.00458  0.01164  0.19445
   0.00379  0.01098  0.21598
   0.00305  0.01029  0.24899
   0.00239  0.00956  0.29365
   0.00182  0.00878  0.43498
   0.00133  0.00797  0.50139
   0.00094  0.00712  0.64289
   0.00065  0.00624  0.75688
   0.00044  0.00536  0.84731
   0.00028  0.00447  0.90674
   0.00016  0.00358  0.95024
   0.00008  0.00270  0.97636
   0.00003  0.00182  0.99270
   0.00000  0.00095  0.99962
  -0.00000  0.00009  0.99829
   0.00003 -0.00076  0.99039
   0.00006 -0.00163  0.97287
   0.00015 -0.00249  0.95679
   0.00023 -0.00336  0.92499
   0.00032 -0.00424  0.88584
   0.00047 -0.00512  0.84476
   0.00063 -0.00601  0.79087
   0.00082 -0.00691  0.72835
   0.00104 -0.00781  0.65669
   0.00129 -0.00871  0.56619
   0.00157 -0.00961  0.46495
   0.00190 -0.01051  0.34909
   0.00227 -0.01140  0.19773
   0.00270 -0.01228  0.06972
   0.00318 -0.01315 -0.13784
   0.00373 -0.01400 -0.36707
   0.00438 -0.01479 -0.44017
   0.00511 -0.01554 -0.50860
   0.00590 -0.01626 -0.53595
   0.00676 -0.01694 -0.55619
   0.00768 -0.01760 -0.56864
   0.00865 -0.01823 -0.57360
   0.00967 -0.01885 -0.57995
   0.01075 -0.01945 -0.56536
   0.01188 -0.02004 -0.57064
   0.01307 -0.02061 -0.55804
   0.01432 -0.02118 -0.55222
   0.01563 -0.02174 -0.54378
   0.01700 -0.02229 -0.52662
   0.01845 -0.02284 -0.51756
   0.01996 -0.02339 -0.50774
   0.02156 -0.02394 -0.49621
   0.02324 -0.02449 -0.48327
   0.02502 -0.02504 -0.47264
   0.02690 -0.02561 -0.46398
   0.02888 -0.02618 -0.45329
   0.03099 -0.02676 -0.44492
   0.03324 -0.02735 -0.43852
   0.03563 -0.02795 -0.42911
   0.03818 -0.02857 -0.42098
   0.04090 -0.02920 -0.41198
   0.04382 -0.02985 -0.40344
   0.04694 -0.03052 -0.39618
   0.05029 -0.03121 -0.39370
   0.05388 -0.03192 -0.38745
   0.05772 -0.03265 -0.38489
   0.06181 -0.03340 -0.38046
   0.06618 -0.03416 -0.37665
   0.07081 -0.03493 -0.37354
   0.07572 -0.03571 -0.37017
   0.08090 -0.03650 -0.36719
   0.08636 -0.03729 -0.36465
   0.09206 -0.03808 -0.36126
   0.09799 -0.03886 -0.35804
   0.10414 -0.03963 -0.35776
   0.11047 -0.04039 -0.35566
   0.11696 -0.04113 -0.35530
   0.12360 -0.04184 -0.35434
   0.13035 -0.04253 -0.35310
   0.13721 -0.04318 -0.35127
   0.14417 -0.04381 -0.34899
   0.15121 -0.04440 -0.34603
   0.15834 -0.04497 -0.34340
   0.16553 -0.04550 -0.34061
   0.17278 -0.04600 -0.33763
   0.18008 -0.04648 -0.33457
   0.18742 -0.04692 -0.33310
   0.19479 -0.04734 -0.33035
   0.20219 -0.04773 -0.32831
   0.20962 -0.04809 -0.32457
   0.21707 -0.04842 -0.32276
   0.22456 -0.04873 -0.31886
   0.23208 -0.04901 -0.31538
   0.23964 -0.04926 -0.31175
   0.24721 -0.04950 -0.30982
   0.25481 -0.04971 -0.30719
   0.26241 -0.04990 -0.30455
   0.27004 -0.05006 -0.30162
   0.27768 -0.05021 -0.29930
   0.28534 -0.05033 -0.29612
   0.29302 -0.05043 -0.29387
   0.30071 -0.05052 -0.29163
   0.30841 -0.05058 -0.28970
   0.31611 -0.05063 -0.28806
   0.32382 -0.05066 -0.28590
   0.33154 -0.05066 -0.28354
   0.33927 -0.05065 -0.28259
   0.34699 -0.05062 -0.28003
   0.35472 -0.05057 -0.27874
   0.36246 -0.05051 -0.27711
   0.37019 -0.05042 -0.27561
   0.37793 -0.05031 -0.27319
   0.38566 -0.05019 -0.27237
   0.39339 -0.05004 -0.27044
   0.40111 -0.04988 -0.26892
   0.40883 -0.04970 -0.26725
   0.41655 -0.04951 -0.26640
   0.42426 -0.04929 -0.26497
   0.43196 -0.04905 -0.26400
   0.43965 -0.04880 -0.26250
   0.44733 -0.04852 -0.26145
   0.45499 -0.04823 -0.26030
   0.46265 -0.04791 -0.25860
   0.47029 -0.04757 -0.25771
   0.47793 -0.04721 -0.25587
   0.48555 -0.04683 -0.25426
   0.49315 -0.04642 -0.25263
   0.50075 -0.04600 -0.25108
   0.50833 -0.04555 -0.24850
   0.51589 -0.04507 -0.24692
   0.52345 -0.04458 -0.24411
   0.53099 -0.04405 -0.24220
   0.53851 -0.04351 -0.23911
   0.54603 -0.04293 -0.23667
   0.55353 -0.04234 -0.23401
   0.56101 -0.04171 -0.22987
   0.56848 -0.04106 -0.22695
   0.57593 -0.04038 -0.22293
   0.58337 -0.03967 -0.21903
   0.59078 -0.03894 -0.21502
   0.59818 -0.03818 -0.21013
   0.60556 -0.03738 -0.20554
   0.61292 -0.03656 -0.20035
   0.62026 -0.03571 -0.19441
   0.62759 -0.03483 -0.18851
   0.63490 -0.03391 -0.18095
   0.64220 -0.03296 -0.17496
   0.64948 -0.03198 -0.16682
   0.65674 -0.03097 -0.15881
   0.66400 -0.02992 -0.14957
   0.67125 -0.02883 -0.14006
   0.67849 -0.02772 -0.13039
   0.68572 -0.02656 -0.11918
   0.69295 -0.02537 -0.10843
   0.70018 -0.02415 -0.09543
   0.70741 -0.02288 -0.08315
   0.71464 -0.02159 -0.06981
   0.72188 -0.02025 -0.05488
   0.72912 -0.01888 -0.04085
   0.73638 -0.01747 -0.02394
   0.74365 -0.01602 -0.00829
   0.75094 -0.01453  0.01032
   0.75826 -0.01301  0.02826
   0.76560 -0.01146  0.04788
   0.77297 -0.00987  0.06749
   0.78039 -0.00825  0.08901
   0.78785 -0.00659  0.11012
   0.79535 -0.00492  0.13325
   0.80287 -0.00323  0.15608
   0.81037 -0.00154  0.17836
   0.81778  0.00013  0.20353
   0.82509  0.00176  0.22665
   0.83227  0.00334  0.24814
   0.83932  0.00486  0.26885
   0.84624  0.00632  0.28926
   0.85304  0.00771  0.30764
   0.85972  0.00903  0.32654
   0.86628  0.01027  0.34272
   0.87271  0.01143  0.35876
   0.87902  0.01251  0.37377
   0.88521  0.01350  0.38648
   0.89129  0.01440  0.39926
   0.89727  0.01522  0.40904
   0.90316  0.01595  0.41953
   0.90895  0.01659  0.42836
   0.91464  0.01715  0.43573
   0.92020  0.01763  0.44410
   0.92564  0.01802  0.44991
   0.93097  0.01831  0.45449
   0.93623  0.01853  0.45759
   0.94141  0.01867  0.45712
   0.94645  0.01876  0.46734
   0.95125  0.01879  0.47899
   0.95581  0.01873  0.49162
   0.96019  0.01854  0.49570
   0.96446  0.01821  0.48066
   0.96872  0.01776  0.45446
   0.97300  0.01724  0.42593
   0.97726  0.01672  0.41559
   0.98142  0.01621  0.42820
   0.98545  0.01563  0.43251
   0.98942  0.01489  0.38732
   0.99340  0.01406  0.32686
   0.99738  0.01325  0.29817
   1.00000  0.01271  0.25223
