GRUMMAN K-2 AIRFOIL                             
 Alfa =  -1.32170 Re =        0.000 Xflap,Yflap =     0.000000    0.000000
#    x        y        Cp  
   1.00000  0.01371  0.25218
   0.99739  0.01444  0.09675
   0.99327  0.01550  0.06276
   0.98886  0.01658  0.04440
   0.98418  0.01773  0.00273
   0.97923  0.01891 -0.02680
   0.97401  0.02013 -0.05682
   0.96856  0.02137 -0.08464
   0.96293  0.02261 -0.11246
   0.95713  0.02384 -0.13548
   0.95115  0.02505 -0.15418
   0.94501  0.02623 -0.16938
   0.93873  0.02739 -0.18296
   0.93231  0.02852 -0.19392
   0.92575  0.02962 -0.20126
   0.91905  0.03069 -0.20694
   0.91224  0.03174 -0.21415
   0.90536  0.03277 -0.22277
   0.89842  0.03376 -0.23022
   0.89145  0.03472 -0.23803
   0.88446  0.03564 -0.24336
   0.87741  0.03652 -0.24741
   0.87030  0.03736 -0.24789
   0.86310  0.03817 -0.24782
   0.85580  0.03897 -0.24740
   0.84840  0.03974 -0.24657
   0.84093  0.04049 -0.24666
   0.83341  0.04123 -0.24709
   0.82588  0.04195 -0.25165
   0.81837  0.04265 -0.25759
   0.81087  0.04332 -0.26015
   0.80338  0.04396 -0.26340
   0.79590  0.04457 -0.26588
   0.78841  0.04515 -0.26689
   0.78092  0.04570 -0.26842
   0.77342  0.04622 -0.26810
   0.76591  0.04671 -0.26811
   0.75838  0.04717 -0.26690
   0.75082  0.04761 -0.26561
   0.74324  0.04802 -0.26171
   0.73562  0.04841 -0.26038
   0.72798  0.04878 -0.25702
   0.72030  0.04913 -0.25482
   0.71260  0.04946 -0.25198
   0.70486  0.04978 -0.24937
   0.69710  0.05008 -0.24661
   0.68932  0.05037 -0.24438
   0.68152  0.05064 -0.24204
   0.67370  0.05090 -0.24106
   0.66588  0.05114 -0.23825
   0.65804  0.05138 -0.23712
   0.65020  0.05160 -0.23531
   0.64235  0.05180 -0.23365
   0.63449  0.05200 -0.23276
   0.62662  0.05218 -0.23047
   0.61875  0.05235 -0.22930
   0.61086  0.05251 -0.22767
   0.60297  0.05266 -0.22582
   0.59508  0.05280 -0.22514
   0.58718  0.05293 -0.22421
   0.57928  0.05305 -0.22280
   0.57138  0.05316 -0.22165
   0.56347  0.05325 -0.22074
   0.55556  0.05334 -0.22016
   0.54765  0.05342 -0.21879
   0.53974  0.05348 -0.21766
   0.53183  0.05354 -0.21677
   0.52391  0.05358 -0.21644
   0.51600  0.05362 -0.21488
   0.50808  0.05365 -0.21464
   0.50017  0.05366 -0.21358
   0.49225  0.05367 -0.21245
   0.48434  0.05366 -0.21236
   0.47642  0.05365 -0.21143
   0.46852  0.05363 -0.21092
   0.46062  0.05360 -0.20981
   0.45272  0.05355 -0.21029
   0.44483  0.05350 -0.20855
   0.43695  0.05344 -0.20809
   0.42908  0.05336 -0.20720
   0.42122  0.05328 -0.20729
   0.41340  0.05319 -0.20650
   0.40562  0.05309 -0.20753
   0.39791  0.05299 -0.20720
   0.39026  0.05286 -0.20745
   0.38268  0.05273 -0.20496
   0.37518  0.05259 -0.20140
   0.36779  0.05245 -0.20235
   0.36056  0.05233 -0.21020
   0.35355  0.05219 -0.22182
   0.34675  0.05202 -0.22855
   0.34015  0.05179 -0.21365
   0.33367  0.05152 -0.18538
   0.32729  0.05126 -0.16005
   0.32094  0.05107 -0.15299
   0.31459  0.05095 -0.17593
   0.30818  0.05086 -0.20616
   0.30168  0.05074 -0.22768
   0.29501  0.05055 -0.22377
   0.28812  0.05029 -0.21032
   0.28102  0.05002 -0.20091
   0.27376  0.04974 -0.20275
   0.26640  0.04946 -0.20552
   0.25896  0.04915 -0.20637
   0.25145  0.04883 -0.20608
   0.24388  0.04848 -0.20570
   0.23629  0.04812 -0.20630
   0.22868  0.04775 -0.20687
   0.22107  0.04735 -0.20784
   0.21346  0.04694 -0.20814
   0.20588  0.04651 -0.20921
   0.19832  0.04606 -0.20989
   0.19079  0.04559 -0.21122
   0.18331  0.04510 -0.21314
   0.17587  0.04459 -0.21265
   0.16848  0.04405 -0.21538
   0.16116  0.04350 -0.21558
   0.15392  0.04292 -0.21637
   0.14676  0.04231 -0.21889
   0.13969  0.04168 -0.21775
   0.13274  0.04103 -0.21971
   0.12592  0.04036 -0.21922
   0.11925  0.03966 -0.21970
   0.11274  0.03895 -0.21907
   0.10643  0.03821 -0.21867
   0.10032  0.03747 -0.21908
   0.09446  0.03673 -0.21830
   0.08886  0.03598 -0.22006
   0.08353  0.03523 -0.22032
   0.07849  0.03450 -0.22293
   0.07373  0.03377 -0.22768
   0.06927  0.03305 -0.22891
   0.06509  0.03235 -0.24060
   0.06115  0.03165 -0.24484
   0.05745  0.03095 -0.25152
   0.05396  0.03023 -0.25503
   0.05068  0.02952 -0.24993
   0.04758  0.02879 -0.24131
   0.04465  0.02805 -0.23024
   0.04187  0.02732 -0.21806
   0.03925  0.02659 -0.20322
   0.03676  0.02587 -0.19380
   0.03441  0.02515 -0.17870
   0.03218  0.02442 -0.15110
   0.03006  0.02371 -0.12297
   0.02804  0.02301 -0.09972
   0.02612  0.02234 -0.09137
   0.02429  0.02168 -0.08941
   0.02256  0.02105 -0.08547
   0.02092  0.02042 -0.08337
   0.01936  0.01979 -0.07543
   0.01788  0.01916 -0.05988
   0.01648  0.01853 -0.03807
   0.01513  0.01790 -0.01202
   0.01385  0.01728  0.01123
   0.01262  0.01665  0.03606
   0.01145  0.01603  0.05162
   0.01032  0.01542  0.07235
   0.00925  0.01480  0.09788
   0.00822  0.01418  0.11430
   0.00724  0.01356  0.14211
   0.00631  0.01293  0.16107
   0.00542  0.01229  0.18441
   0.00458  0.01164  0.21646
   0.00379  0.01098  0.23908
   0.00305  0.01029  0.27311
   0.00239  0.00956  0.31864
   0.00182  0.00878  0.45738
   0.00133  0.00797  0.52381
   0.00094  0.00712  0.66147
   0.00065  0.00624  0.77178
   0.00044  0.00536  0.85865
   0.00028  0.00447  0.91530
   0.00016  0.00358  0.95629
   0.00008  0.00270  0.98039
   0.00003  0.00182  0.99482
   0.00000  0.00095  0.99996
  -0.00000  0.00009  0.99701
   0.00003 -0.00076  0.98771
   0.00006 -0.00163  0.96825
   0.00015 -0.00249  0.95150
   0.00023 -0.00336  0.91776
   0.00032 -0.00424  0.87680
   0.00047 -0.00512  0.83449
   0.00063 -0.00601  0.77886
   0.00082 -0.00691  0.71465
   0.00104 -0.00781  0.64124
   0.00129 -0.00871  0.54873
   0.00157 -0.00961  0.44533
   0.00190 -0.01051  0.32732
   0.00227 -0.01140  0.17311
   0.00270 -0.01228  0.04340
   0.00318 -0.01315 -0.16770
   0.00373 -0.01400 -0.40038
   0.00438 -0.01479 -0.47290
   0.00511 -0.01554 -0.54079
   0.00590 -0.01626 -0.56688
   0.00676 -0.01694 -0.58587
   0.00768 -0.01760 -0.59706
   0.00865 -0.01823 -0.60085
   0.00967 -0.01885 -0.60601
   0.01075 -0.01945 -0.59021
   0.01188 -0.02004 -0.59451
   0.01307 -0.02061 -0.58088
   0.01432 -0.02118 -0.57412
   0.01563 -0.02174 -0.56477
   0.01700 -0.02229 -0.54669
   0.01845 -0.02284 -0.53683
   0.01996 -0.02339 -0.52627
   0.02156 -0.02394 -0.51401
   0.02324 -0.02449 -0.50036
   0.02502 -0.02504 -0.48907
   0.02690 -0.02561 -0.47981
   0.02888 -0.02618 -0.46853
   0.03099 -0.02676 -0.45962
   0.03324 -0.02735 -0.45270
   0.03563 -0.02795 -0.44277
   0.03818 -0.02857 -0.43415
   0.04090 -0.02920 -0.42466
   0.04382 -0.02985 -0.41565
   0.04694 -0.03052 -0.40795
   0.05029 -0.03121 -0.40508
   0.05388 -0.03192 -0.39842
   0.05772 -0.03265 -0.39548
   0.06181 -0.03340 -0.39069
   0.06618 -0.03416 -0.38652
   0.07081 -0.03493 -0.38306
   0.07572 -0.03571 -0.37936
   0.08090 -0.03650 -0.37606
   0.08636 -0.03729 -0.37321
   0.09206 -0.03808 -0.36953
   0.09799 -0.03886 -0.36603
   0.10414 -0.03963 -0.36550
   0.11047 -0.04039 -0.36315
   0.11696 -0.04113 -0.36256
   0.12360 -0.04184 -0.36138
   0.13035 -0.04253 -0.35993
   0.13721 -0.04318 -0.35791
   0.14417 -0.04381 -0.35544
   0.15121 -0.04440 -0.35229
   0.15834 -0.04497 -0.34949
   0.16553 -0.04550 -0.34653
   0.17278 -0.04600 -0.34339
   0.18008 -0.04648 -0.34018
   0.18742 -0.04692 -0.33857
   0.19479 -0.04734 -0.33568
   0.20219 -0.04773 -0.33352
   0.20962 -0.04809 -0.32965
   0.21707 -0.04842 -0.32773
   0.22456 -0.04873 -0.32370
   0.23208 -0.04901 -0.32011
   0.23964 -0.04926 -0.31637
   0.24721 -0.04950 -0.31434
   0.25481 -0.04971 -0.31161
   0.26241 -0.04990 -0.30888
   0.27004 -0.05006 -0.30585
   0.27768 -0.05021 -0.30345
   0.28534 -0.05033 -0.30018
   0.29302 -0.05043 -0.29785
   0.30071 -0.05052 -0.29552
   0.30841 -0.05058 -0.29352
   0.31611 -0.05063 -0.29181
   0.32382 -0.05066 -0.28958
   0.33154 -0.05066 -0.28715
   0.33927 -0.05065 -0.28613
   0.34699 -0.05062 -0.28350
   0.35472 -0.05057 -0.28215
   0.36246 -0.05051 -0.28046
   0.37019 -0.05042 -0.27890
   0.37793 -0.05031 -0.27643
   0.38566 -0.05019 -0.27554
   0.39339 -0.05004 -0.27356
   0.40111 -0.04988 -0.27199
   0.40883 -0.04970 -0.27026
   0.41655 -0.04951 -0.26935
   0.42426 -0.04929 -0.26789
   0.43196 -0.04905 -0.26686
   0.43965 -0.04880 -0.26531
   0.44733 -0.04852 -0.26422
   0.45499 -0.04823 -0.26301
   0.46265 -0.04791 -0.26126
   0.47029 -0.04757 -0.26034
   0.47793 -0.04721 -0.25845
   0.48555 -0.04683 -0.25680
   0.49315 -0.04642 -0.25512
   0.50075 -0.04600 -0.25353
   0.50833 -0.04555 -0.25091
   0.51589 -0.04507 -0.24927
   0.52345 -0.04458 -0.24643
   0.53099 -0.04405 -0.24448
   0.53851 -0.04351 -0.24135
   0.54603 -0.04293 -0.23887
   0.55353 -0.04234 -0.23617
   0.56101 -0.04171 -0.23199
   0.56848 -0.04106 -0.22902
   0.57593 -0.04038 -0.22497
   0.58337 -0.03967 -0.22103
   0.59078 -0.03894 -0.21699
   0.59818 -0.03818 -0.21205
   0.60556 -0.03738 -0.20742
   0.61292 -0.03656 -0.20219
   0.62026 -0.03571 -0.19622
   0.62759 -0.03483 -0.19028
   0.63490 -0.03391 -0.18266
   0.64220 -0.03296 -0.17664
   0.64948 -0.03198 -0.16846
   0.65674 -0.03097 -0.16042
   0.66400 -0.02992 -0.15112
   0.67125 -0.02883 -0.14159
   0.67849 -0.02772 -0.13187
   0.68572 -0.02656 -0.12061
   0.69295 -0.02537 -0.10983
   0.70018 -0.02415 -0.09679
   0.70741 -0.02288 -0.08447
   0.71464 -0.02159 -0.07108
   0.72188 -0.02025 -0.05610
   0.72912 -0.01888 -0.04205
   0.73638 -0.01747 -0.02509
   0.74365 -0.01602 -0.00940
   0.75094 -0.01453  0.00926
   0.75826 -0.01301  0.02723
   0.76560 -0.01146  0.04691
   0.77297 -0.00987  0.06655
   0.78039 -0.00825  0.08812
   0.78785 -0.00659  0.10926
   0.79535 -0.00492  0.13244
   0.80287 -0.00323  0.15531
   0.81037 -0.00154  0.17763
   0.81778  0.00013  0.20283
   0.82509  0.00176  0.22600
   0.83227  0.00334  0.24753
   0.83932  0.00486  0.26827
   0.84624  0.00632  0.28870
   0.85304  0.00771  0.30712
   0.85972  0.00903  0.32605
   0.86628  0.01027  0.34225
   0.87271  0.01143  0.35832
   0.87902  0.01251  0.37334
   0.88521  0.01350  0.38607
   0.89129  0.01440  0.39888
   0.89727  0.01522  0.40867
   0.90316  0.01595  0.41918
   0.90895  0.01659  0.42803
   0.91464  0.01715  0.43541
   0.92020  0.01763  0.44381
   0.92564  0.01802  0.44961
   0.93097  0.01831  0.45422
   0.93623  0.01853  0.45734
   0.94141  0.01867  0.45684
   0.94645  0.01876  0.46710
   0.95125  0.01879  0.47878
   0.95581  0.01873  0.49140
   0.96019  0.01854  0.49551
   0.96446  0.01821  0.48047
   0.96872  0.01776  0.45427
   0.97300  0.01724  0.42572
   0.97726  0.01672  0.41543
   0.98142  0.01621  0.42803
   0.98545  0.01563  0.43239
   0.98942  0.01489  0.38718
   0.99340  0.01406  0.32673
   0.99738  0.01325  0.29807
   1.00000  0.01271  0.25218
