GRUMMAN K-2 AIRFOIL                             
 Alfa =  -1.31160 Re =        0.000 Xflap,Yflap =     0.000000    0.000000
#    x        y        Cp  
   1.00000  0.01371  0.25423
   0.99740  0.01444  0.09926
   0.99329  0.01549  0.06152
   0.98889  0.01657  0.04622
   0.98423  0.01772  0.00589
   0.97929  0.01890 -0.02905
   0.97409  0.02011 -0.05500
   0.96867  0.02135 -0.08534
   0.96305  0.02259 -0.11186
   0.95727  0.02381 -0.13349
   0.95131  0.02502 -0.15438
   0.94520  0.02620 -0.16944
   0.93893  0.02735 -0.18249
   0.93253  0.02848 -0.19369
   0.92600  0.02957 -0.20086
   0.91932  0.03065 -0.20688
   0.91254  0.03170 -0.21383
   0.90568  0.03272 -0.22242
   0.89876  0.03372 -0.22985
   0.89181  0.03467 -0.23792
   0.88484  0.03559 -0.24387
   0.87782  0.03647 -0.24650
   0.87073  0.03731 -0.24761
   0.86355  0.03812 -0.24870
   0.85628  0.03891 -0.24746
   0.84891  0.03968 -0.24656
   0.84146  0.04044 -0.24652
   0.83396  0.04117 -0.24642
   0.82645  0.04190 -0.25214
   0.81896  0.04260 -0.25702
   0.81149  0.04327 -0.26058
   0.80402  0.04391 -0.26310
   0.79655  0.04452 -0.26550
   0.78909  0.04510 -0.26770
   0.78162  0.04565 -0.26839
   0.77414  0.04617 -0.26792
   0.76665  0.04666 -0.26827
   0.75914  0.04713 -0.26705
   0.75161  0.04756 -0.26522
   0.74405  0.04798 -0.26349
   0.73646  0.04837 -0.26053
   0.72884  0.04874 -0.25810
   0.72118  0.04909 -0.25521
   0.71350  0.04943 -0.25188
   0.70580  0.04974 -0.25007
   0.69806  0.05004 -0.24706
   0.69030  0.05033 -0.24496
   0.68252  0.05060 -0.24289
   0.67473  0.05086 -0.24107
   0.66693  0.05111 -0.23887
   0.65911  0.05135 -0.23762
   0.65129  0.05157 -0.23610
   0.64347  0.05178 -0.23405
   0.63563  0.05197 -0.23293
   0.62779  0.05216 -0.23140
   0.61994  0.05233 -0.22931
   0.61208  0.05249 -0.22880
   0.60421  0.05264 -0.22625
   0.59633  0.05278 -0.22540
   0.58846  0.05291 -0.22417
   0.58058  0.05303 -0.22353
   0.57270  0.05314 -0.22228
   0.56482  0.05324 -0.22137
   0.55693  0.05333 -0.22026
   0.54904  0.05340 -0.21959
   0.54115  0.05347 -0.21814
   0.53326  0.05353 -0.21778
   0.52537  0.05358 -0.21640
   0.51748  0.05361 -0.21546
   0.50958  0.05364 -0.21516
   0.50169  0.05366 -0.21352
   0.49380  0.05367 -0.21386
   0.48590  0.05367 -0.21217
   0.47801  0.05366 -0.21250
   0.47012  0.05363 -0.21145
   0.46224  0.05360 -0.21067
   0.45437  0.05356 -0.21003
   0.44650  0.05351 -0.20947
   0.43864  0.05345 -0.20834
   0.43079  0.05338 -0.20806
   0.42295  0.05330 -0.20773
   0.41514  0.05321 -0.20732
   0.40737  0.05312 -0.20792
   0.39966  0.05301 -0.20725
   0.39202  0.05289 -0.20843
   0.38445  0.05276 -0.20545
   0.37694  0.05262 -0.20279
   0.36954  0.05249 -0.20175
   0.36229  0.05236 -0.20882
   0.35524  0.05223 -0.21958
   0.34842  0.05207 -0.22872
   0.34179  0.05185 -0.21991
   0.33530  0.05159 -0.19300
   0.32892  0.05132 -0.16633
   0.32258  0.05111 -0.15259
   0.31625  0.05098 -0.16884
   0.30988  0.05089 -0.19802
   0.30343  0.05078 -0.22517
   0.29682  0.05061 -0.22740
   0.29002  0.05037 -0.21493
   0.28299  0.05009 -0.20307
   0.27579  0.04982 -0.20170
   0.26847  0.04954 -0.20566
   0.26108  0.04924 -0.20750
   0.25361  0.04892 -0.20628
   0.24607  0.04858 -0.20622
   0.23850  0.04823 -0.20710
   0.23092  0.04786 -0.20741
   0.22333  0.04747 -0.20809
   0.21574  0.04707 -0.20847
   0.20817  0.04664 -0.21013
   0.20063  0.04620 -0.21047
   0.19311  0.04574 -0.21111
   0.18563  0.04526 -0.21408
   0.17820  0.04475 -0.21363
   0.17081  0.04423 -0.21471
   0.16349  0.04368 -0.21690
   0.15624  0.04311 -0.21675
   0.14907  0.04251 -0.21894
   0.14200  0.04189 -0.21936
   0.13503  0.04125 -0.22011
   0.12818  0.04059 -0.22062
   0.12147  0.03990 -0.22062
   0.11493  0.03919 -0.22036
   0.10856  0.03847 -0.22013
   0.10240  0.03773 -0.21939
   0.09647  0.03699 -0.22003
   0.09078  0.03624 -0.22140
   0.08537  0.03550 -0.21971
   0.08024  0.03476 -0.22456
   0.07540  0.03403 -0.22591
   0.07085  0.03331 -0.22924
   0.06658  0.03261 -0.24135
   0.06257  0.03190 -0.24165
   0.05879  0.03120 -0.25219
   0.05523  0.03050 -0.25585
   0.05189  0.02978 -0.25348
   0.04873  0.02906 -0.24689
   0.04574  0.02833 -0.23558
   0.04291  0.02760 -0.22585
   0.04024  0.02687 -0.21060
   0.03771  0.02615 -0.19813
   0.03531  0.02543 -0.18970
   0.03305  0.02471 -0.16473
   0.03089  0.02399 -0.13453
   0.02884  0.02329 -0.11067
   0.02688  0.02260 -0.09470
   0.02502  0.02195 -0.09217
   0.02326  0.02131 -0.08971
   0.02159  0.02067 -0.08772
   0.02000  0.02005 -0.08106
   0.01849  0.01942 -0.06972
   0.01706  0.01880 -0.05116
   0.01569  0.01817 -0.02436
   0.01439  0.01754 -0.00169
   0.01314  0.01692  0.02201
   0.01194  0.01630  0.04290
   0.01080  0.01568  0.06262
   0.00971  0.01507  0.08135
   0.00867  0.01445  0.10674
   0.00767  0.01383  0.12457
   0.00672  0.01321  0.14915
   0.00581  0.01258  0.16973
   0.00495  0.01194  0.20062
   0.00414  0.01128  0.22445
   0.00338  0.01061  0.25282
   0.00268  0.00990  0.28678
   0.00207  0.00914  0.39377
   0.00154  0.00835  0.48124
   0.00111  0.00752  0.59535
   0.00078  0.00665  0.72026
   0.00053  0.00577  0.81951
   0.00035  0.00489  0.89020
   0.00022  0.00400  0.93704
   0.00012  0.00312  0.97017
   0.00005  0.00224  0.98882
   0.00001  0.00137  0.99830
  -0.00000  0.00051  0.99946
   0.00001 -0.00034  0.99337
   0.00004 -0.00120  0.97987
   0.00010 -0.00206  0.95851
   0.00020 -0.00292  0.94192
   0.00027 -0.00380  0.89461
   0.00039 -0.00468  0.86039
   0.00054 -0.00556  0.81008
   0.00072 -0.00645  0.74919
   0.00092 -0.00735  0.68202
   0.00115 -0.00824  0.60333
   0.00142 -0.00914  0.50345
   0.00173 -0.01004  0.39290
   0.00207 -0.01094  0.26732
   0.00247 -0.01182  0.09005
   0.00292 -0.01269  0.00890
   0.00342 -0.01356 -0.34173
   0.00402 -0.01437 -0.40333
   0.00470 -0.01514 -0.51223
   0.00546 -0.01587 -0.54659
   0.00629 -0.01657 -0.57517
   0.00717 -0.01724 -0.58543
   0.00811 -0.01789 -0.60004
   0.00910 -0.01851 -0.59732
   0.01015 -0.01912 -0.59226
   0.01125 -0.01971 -0.59125
   0.01240 -0.02029 -0.58272
   0.01361 -0.02086 -0.57575
   0.01488 -0.02142 -0.56728
   0.01621 -0.02198 -0.55161
   0.01761 -0.02253 -0.54281
   0.01908 -0.02307 -0.52617
   0.02063 -0.02362 -0.52034
   0.02226 -0.02417 -0.50667
   0.02397 -0.02472 -0.49077
   0.02579 -0.02528 -0.48272
   0.02770 -0.02584 -0.47161
   0.02973 -0.02641 -0.46316
   0.03189 -0.02700 -0.45479
   0.03419 -0.02759 -0.44778
   0.03663 -0.02820 -0.43644
   0.03924 -0.02882 -0.42932
   0.04203 -0.02945 -0.41797
   0.04502 -0.03011 -0.41079
   0.04822 -0.03078 -0.40448
   0.05165 -0.03148 -0.40067
   0.05533 -0.03220 -0.39576
   0.05925 -0.03293 -0.39224
   0.06344 -0.03368 -0.38705
   0.06789 -0.03445 -0.38457
   0.07262 -0.03522 -0.37937
   0.07761 -0.03600 -0.37753
   0.08288 -0.03679 -0.37381
   0.08842 -0.03758 -0.37019
   0.09419 -0.03836 -0.36682
   0.10019 -0.03914 -0.36448
   0.10638 -0.03991 -0.36332
   0.11276 -0.04065 -0.36209
   0.11929 -0.04138 -0.36105
   0.12594 -0.04208 -0.35946
   0.13272 -0.04276 -0.35815
   0.13959 -0.04340 -0.35648
   0.14656 -0.04401 -0.35316
   0.15362 -0.04460 -0.35122
   0.16075 -0.04515 -0.34709
   0.16794 -0.04567 -0.34462
   0.17519 -0.04616 -0.34105
   0.18248 -0.04663 -0.33885
   0.18981 -0.04706 -0.33647
   0.19717 -0.04747 -0.33489
   0.20456 -0.04785 -0.33053
   0.21197 -0.04820 -0.32948
   0.21942 -0.04852 -0.32519
   0.22690 -0.04882 -0.32243
   0.23441 -0.04909 -0.31753
   0.24195 -0.04934 -0.31525
   0.24951 -0.04956 -0.31305
   0.25708 -0.04977 -0.30964
   0.26468 -0.04995 -0.30819
   0.27229 -0.05011 -0.30379
   0.27991 -0.05024 -0.30222
   0.28756 -0.05036 -0.29867
   0.29522 -0.05046 -0.29659
   0.30289 -0.05054 -0.29461
   0.31057 -0.05060 -0.29238
   0.31825 -0.05064 -0.29007
   0.32595 -0.05066 -0.28836
   0.33364 -0.05066 -0.28675
   0.34135 -0.05065 -0.28483
   0.34906 -0.05061 -0.28303
   0.35677 -0.05056 -0.28112
   0.36448 -0.05048 -0.27938
   0.37219 -0.05039 -0.27777
   0.37990 -0.05028 -0.27564
   0.38761 -0.05015 -0.27426
   0.39532 -0.05001 -0.27285
   0.40302 -0.04984 -0.27142
   0.41072 -0.04966 -0.26929
   0.41842 -0.04945 -0.26861
   0.42610 -0.04923 -0.26719
   0.43378 -0.04899 -0.26640
   0.44144 -0.04873 -0.26423
   0.44910 -0.04845 -0.26361
   0.45674 -0.04815 -0.26203
   0.46437 -0.04783 -0.26126
   0.47199 -0.04749 -0.25952
   0.47960 -0.04713 -0.25762
   0.48720 -0.04674 -0.25627
   0.49478 -0.04634 -0.25450
   0.50235 -0.04590 -0.25207
   0.50991 -0.04545 -0.25080
   0.51745 -0.04497 -0.24814
   0.52498 -0.04447 -0.24567
   0.53250 -0.04395 -0.24352
   0.54000 -0.04340 -0.24091
   0.54749 -0.04282 -0.23804
   0.55497 -0.04222 -0.23486
   0.56243 -0.04159 -0.23118
   0.56987 -0.04093 -0.22781
   0.57730 -0.04025 -0.22409
   0.58471 -0.03954 -0.21991
   0.59210 -0.03881 -0.21569
   0.59948 -0.03804 -0.21123
   0.60683 -0.03724 -0.20660
   0.61417 -0.03642 -0.20033
   0.62149 -0.03556 -0.19557
   0.62879 -0.03468 -0.18828
   0.63608 -0.03376 -0.18256
   0.64335 -0.03281 -0.17439
   0.65061 -0.03183 -0.16725
   0.65786 -0.03081 -0.15867
   0.66510 -0.02976 -0.14973
   0.67232 -0.02867 -0.13992
   0.67954 -0.02755 -0.12978
   0.68676 -0.02640 -0.11921
   0.69397 -0.02520 -0.10796
   0.70117 -0.02398 -0.09517
   0.70838 -0.02271 -0.08242
   0.71559 -0.02141 -0.06888
   0.72281 -0.02007 -0.05449
   0.73004 -0.01870 -0.03972
   0.73728 -0.01729 -0.02357
   0.74453 -0.01584 -0.00597
   0.75180 -0.01436  0.01038
   0.75910 -0.01284  0.03040
   0.76642 -0.01128  0.04852
   0.77378 -0.00969  0.07035
   0.78118 -0.00807  0.08922
   0.78863 -0.00642  0.11272
   0.79611 -0.00475  0.13361
   0.80361 -0.00306  0.15805
   0.81108 -0.00138  0.18100
   0.81847  0.00029  0.20401
   0.82574  0.00191  0.22780
   0.83289  0.00348  0.24984
   0.83991  0.00499  0.27039
   0.84680  0.00644  0.29010
   0.85358  0.00782  0.30954
   0.86023  0.00913  0.32585
   0.86676  0.01036  0.34446
   0.87316  0.01151  0.35860
   0.87944  0.01258  0.37507
   0.88561  0.01356  0.38691
   0.89167  0.01445  0.39915
   0.89763  0.01526  0.40996
   0.90349  0.01599  0.41952
   0.90927  0.01663  0.42734
   0.91493  0.01718  0.43700
   0.92047  0.01765  0.44287
   0.92588  0.01803  0.45116
   0.93120  0.01832  0.45476
   0.93644  0.01853  0.45560
   0.94160  0.01868  0.45853
   0.94662  0.01876  0.46547
   0.95140  0.01879  0.48088
   0.95595  0.01872  0.49055
   0.96030  0.01853  0.49565
   0.96456  0.01820  0.48075
   0.96881  0.01775  0.45316
   0.97308  0.01723  0.42607
   0.97733  0.01672  0.41389
   0.98147  0.01621  0.42709
   0.98549  0.01562  0.43404
   0.98945  0.01488  0.38880
   0.99342  0.01406  0.32411
   0.99738  0.01325  0.29883
   1.00000  0.01271  0.25423
