GRUMMAN K-2 AIRFOIL                             
 Alfa =  -1.31330 Re =        0.000 Xflap,Yflap =     0.000000    0.000000
#    x        y        Cp  
   1.00000  0.01371  0.25423
   0.99740  0.01444  0.09926
   0.99329  0.01549  0.06153
   0.98889  0.01657  0.04622
   0.98423  0.01772  0.00590
   0.97929  0.01890 -0.02904
   0.97409  0.02011 -0.05499
   0.96867  0.02135 -0.08533
   0.96305  0.02259 -0.11185
   0.95727  0.02381 -0.13348
   0.95131  0.02502 -0.15437
   0.94520  0.02620 -0.16943
   0.93893  0.02735 -0.18247
   0.93253  0.02848 -0.19367
   0.92600  0.02957 -0.20084
   0.91932  0.03065 -0.20686
   0.91254  0.03170 -0.21381
   0.90568  0.03272 -0.22240
   0.89876  0.03372 -0.22983
   0.89181  0.03467 -0.23789
   0.88484  0.03559 -0.24384
   0.87782  0.03647 -0.24647
   0.87073  0.03731 -0.24758
   0.86355  0.03812 -0.24867
   0.85628  0.03891 -0.24744
   0.84891  0.03968 -0.24653
   0.84146  0.04044 -0.24648
   0.83396  0.04117 -0.24639
   0.82645  0.04190 -0.25210
   0.81896  0.04260 -0.25699
   0.81149  0.04327 -0.26054
   0.80402  0.04391 -0.26306
   0.79655  0.04452 -0.26546
   0.78909  0.04510 -0.26766
   0.78162  0.04565 -0.26835
   0.77414  0.04617 -0.26788
   0.76665  0.04666 -0.26823
   0.75914  0.04713 -0.26701
   0.75161  0.04756 -0.26517
   0.74405  0.04798 -0.26345
   0.73646  0.04837 -0.26049
   0.72884  0.04874 -0.25806
   0.72118  0.04909 -0.25517
   0.71350  0.04943 -0.25183
   0.70580  0.04974 -0.25002
   0.69806  0.05004 -0.24701
   0.69030  0.05033 -0.24492
   0.68252  0.05060 -0.24284
   0.67473  0.05086 -0.24102
   0.66693  0.05111 -0.23882
   0.65911  0.05135 -0.23757
   0.65129  0.05157 -0.23604
   0.64347  0.05178 -0.23399
   0.63563  0.05197 -0.23287
   0.62779  0.05216 -0.23134
   0.61994  0.05233 -0.22926
   0.61208  0.05249 -0.22874
   0.60421  0.05264 -0.22620
   0.59633  0.05278 -0.22534
   0.58846  0.05291 -0.22411
   0.58058  0.05303 -0.22347
   0.57270  0.05314 -0.22222
   0.56482  0.05324 -0.22130
   0.55693  0.05333 -0.22020
   0.54904  0.05340 -0.21952
   0.54115  0.05347 -0.21807
   0.53326  0.05353 -0.21771
   0.52537  0.05358 -0.21633
   0.51748  0.05361 -0.21540
   0.50958  0.05364 -0.21509
   0.50169  0.05366 -0.21345
   0.49380  0.05367 -0.21379
   0.48590  0.05367 -0.21209
   0.47801  0.05366 -0.21242
   0.47012  0.05363 -0.21138
   0.46224  0.05360 -0.21060
   0.45437  0.05356 -0.20995
   0.44650  0.05351 -0.20939
   0.43864  0.05345 -0.20826
   0.43079  0.05338 -0.20798
   0.42295  0.05330 -0.20764
   0.41514  0.05321 -0.20724
   0.40737  0.05312 -0.20783
   0.39966  0.05301 -0.20716
   0.39202  0.05289 -0.20835
   0.38445  0.05276 -0.20536
   0.37694  0.05262 -0.20270
   0.36954  0.05249 -0.20166
   0.36229  0.05236 -0.20873
   0.35524  0.05223 -0.21949
   0.34842  0.05207 -0.22863
   0.34179  0.05185 -0.21981
   0.33530  0.05159 -0.19290
   0.32892  0.05132 -0.16623
   0.32258  0.05111 -0.15250
   0.31625  0.05098 -0.16874
   0.30988  0.05089 -0.19792
   0.30343  0.05078 -0.22506
   0.29682  0.05061 -0.22729
   0.29002  0.05037 -0.21482
   0.28299  0.05009 -0.20296
   0.27579  0.04982 -0.20158
   0.26847  0.04954 -0.20554
   0.26108  0.04924 -0.20738
   0.25361  0.04892 -0.20616
   0.24607  0.04858 -0.20609
   0.23850  0.04823 -0.20698
   0.23092  0.04786 -0.20728
   0.22333  0.04747 -0.20795
   0.21574  0.04707 -0.20834
   0.20817  0.04664 -0.20999
   0.20063  0.04620 -0.21033
   0.19311  0.04574 -0.21097
   0.18563  0.04526 -0.21393
   0.17820  0.04475 -0.21348
   0.17081  0.04423 -0.21456
   0.16349  0.04368 -0.21674
   0.15624  0.04311 -0.21658
   0.14907  0.04251 -0.21877
   0.14200  0.04189 -0.21918
   0.13503  0.04125 -0.21993
   0.12818  0.04059 -0.22043
   0.12147  0.03990 -0.22043
   0.11493  0.03919 -0.22016
   0.10856  0.03847 -0.21992
   0.10240  0.03773 -0.21918
   0.09647  0.03699 -0.21982
   0.09078  0.03624 -0.22118
   0.08537  0.03550 -0.21948
   0.08024  0.03476 -0.22432
   0.07540  0.03403 -0.22566
   0.07085  0.03331 -0.22899
   0.06658  0.03261 -0.24108
   0.06257  0.03190 -0.24138
   0.05879  0.03120 -0.25190
   0.05523  0.03050 -0.25555
   0.05189  0.02978 -0.25317
   0.04873  0.02906 -0.24657
   0.04574  0.02833 -0.23525
   0.04291  0.02760 -0.22551
   0.04024  0.02687 -0.21026
   0.03771  0.02615 -0.19778
   0.03531  0.02543 -0.18934
   0.03305  0.02471 -0.16436
   0.03089  0.02399 -0.13417
   0.02884  0.02329 -0.11029
   0.02688  0.02260 -0.09432
   0.02502  0.02195 -0.09178
   0.02326  0.02131 -0.08931
   0.02159  0.02067 -0.08731
   0.02000  0.02005 -0.08062
   0.01849  0.01942 -0.06927
   0.01706  0.01880 -0.05071
   0.01569  0.01817 -0.02390
   0.01439  0.01754 -0.00122
   0.01314  0.01692  0.02249
   0.01194  0.01630  0.04339
   0.01080  0.01568  0.06312
   0.00971  0.01507  0.08187
   0.00867  0.01445  0.10727
   0.00767  0.01383  0.12511
   0.00672  0.01321  0.14971
   0.00581  0.01258  0.17031
   0.00495  0.01194  0.20122
   0.00414  0.01128  0.22508
   0.00338  0.01061  0.25348
   0.00268  0.00990  0.28746
   0.00207  0.00914  0.39443
   0.00154  0.00835  0.48187
   0.00111  0.00752  0.59591
   0.00078  0.00665  0.72072
   0.00053  0.00577  0.81986
   0.00035  0.00489  0.89047
   0.00022  0.00400  0.93724
   0.00012  0.00312  0.97030
   0.00005  0.00224  0.98890
   0.00001  0.00137  0.99833
  -0.00000  0.00051  0.99945
   0.00001 -0.00034  0.99331
   0.00004 -0.00120  0.97976
   0.00010 -0.00206  0.95836
   0.00020 -0.00292  0.94175
   0.00027 -0.00380  0.89437
   0.00039 -0.00468  0.86012
   0.00054 -0.00556  0.80977
   0.00072 -0.00645  0.74883
   0.00092 -0.00735  0.68161
   0.00115 -0.00824  0.60287
   0.00142 -0.00914  0.50293
   0.00173 -0.01004  0.39232
   0.00207 -0.01094  0.26668
   0.00247 -0.01182  0.08932
   0.00292 -0.01269  0.00816
   0.00342 -0.01356 -0.34266
   0.00402 -0.01437 -0.40424
   0.00470 -0.01514 -0.51315
   0.00546 -0.01587 -0.54747
   0.00629 -0.01657 -0.57602
   0.00717 -0.01724 -0.58625
   0.00811 -0.01789 -0.60082
   0.00910 -0.01851 -0.59807
   0.01015 -0.01912 -0.59297
   0.01125 -0.01971 -0.59194
   0.01240 -0.02029 -0.58337
   0.01361 -0.02086 -0.57638
   0.01488 -0.02142 -0.56788
   0.01621 -0.02198 -0.55218
   0.01761 -0.02253 -0.54336
   0.01908 -0.02307 -0.52670
   0.02063 -0.02362 -0.52085
   0.02226 -0.02417 -0.50716
   0.02397 -0.02472 -0.49124
   0.02579 -0.02528 -0.48317
   0.02770 -0.02584 -0.47205
   0.02973 -0.02641 -0.46358
   0.03189 -0.02700 -0.45519
   0.03419 -0.02759 -0.44817
   0.03663 -0.02820 -0.43682
   0.03924 -0.02882 -0.42968
   0.04203 -0.02945 -0.41832
   0.04502 -0.03011 -0.41113
   0.04822 -0.03078 -0.40480
   0.05165 -0.03148 -0.40098
   0.05533 -0.03220 -0.39606
   0.05925 -0.03293 -0.39254
   0.06344 -0.03368 -0.38733
   0.06789 -0.03445 -0.38485
   0.07262 -0.03522 -0.37963
   0.07761 -0.03600 -0.37778
   0.08288 -0.03679 -0.37405
   0.08842 -0.03758 -0.37043
   0.09419 -0.03836 -0.36705
   0.10019 -0.03914 -0.36470
   0.10638 -0.03991 -0.36354
   0.11276 -0.04065 -0.36230
   0.11929 -0.04138 -0.36125
   0.12594 -0.04208 -0.35965
   0.13272 -0.04276 -0.35834
   0.13959 -0.04340 -0.35666
   0.14656 -0.04401 -0.35333
   0.15362 -0.04460 -0.35139
   0.16075 -0.04515 -0.34726
   0.16794 -0.04567 -0.34478
   0.17519 -0.04616 -0.34121
   0.18248 -0.04663 -0.33900
   0.18981 -0.04706 -0.33663
   0.19717 -0.04747 -0.33504
   0.20456 -0.04785 -0.33067
   0.21197 -0.04820 -0.32962
   0.21942 -0.04852 -0.32532
   0.22690 -0.04882 -0.32256
   0.23441 -0.04909 -0.31766
   0.24195 -0.04934 -0.31538
   0.24951 -0.04956 -0.31318
   0.25708 -0.04977 -0.30976
   0.26468 -0.04995 -0.30831
   0.27229 -0.05011 -0.30391
   0.27991 -0.05024 -0.30233
   0.28756 -0.05036 -0.29878
   0.29522 -0.05046 -0.29671
   0.30289 -0.05054 -0.29471
   0.31057 -0.05060 -0.29249
   0.31825 -0.05064 -0.29018
   0.32595 -0.05066 -0.28846
   0.33364 -0.05066 -0.28685
   0.34135 -0.05065 -0.28493
   0.34906 -0.05061 -0.28313
   0.35677 -0.05056 -0.28121
   0.36448 -0.05048 -0.27948
   0.37219 -0.05039 -0.27786
   0.37990 -0.05028 -0.27573
   0.38761 -0.05015 -0.27435
   0.39532 -0.05001 -0.27293
   0.40302 -0.04984 -0.27150
   0.41072 -0.04966 -0.26937
   0.41842 -0.04945 -0.26870
   0.42610 -0.04923 -0.26727
   0.43378 -0.04899 -0.26648
   0.44144 -0.04873 -0.26431
   0.44910 -0.04845 -0.26369
   0.45674 -0.04815 -0.26211
   0.46437 -0.04783 -0.26134
   0.47199 -0.04749 -0.25960
   0.47960 -0.04713 -0.25769
   0.48720 -0.04674 -0.25634
   0.49478 -0.04634 -0.25457
   0.50235 -0.04590 -0.25214
   0.50991 -0.04545 -0.25087
   0.51745 -0.04497 -0.24821
   0.52498 -0.04447 -0.24574
   0.53250 -0.04395 -0.24359
   0.54000 -0.04340 -0.24097
   0.54749 -0.04282 -0.23810
   0.55497 -0.04222 -0.23492
   0.56243 -0.04159 -0.23124
   0.56987 -0.04093 -0.22787
   0.57730 -0.04025 -0.22414
   0.58471 -0.03954 -0.21997
   0.59210 -0.03881 -0.21575
   0.59948 -0.03804 -0.21128
   0.60683 -0.03724 -0.20665
   0.61417 -0.03642 -0.20038
   0.62149 -0.03556 -0.19562
   0.62879 -0.03468 -0.18833
   0.63608 -0.03376 -0.18260
   0.64335 -0.03281 -0.17443
   0.65061 -0.03183 -0.16730
   0.65786 -0.03081 -0.15871
   0.66510 -0.02976 -0.14978
   0.67232 -0.02867 -0.13996
   0.67954 -0.02755 -0.12982
   0.68676 -0.02640 -0.11925
   0.69397 -0.02520 -0.10800
   0.70117 -0.02398 -0.09521
   0.70838 -0.02271 -0.08246
   0.71559 -0.02141 -0.06892
   0.72281 -0.02007 -0.05453
   0.73004 -0.01870 -0.03975
   0.73728 -0.01729 -0.02360
   0.74453 -0.01584 -0.00600
   0.75180 -0.01436  0.01035
   0.75910 -0.01284  0.03038
   0.76642 -0.01128  0.04850
   0.77378 -0.00969  0.07032
   0.78118 -0.00807  0.08919
   0.78863 -0.00642  0.11270
   0.79611 -0.00475  0.13359
   0.80361 -0.00306  0.15803
   0.81108 -0.00138  0.18098
   0.81847  0.00029  0.20399
   0.82574  0.00191  0.22779
   0.83289  0.00348  0.24982
   0.83991  0.00499  0.27037
   0.84680  0.00644  0.29008
   0.85358  0.00782  0.30952
   0.86023  0.00913  0.32584
   0.86676  0.01036  0.34445
   0.87316  0.01151  0.35858
   0.87944  0.01258  0.37506
   0.88561  0.01356  0.38690
   0.89167  0.01445  0.39913
   0.89763  0.01526  0.40995
   0.90349  0.01599  0.41951
   0.90927  0.01663  0.42733
   0.91493  0.01718  0.43700
   0.92047  0.01765  0.44286
   0.92588  0.01803  0.45115
   0.93120  0.01832  0.45475
   0.93644  0.01853  0.45560
   0.94160  0.01868  0.45852
   0.94662  0.01876  0.46547
   0.95140  0.01879  0.48088
   0.95595  0.01872  0.49054
   0.96030  0.01853  0.49564
   0.96456  0.01820  0.48074
   0.96881  0.01775  0.45315
   0.97308  0.01723  0.42607
   0.97733  0.01672  0.41388
   0.98147  0.01621  0.42708
   0.98549  0.01562  0.43404
   0.98945  0.01488  0.38879
   0.99342  0.01406  0.32410
   0.99738  0.01325  0.29883
   1.00000  0.01271  0.25423
