GRUMMAN K-2 AIRFOIL                             
 Alfa =  -1.30810 Re =        0.000 Xflap,Yflap =     0.000000    0.000000
#    x        y        Cp  
   1.00000  0.01371  0.25219
   0.99739  0.01444  0.09673
   0.99327  0.01550  0.06273
   0.98886  0.01658  0.04435
   0.98418  0.01773  0.00267
   0.97923  0.01891 -0.02686
   0.97401  0.02013 -0.05689
   0.96856  0.02137 -0.08473
   0.96293  0.02261 -0.11255
   0.95713  0.02384 -0.13559
   0.95115  0.02505 -0.15430
   0.94501  0.02623 -0.16951
   0.93873  0.02739 -0.18309
   0.93231  0.02852 -0.19407
   0.92575  0.02962 -0.20141
   0.91905  0.03069 -0.20710
   0.91224  0.03174 -0.21432
   0.90536  0.03277 -0.22296
   0.89842  0.03376 -0.23041
   0.89145  0.03472 -0.23823
   0.88446  0.03564 -0.24357
   0.87741  0.03652 -0.24762
   0.87030  0.03736 -0.24811
   0.86310  0.03817 -0.24805
   0.85580  0.03897 -0.24764
   0.84840  0.03974 -0.24681
   0.84093  0.04049 -0.24691
   0.83341  0.04123 -0.24734
   0.82588  0.04195 -0.25192
   0.81837  0.04265 -0.25786
   0.81087  0.04332 -0.26043
   0.80338  0.04396 -0.26369
   0.79590  0.04457 -0.26618
   0.78841  0.04515 -0.26719
   0.78092  0.04570 -0.26874
   0.77342  0.04622 -0.26842
   0.76591  0.04671 -0.26844
   0.75838  0.04717 -0.26723
   0.75082  0.04761 -0.26595
   0.74324  0.04802 -0.26206
   0.73562  0.04841 -0.26073
   0.72798  0.04878 -0.25738
   0.72030  0.04913 -0.25519
   0.71260  0.04946 -0.25235
   0.70486  0.04978 -0.24974
   0.69710  0.05008 -0.24700
   0.68932  0.05037 -0.24477
   0.68152  0.05064 -0.24244
   0.67370  0.05090 -0.24147
   0.66588  0.05114 -0.23866
   0.65804  0.05138 -0.23754
   0.65020  0.05160 -0.23573
   0.64235  0.05180 -0.23408
   0.63449  0.05200 -0.23320
   0.62662  0.05218 -0.23092
   0.61875  0.05235 -0.22975
   0.61086  0.05251 -0.22813
   0.60297  0.05266 -0.22629
   0.59508  0.05280 -0.22561
   0.58718  0.05293 -0.22469
   0.57928  0.05305 -0.22329
   0.57138  0.05316 -0.22215
   0.56347  0.05325 -0.22124
   0.55556  0.05334 -0.22067
   0.54765  0.05342 -0.21931
   0.53974  0.05348 -0.21819
   0.53183  0.05354 -0.21731
   0.52391  0.05358 -0.21698
   0.51600  0.05362 -0.21543
   0.50808  0.05365 -0.21520
   0.50017  0.05366 -0.21415
   0.49225  0.05367 -0.21303
   0.48434  0.05366 -0.21295
   0.47642  0.05365 -0.21203
   0.46852  0.05363 -0.21153
   0.46062  0.05360 -0.21042
   0.45272  0.05355 -0.21092
   0.44483  0.05350 -0.20918
   0.43695  0.05344 -0.20874
   0.42908  0.05336 -0.20785
   0.42122  0.05328 -0.20796
   0.41340  0.05319 -0.20717
   0.40562  0.05309 -0.20822
   0.39791  0.05299 -0.20790
   0.39026  0.05286 -0.20816
   0.38268  0.05273 -0.20568
   0.37518  0.05259 -0.20213
   0.36779  0.05245 -0.20309
   0.36056  0.05233 -0.21096
   0.35355  0.05219 -0.22260
   0.34675  0.05202 -0.22934
   0.34015  0.05179 -0.21444
   0.33367  0.05152 -0.18617
   0.32729  0.05126 -0.16083
   0.32094  0.05107 -0.15377
   0.31459  0.05095 -0.17674
   0.30818  0.05086 -0.20700
   0.30168  0.05074 -0.22856
   0.29501  0.05055 -0.22465
   0.28812  0.05029 -0.21121
   0.28102  0.05002 -0.20181
   0.27376  0.04974 -0.20367
   0.26640  0.04946 -0.20646
   0.25896  0.04915 -0.20732
   0.25145  0.04883 -0.20705
   0.24388  0.04848 -0.20670
   0.23629  0.04812 -0.20732
   0.22868  0.04775 -0.20791
   0.22107  0.04735 -0.20890
   0.21346  0.04694 -0.20923
   0.20588  0.04651 -0.21032
   0.19832  0.04606 -0.21103
   0.19079  0.04559 -0.21239
   0.18331  0.04510 -0.21434
   0.17587  0.04459 -0.21388
   0.16848  0.04405 -0.21664
   0.16116  0.04350 -0.21687
   0.15392  0.04292 -0.21769
   0.14676  0.04231 -0.22026
   0.13969  0.04168 -0.21916
   0.13274  0.04103 -0.22116
   0.12592  0.04036 -0.22072
   0.11925  0.03966 -0.22124
   0.11274  0.03895 -0.22066
   0.10643  0.03821 -0.22031
   0.10032  0.03747 -0.22077
   0.09446  0.03673 -0.22005
   0.08886  0.03598 -0.22187
   0.08353  0.03523 -0.22220
   0.07849  0.03450 -0.22487
   0.07373  0.03377 -0.22969
   0.06927  0.03305 -0.23100
   0.06509  0.03235 -0.24278
   0.06115  0.03165 -0.24710
   0.05745  0.03095 -0.25387
   0.05396  0.03023 -0.25746
   0.05068  0.02952 -0.25243
   0.04758  0.02879 -0.24388
   0.04465  0.02805 -0.23287
   0.04187  0.02732 -0.22075
   0.03925  0.02659 -0.20597
   0.03676  0.02587 -0.19662
   0.03441  0.02515 -0.18159
   0.03218  0.02442 -0.15402
   0.03006  0.02371 -0.12591
   0.02804  0.02301 -0.10270
   0.02612  0.02234 -0.09444
   0.02429  0.02168 -0.09258
   0.02256  0.02105 -0.08875
   0.02092  0.02042 -0.08676
   0.01936  0.01979 -0.07893
   0.01788  0.01916 -0.06347
   0.01648  0.01853 -0.04173
   0.01513  0.01790 -0.01573
   0.01385  0.01728  0.00746
   0.01262  0.01665  0.03220
   0.01145  0.01603  0.04766
   0.01032  0.01542  0.06830
   0.00925  0.01480  0.09372
   0.00822  0.01418  0.11002
   0.00724  0.01356  0.13772
   0.00631  0.01293  0.15651
   0.00542  0.01229  0.17969
   0.00458  0.01164  0.21158
   0.00379  0.01098  0.23396
   0.00305  0.01029  0.26776
   0.00239  0.00956  0.31311
   0.00182  0.00878  0.45243
   0.00133  0.00797  0.51886
   0.00094  0.00712  0.65737
   0.00065  0.00624  0.76850
   0.00044  0.00536  0.85616
   0.00028  0.00447  0.91343
   0.00016  0.00358  0.95498
   0.00008  0.00270  0.97953
   0.00003  0.00182  0.99438
   0.00000  0.00095  0.99992
  -0.00000  0.00009  0.99733
   0.00003 -0.00076  0.98833
   0.00006 -0.00163  0.96931
   0.00015 -0.00249  0.95271
   0.00023 -0.00336  0.91940
   0.00032 -0.00424  0.87885
   0.00047 -0.00512  0.83681
   0.00063 -0.00601  0.78156
   0.00082 -0.00691  0.71773
   0.00104 -0.00781  0.64472
   0.00129 -0.00871  0.55266
   0.00157 -0.00961  0.44973
   0.00190 -0.01051  0.33221
   0.00227 -0.01140  0.17863
   0.00270 -0.01228  0.04930
   0.00318 -0.01315 -0.16101
   0.00373 -0.01400 -0.39292
   0.00438 -0.01479 -0.46557
   0.00511 -0.01554 -0.53358
   0.00590 -0.01626 -0.55996
   0.00676 -0.01694 -0.57923
   0.00768 -0.01760 -0.59070
   0.00865 -0.01823 -0.59475
   0.00967 -0.01885 -0.60018
   0.01075 -0.01945 -0.58466
   0.01188 -0.02004 -0.58917
   0.01307 -0.02061 -0.57577
   0.01432 -0.02118 -0.56923
   0.01563 -0.02174 -0.56008
   0.01700 -0.02229 -0.54220
   0.01845 -0.02284 -0.53252
   0.01996 -0.02339 -0.52213
   0.02156 -0.02394 -0.51003
   0.02324 -0.02449 -0.49654
   0.02502 -0.02504 -0.48540
   0.02690 -0.02561 -0.47628
   0.02888 -0.02618 -0.46513
   0.03099 -0.02676 -0.45633
   0.03324 -0.02735 -0.44953
   0.03563 -0.02795 -0.43972
   0.03818 -0.02857 -0.43121
   0.04090 -0.02920 -0.42183
   0.04382 -0.02985 -0.41292
   0.04694 -0.03052 -0.40532
   0.05029 -0.03121 -0.40254
   0.05388 -0.03192 -0.39597
   0.05772 -0.03265 -0.39312
   0.06181 -0.03340 -0.38840
   0.06618 -0.03416 -0.38431
   0.07081 -0.03493 -0.38093
   0.07572 -0.03571 -0.37731
   0.08090 -0.03650 -0.37408
   0.08636 -0.03729 -0.37130
   0.09206 -0.03808 -0.36769
   0.09799 -0.03886 -0.36424
   0.10414 -0.03963 -0.36377
   0.11047 -0.04039 -0.36148
   0.11696 -0.04113 -0.36094
   0.12360 -0.04184 -0.35981
   0.13035 -0.04253 -0.35841
   0.13721 -0.04318 -0.35643
   0.14417 -0.04381 -0.35400
   0.15121 -0.04440 -0.35089
   0.15834 -0.04497 -0.34813
   0.16553 -0.04550 -0.34521
   0.17278 -0.04600 -0.34210
   0.18008 -0.04648 -0.33893
   0.18742 -0.04692 -0.33735
   0.19479 -0.04734 -0.33449
   0.20219 -0.04773 -0.33236
   0.20962 -0.04809 -0.32852
   0.21707 -0.04842 -0.32662
   0.22456 -0.04873 -0.32262
   0.23208 -0.04901 -0.31905
   0.23964 -0.04926 -0.31534
   0.24721 -0.04950 -0.31333
   0.25481 -0.04971 -0.31062
   0.26241 -0.04990 -0.30791
   0.27004 -0.05006 -0.30490
   0.27768 -0.05021 -0.30252
   0.28534 -0.05033 -0.29928
   0.29302 -0.05043 -0.29696
   0.30071 -0.05052 -0.29465
   0.30841 -0.05058 -0.29267
   0.31611 -0.05063 -0.29097
   0.32382 -0.05066 -0.28876
   0.33154 -0.05066 -0.28635
   0.33927 -0.05065 -0.28534
   0.34699 -0.05062 -0.28273
   0.35472 -0.05057 -0.28139
   0.36246 -0.05051 -0.27971
   0.37019 -0.05042 -0.27816
   0.37793 -0.05031 -0.27571
   0.38566 -0.05019 -0.27483
   0.39339 -0.05004 -0.27286
   0.40111 -0.04988 -0.27130
   0.40883 -0.04970 -0.26959
   0.41655 -0.04951 -0.26869
   0.42426 -0.04929 -0.26724
   0.43196 -0.04905 -0.26622
   0.43965 -0.04880 -0.26469
   0.44733 -0.04852 -0.26360
   0.45499 -0.04823 -0.26241
   0.46265 -0.04791 -0.26067
   0.47029 -0.04757 -0.25975
   0.47793 -0.04721 -0.25787
   0.48555 -0.04683 -0.25623
   0.49315 -0.04642 -0.25456
   0.50075 -0.04600 -0.25298
   0.50833 -0.04555 -0.25038
   0.51589 -0.04507 -0.24875
   0.52345 -0.04458 -0.24591
   0.53099 -0.04405 -0.24397
   0.53851 -0.04351 -0.24085
   0.54603 -0.04293 -0.23838
   0.55353 -0.04234 -0.23569
   0.56101 -0.04171 -0.23151
   0.56848 -0.04106 -0.22856
   0.57593 -0.04038 -0.22451
   0.58337 -0.03967 -0.22058
   0.59078 -0.03894 -0.21655
   0.59818 -0.03818 -0.21162
   0.60556 -0.03738 -0.20700
   0.61292 -0.03656 -0.20178
   0.62026 -0.03571 -0.19581
   0.62759 -0.03483 -0.18988
   0.63490 -0.03391 -0.18228
   0.64220 -0.03296 -0.17627
   0.64948 -0.03198 -0.16810
   0.65674 -0.03097 -0.16006
   0.66400 -0.02992 -0.15077
   0.67125 -0.02883 -0.14125
   0.67849 -0.02772 -0.13154
   0.68572 -0.02656 -0.12029
   0.69295 -0.02537 -0.10952
   0.70018 -0.02415 -0.09648
   0.70741 -0.02288 -0.08418
   0.71464 -0.02159 -0.07080
   0.72188 -0.02025 -0.05583
   0.72912 -0.01888 -0.04178
   0.73638 -0.01747 -0.02483
   0.74365 -0.01602 -0.00915
   0.75094 -0.01453  0.00950
   0.75826 -0.01301  0.02746
   0.76560 -0.01146  0.04712
   0.77297 -0.00987  0.06676
   0.78039 -0.00825  0.08832
   0.78785 -0.00659  0.10945
   0.79535 -0.00492  0.13262
   0.80287 -0.00323  0.15548
   0.81037 -0.00154  0.17779
   0.81778  0.00013  0.20299
   0.82509  0.00176  0.22614
   0.83227  0.00334  0.24766
   0.83932  0.00486  0.26840
   0.84624  0.00632  0.28882
   0.85304  0.00771  0.30724
   0.85972  0.00903  0.32616
   0.86628  0.01027  0.34235
   0.87271  0.01143  0.35842
   0.87902  0.01251  0.37344
   0.88521  0.01350  0.38617
   0.89129  0.01440  0.39896
   0.89727  0.01522  0.40875
   0.90316  0.01595  0.41925
   0.90895  0.01659  0.42811
   0.91464  0.01715  0.43548
   0.92020  0.01763  0.44387
   0.92564  0.01802  0.44967
   0.93097  0.01831  0.45428
   0.93623  0.01853  0.45739
   0.94141  0.01867  0.45690
   0.94645  0.01876  0.46715
   0.95125  0.01879  0.47882
   0.95581  0.01873  0.49145
   0.96019  0.01854  0.49555
   0.96446  0.01821  0.48051
   0.96872  0.01776  0.45431
   0.97300  0.01724  0.42577
   0.97726  0.01672  0.41546
   0.98142  0.01621  0.42807
   0.98545  0.01563  0.43242
   0.98942  0.01489  0.38721
   0.99340  0.01406  0.32676
   0.99738  0.01325  0.29809
   1.00000  0.01271  0.25219
