GRUMMAN K-2 AIRFOIL                             
 Alfa =  -1.01500 Re =        0.000 Xflap,Yflap =     0.000000    0.000000
#    x        y        Cp  
   1.00000  0.01371  0.25408
   0.99740  0.01444  0.09888
   0.99329  0.01549  0.06101
   0.98889  0.01657  0.04536
   0.98423  0.01772  0.00472
   0.97929  0.01890 -0.03039
   0.97409  0.02011 -0.05651
   0.96867  0.02135 -0.08718
   0.96305  0.02259 -0.11388
   0.95727  0.02381 -0.13569
   0.95131  0.02502 -0.15687
   0.94520  0.02620 -0.17214
   0.93893  0.02735 -0.18541
   0.93253  0.02848 -0.19682
   0.92600  0.02957 -0.20411
   0.91932  0.03065 -0.21043
   0.91254  0.03170 -0.21747
   0.90568  0.03272 -0.22635
   0.89876  0.03372 -0.23387
   0.89181  0.03467 -0.24220
   0.88484  0.03559 -0.24834
   0.87782  0.03647 -0.25110
   0.87073  0.03731 -0.25239
   0.86355  0.03812 -0.25368
   0.85628  0.03891 -0.25250
   0.84891  0.03968 -0.25188
   0.84146  0.04044 -0.25191
   0.83396  0.04117 -0.25203
   0.82645  0.04190 -0.25787
   0.81896  0.04260 -0.26298
   0.81149  0.04327 -0.26672
   0.80402  0.04391 -0.26935
   0.79655  0.04452 -0.27201
   0.78909  0.04510 -0.27422
   0.78162  0.04565 -0.27522
   0.77414  0.04617 -0.27484
   0.76665  0.04666 -0.27543
   0.75914  0.04713 -0.27428
   0.75161  0.04756 -0.27261
   0.74405  0.04798 -0.27095
   0.73646  0.04837 -0.26823
   0.72884  0.04874 -0.26589
   0.72118  0.04909 -0.26315
   0.71350  0.04943 -0.25999
   0.70580  0.04974 -0.25830
   0.69806  0.05004 -0.25535
   0.69030  0.05033 -0.25351
   0.68252  0.05060 -0.25149
   0.67473  0.05086 -0.24990
   0.66693  0.05111 -0.24780
   0.65911  0.05135 -0.24666
   0.65129  0.05157 -0.24537
   0.64347  0.05178 -0.24343
   0.63563  0.05197 -0.24245
   0.62779  0.05216 -0.24108
   0.61994  0.05233 -0.23919
   0.61208  0.05249 -0.23876
   0.60421  0.05264 -0.23640
   0.59633  0.05278 -0.23574
   0.58846  0.05291 -0.23465
   0.58058  0.05303 -0.23418
   0.57270  0.05314 -0.23308
   0.56482  0.05324 -0.23231
   0.55693  0.05333 -0.23139
   0.54904  0.05340 -0.23090
   0.54115  0.05347 -0.22962
   0.53326  0.05353 -0.22945
   0.52537  0.05358 -0.22824
   0.51748  0.05361 -0.22752
   0.50958  0.05364 -0.22736
   0.50169  0.05366 -0.22591
   0.49380  0.05367 -0.22645
   0.48590  0.05367 -0.22493
   0.47801  0.05366 -0.22548
   0.47012  0.05363 -0.22462
   0.46224  0.05360 -0.22407
   0.45437  0.05356 -0.22362
   0.44650  0.05351 -0.22326
   0.43864  0.05345 -0.22233
   0.43079  0.05338 -0.22231
   0.42295  0.05330 -0.22217
   0.41514  0.05321 -0.22200
   0.40737  0.05312 -0.22284
   0.39966  0.05301 -0.22245
   0.39202  0.05289 -0.22383
   0.38445  0.05276 -0.22111
   0.37694  0.05262 -0.21863
   0.36954  0.05249 -0.21783
   0.36229  0.05236 -0.22525
   0.35524  0.05223 -0.23644
   0.34842  0.05207 -0.24592
   0.34179  0.05185 -0.23728
   0.33530  0.05159 -0.21022
   0.32892  0.05132 -0.18338
   0.32258  0.05111 -0.16972
   0.31625  0.05098 -0.18643
   0.30988  0.05089 -0.21632
   0.30343  0.05078 -0.24420
   0.29682  0.05061 -0.24673
   0.29002  0.05037 -0.23440
   0.28299  0.05009 -0.22267
   0.27579  0.04982 -0.22164
   0.26847  0.04954 -0.22604
   0.26108  0.04924 -0.22827
   0.25361  0.04892 -0.22746
   0.24607  0.04858 -0.22783
   0.23850  0.04823 -0.22916
   0.23092  0.04786 -0.22996
   0.22333  0.04747 -0.23114
   0.21574  0.04707 -0.23203
   0.20817  0.04664 -0.23427
   0.20063  0.04620 -0.23518
   0.19311  0.04574 -0.23641
   0.18563  0.04526 -0.24007
   0.17820  0.04475 -0.24026
   0.17081  0.04423 -0.24205
   0.16349  0.04368 -0.24501
   0.15624  0.04311 -0.24562
   0.14907  0.04251 -0.24867
   0.14200  0.04189 -0.24995
   0.13503  0.04125 -0.25162
   0.12818  0.04059 -0.25310
   0.12147  0.03990 -0.25409
   0.11493  0.03919 -0.25489
   0.10856  0.03847 -0.25577
   0.10240  0.03773 -0.25618
   0.09647  0.03699 -0.25807
   0.09078  0.03624 -0.26075
   0.08537  0.03550 -0.26037
   0.08024  0.03476 -0.26673
   0.07540  0.03403 -0.26960
   0.07085  0.03331 -0.27450
   0.06658  0.03261 -0.28862
   0.06257  0.03190 -0.29051
   0.05879  0.03120 -0.30315
   0.05523  0.03050 -0.30866
   0.05189  0.02978 -0.30799
   0.04873  0.02906 -0.30296
   0.04574  0.02833 -0.29304
   0.04291  0.02760 -0.28481
   0.04024  0.02687 -0.27082
   0.03771  0.02615 -0.25979
   0.03531  0.02543 -0.25307
   0.03305  0.02471 -0.22893
   0.03089  0.02399 -0.19932
   0.02884  0.02329 -0.17628
   0.02688  0.02260 -0.16173
   0.02502  0.02195 -0.16145
   0.02326  0.02131 -0.16141
   0.02159  0.02067 -0.16194
   0.02000  0.02005 -0.15768
   0.01849  0.01942 -0.14859
   0.01706  0.01880 -0.13175
   0.01569  0.01817 -0.10624
   0.01439  0.01754 -0.08507
   0.01314  0.01692 -0.06308
   0.01194  0.01630 -0.04426
   0.01080  0.01568 -0.02688
   0.00971  0.01507 -0.01064
   0.00867  0.01445  0.01235
   0.00767  0.01383  0.02704
   0.00672  0.01321  0.04839
   0.00581  0.01258  0.06509
   0.00495  0.01194  0.09240
   0.00414  0.01128  0.11142
   0.00338  0.01061  0.13390
   0.00268  0.00990  0.16190
   0.00207  0.00914  0.27475
   0.00154  0.00835  0.36574
   0.00111  0.00752  0.49066
   0.00078  0.00665  0.63442
   0.00053  0.00577  0.75198
   0.00035  0.00489  0.83835
   0.00022  0.00400  0.89776
   0.00012  0.00312  0.94237
   0.00005  0.00224  0.97048
   0.00001  0.00137  0.98871
  -0.00000  0.00051  0.99826
   0.00001 -0.00034  0.99968
   0.00004 -0.00120  0.99385
   0.00010 -0.00206  0.98062
   0.00020 -0.00292  0.96694
   0.00027 -0.00380  0.93249
   0.00039 -0.00468  0.90315
   0.00054 -0.00556  0.86084
   0.00072 -0.00645  0.80836
   0.00092 -0.00735  0.74935
   0.00115 -0.00824  0.67936
   0.00142 -0.00914  0.58978
   0.00173 -0.01004  0.48983
   0.00207 -0.01094  0.37492
   0.00247 -0.01182  0.21338
   0.00292 -0.01269  0.13410
   0.00342 -0.01356 -0.18394
   0.00402 -0.01437 -0.24967
   0.00470 -0.01514 -0.35629
   0.00546 -0.01587 -0.39647
   0.00629 -0.01657 -0.43022
   0.00717 -0.01724 -0.44679
   0.00811 -0.01789 -0.46661
   0.00910 -0.01851 -0.46977
   0.01015 -0.01912 -0.47040
   0.01125 -0.01971 -0.47433
   0.01240 -0.02029 -0.47069
   0.01361 -0.02086 -0.46828
   0.01488 -0.02142 -0.46419
   0.01621 -0.02198 -0.45295
   0.01761 -0.02253 -0.44805
   0.01908 -0.02307 -0.43528
   0.02063 -0.02362 -0.43280
   0.02226 -0.02417 -0.42255
   0.02397 -0.02472 -0.41000
   0.02579 -0.02528 -0.40492
   0.02770 -0.02584 -0.39666
   0.02973 -0.02641 -0.39087
   0.03189 -0.02700 -0.38505
   0.03419 -0.02759 -0.38048
   0.03663 -0.02820 -0.37162
   0.03924 -0.02882 -0.36680
   0.04203 -0.02945 -0.35778
   0.04502 -0.03011 -0.35274
   0.04822 -0.03078 -0.34846
   0.05165 -0.03148 -0.34655
   0.05533 -0.03220 -0.34352
   0.05925 -0.03293 -0.34179
   0.06344 -0.03368 -0.33837
   0.06789 -0.03445 -0.33756
   0.07262 -0.03522 -0.33400
   0.07761 -0.03600 -0.33369
   0.08288 -0.03679 -0.33148
   0.08842 -0.03758 -0.32931
   0.09419 -0.03836 -0.32733
   0.10019 -0.03914 -0.32628
   0.10638 -0.03991 -0.32633
   0.11276 -0.04065 -0.32623
   0.11929 -0.04138 -0.32627
   0.12594 -0.04208 -0.32572
   0.13272 -0.04276 -0.32539
   0.13959 -0.04340 -0.32466
   0.14656 -0.04401 -0.32224
   0.15362 -0.04460 -0.32117
   0.16075 -0.04515 -0.31788
   0.16794 -0.04567 -0.31619
   0.17519 -0.04616 -0.31338
   0.18248 -0.04663 -0.31188
   0.18981 -0.04706 -0.31016
   0.19717 -0.04747 -0.30924
   0.20456 -0.04785 -0.30549
   0.21197 -0.04820 -0.30501
   0.21942 -0.04852 -0.30131
   0.22690 -0.04882 -0.29911
   0.23441 -0.04909 -0.29475
   0.24195 -0.04934 -0.29299
   0.24951 -0.04956 -0.29125
   0.25708 -0.04977 -0.28832
   0.26468 -0.04995 -0.28732
   0.27229 -0.05011 -0.28337
   0.27991 -0.05024 -0.28222
   0.28756 -0.05036 -0.27906
   0.29522 -0.05046 -0.27739
   0.30289 -0.05054 -0.27578
   0.31057 -0.05060 -0.27393
   0.31825 -0.05064 -0.27194
   0.32595 -0.05066 -0.27061
   0.33364 -0.05066 -0.26930
   0.34135 -0.05065 -0.26772
   0.34906 -0.05061 -0.26622
   0.35677 -0.05056 -0.26462
   0.36448 -0.05048 -0.26321
   0.37219 -0.05039 -0.26182
   0.37990 -0.05028 -0.26005
   0.38761 -0.05015 -0.25888
   0.39532 -0.05001 -0.25778
   0.40302 -0.04984 -0.25660
   0.41072 -0.04966 -0.25470
   0.41842 -0.04945 -0.25430
   0.42610 -0.04923 -0.25312
   0.43378 -0.04899 -0.25256
   0.44144 -0.04873 -0.25060
   0.44910 -0.04845 -0.25025
   0.45674 -0.04815 -0.24887
   0.46437 -0.04783 -0.24833
   0.47199 -0.04749 -0.24680
   0.47960 -0.04713 -0.24511
   0.48720 -0.04674 -0.24398
   0.49478 -0.04634 -0.24241
   0.50235 -0.04590 -0.24020
   0.50991 -0.04545 -0.23916
   0.51745 -0.04497 -0.23664
   0.52498 -0.04447 -0.23443
   0.53250 -0.04395 -0.23245
   0.54000 -0.04340 -0.23005
   0.54749 -0.04282 -0.22736
   0.55497 -0.04222 -0.22438
   0.56243 -0.04159 -0.22092
   0.56987 -0.04093 -0.21771
   0.57730 -0.04025 -0.21418
   0.58471 -0.03954 -0.21024
   0.59210 -0.03881 -0.20617
   0.59948 -0.03804 -0.20192
   0.60683 -0.03724 -0.19745
   0.61417 -0.03642 -0.19138
   0.62149 -0.03556 -0.18683
   0.62879 -0.03468 -0.17974
   0.63608 -0.03376 -0.17420
   0.64335 -0.03281 -0.16620
   0.65061 -0.03183 -0.15930
   0.65786 -0.03081 -0.15088
   0.66510 -0.02976 -0.14213
   0.67232 -0.02867 -0.13256
   0.67954 -0.02755 -0.12262
   0.68676 -0.02640 -0.11217
   0.69397 -0.02520 -0.10117
   0.70117 -0.02398 -0.08857
   0.70838 -0.02271 -0.07604
   0.71559 -0.02141 -0.06271
   0.72281 -0.02007 -0.04849
   0.73004 -0.01870 -0.03389
   0.73728 -0.01729 -0.01799
   0.74453 -0.01584 -0.00065
   0.75180 -0.01436  0.01558
   0.75910 -0.01284  0.03540
   0.76642 -0.01128  0.05325
   0.77378 -0.00969  0.07488
   0.78118 -0.00807  0.09358
   0.78863 -0.00642  0.11689
   0.79611 -0.00475  0.13754
   0.80361 -0.00306  0.16178
   0.81108 -0.00138  0.18453
   0.81847  0.00029  0.20740
   0.82574  0.00191  0.23098
   0.83289  0.00348  0.25285
   0.83991  0.00499  0.27322
   0.84680  0.00644  0.29280
   0.85358  0.00782  0.31211
   0.86023  0.00913  0.32827
   0.86676  0.01036  0.34672
   0.87316  0.01151  0.36086
   0.87944  0.01258  0.37712
   0.88561  0.01356  0.38888
   0.89167  0.01445  0.40103
   0.89763  0.01526  0.41172
   0.90349  0.01599  0.42125
   0.90927  0.01663  0.42898
   0.91493  0.01718  0.43851
   0.92047  0.01765  0.44443
   0.92588  0.01803  0.45253
   0.93120  0.01832  0.45613
   0.93644  0.01853  0.45689
   0.94160  0.01868  0.45976
   0.94662  0.01876  0.46673
   0.95140  0.01879  0.48195
   0.95595  0.01872  0.49162
   0.96030  0.01853  0.49665
   0.96456  0.01820  0.48167
   0.96881  0.01775  0.45416
   0.97308  0.01723  0.42703
   0.97733  0.01672  0.41482
   0.98147  0.01621  0.42788
   0.98549  0.01562  0.43475
   0.98945  0.01488  0.38953
   0.99342  0.01406  0.32482
   0.99738  0.01325  0.29941
   1.00000  0.01271  0.25408
