GRUMMAN K-2 AIRFOIL                             
 Alfa =  -1.30670 Re =        0.000 Xflap,Yflap =     0.000000    0.000000
#    x        y        Cp  
   1.00000  0.01371  0.25219
   0.99739  0.01444  0.09673
   0.99327  0.01550  0.06273
   0.98886  0.01658  0.04435
   0.98418  0.01773  0.00267
   0.97923  0.01891 -0.02686
   0.97401  0.02013 -0.05690
   0.96856  0.02137 -0.08474
   0.96293  0.02261 -0.11256
   0.95713  0.02384 -0.13560
   0.95115  0.02505 -0.15431
   0.94501  0.02623 -0.16952
   0.93873  0.02739 -0.18311
   0.93231  0.02852 -0.19408
   0.92575  0.02962 -0.20143
   0.91905  0.03069 -0.20712
   0.91224  0.03174 -0.21434
   0.90536  0.03277 -0.22297
   0.89842  0.03376 -0.23043
   0.89145  0.03472 -0.23825
   0.88446  0.03564 -0.24359
   0.87741  0.03652 -0.24765
   0.87030  0.03736 -0.24814
   0.86310  0.03817 -0.24808
   0.85580  0.03897 -0.24766
   0.84840  0.03974 -0.24684
   0.84093  0.04049 -0.24694
   0.83341  0.04123 -0.24737
   0.82588  0.04195 -0.25195
   0.81837  0.04265 -0.25789
   0.81087  0.04332 -0.26046
   0.80338  0.04396 -0.26372
   0.79590  0.04457 -0.26621
   0.78841  0.04515 -0.26722
   0.78092  0.04570 -0.26877
   0.77342  0.04622 -0.26845
   0.76591  0.04671 -0.26847
   0.75838  0.04717 -0.26726
   0.75082  0.04761 -0.26598
   0.74324  0.04802 -0.26209
   0.73562  0.04841 -0.26077
   0.72798  0.04878 -0.25742
   0.72030  0.04913 -0.25522
   0.71260  0.04946 -0.25239
   0.70486  0.04978 -0.24978
   0.69710  0.05008 -0.24704
   0.68932  0.05037 -0.24481
   0.68152  0.05064 -0.24248
   0.67370  0.05090 -0.24151
   0.66588  0.05114 -0.23870
   0.65804  0.05138 -0.23758
   0.65020  0.05160 -0.23578
   0.64235  0.05180 -0.23412
   0.63449  0.05200 -0.23324
   0.62662  0.05218 -0.23096
   0.61875  0.05235 -0.22980
   0.61086  0.05251 -0.22817
   0.60297  0.05266 -0.22634
   0.59508  0.05280 -0.22566
   0.58718  0.05293 -0.22474
   0.57928  0.05305 -0.22334
   0.57138  0.05316 -0.22220
   0.56347  0.05325 -0.22130
   0.55556  0.05334 -0.22072
   0.54765  0.05342 -0.21936
   0.53974  0.05348 -0.21824
   0.53183  0.05354 -0.21736
   0.52391  0.05358 -0.21704
   0.51600  0.05362 -0.21549
   0.50808  0.05365 -0.21526
   0.50017  0.05366 -0.21421
   0.49225  0.05367 -0.21309
   0.48434  0.05366 -0.21301
   0.47642  0.05365 -0.21209
   0.46852  0.05363 -0.21159
   0.46062  0.05360 -0.21049
   0.45272  0.05355 -0.21098
   0.44483  0.05350 -0.20925
   0.43695  0.05344 -0.20880
   0.42908  0.05336 -0.20792
   0.42122  0.05328 -0.20803
   0.41340  0.05319 -0.20724
   0.40562  0.05309 -0.20829
   0.39791  0.05299 -0.20797
   0.39026  0.05286 -0.20823
   0.38268  0.05273 -0.20575
   0.37518  0.05259 -0.20221
   0.36779  0.05245 -0.20317
   0.36056  0.05233 -0.21104
   0.35355  0.05219 -0.22268
   0.34675  0.05202 -0.22942
   0.34015  0.05179 -0.21452
   0.33367  0.05152 -0.18625
   0.32729  0.05126 -0.16092
   0.32094  0.05107 -0.15385
   0.31459  0.05095 -0.17683
   0.30818  0.05086 -0.20709
   0.30168  0.05074 -0.22865
   0.29501  0.05055 -0.22474
   0.28812  0.05029 -0.21130
   0.28102  0.05002 -0.20190
   0.27376  0.04974 -0.20376
   0.26640  0.04946 -0.20655
   0.25896  0.04915 -0.20742
   0.25145  0.04883 -0.20715
   0.24388  0.04848 -0.20680
   0.23629  0.04812 -0.20742
   0.22868  0.04775 -0.20802
   0.22107  0.04735 -0.20901
   0.21346  0.04694 -0.20934
   0.20588  0.04651 -0.21044
   0.19832  0.04606 -0.21115
   0.19079  0.04559 -0.21251
   0.18331  0.04510 -0.21446
   0.17587  0.04459 -0.21400
   0.16848  0.04405 -0.21677
   0.16116  0.04350 -0.21700
   0.15392  0.04292 -0.21783
   0.14676  0.04231 -0.22040
   0.13969  0.04168 -0.21931
   0.13274  0.04103 -0.22131
   0.12592  0.04036 -0.22087
   0.11925  0.03966 -0.22140
   0.11274  0.03895 -0.22082
   0.10643  0.03821 -0.22048
   0.10032  0.03747 -0.22095
   0.09446  0.03673 -0.22023
   0.08886  0.03598 -0.22206
   0.08353  0.03523 -0.22239
   0.07849  0.03450 -0.22507
   0.07373  0.03377 -0.22990
   0.06927  0.03305 -0.23121
   0.06509  0.03235 -0.24300
   0.06115  0.03165 -0.24733
   0.05745  0.03095 -0.25411
   0.05396  0.03023 -0.25771
   0.05068  0.02952 -0.25269
   0.04758  0.02879 -0.24414
   0.04465  0.02805 -0.23314
   0.04187  0.02732 -0.22103
   0.03925  0.02659 -0.20625
   0.03676  0.02587 -0.19691
   0.03441  0.02515 -0.18188
   0.03218  0.02442 -0.15432
   0.03006  0.02371 -0.12622
   0.02804  0.02301 -0.10301
   0.02612  0.02234 -0.09475
   0.02429  0.02168 -0.09291
   0.02256  0.02105 -0.08909
   0.02092  0.02042 -0.08711
   0.01936  0.01979 -0.07929
   0.01788  0.01916 -0.06384
   0.01648  0.01853 -0.04210
   0.01513  0.01790 -0.01611
   0.01385  0.01728  0.00707
   0.01262  0.01665  0.03181
   0.01145  0.01603  0.04726
   0.01032  0.01542  0.06788
   0.00925  0.01480  0.09329
   0.00822  0.01418  0.10957
   0.00724  0.01356  0.13726
   0.00631  0.01293  0.15604
   0.00542  0.01229  0.17920
   0.00458  0.01164  0.21107
   0.00379  0.01098  0.23343
   0.00305  0.01029  0.26721
   0.00239  0.00956  0.31254
   0.00182  0.00878  0.45191
   0.00133  0.00797  0.51834
   0.00094  0.00712  0.65694
   0.00065  0.00624  0.76816
   0.00044  0.00536  0.85591
   0.00028  0.00447  0.91323
   0.00016  0.00358  0.95484
   0.00008  0.00270  0.97944
   0.00003  0.00182  0.99433
   0.00000  0.00095  0.99991
  -0.00000  0.00009  0.99736
   0.00003 -0.00076  0.98840
   0.00006 -0.00163  0.96942
   0.00015 -0.00249  0.95283
   0.00023 -0.00336  0.91957
   0.00032 -0.00424  0.87906
   0.00047 -0.00512  0.83705
   0.00063 -0.00601  0.78184
   0.00082 -0.00691  0.71805
   0.00104 -0.00781  0.64507
   0.00129 -0.00871  0.55306
   0.00157 -0.00961  0.45019
   0.00190 -0.01051  0.33271
   0.00227 -0.01140  0.17920
   0.00270 -0.01228  0.04991
   0.00318 -0.01315 -0.16032
   0.00373 -0.01400 -0.39215
   0.00438 -0.01479 -0.46482
   0.00511 -0.01554 -0.53284
   0.00590 -0.01626 -0.55925
   0.00676 -0.01694 -0.57855
   0.00768 -0.01760 -0.59005
   0.00865 -0.01823 -0.59413
   0.00967 -0.01885 -0.59958
   0.01075 -0.01945 -0.58408
   0.01188 -0.02004 -0.58862
   0.01307 -0.02061 -0.57525
   0.01432 -0.02118 -0.56872
   0.01563 -0.02174 -0.55959
   0.01700 -0.02229 -0.54174
   0.01845 -0.02284 -0.53208
   0.01996 -0.02339 -0.52170
   0.02156 -0.02394 -0.50962
   0.02324 -0.02449 -0.49615
   0.02502 -0.02504 -0.48502
   0.02690 -0.02561 -0.47591
   0.02888 -0.02618 -0.46478
   0.03099 -0.02676 -0.45600
   0.03324 -0.02735 -0.44920
   0.03563 -0.02795 -0.43940
   0.03818 -0.02857 -0.43091
   0.04090 -0.02920 -0.42154
   0.04382 -0.02985 -0.41264
   0.04694 -0.03052 -0.40505
   0.05029 -0.03121 -0.40227
   0.05388 -0.03192 -0.39572
   0.05772 -0.03265 -0.39287
   0.06181 -0.03340 -0.38817
   0.06618 -0.03416 -0.38409
   0.07081 -0.03493 -0.38071
   0.07572 -0.03571 -0.37710
   0.08090 -0.03650 -0.37387
   0.08636 -0.03729 -0.37110
   0.09206 -0.03808 -0.36750
   0.09799 -0.03886 -0.36406
   0.10414 -0.03963 -0.36360
   0.11047 -0.04039 -0.36131
   0.11696 -0.04113 -0.36078
   0.12360 -0.04184 -0.35965
   0.13035 -0.04253 -0.35825
   0.13721 -0.04318 -0.35628
   0.14417 -0.04381 -0.35385
   0.15121 -0.04440 -0.35075
   0.15834 -0.04497 -0.34799
   0.16553 -0.04550 -0.34508
   0.17278 -0.04600 -0.34197
   0.18008 -0.04648 -0.33880
   0.18742 -0.04692 -0.33723
   0.19479 -0.04734 -0.33437
   0.20219 -0.04773 -0.33224
   0.20962 -0.04809 -0.32840
   0.21707 -0.04842 -0.32650
   0.22456 -0.04873 -0.32251
   0.23208 -0.04901 -0.31894
   0.23964 -0.04926 -0.31523
   0.24721 -0.04950 -0.31323
   0.25481 -0.04971 -0.31052
   0.26241 -0.04990 -0.30781
   0.27004 -0.05006 -0.30481
   0.27768 -0.05021 -0.30243
   0.28534 -0.05033 -0.29919
   0.29302 -0.05043 -0.29687
   0.30071 -0.05052 -0.29456
   0.30841 -0.05058 -0.29258
   0.31611 -0.05063 -0.29088
   0.32382 -0.05066 -0.28868
   0.33154 -0.05066 -0.28626
   0.33927 -0.05065 -0.28526
   0.34699 -0.05062 -0.28265
   0.35472 -0.05057 -0.28131
   0.36246 -0.05051 -0.27964
   0.37019 -0.05042 -0.27809
   0.37793 -0.05031 -0.27563
   0.38566 -0.05019 -0.27476
   0.39339 -0.05004 -0.27279
   0.40111 -0.04988 -0.27123
   0.40883 -0.04970 -0.26952
   0.41655 -0.04951 -0.26862
   0.42426 -0.04929 -0.26717
   0.43196 -0.04905 -0.26615
   0.43965 -0.04880 -0.26462
   0.44733 -0.04852 -0.26354
   0.45499 -0.04823 -0.26235
   0.46265 -0.04791 -0.26061
   0.47029 -0.04757 -0.25969
   0.47793 -0.04721 -0.25781
   0.48555 -0.04683 -0.25617
   0.49315 -0.04642 -0.25451
   0.50075 -0.04600 -0.25292
   0.50833 -0.04555 -0.25032
   0.51589 -0.04507 -0.24869
   0.52345 -0.04458 -0.24586
   0.53099 -0.04405 -0.24392
   0.53851 -0.04351 -0.24080
   0.54603 -0.04293 -0.23833
   0.55353 -0.04234 -0.23564
   0.56101 -0.04171 -0.23147
   0.56848 -0.04106 -0.22851
   0.57593 -0.04038 -0.22446
   0.58337 -0.03967 -0.22054
   0.59078 -0.03894 -0.21650
   0.59818 -0.03818 -0.21158
   0.60556 -0.03738 -0.20696
   0.61292 -0.03656 -0.20174
   0.62026 -0.03571 -0.19577
   0.62759 -0.03483 -0.18984
   0.63490 -0.03391 -0.18224
   0.64220 -0.03296 -0.17623
   0.64948 -0.03198 -0.16806
   0.65674 -0.03097 -0.16003
   0.66400 -0.02992 -0.15074
   0.67125 -0.02883 -0.14121
   0.67849 -0.02772 -0.13151
   0.68572 -0.02656 -0.12026
   0.69295 -0.02537 -0.10949
   0.70018 -0.02415 -0.09645
   0.70741 -0.02288 -0.08415
   0.71464 -0.02159 -0.07077
   0.72188 -0.02025 -0.05580
   0.72912 -0.01888 -0.04175
   0.73638 -0.01747 -0.02481
   0.74365 -0.01602 -0.00913
   0.75094 -0.01453  0.00952
   0.75826 -0.01301  0.02748
   0.76560 -0.01146  0.04715
   0.77297 -0.00987  0.06678
   0.78039 -0.00825  0.08834
   0.78785 -0.00659  0.10947
   0.79535 -0.00492  0.13264
   0.80287 -0.00323  0.15550
   0.81037 -0.00154  0.17781
   0.81778  0.00013  0.20300
   0.82509  0.00176  0.22616
   0.83227  0.00334  0.24768
   0.83932  0.00486  0.26841
   0.84624  0.00632  0.28883
   0.85304  0.00771  0.30725
   0.85972  0.00903  0.32617
   0.86628  0.01027  0.34236
   0.87271  0.01143  0.35843
   0.87902  0.01251  0.37345
   0.88521  0.01350  0.38617
   0.89129  0.01440  0.39897
   0.89727  0.01522  0.40876
   0.90316  0.01595  0.41926
   0.90895  0.01659  0.42811
   0.91464  0.01715  0.43549
   0.92020  0.01763  0.44388
   0.92564  0.01802  0.44968
   0.93097  0.01831  0.45428
   0.93623  0.01853  0.45740
   0.94141  0.01867  0.45691
   0.94645  0.01876  0.46716
   0.95125  0.01879  0.47883
   0.95581  0.01873  0.49145
   0.96019  0.01854  0.49556
   0.96446  0.01821  0.48051
   0.96872  0.01776  0.45431
   0.97300  0.01724  0.42577
   0.97726  0.01672  0.41547
   0.98142  0.01621  0.42807
   0.98545  0.01563  0.43242
   0.98942  0.01489  0.38722
   0.99340  0.01406  0.32676
   0.99738  0.01325  0.29809
   1.00000  0.01271  0.25219
