GRUMMAN K-2 AIRFOIL                             
 Alfa =  -1.32180 Re =        0.000 Xflap,Yflap =     0.000000    0.000000
#    x        y        Cp  
   1.00000  0.01371  0.25423
   0.99740  0.01444  0.09927
   0.99329  0.01549  0.06154
   0.98889  0.01657  0.04625
   0.98423  0.01772  0.00594
   0.97929  0.01890 -0.02900
   0.97409  0.02011 -0.05494
   0.96867  0.02135 -0.08528
   0.96305  0.02259 -0.11179
   0.95727  0.02381 -0.13341
   0.95131  0.02502 -0.15429
   0.94520  0.02620 -0.16935
   0.93893  0.02735 -0.18238
   0.93253  0.02848 -0.19358
   0.92600  0.02957 -0.20074
   0.91932  0.03065 -0.20676
   0.91254  0.03170 -0.21370
   0.90568  0.03272 -0.22228
   0.89876  0.03372 -0.22971
   0.89181  0.03467 -0.23777
   0.88484  0.03559 -0.24371
   0.87782  0.03647 -0.24634
   0.87073  0.03731 -0.24744
   0.86355  0.03812 -0.24853
   0.85628  0.03891 -0.24729
   0.84891  0.03968 -0.24638
   0.84146  0.04044 -0.24633
   0.83396  0.04117 -0.24623
   0.82645  0.04190 -0.25194
   0.81896  0.04260 -0.25682
   0.81149  0.04327 -0.26037
   0.80402  0.04391 -0.26288
   0.79655  0.04452 -0.26528
   0.78909  0.04510 -0.26748
   0.78162  0.04565 -0.26815
   0.77414  0.04617 -0.26768
   0.76665  0.04666 -0.26802
   0.75914  0.04713 -0.26680
   0.75161  0.04756 -0.26496
   0.74405  0.04798 -0.26324
   0.73646  0.04837 -0.26027
   0.72884  0.04874 -0.25784
   0.72118  0.04909 -0.25494
   0.71350  0.04943 -0.25160
   0.70580  0.04974 -0.24978
   0.69806  0.05004 -0.24678
   0.69030  0.05033 -0.24467
   0.68252  0.05060 -0.24259
   0.67473  0.05086 -0.24076
   0.66693  0.05111 -0.23856
   0.65911  0.05135 -0.23731
   0.65129  0.05157 -0.23578
   0.64347  0.05178 -0.23372
   0.63563  0.05197 -0.23260
   0.62779  0.05216 -0.23106
   0.61994  0.05233 -0.22897
   0.61208  0.05249 -0.22845
   0.60421  0.05264 -0.22591
   0.59633  0.05278 -0.22505
   0.58846  0.05291 -0.22381
   0.58058  0.05303 -0.22316
   0.57270  0.05314 -0.22191
   0.56482  0.05324 -0.22099
   0.55693  0.05333 -0.21988
   0.54904  0.05340 -0.21920
   0.54115  0.05347 -0.21774
   0.53326  0.05353 -0.21737
   0.52537  0.05358 -0.21600
   0.51748  0.05361 -0.21505
   0.50958  0.05364 -0.21474
   0.50169  0.05366 -0.21310
   0.49380  0.05367 -0.21343
   0.48590  0.05367 -0.21173
   0.47801  0.05366 -0.21205
   0.47012  0.05363 -0.21100
   0.46224  0.05360 -0.21021
   0.45437  0.05356 -0.20956
   0.44650  0.05351 -0.20899
   0.43864  0.05345 -0.20785
   0.43079  0.05338 -0.20757
   0.42295  0.05330 -0.20723
   0.41514  0.05321 -0.20682
   0.40737  0.05312 -0.20740
   0.39966  0.05301 -0.20673
   0.39202  0.05289 -0.20790
   0.38445  0.05276 -0.20491
   0.37694  0.05262 -0.20224
   0.36954  0.05249 -0.20120
   0.36229  0.05236 -0.20826
   0.35524  0.05223 -0.21900
   0.34842  0.05207 -0.22813
   0.34179  0.05185 -0.21932
   0.33530  0.05159 -0.19241
   0.32892  0.05132 -0.16574
   0.32258  0.05111 -0.15201
   0.31625  0.05098 -0.16823
   0.30988  0.05089 -0.19740
   0.30343  0.05078 -0.22452
   0.29682  0.05061 -0.22674
   0.29002  0.05037 -0.21426
   0.28299  0.05009 -0.20240
   0.27579  0.04982 -0.20101
   0.26847  0.04954 -0.20496
   0.26108  0.04924 -0.20679
   0.25361  0.04892 -0.20555
   0.24607  0.04858 -0.20548
   0.23850  0.04823 -0.20635
   0.23092  0.04786 -0.20664
   0.22333  0.04747 -0.20730
   0.21574  0.04707 -0.20767
   0.20817  0.04664 -0.20930
   0.20063  0.04620 -0.20963
   0.19311  0.04574 -0.21025
   0.18563  0.04526 -0.21319
   0.17820  0.04475 -0.21272
   0.17081  0.04423 -0.21378
   0.16349  0.04368 -0.21593
   0.15624  0.04311 -0.21576
   0.14907  0.04251 -0.21792
   0.14200  0.04189 -0.21831
   0.13503  0.04125 -0.21903
   0.12818  0.04059 -0.21951
   0.12147  0.03990 -0.21947
   0.11493  0.03919 -0.21918
   0.10856  0.03847 -0.21891
   0.10240  0.03773 -0.21813
   0.09647  0.03699 -0.21873
   0.09078  0.03624 -0.22006
   0.08537  0.03550 -0.21833
   0.08024  0.03476 -0.22312
   0.07540  0.03403 -0.22442
   0.07085  0.03331 -0.22770
   0.06658  0.03261 -0.23973
   0.06257  0.03190 -0.23999
   0.05879  0.03120 -0.25046
   0.05523  0.03050 -0.25405
   0.05189  0.02978 -0.25163
   0.04873  0.02906 -0.24498
   0.04574  0.02833 -0.23362
   0.04291  0.02760 -0.22384
   0.04024  0.02687 -0.20856
   0.03771  0.02615 -0.19604
   0.03531  0.02543 -0.18755
   0.03305  0.02471 -0.16255
   0.03089  0.02399 -0.13234
   0.02884  0.02329 -0.10844
   0.02688  0.02260 -0.09243
   0.02502  0.02195 -0.08983
   0.02326  0.02131 -0.08729
   0.02159  0.02067 -0.08522
   0.02000  0.02005 -0.07847
   0.01849  0.01942 -0.06705
   0.01706  0.01880 -0.04844
   0.01569  0.01817 -0.02160
   0.01439  0.01754  0.00112
   0.01314  0.01692  0.02488
   0.01194  0.01630  0.04583
   0.01080  0.01568  0.06562
   0.00971  0.01507  0.08444
   0.00867  0.01445  0.10991
   0.00767  0.01383  0.12783
   0.00672  0.01321  0.15252
   0.00581  0.01258  0.17322
   0.00495  0.01194  0.20422
   0.00414  0.01128  0.22820
   0.00338  0.01061  0.25676
   0.00268  0.00990  0.29089
   0.00207  0.00914  0.39768
   0.00154  0.00835  0.48500
   0.00111  0.00752  0.59874
   0.00078  0.00665  0.72301
   0.00053  0.00577  0.82164
   0.00035  0.00489  0.89181
   0.00022  0.00400  0.93822
   0.00012  0.00312  0.97096
   0.00005  0.00224  0.98929
   0.00001  0.00137  0.99848
  -0.00000  0.00051  0.99936
   0.00001 -0.00034  0.99300
   0.00004 -0.00120  0.97924
   0.00010 -0.00206  0.95760
   0.00020 -0.00292  0.94093
   0.00027 -0.00380  0.89316
   0.00039 -0.00468  0.85878
   0.00054 -0.00556  0.80820
   0.00072 -0.00645  0.74701
   0.00092 -0.00735  0.67956
   0.00115 -0.00824  0.60057
   0.00142 -0.00914  0.50034
   0.00173 -0.01004  0.38942
   0.00207 -0.01094  0.26347
   0.00247 -0.01182  0.08565
   0.00292 -0.01269  0.00445
   0.00342 -0.01356 -0.34733
   0.00402 -0.01437 -0.40877
   0.00470 -0.01514 -0.51774
   0.00546 -0.01587 -0.55189
   0.00629 -0.01657 -0.58028
   0.00717 -0.01724 -0.59031
   0.00811 -0.01789 -0.60473
   0.00910 -0.01851 -0.60180
   0.01015 -0.01912 -0.59653
   0.01125 -0.01971 -0.59535
   0.01240 -0.02029 -0.58664
   0.01361 -0.02086 -0.57952
   0.01488 -0.02142 -0.57088
   0.01621 -0.02198 -0.55506
   0.01761 -0.02253 -0.54612
   0.01908 -0.02307 -0.52935
   0.02063 -0.02362 -0.52340
   0.02226 -0.02417 -0.50960
   0.02397 -0.02472 -0.49358
   0.02579 -0.02528 -0.48543
   0.02770 -0.02584 -0.47422
   0.02973 -0.02641 -0.46567
   0.03189 -0.02700 -0.45721
   0.03419 -0.02759 -0.45012
   0.03663 -0.02820 -0.43870
   0.03924 -0.02882 -0.43150
   0.04203 -0.02945 -0.42006
   0.04502 -0.03011 -0.41281
   0.04822 -0.03078 -0.40643
   0.05165 -0.03148 -0.40255
   0.05533 -0.03220 -0.39758
   0.05925 -0.03293 -0.39400
   0.06344 -0.03368 -0.38873
   0.06789 -0.03445 -0.38620
   0.07262 -0.03522 -0.38095
   0.07761 -0.03600 -0.37905
   0.08288 -0.03679 -0.37528
   0.08842 -0.03758 -0.37161
   0.09419 -0.03836 -0.36819
   0.10019 -0.03914 -0.36580
   0.10638 -0.03991 -0.36460
   0.11276 -0.04065 -0.36333
   0.11929 -0.04138 -0.36226
   0.12594 -0.04208 -0.36062
   0.13272 -0.04276 -0.35929
   0.13959 -0.04340 -0.35758
   0.14656 -0.04401 -0.35422
   0.15362 -0.04460 -0.35225
   0.16075 -0.04515 -0.34810
   0.16794 -0.04567 -0.34560
   0.17519 -0.04616 -0.34200
   0.18248 -0.04663 -0.33978
   0.18981 -0.04706 -0.33738
   0.19717 -0.04747 -0.33578
   0.20456 -0.04785 -0.33139
   0.21197 -0.04820 -0.33033
   0.21942 -0.04852 -0.32601
   0.22690 -0.04882 -0.32323
   0.23441 -0.04909 -0.31831
   0.24195 -0.04934 -0.31602
   0.24951 -0.04956 -0.31380
   0.25708 -0.04977 -0.31037
   0.26468 -0.04995 -0.30891
   0.27229 -0.05011 -0.30450
   0.27991 -0.05024 -0.30291
   0.28756 -0.05036 -0.29934
   0.29522 -0.05046 -0.29726
   0.30289 -0.05054 -0.29526
   0.31057 -0.05060 -0.29301
   0.31825 -0.05064 -0.29070
   0.32595 -0.05066 -0.28897
   0.33364 -0.05066 -0.28735
   0.34135 -0.05065 -0.28542
   0.34906 -0.05061 -0.28361
   0.35677 -0.05056 -0.28168
   0.36448 -0.05048 -0.27994
   0.37219 -0.05039 -0.27832
   0.37990 -0.05028 -0.27618
   0.38761 -0.05015 -0.27479
   0.39532 -0.05001 -0.27336
   0.40302 -0.04984 -0.27193
   0.41072 -0.04966 -0.26979
   0.41842 -0.04945 -0.26911
   0.42610 -0.04923 -0.26767
   0.43378 -0.04899 -0.26688
   0.44144 -0.04873 -0.26470
   0.44910 -0.04845 -0.26407
   0.45674 -0.04815 -0.26248
   0.46437 -0.04783 -0.26171
   0.47199 -0.04749 -0.25996
   0.47960 -0.04713 -0.25805
   0.48720 -0.04674 -0.25669
   0.49478 -0.04634 -0.25492
   0.50235 -0.04590 -0.25248
   0.50991 -0.04545 -0.25120
   0.51745 -0.04497 -0.24854
   0.52498 -0.04447 -0.24606
   0.53250 -0.04395 -0.24390
   0.54000 -0.04340 -0.24128
   0.54749 -0.04282 -0.23840
   0.55497 -0.04222 -0.23522
   0.56243 -0.04159 -0.23153
   0.56987 -0.04093 -0.22816
   0.57730 -0.04025 -0.22443
   0.58471 -0.03954 -0.22024
   0.59210 -0.03881 -0.21602
   0.59948 -0.03804 -0.21155
   0.60683 -0.03724 -0.20691
   0.61417 -0.03642 -0.20064
   0.62149 -0.03556 -0.19587
   0.62879 -0.03468 -0.18857
   0.63608 -0.03376 -0.18284
   0.64335 -0.03281 -0.17467
   0.65061 -0.03183 -0.16753
   0.65786 -0.03081 -0.15893
   0.66510 -0.02976 -0.14999
   0.67232 -0.02867 -0.14017
   0.67954 -0.02755 -0.13003
   0.68676 -0.02640 -0.11945
   0.69397 -0.02520 -0.10819
   0.70117 -0.02398 -0.09540
   0.70838 -0.02271 -0.08264
   0.71559 -0.02141 -0.06909
   0.72281 -0.02007 -0.05470
   0.73004 -0.01870 -0.03992
   0.73728 -0.01729 -0.02376
   0.74453 -0.01584 -0.00615
   0.75180 -0.01436  0.01020
   0.75910 -0.01284  0.03023
   0.76642 -0.01128  0.04836
   0.77378 -0.00969  0.07019
   0.78118 -0.00807  0.08907
   0.78863 -0.00642  0.11258
   0.79611 -0.00475  0.13347
   0.80361 -0.00306  0.15792
   0.81108 -0.00138  0.18087
   0.81847  0.00029  0.20389
   0.82574  0.00191  0.22770
   0.83289  0.00348  0.24973
   0.83991  0.00499  0.27029
   0.84680  0.00644  0.29001
   0.85358  0.00782  0.30945
   0.86023  0.00913  0.32577
   0.86676  0.01036  0.34439
   0.87316  0.01151  0.35852
   0.87944  0.01258  0.37500
   0.88561  0.01356  0.38684
   0.89167  0.01445  0.39908
   0.89763  0.01526  0.40990
   0.90349  0.01599  0.41946
   0.90927  0.01663  0.42729
   0.91493  0.01718  0.43695
   0.92047  0.01765  0.44282
   0.92588  0.01803  0.45111
   0.93120  0.01832  0.45471
   0.93644  0.01853  0.45556
   0.94160  0.01868  0.45849
   0.94662  0.01876  0.46543
   0.95140  0.01879  0.48085
   0.95595  0.01872  0.49051
   0.96030  0.01853  0.49562
   0.96456  0.01820  0.48071
   0.96881  0.01775  0.45312
   0.97308  0.01723  0.42604
   0.97733  0.01672  0.41386
   0.98147  0.01621  0.42706
   0.98549  0.01562  0.43402
   0.98945  0.01488  0.38877
   0.99342  0.01406  0.32408
   0.99738  0.01325  0.29881
   1.00000  0.01271  0.25423
