GRUMMAN K-2 AIRFOIL                             
 Alfa =  -1.29930 Re =        0.000 Xflap,Yflap =     0.000000    0.000000
#    x        y        Cp  
   1.00000  0.01371  0.25422
   0.99740  0.01444  0.09924
   0.99329  0.01549  0.06150
   0.98889  0.01657  0.04618
   0.98423  0.01772  0.00585
   0.97929  0.01890 -0.02910
   0.97409  0.02011 -0.05506
   0.96867  0.02135 -0.08542
   0.96305  0.02259 -0.11194
   0.95727  0.02381 -0.13358
   0.95131  0.02502 -0.15449
   0.94520  0.02620 -0.16956
   0.93893  0.02735 -0.18261
   0.93253  0.02848 -0.19382
   0.92600  0.02957 -0.20099
   0.91932  0.03065 -0.20703
   0.91254  0.03170 -0.21398
   0.90568  0.03272 -0.22258
   0.89876  0.03372 -0.23002
   0.89181  0.03467 -0.23810
   0.88484  0.03559 -0.24405
   0.87782  0.03647 -0.24669
   0.87073  0.03731 -0.24781
   0.86355  0.03812 -0.24891
   0.85628  0.03891 -0.24767
   0.84891  0.03968 -0.24678
   0.84146  0.04044 -0.24674
   0.83396  0.04117 -0.24666
   0.82645  0.04190 -0.25238
   0.81896  0.04260 -0.25727
   0.81149  0.04327 -0.26083
   0.80402  0.04391 -0.26336
   0.79655  0.04452 -0.26577
   0.78909  0.04510 -0.26797
   0.78162  0.04565 -0.26867
   0.77414  0.04617 -0.26821
   0.76665  0.04666 -0.26857
   0.75914  0.04713 -0.26735
   0.75161  0.04756 -0.26552
   0.74405  0.04798 -0.26380
   0.73646  0.04837 -0.26085
   0.72884  0.04874 -0.25843
   0.72118  0.04909 -0.25554
   0.71350  0.04943 -0.25222
   0.70580  0.04974 -0.25041
   0.69806  0.05004 -0.24741
   0.69030  0.05033 -0.24532
   0.68252  0.05060 -0.24325
   0.67473  0.05086 -0.24143
   0.66693  0.05111 -0.23924
   0.65911  0.05135 -0.23799
   0.65129  0.05157 -0.23648
   0.64347  0.05178 -0.23444
   0.63563  0.05197 -0.23332
   0.62779  0.05216 -0.23180
   0.61994  0.05233 -0.22972
   0.61208  0.05249 -0.22921
   0.60421  0.05264 -0.22668
   0.59633  0.05278 -0.22583
   0.58846  0.05291 -0.22461
   0.58058  0.05303 -0.22397
   0.57270  0.05314 -0.22273
   0.56482  0.05324 -0.22182
   0.55693  0.05333 -0.22072
   0.54904  0.05340 -0.22005
   0.54115  0.05347 -0.21861
   0.53326  0.05353 -0.21826
   0.52537  0.05358 -0.21689
   0.51748  0.05361 -0.21596
   0.50958  0.05364 -0.21566
   0.50169  0.05366 -0.21404
   0.49380  0.05367 -0.21438
   0.48590  0.05367 -0.21270
   0.47801  0.05366 -0.21304
   0.47012  0.05363 -0.21200
   0.46224  0.05360 -0.21123
   0.45437  0.05356 -0.21059
   0.44650  0.05351 -0.21004
   0.43864  0.05345 -0.20892
   0.43079  0.05338 -0.20865
   0.42295  0.05330 -0.20832
   0.41514  0.05321 -0.20793
   0.40737  0.05312 -0.20853
   0.39966  0.05301 -0.20788
   0.39202  0.05289 -0.20907
   0.38445  0.05276 -0.20610
   0.37694  0.05262 -0.20344
   0.36954  0.05249 -0.20242
   0.36229  0.05236 -0.20950
   0.35524  0.05223 -0.22028
   0.34842  0.05207 -0.22944
   0.34179  0.05185 -0.22063
   0.33530  0.05159 -0.19371
   0.32892  0.05132 -0.16703
   0.32258  0.05111 -0.15330
   0.31625  0.05098 -0.16956
   0.30988  0.05089 -0.19878
   0.30343  0.05078 -0.22596
   0.29682  0.05061 -0.22820
   0.29002  0.05037 -0.21574
   0.28299  0.05009 -0.20388
   0.27579  0.04982 -0.20252
   0.26847  0.04954 -0.20650
   0.26108  0.04924 -0.20836
   0.25361  0.04892 -0.20715
   0.24607  0.04858 -0.20711
   0.23850  0.04823 -0.20801
   0.23092  0.04786 -0.20834
   0.22333  0.04747 -0.20904
   0.21574  0.04707 -0.20945
   0.20817  0.04664 -0.21113
   0.20063  0.04620 -0.21150
   0.19311  0.04574 -0.21216
   0.18563  0.04526 -0.21515
   0.17820  0.04475 -0.21473
   0.17081  0.04423 -0.21584
   0.16349  0.04368 -0.21806
   0.15624  0.04311 -0.21794
   0.14907  0.04251 -0.22017
   0.14200  0.04189 -0.22062
   0.13503  0.04125 -0.22141
   0.12818  0.04059 -0.22196
   0.12147  0.03990 -0.22200
   0.11493  0.03919 -0.22178
   0.10856  0.03847 -0.22160
   0.10240  0.03773 -0.22090
   0.09647  0.03699 -0.22160
   0.09078  0.03624 -0.22302
   0.08537  0.03550 -0.22139
   0.08024  0.03476 -0.22629
   0.07540  0.03403 -0.22771
   0.07085  0.03331 -0.23111
   0.06658  0.03261 -0.24329
   0.06257  0.03190 -0.24366
   0.05879  0.03120 -0.25429
   0.05523  0.03050 -0.25802
   0.05189  0.02978 -0.25572
   0.04873  0.02906 -0.24919
   0.04574  0.02833 -0.23793
   0.04291  0.02760 -0.22827
   0.04024  0.02687 -0.21307
   0.03771  0.02615 -0.20066
   0.03531  0.02543 -0.19230
   0.03305  0.02471 -0.16736
   0.03089  0.02399 -0.13719
   0.02884  0.02329 -0.11335
   0.02688  0.02260 -0.09744
   0.02502  0.02195 -0.09501
   0.02326  0.02131 -0.09264
   0.02159  0.02067 -0.09076
   0.02000  0.02005 -0.08418
   0.01849  0.01942 -0.07293
   0.01706  0.01880 -0.05444
   0.01569  0.01817 -0.02769
   0.01439  0.01754 -0.00508
   0.01314  0.01692  0.01855
   0.01194  0.01630  0.03936
   0.01080  0.01568  0.05899
   0.00971  0.01507  0.07763
   0.00867  0.01445  0.10292
   0.00767  0.01383  0.12063
   0.00672  0.01321  0.14508
   0.00581  0.01258  0.16551
   0.00495  0.01194  0.19627
   0.00414  0.01128  0.21992
   0.00338  0.01061  0.24807
   0.00268  0.00990  0.28180
   0.00207  0.00914  0.38905
   0.00154  0.00835  0.47668
   0.00111  0.00752  0.59125
   0.00078  0.00665  0.71693
   0.00053  0.00577  0.81692
   0.00035  0.00489  0.88825
   0.00022  0.00400  0.93560
   0.00012  0.00312  0.96919
   0.00005  0.00224  0.98823
   0.00001  0.00137  0.99807
  -0.00000  0.00051  0.99958
   0.00001 -0.00034  0.99379
   0.00004 -0.00120  0.98061
   0.00010 -0.00206  0.95959
   0.00020 -0.00292  0.94309
   0.00027 -0.00380  0.89635
   0.00039 -0.00468  0.86232
   0.00054 -0.00556  0.81235
   0.00072 -0.00645  0.75180
   0.00092 -0.00735  0.68497
   0.00115 -0.00824  0.60664
   0.00142 -0.00914  0.50719
   0.00173 -0.01004  0.39708
   0.00207 -0.01094  0.27196
   0.00247 -0.01182  0.09534
   0.00292 -0.01269  0.01426
   0.00342 -0.01356 -0.33499
   0.00402 -0.01437 -0.39678
   0.00470 -0.01514 -0.50560
   0.00546 -0.01587 -0.54022
   0.00629 -0.01657 -0.56902
   0.00717 -0.01724 -0.57956
   0.00811 -0.01789 -0.59439
   0.00910 -0.01851 -0.59193
   0.01015 -0.01912 -0.58711
   0.01125 -0.01971 -0.58632
   0.01240 -0.02029 -0.57799
   0.01361 -0.02086 -0.57122
   0.01488 -0.02142 -0.56293
   0.01621 -0.02198 -0.54745
   0.01761 -0.02253 -0.53882
   0.01908 -0.02307 -0.52235
   0.02063 -0.02362 -0.51666
   0.02226 -0.02417 -0.50313
   0.02397 -0.02472 -0.48737
   0.02579 -0.02528 -0.47945
   0.02770 -0.02584 -0.46846
   0.02973 -0.02641 -0.46012
   0.03189 -0.02700 -0.45186
   0.03419 -0.02759 -0.44496
   0.03663 -0.02820 -0.43373
   0.03924 -0.02882 -0.42670
   0.04203 -0.02945 -0.41545
   0.04502 -0.03011 -0.40836
   0.04822 -0.03078 -0.40214
   0.05165 -0.03148 -0.39840
   0.05533 -0.03220 -0.39358
   0.05925 -0.03293 -0.39014
   0.06344 -0.03368 -0.38501
   0.06789 -0.03445 -0.38261
   0.07262 -0.03522 -0.37748
   0.07761 -0.03600 -0.37570
   0.08288 -0.03679 -0.37204
   0.08842 -0.03758 -0.36849
   0.09419 -0.03836 -0.36517
   0.10019 -0.03914 -0.36289
   0.10638 -0.03991 -0.36178
   0.11276 -0.04065 -0.36059
   0.11929 -0.04138 -0.35960
   0.12594 -0.04208 -0.35805
   0.13272 -0.04276 -0.35679
   0.13959 -0.04340 -0.35515
   0.14656 -0.04401 -0.35187
   0.15362 -0.04460 -0.34996
   0.16075 -0.04515 -0.34587
   0.16794 -0.04567 -0.34344
   0.17519 -0.04616 -0.33990
   0.18248 -0.04663 -0.33773
   0.18981 -0.04706 -0.33538
   0.19717 -0.04747 -0.33383
   0.20456 -0.04785 -0.32948
   0.21197 -0.04820 -0.32847
   0.21942 -0.04852 -0.32419
   0.22690 -0.04882 -0.32146
   0.23441 -0.04909 -0.31658
   0.24195 -0.04934 -0.31432
   0.24951 -0.04956 -0.31215
   0.25708 -0.04977 -0.30875
   0.26468 -0.04995 -0.30733
   0.27229 -0.05011 -0.30294
   0.27991 -0.05024 -0.30139
   0.28756 -0.05036 -0.29785
   0.29522 -0.05046 -0.29580
   0.30289 -0.05054 -0.29382
   0.31057 -0.05060 -0.29161
   0.31825 -0.05064 -0.28932
   0.32595 -0.05066 -0.28762
   0.33364 -0.05066 -0.28603
   0.34135 -0.05065 -0.28412
   0.34906 -0.05061 -0.28233
   0.35677 -0.05056 -0.28043
   0.36448 -0.05048 -0.27871
   0.37219 -0.05039 -0.27711
   0.37990 -0.05028 -0.27500
   0.38761 -0.05015 -0.27362
   0.39532 -0.05001 -0.27222
   0.40302 -0.04984 -0.27080
   0.41072 -0.04966 -0.26868
   0.41842 -0.04945 -0.26802
   0.42610 -0.04923 -0.26660
   0.43378 -0.04899 -0.26583
   0.44144 -0.04873 -0.26366
   0.44910 -0.04845 -0.26306
   0.45674 -0.04815 -0.26149
   0.46437 -0.04783 -0.26073
   0.47199 -0.04749 -0.25899
   0.47960 -0.04713 -0.25710
   0.48720 -0.04674 -0.25576
   0.49478 -0.04634 -0.25400
   0.50235 -0.04590 -0.25158
   0.50991 -0.04545 -0.25032
   0.51745 -0.04497 -0.24767
   0.52498 -0.04447 -0.24521
   0.53250 -0.04395 -0.24306
   0.54000 -0.04340 -0.24046
   0.54749 -0.04282 -0.23759
   0.55497 -0.04222 -0.23443
   0.56243 -0.04159 -0.23075
   0.56987 -0.04093 -0.22739
   0.57730 -0.04025 -0.22368
   0.58471 -0.03954 -0.21951
   0.59210 -0.03881 -0.21530
   0.59948 -0.03804 -0.21084
   0.60683 -0.03724 -0.20622
   0.61417 -0.03642 -0.19996
   0.62149 -0.03556 -0.19521
   0.62879 -0.03468 -0.18792
   0.63608 -0.03376 -0.18221
   0.64335 -0.03281 -0.17405
   0.65061 -0.03183 -0.16692
   0.65786 -0.03081 -0.15834
   0.66510 -0.02976 -0.14942
   0.67232 -0.02867 -0.13962
   0.67954 -0.02755 -0.12949
   0.68676 -0.02640 -0.11892
   0.69397 -0.02520 -0.10768
   0.70117 -0.02398 -0.09490
   0.70838 -0.02271 -0.08216
   0.71559 -0.02141 -0.06863
   0.72281 -0.02007 -0.05425
   0.73004 -0.01870 -0.03948
   0.73728 -0.01729 -0.02334
   0.74453 -0.01584 -0.00575
   0.75180 -0.01436  0.01059
   0.75910 -0.01284  0.03061
   0.76642 -0.01128  0.04872
   0.77378 -0.00969  0.07053
   0.78118 -0.00807  0.08940
   0.78863 -0.00642  0.11289
   0.79611 -0.00475  0.13377
   0.80361 -0.00306  0.15820
   0.81108 -0.00138  0.18114
   0.81847  0.00029  0.20415
   0.82574  0.00191  0.22793
   0.83289  0.00348  0.24996
   0.83991  0.00499  0.27050
   0.84680  0.00644  0.29021
   0.85358  0.00782  0.30964
   0.86023  0.00913  0.32595
   0.86676  0.01036  0.34456
   0.87316  0.01151  0.35869
   0.87944  0.01258  0.37516
   0.88561  0.01356  0.38699
   0.89167  0.01445  0.39922
   0.89763  0.01526  0.41003
   0.90349  0.01599  0.41959
   0.90927  0.01663  0.42741
   0.91493  0.01718  0.43707
   0.92047  0.01765  0.44294
   0.92588  0.01803  0.45121
   0.93120  0.01832  0.45481
   0.93644  0.01853  0.45566
   0.94160  0.01868  0.45858
   0.94662  0.01876  0.46552
   0.95140  0.01879  0.48093
   0.95595  0.01872  0.49060
   0.96030  0.01853  0.49569
   0.96456  0.01820  0.48078
   0.96881  0.01775  0.45320
   0.97308  0.01723  0.42611
   0.97733  0.01672  0.41393
   0.98147  0.01621  0.42712
   0.98549  0.01562  0.43407
   0.98945  0.01488  0.38883
   0.99342  0.01406  0.32413
   0.99738  0.01325  0.29885
   1.00000  0.01271  0.25422
