GRUMMAN K-2 AIRFOIL                             
 Alfa =  -1.31230 Re =        0.000 Xflap,Yflap =     0.000000    0.000000
#    x        y        Cp  
   1.00000  0.01371  0.25219
   0.99739  0.01444  0.09674
   0.99327  0.01550  0.06274
   0.98886  0.01658  0.04436
   0.98418  0.01773  0.00269
   0.97923  0.01891 -0.02684
   0.97401  0.02013 -0.05687
   0.96856  0.02137 -0.08470
   0.96293  0.02261 -0.11252
   0.95713  0.02384 -0.13556
   0.95115  0.02505 -0.15427
   0.94501  0.02623 -0.16947
   0.93873  0.02739 -0.18305
   0.93231  0.02852 -0.19402
   0.92575  0.02962 -0.20137
   0.91905  0.03069 -0.20705
   0.91224  0.03174 -0.21427
   0.90536  0.03277 -0.22290
   0.89842  0.03376 -0.23036
   0.89145  0.03472 -0.23817
   0.88446  0.03564 -0.24351
   0.87741  0.03652 -0.24756
   0.87030  0.03736 -0.24805
   0.86310  0.03817 -0.24798
   0.85580  0.03897 -0.24756
   0.84840  0.03974 -0.24674
   0.84093  0.04049 -0.24683
   0.83341  0.04123 -0.24726
   0.82588  0.04195 -0.25184
   0.81837  0.04265 -0.25778
   0.81087  0.04332 -0.26034
   0.80338  0.04396 -0.26360
   0.79590  0.04457 -0.26609
   0.78841  0.04515 -0.26710
   0.78092  0.04570 -0.26864
   0.77342  0.04622 -0.26832
   0.76591  0.04671 -0.26833
   0.75838  0.04717 -0.26713
   0.75082  0.04761 -0.26584
   0.74324  0.04802 -0.26195
   0.73562  0.04841 -0.26062
   0.72798  0.04878 -0.25727
   0.72030  0.04913 -0.25507
   0.71260  0.04946 -0.25224
   0.70486  0.04978 -0.24963
   0.69710  0.05008 -0.24688
   0.68932  0.05037 -0.24465
   0.68152  0.05064 -0.24231
   0.67370  0.05090 -0.24134
   0.66588  0.05114 -0.23854
   0.65804  0.05138 -0.23741
   0.65020  0.05160 -0.23560
   0.64235  0.05180 -0.23395
   0.63449  0.05200 -0.23306
   0.62662  0.05218 -0.23078
   0.61875  0.05235 -0.22961
   0.61086  0.05251 -0.22798
   0.60297  0.05266 -0.22615
   0.59508  0.05280 -0.22547
   0.58718  0.05293 -0.22454
   0.57928  0.05305 -0.22314
   0.57138  0.05316 -0.22200
   0.56347  0.05325 -0.22109
   0.55556  0.05334 -0.22051
   0.54765  0.05342 -0.21915
   0.53974  0.05348 -0.21803
   0.53183  0.05354 -0.21714
   0.52391  0.05358 -0.21682
   0.51600  0.05362 -0.21526
   0.50808  0.05365 -0.21503
   0.50017  0.05366 -0.21397
   0.49225  0.05367 -0.21285
   0.48434  0.05366 -0.21277
   0.47642  0.05365 -0.21185
   0.46852  0.05363 -0.21134
   0.46062  0.05360 -0.21023
   0.45272  0.05355 -0.21073
   0.44483  0.05350 -0.20899
   0.43695  0.05344 -0.20854
   0.42908  0.05336 -0.20765
   0.42122  0.05328 -0.20775
   0.41340  0.05319 -0.20696
   0.40562  0.05309 -0.20800
   0.39791  0.05299 -0.20768
   0.39026  0.05286 -0.20794
   0.38268  0.05273 -0.20545
   0.37518  0.05259 -0.20191
   0.36779  0.05245 -0.20286
   0.36056  0.05233 -0.21073
   0.35355  0.05219 -0.22236
   0.34675  0.05202 -0.22910
   0.34015  0.05179 -0.21419
   0.33367  0.05152 -0.18592
   0.32729  0.05126 -0.16059
   0.32094  0.05107 -0.15353
   0.31459  0.05095 -0.17649
   0.30818  0.05086 -0.20674
   0.30168  0.05074 -0.22828
   0.29501  0.05055 -0.22438
   0.28812  0.05029 -0.21093
   0.28102  0.05002 -0.20153
   0.27376  0.04974 -0.20339
   0.26640  0.04946 -0.20617
   0.25896  0.04915 -0.20703
   0.25145  0.04883 -0.20675
   0.24388  0.04848 -0.20639
   0.23629  0.04812 -0.20701
   0.22868  0.04775 -0.20759
   0.22107  0.04735 -0.20857
   0.21346  0.04694 -0.20889
   0.20588  0.04651 -0.20998
   0.19832  0.04606 -0.21068
   0.19079  0.04559 -0.21203
   0.18331  0.04510 -0.21397
   0.17587  0.04459 -0.21350
   0.16848  0.04405 -0.21625
   0.16116  0.04350 -0.21647
   0.15392  0.04292 -0.21728
   0.14676  0.04231 -0.21984
   0.13969  0.04168 -0.21873
   0.13274  0.04103 -0.22071
   0.12592  0.04036 -0.22026
   0.11925  0.03966 -0.22077
   0.11274  0.03895 -0.22016
   0.10643  0.03821 -0.21981
   0.10032  0.03747 -0.22025
   0.09446  0.03673 -0.21951
   0.08886  0.03598 -0.22131
   0.08353  0.03523 -0.22162
   0.07849  0.03450 -0.22427
   0.07373  0.03377 -0.22907
   0.06927  0.03305 -0.23035
   0.06509  0.03235 -0.24211
   0.06115  0.03165 -0.24640
   0.05745  0.03095 -0.25314
   0.05396  0.03023 -0.25671
   0.05068  0.02952 -0.25166
   0.04758  0.02879 -0.24309
   0.04465  0.02805 -0.23206
   0.04187  0.02732 -0.21992
   0.03925  0.02659 -0.20512
   0.03676  0.02587 -0.19575
   0.03441  0.02515 -0.18070
   0.03218  0.02442 -0.15312
   0.03006  0.02371 -0.12501
   0.02804  0.02301 -0.10178
   0.02612  0.02234 -0.09349
   0.02429  0.02168 -0.09160
   0.02256  0.02105 -0.08774
   0.02092  0.02042 -0.08571
   0.01936  0.01979 -0.07785
   0.01788  0.01916 -0.06236
   0.01648  0.01853 -0.04060
   0.01513  0.01790 -0.01458
   0.01385  0.01728  0.00863
   0.01262  0.01665  0.03339
   0.01145  0.01603  0.04889
   0.01032  0.01542  0.06955
   0.00925  0.01480  0.09501
   0.00822  0.01418  0.11134
   0.00724  0.01356  0.13908
   0.00631  0.01293  0.15792
   0.00542  0.01229  0.18115
   0.00458  0.01164  0.21308
   0.00379  0.01098  0.23554
   0.00305  0.01029  0.26942
   0.00239  0.00956  0.31482
   0.00182  0.00878  0.45396
   0.00133  0.00797  0.52039
   0.00094  0.00712  0.65864
   0.00065  0.00624  0.76951
   0.00044  0.00536  0.85693
   0.00028  0.00447  0.91401
   0.00016  0.00358  0.95539
   0.00008  0.00270  0.97979
   0.00003  0.00182  0.99452
   0.00000  0.00095  0.99993
  -0.00000  0.00009  0.99723
   0.00003 -0.00076  0.98814
   0.00006 -0.00163  0.96898
   0.00015 -0.00249  0.95234
   0.00023 -0.00336  0.91890
   0.00032 -0.00424  0.87822
   0.00047 -0.00512  0.83610
   0.00063 -0.00601  0.78073
   0.00082 -0.00691  0.71678
   0.00104 -0.00781  0.64365
   0.00129 -0.00871  0.55145
   0.00157 -0.00961  0.44838
   0.00190 -0.01051  0.33070
   0.00227 -0.01140  0.17693
   0.00270 -0.01228  0.04748
   0.00318 -0.01315 -0.16308
   0.00373 -0.01400 -0.39522
   0.00438 -0.01479 -0.46783
   0.00511 -0.01554 -0.53581
   0.00590 -0.01626 -0.56210
   0.00676 -0.01694 -0.58128
   0.00768 -0.01760 -0.59267
   0.00865 -0.01823 -0.59663
   0.00967 -0.01885 -0.60198
   0.01075 -0.01945 -0.58637
   0.01188 -0.02004 -0.59082
   0.01307 -0.02061 -0.57735
   0.01432 -0.02118 -0.57074
   0.01563 -0.02174 -0.56152
   0.01700 -0.02229 -0.54359
   0.01845 -0.02284 -0.53385
   0.01996 -0.02339 -0.52341
   0.02156 -0.02394 -0.51126
   0.02324 -0.02449 -0.49772
   0.02502 -0.02504 -0.48653
   0.02690 -0.02561 -0.47737
   0.02888 -0.02618 -0.46618
   0.03099 -0.02676 -0.45735
   0.03324 -0.02735 -0.45051
   0.03563 -0.02795 -0.44066
   0.03818 -0.02857 -0.43212
   0.04090 -0.02920 -0.42270
   0.04382 -0.02985 -0.41376
   0.04694 -0.03052 -0.40614
   0.05029 -0.03121 -0.40332
   0.05388 -0.03192 -0.39672
   0.05772 -0.03265 -0.39385
   0.06181 -0.03340 -0.38911
   0.06618 -0.03416 -0.38499
   0.07081 -0.03493 -0.38159
   0.07572 -0.03571 -0.37794
   0.08090 -0.03650 -0.37469
   0.08636 -0.03729 -0.37189
   0.09206 -0.03808 -0.36826
   0.09799 -0.03886 -0.36480
   0.10414 -0.03963 -0.36431
   0.11047 -0.04039 -0.36199
   0.11696 -0.04113 -0.36144
   0.12360 -0.04184 -0.36029
   0.13035 -0.04253 -0.35888
   0.13721 -0.04318 -0.35689
   0.14417 -0.04381 -0.35444
   0.15121 -0.04440 -0.35132
   0.15834 -0.04497 -0.34855
   0.16553 -0.04550 -0.34562
   0.17278 -0.04600 -0.34250
   0.18008 -0.04648 -0.33931
   0.18742 -0.04692 -0.33773
   0.19479 -0.04734 -0.33486
   0.20219 -0.04773 -0.33271
   0.20962 -0.04809 -0.32887
   0.21707 -0.04842 -0.32696
   0.22456 -0.04873 -0.32295
   0.23208 -0.04901 -0.31938
   0.23964 -0.04926 -0.31566
   0.24721 -0.04950 -0.31365
   0.25481 -0.04971 -0.31092
   0.26241 -0.04990 -0.30821
   0.27004 -0.05006 -0.30520
   0.27768 -0.05021 -0.30281
   0.28534 -0.05033 -0.29956
   0.29302 -0.05043 -0.29724
   0.30071 -0.05052 -0.29492
   0.30841 -0.05058 -0.29293
   0.31611 -0.05063 -0.29123
   0.32382 -0.05066 -0.28901
   0.33154 -0.05066 -0.28660
   0.33927 -0.05065 -0.28559
   0.34699 -0.05062 -0.28297
   0.35472 -0.05057 -0.28162
   0.36246 -0.05051 -0.27994
   0.37019 -0.05042 -0.27839
   0.37793 -0.05031 -0.27593
   0.38566 -0.05019 -0.27505
   0.39339 -0.05004 -0.27308
   0.40111 -0.04988 -0.27151
   0.40883 -0.04970 -0.26980
   0.41655 -0.04951 -0.26889
   0.42426 -0.04929 -0.26744
   0.43196 -0.04905 -0.26642
   0.43965 -0.04880 -0.26488
   0.44733 -0.04852 -0.26379
   0.45499 -0.04823 -0.26260
   0.46265 -0.04791 -0.26085
   0.47029 -0.04757 -0.25993
   0.47793 -0.04721 -0.25805
   0.48555 -0.04683 -0.25641
   0.49315 -0.04642 -0.25473
   0.50075 -0.04600 -0.25315
   0.50833 -0.04555 -0.25054
   0.51589 -0.04507 -0.24891
   0.52345 -0.04458 -0.24607
   0.53099 -0.04405 -0.24413
   0.53851 -0.04351 -0.24101
   0.54603 -0.04293 -0.23853
   0.55353 -0.04234 -0.23584
   0.56101 -0.04171 -0.23166
   0.56848 -0.04106 -0.22870
   0.57593 -0.04038 -0.22465
   0.58337 -0.03967 -0.22072
   0.59078 -0.03894 -0.21668
   0.59818 -0.03818 -0.21175
   0.60556 -0.03738 -0.20713
   0.61292 -0.03656 -0.20190
   0.62026 -0.03571 -0.19594
   0.62759 -0.03483 -0.19000
   0.63490 -0.03391 -0.18240
   0.64220 -0.03296 -0.17638
   0.64948 -0.03198 -0.16821
   0.65674 -0.03097 -0.16018
   0.66400 -0.02992 -0.15088
   0.67125 -0.02883 -0.14135
   0.67849 -0.02772 -0.13164
   0.68572 -0.02656 -0.12039
   0.69295 -0.02537 -0.10961
   0.70018 -0.02415 -0.09658
   0.70741 -0.02288 -0.08427
   0.71464 -0.02159 -0.07089
   0.72188 -0.02025 -0.05591
   0.72912 -0.01888 -0.04186
   0.73638 -0.01747 -0.02491
   0.74365 -0.01602 -0.00923
   0.75094 -0.01453  0.00942
   0.75826 -0.01301  0.02739
   0.76560 -0.01146  0.04706
   0.77297 -0.00987  0.06670
   0.78039 -0.00825  0.08826
   0.78785 -0.00659  0.10939
   0.79535 -0.00492  0.13257
   0.80287 -0.00323  0.15542
   0.81037 -0.00154  0.17774
   0.81778  0.00013  0.20294
   0.82509  0.00176  0.22610
   0.83227  0.00334  0.24762
   0.83932  0.00486  0.26836
   0.84624  0.00632  0.28878
   0.85304  0.00771  0.30720
   0.85972  0.00903  0.32612
   0.86628  0.01027  0.34232
   0.87271  0.01143  0.35839
   0.87902  0.01251  0.37341
   0.88521  0.01350  0.38614
   0.89129  0.01440  0.39894
   0.89727  0.01522  0.40873
   0.90316  0.01595  0.41923
   0.90895  0.01659  0.42808
   0.91464  0.01715  0.43546
   0.92020  0.01763  0.44385
   0.92564  0.01802  0.44965
   0.93097  0.01831  0.45426
   0.93623  0.01853  0.45738
   0.94141  0.01867  0.45689
   0.94645  0.01876  0.46714
   0.95125  0.01879  0.47881
   0.95581  0.01873  0.49143
   0.96019  0.01854  0.49554
   0.96446  0.01821  0.48050
   0.96872  0.01776  0.45430
   0.97300  0.01724  0.42575
   0.97726  0.01672  0.41545
   0.98142  0.01621  0.42805
   0.98545  0.01563  0.43241
   0.98942  0.01489  0.38720
   0.99340  0.01406  0.32675
   0.99738  0.01325  0.29809
   1.00000  0.01271  0.25219
