GRUMMAN K-2 AIRFOIL                             
 Alfa =  -1.30130 Re =        0.000 Xflap,Yflap =     0.000000    0.000000
#    x        y        Cp  
   1.00000  0.01371  0.25220
   0.99739  0.01444  0.09672
   0.99327  0.01550  0.06271
   0.98886  0.01658  0.04433
   0.98418  0.01773  0.00264
   0.97923  0.01891 -0.02689
   0.97401  0.02013 -0.05693
   0.96856  0.02137 -0.08477
   0.96293  0.02261 -0.11259
   0.95713  0.02384 -0.13564
   0.95115  0.02505 -0.15436
   0.94501  0.02623 -0.16957
   0.93873  0.02739 -0.18316
   0.93231  0.02852 -0.19414
   0.92575  0.02962 -0.20149
   0.91905  0.03069 -0.20718
   0.91224  0.03174 -0.21441
   0.90536  0.03277 -0.22305
   0.89842  0.03376 -0.23051
   0.89145  0.03472 -0.23833
   0.88446  0.03564 -0.24367
   0.87741  0.03652 -0.24773
   0.87030  0.03736 -0.24822
   0.86310  0.03817 -0.24817
   0.85580  0.03897 -0.24775
   0.84840  0.03974 -0.24694
   0.84093  0.04049 -0.24704
   0.83341  0.04123 -0.24747
   0.82588  0.04195 -0.25205
   0.81837  0.04265 -0.25800
   0.81087  0.04332 -0.26057
   0.80338  0.04396 -0.26383
   0.79590  0.04457 -0.26633
   0.78841  0.04515 -0.26734
   0.78092  0.04570 -0.26889
   0.77342  0.04622 -0.26858
   0.76591  0.04671 -0.26860
   0.75838  0.04717 -0.26740
   0.75082  0.04761 -0.26612
   0.74324  0.04802 -0.26223
   0.73562  0.04841 -0.26091
   0.72798  0.04878 -0.25756
   0.72030  0.04913 -0.25537
   0.71260  0.04946 -0.25254
   0.70486  0.04978 -0.24993
   0.69710  0.05008 -0.24719
   0.68932  0.05037 -0.24497
   0.68152  0.05064 -0.24264
   0.67370  0.05090 -0.24167
   0.66588  0.05114 -0.23887
   0.65804  0.05138 -0.23775
   0.65020  0.05160 -0.23595
   0.64235  0.05180 -0.23430
   0.63449  0.05200 -0.23341
   0.62662  0.05218 -0.23114
   0.61875  0.05235 -0.22998
   0.61086  0.05251 -0.22835
   0.60297  0.05266 -0.22653
   0.59508  0.05280 -0.22585
   0.58718  0.05293 -0.22493
   0.57928  0.05305 -0.22354
   0.57138  0.05316 -0.22240
   0.56347  0.05325 -0.22150
   0.55556  0.05334 -0.22092
   0.54765  0.05342 -0.21957
   0.53974  0.05348 -0.21845
   0.53183  0.05354 -0.21758
   0.52391  0.05358 -0.21726
   0.51600  0.05362 -0.21571
   0.50808  0.05365 -0.21549
   0.50017  0.05366 -0.21443
   0.49225  0.05367 -0.21332
   0.48434  0.05366 -0.21324
   0.47642  0.05365 -0.21233
   0.46852  0.05363 -0.21183
   0.46062  0.05360 -0.21073
   0.45272  0.05355 -0.21123
   0.44483  0.05350 -0.20950
   0.43695  0.05344 -0.20906
   0.42908  0.05336 -0.20818
   0.42122  0.05328 -0.20829
   0.41340  0.05319 -0.20751
   0.40562  0.05309 -0.20856
   0.39791  0.05299 -0.20825
   0.39026  0.05286 -0.20851
   0.38268  0.05273 -0.20603
   0.37518  0.05259 -0.20250
   0.36779  0.05245 -0.20346
   0.36056  0.05233 -0.21134
   0.35355  0.05219 -0.22299
   0.34675  0.05202 -0.22974
   0.34015  0.05179 -0.21483
   0.33367  0.05152 -0.18656
   0.32729  0.05126 -0.16123
   0.32094  0.05107 -0.15416
   0.31459  0.05095 -0.17715
   0.30818  0.05086 -0.20743
   0.30168  0.05074 -0.22899
   0.29501  0.05055 -0.22509
   0.28812  0.05029 -0.21165
   0.28102  0.05002 -0.20226
   0.27376  0.04974 -0.20413
   0.26640  0.04946 -0.20693
   0.25896  0.04915 -0.20780
   0.25145  0.04883 -0.20754
   0.24388  0.04848 -0.20719
   0.23629  0.04812 -0.20783
   0.22868  0.04775 -0.20843
   0.22107  0.04735 -0.20943
   0.21346  0.04694 -0.20977
   0.20588  0.04651 -0.21088
   0.19832  0.04606 -0.21160
   0.19079  0.04559 -0.21297
   0.18331  0.04510 -0.21494
   0.17587  0.04459 -0.21449
   0.16848  0.04405 -0.21727
   0.16116  0.04350 -0.21752
   0.15392  0.04292 -0.21836
   0.14676  0.04231 -0.22095
   0.13969  0.04168 -0.21986
   0.13274  0.04103 -0.22188
   0.12592  0.04036 -0.22147
   0.11925  0.03966 -0.22202
   0.11274  0.03895 -0.22145
   0.10643  0.03821 -0.22113
   0.10032  0.03747 -0.22162
   0.09446  0.03673 -0.22093
   0.08886  0.03598 -0.22278
   0.08353  0.03523 -0.22313
   0.07849  0.03450 -0.22584
   0.07373  0.03377 -0.23070
   0.06927  0.03305 -0.23204
   0.06509  0.03235 -0.24387
   0.06115  0.03165 -0.24822
   0.05745  0.03095 -0.25504
   0.05396  0.03023 -0.25867
   0.05068  0.02952 -0.25368
   0.04758  0.02879 -0.24517
   0.04465  0.02805 -0.23418
   0.04187  0.02732 -0.22210
   0.03925  0.02659 -0.20735
   0.03676  0.02587 -0.19803
   0.03441  0.02515 -0.18303
   0.03218  0.02442 -0.15548
   0.03006  0.02371 -0.12739
   0.02804  0.02301 -0.10420
   0.02612  0.02234 -0.09597
   0.02429  0.02168 -0.09417
   0.02256  0.02105 -0.09039
   0.02092  0.02042 -0.08846
   0.01936  0.01979 -0.08068
   0.01788  0.01916 -0.06526
   0.01648  0.01853 -0.04355
   0.01513  0.01790 -0.01758
   0.01385  0.01728  0.00557
   0.01262  0.01665  0.03027
   0.01145  0.01603  0.04568
   0.01032  0.01542  0.06627
   0.00925  0.01480  0.09164
   0.00822  0.01418  0.10787
   0.00724  0.01356  0.13551
   0.00631  0.01293  0.15422
   0.00542  0.01229  0.17732
   0.00458  0.01164  0.20913
   0.00379  0.01098  0.23139
   0.00305  0.01029  0.26508
   0.00239  0.00956  0.31033
   0.00182  0.00878  0.44994
   0.00133  0.00797  0.51637
   0.00094  0.00712  0.65531
   0.00065  0.00624  0.76685
   0.00044  0.00536  0.85491
   0.00028  0.00447  0.91248
   0.00016  0.00358  0.95431
   0.00008  0.00270  0.97909
   0.00003  0.00182  0.99415
   0.00000  0.00095  0.99989
  -0.00000  0.00009  0.99748
   0.00003 -0.00076  0.98864
   0.00006 -0.00163  0.96984
   0.00015 -0.00249  0.95331
   0.00023 -0.00336  0.92022
   0.00032 -0.00424  0.87986
   0.00047 -0.00512  0.83796
   0.00063 -0.00601  0.78291
   0.00082 -0.00691  0.71927
   0.00104 -0.00781  0.64645
   0.00129 -0.00871  0.55461
   0.00157 -0.00961  0.45193
   0.00190 -0.01051  0.33464
   0.00227 -0.01140  0.18138
   0.00270 -0.01228  0.05225
   0.00318 -0.01315 -0.15767
   0.00373 -0.01400 -0.38920
   0.00438 -0.01479 -0.46192
   0.00511 -0.01554 -0.52999
   0.00590 -0.01626 -0.55651
   0.00676 -0.01694 -0.57591
   0.00768 -0.01760 -0.58753
   0.00865 -0.01823 -0.59171
   0.00967 -0.01885 -0.59727
   0.01075 -0.01945 -0.58188
   0.01188 -0.02004 -0.58650
   0.01307 -0.02061 -0.57322
   0.01432 -0.02118 -0.56678
   0.01563 -0.02174 -0.55773
   0.01700 -0.02229 -0.53996
   0.01845 -0.02284 -0.53037
   0.01996 -0.02339 -0.52006
   0.02156 -0.02394 -0.50804
   0.02324 -0.02449 -0.49463
   0.02502 -0.02504 -0.48356
   0.02690 -0.02561 -0.47451
   0.02888 -0.02618 -0.46343
   0.03099 -0.02676 -0.45469
   0.03324 -0.02735 -0.44795
   0.03563 -0.02795 -0.43819
   0.03818 -0.02857 -0.42974
   0.04090 -0.02920 -0.42042
   0.04382 -0.02985 -0.41156
   0.04694 -0.03052 -0.40401
   0.05029 -0.03121 -0.40127
   0.05388 -0.03192 -0.39474
   0.05772 -0.03265 -0.39193
   0.06181 -0.03340 -0.38726
   0.06618 -0.03416 -0.38321
   0.07081 -0.03493 -0.37987
   0.07572 -0.03571 -0.37628
   0.08090 -0.03650 -0.37309
   0.08636 -0.03729 -0.37035
   0.09206 -0.03808 -0.36676
   0.09799 -0.03886 -0.36335
   0.10414 -0.03963 -0.36291
   0.11047 -0.04039 -0.36064
   0.11696 -0.04113 -0.36013
   0.12360 -0.04184 -0.35902
   0.13035 -0.04253 -0.35765
   0.13721 -0.04318 -0.35569
   0.14417 -0.04381 -0.35328
   0.15121 -0.04440 -0.35020
   0.15834 -0.04497 -0.34745
   0.16553 -0.04550 -0.34455
   0.17278 -0.04600 -0.34146
   0.18008 -0.04648 -0.33830
   0.18742 -0.04692 -0.33674
   0.19479 -0.04734 -0.33390
   0.20219 -0.04773 -0.33177
   0.20962 -0.04809 -0.32795
   0.21707 -0.04842 -0.32606
   0.22456 -0.04873 -0.32208
   0.23208 -0.04901 -0.31852
   0.23964 -0.04926 -0.31482
   0.24721 -0.04950 -0.31283
   0.25481 -0.04971 -0.31013
   0.26241 -0.04990 -0.30743
   0.27004 -0.05006 -0.30443
   0.27768 -0.05021 -0.30206
   0.28534 -0.05033 -0.29883
   0.29302 -0.05043 -0.29652
   0.30071 -0.05052 -0.29422
   0.30841 -0.05058 -0.29224
   0.31611 -0.05063 -0.29055
   0.32382 -0.05066 -0.28835
   0.33154 -0.05066 -0.28594
   0.33927 -0.05065 -0.28495
   0.34699 -0.05062 -0.28234
   0.35472 -0.05057 -0.28101
   0.36246 -0.05051 -0.27934
   0.37019 -0.05042 -0.27780
   0.37793 -0.05031 -0.27535
   0.38566 -0.05019 -0.27448
   0.39339 -0.05004 -0.27252
   0.40111 -0.04988 -0.27096
   0.40883 -0.04970 -0.26926
   0.41655 -0.04951 -0.26836
   0.42426 -0.04929 -0.26691
   0.43196 -0.04905 -0.26590
   0.43965 -0.04880 -0.26437
   0.44733 -0.04852 -0.26330
   0.45499 -0.04823 -0.26211
   0.46265 -0.04791 -0.26037
   0.47029 -0.04757 -0.25946
   0.47793 -0.04721 -0.25759
   0.48555 -0.04683 -0.25595
   0.49315 -0.04642 -0.25428
   0.50075 -0.04600 -0.25271
   0.50833 -0.04555 -0.25011
   0.51589 -0.04507 -0.24849
   0.52345 -0.04458 -0.24565
   0.53099 -0.04405 -0.24372
   0.53851 -0.04351 -0.24060
   0.54603 -0.04293 -0.23813
   0.55353 -0.04234 -0.23545
   0.56101 -0.04171 -0.23128
   0.56848 -0.04106 -0.22833
   0.57593 -0.04038 -0.22428
   0.58337 -0.03967 -0.22036
   0.59078 -0.03894 -0.21633
   0.59818 -0.03818 -0.21141
   0.60556 -0.03738 -0.20679
   0.61292 -0.03656 -0.20157
   0.62026 -0.03571 -0.19561
   0.62759 -0.03483 -0.18968
   0.63490 -0.03391 -0.18209
   0.64220 -0.03296 -0.17608
   0.64948 -0.03198 -0.16791
   0.65674 -0.03097 -0.15989
   0.66400 -0.02992 -0.15060
   0.67125 -0.02883 -0.14108
   0.67849 -0.02772 -0.13138
   0.68572 -0.02656 -0.12013
   0.69295 -0.02537 -0.10936
   0.70018 -0.02415 -0.09633
   0.70741 -0.02288 -0.08403
   0.71464 -0.02159 -0.07066
   0.72188 -0.02025 -0.05569
   0.72912 -0.01888 -0.04165
   0.73638 -0.01747 -0.02471
   0.74365 -0.01602 -0.00903
   0.75094 -0.01453  0.00961
   0.75826 -0.01301  0.02757
   0.76560 -0.01146  0.04723
   0.77297 -0.00987  0.06687
   0.78039 -0.00825  0.08842
   0.78785 -0.00659  0.10955
   0.79535 -0.00492  0.13271
   0.80287 -0.00323  0.15556
   0.81037 -0.00154  0.17788
   0.81778  0.00013  0.20307
   0.82509  0.00176  0.22621
   0.83227  0.00334  0.24773
   0.83932  0.00486  0.26847
   0.84624  0.00632  0.28888
   0.85304  0.00771  0.30729
   0.85972  0.00903  0.32621
   0.86628  0.01027  0.34241
   0.87271  0.01143  0.35847
   0.87902  0.01251  0.37349
   0.88521  0.01350  0.38621
   0.89129  0.01440  0.39901
   0.89727  0.01522  0.40879
   0.90316  0.01595  0.41929
   0.90895  0.01659  0.42814
   0.91464  0.01715  0.43552
   0.92020  0.01763  0.44390
   0.92564  0.01802  0.44971
   0.93097  0.01831  0.45431
   0.93623  0.01853  0.45742
   0.94141  0.01867  0.45693
   0.94645  0.01876  0.46718
   0.95125  0.01879  0.47885
   0.95581  0.01873  0.49147
   0.96019  0.01854  0.49558
   0.96446  0.01821  0.48053
   0.96872  0.01776  0.45433
   0.97300  0.01724  0.42579
   0.97726  0.01672  0.41548
   0.98142  0.01621  0.42808
   0.98545  0.01563  0.43243
   0.98942  0.01489  0.38723
   0.99340  0.01406  0.32677
   0.99738  0.01325  0.29810
   1.00000  0.01271  0.25220
