GRUMMAN K-2 AIRFOIL                             
 Alfa =  -1.19100 Re =        0.000 Xflap,Yflap =     0.000000    0.000000
#    x        y        Cp  
   1.00000  0.01371  0.25416
   0.99740  0.01444  0.09910
   0.99329  0.01549  0.06131
   0.98889  0.01657  0.04586
   0.98423  0.01772  0.00541
   0.97929  0.01890 -0.02960
   0.97409  0.02011 -0.05562
   0.96867  0.02135 -0.08610
   0.96305  0.02259 -0.11269
   0.95727  0.02381 -0.13439
   0.95131  0.02502 -0.15540
   0.94520  0.02620 -0.17055
   0.93893  0.02735 -0.18368
   0.93253  0.02848 -0.19497
   0.92600  0.02957 -0.20219
   0.91932  0.03065 -0.20833
   0.91254  0.03170 -0.21531
   0.90568  0.03272 -0.22403
   0.89876  0.03372 -0.23149
   0.89181  0.03467 -0.23967
   0.88484  0.03559 -0.24569
   0.87782  0.03647 -0.24838
   0.87073  0.03731 -0.24956
   0.86355  0.03812 -0.25073
   0.85628  0.03891 -0.24952
   0.84891  0.03968 -0.24873
   0.84146  0.04044 -0.24872
   0.83396  0.04117 -0.24871
   0.82645  0.04190 -0.25447
   0.81896  0.04260 -0.25945
   0.81149  0.04327 -0.26308
   0.80402  0.04391 -0.26564
   0.79655  0.04452 -0.26815
   0.78909  0.04510 -0.27036
   0.78162  0.04565 -0.27117
   0.77414  0.04617 -0.27074
   0.76665  0.04666 -0.27119
   0.75914  0.04713 -0.26999
   0.75161  0.04756 -0.26823
   0.74405  0.04798 -0.26653
   0.73646  0.04837 -0.26367
   0.72884  0.04874 -0.26127
   0.72118  0.04909 -0.25845
   0.71350  0.04943 -0.25518
   0.70580  0.04974 -0.25342
   0.69806  0.05004 -0.25044
   0.69030  0.05033 -0.24845
   0.68252  0.05060 -0.24639
   0.67473  0.05086 -0.24466
   0.66693  0.05111 -0.24250
   0.65911  0.05135 -0.24130
   0.65129  0.05157 -0.23987
   0.64347  0.05178 -0.23787
   0.63563  0.05197 -0.23680
   0.62779  0.05216 -0.23534
   0.61994  0.05233 -0.23333
   0.61208  0.05249 -0.23285
   0.60421  0.05264 -0.23038
   0.59633  0.05278 -0.22961
   0.58846  0.05291 -0.22844
   0.58058  0.05303 -0.22786
   0.57270  0.05314 -0.22667
   0.56482  0.05324 -0.22582
   0.55693  0.05333 -0.22479
   0.54904  0.05340 -0.22419
   0.54115  0.05347 -0.22281
   0.53326  0.05353 -0.22252
   0.52537  0.05358 -0.22121
   0.51748  0.05361 -0.22037
   0.50958  0.05364 -0.22012
   0.50169  0.05366 -0.21856
   0.49380  0.05367 -0.21898
   0.48590  0.05367 -0.21736
   0.47801  0.05366 -0.21778
   0.47012  0.05363 -0.21681
   0.46224  0.05360 -0.21612
   0.45437  0.05356 -0.21555
   0.44650  0.05351 -0.21507
   0.43864  0.05345 -0.21402
   0.43079  0.05338 -0.21386
   0.42295  0.05330 -0.21360
   0.41514  0.05321 -0.21329
   0.40737  0.05312 -0.21398
   0.39966  0.05301 -0.21343
   0.39202  0.05289 -0.21469
   0.38445  0.05276 -0.21181
   0.37694  0.05262 -0.20923
   0.36954  0.05249 -0.20828
   0.36229  0.05236 -0.21550
   0.35524  0.05223 -0.22643
   0.34842  0.05207 -0.23571
   0.34179  0.05185 -0.22697
   0.33530  0.05159 -0.19999
   0.32892  0.05132 -0.17325
   0.32258  0.05111 -0.15955
   0.31625  0.05098 -0.17598
   0.30988  0.05089 -0.20546
   0.30343  0.05078 -0.23290
   0.29682  0.05061 -0.23525
   0.29002  0.05037 -0.22284
   0.28299  0.05009 -0.21103
   0.27579  0.04982 -0.20980
   0.26847  0.04954 -0.21393
   0.26108  0.04924 -0.21593
   0.25361  0.04892 -0.21488
   0.24607  0.04858 -0.21499
   0.23850  0.04823 -0.21605
   0.23092  0.04786 -0.21656
   0.22333  0.04747 -0.21744
   0.21574  0.04707 -0.21803
   0.20817  0.04664 -0.21992
   0.20063  0.04620 -0.22050
   0.19311  0.04574 -0.22138
   0.18563  0.04526 -0.22462
   0.17820  0.04475 -0.22443
   0.17081  0.04423 -0.22580
   0.16349  0.04368 -0.22830
   0.15624  0.04311 -0.22845
   0.14907  0.04251 -0.23099
   0.14200  0.04189 -0.23176
   0.13503  0.04125 -0.23288
   0.12818  0.04059 -0.23378
   0.12147  0.03990 -0.23418
   0.11493  0.03919 -0.23435
   0.10856  0.03847 -0.23457
   0.10240  0.03773 -0.23429
   0.09647  0.03699 -0.23544
   0.09078  0.03624 -0.23733
   0.08537  0.03550 -0.23617
   0.08024  0.03476 -0.24163
   0.07540  0.03403 -0.24359
   0.07085  0.03331 -0.24756
   0.06658  0.03261 -0.26047
   0.06257  0.03190 -0.26141
   0.05879  0.03120 -0.27280
   0.05523  0.03050 -0.27720
   0.05189  0.02978 -0.27552
   0.04873  0.02906 -0.26955
   0.04574  0.02833 -0.25879
   0.04291  0.02760 -0.24966
   0.04024  0.02687 -0.23492
   0.03771  0.02615 -0.22302
   0.03531  0.02543 -0.21528
   0.03305  0.02471 -0.19063
   0.03089  0.02399 -0.16067
   0.02884  0.02329 -0.13713
   0.02688  0.02260 -0.12172
   0.02502  0.02195 -0.12009
   0.02326  0.02131 -0.11860
   0.02159  0.02067 -0.11761
   0.02000  0.02005 -0.11190
   0.01849  0.01942 -0.10145
   0.01706  0.01880 -0.08357
   0.01569  0.01817 -0.05728
   0.01439  0.01754 -0.03520
   0.01314  0.01692 -0.01216
   0.01194  0.01630  0.00791
   0.01080  0.01568  0.02671
   0.00971  0.01507  0.04447
   0.00867  0.01445  0.06893
   0.00767  0.01383  0.08553
   0.00672  0.01321  0.10886
   0.00581  0.01258  0.12793
   0.00495  0.01194  0.15744
   0.00414  0.01128  0.17942
   0.00338  0.01061  0.20552
   0.00268  0.00990  0.23721
   0.00207  0.00914  0.34666
   0.00154  0.00835  0.43567
   0.00111  0.00752  0.55423
   0.00078  0.00665  0.68674
   0.00053  0.00577  0.79334
   0.00035  0.00489  0.87032
   0.00022  0.00400  0.92221
   0.00012  0.00312  0.95996
   0.00005  0.00224  0.98241
   0.00001  0.00137  0.99542
  -0.00000  0.00051  0.99999
   0.00001 -0.00034  0.99691
   0.00004 -0.00120  0.98652
   0.00010 -0.00206  0.96850
   0.00020 -0.00292  0.95293
   0.00027 -0.00380  0.91102
   0.00039 -0.00468  0.87872
   0.00054 -0.00556  0.83167
   0.00072 -0.00645  0.77421
   0.00092 -0.00735  0.71036
   0.00115 -0.00824  0.63522
   0.00142 -0.00914  0.53954
   0.00173 -0.01004  0.43332
   0.00207 -0.01094  0.31210
   0.00247 -0.01182  0.14127
   0.00292 -0.01269  0.06082
   0.00342 -0.01356 -0.27639
   0.00402 -0.01437 -0.33978
   0.00470 -0.01514 -0.44781
   0.00546 -0.01587 -0.48464
   0.00629 -0.01657 -0.51540
   0.00717 -0.01724 -0.52830
   0.00811 -0.01789 -0.54509
   0.00910 -0.01851 -0.54483
   0.01015 -0.01912 -0.54213
   0.01125 -0.01971 -0.54318
   0.01240 -0.02029 -0.53668
   0.01361 -0.02086 -0.53161
   0.01488 -0.02142 -0.52495
   0.01621 -0.02198 -0.51111
   0.01761 -0.02253 -0.50393
   0.01908 -0.02307 -0.48889
   0.02063 -0.02362 -0.48444
   0.02226 -0.02417 -0.47218
   0.02397 -0.02472 -0.45766
   0.02579 -0.02528 -0.45084
   0.02770 -0.02584 -0.44091
   0.02973 -0.02641 -0.43355
   0.03189 -0.02700 -0.42623
   0.03419 -0.02759 -0.42023
   0.03663 -0.02820 -0.40991
   0.03924 -0.02882 -0.40374
   0.04203 -0.02945 -0.39335
   0.04502 -0.03011 -0.38705
   0.04822 -0.03078 -0.38157
   0.05165 -0.03148 -0.37854
   0.05533 -0.03220 -0.37441
   0.05925 -0.03293 -0.37163
   0.06344 -0.03368 -0.36716
   0.06789 -0.03445 -0.36537
   0.07262 -0.03522 -0.36084
   0.07761 -0.03600 -0.35963
   0.08288 -0.03679 -0.35653
   0.08842 -0.03758 -0.35350
   0.09419 -0.03836 -0.35070
   0.10019 -0.03914 -0.34889
   0.10638 -0.03991 -0.34823
   0.11276 -0.04065 -0.34746
   0.11929 -0.04138 -0.34687
   0.12594 -0.04208 -0.34570
   0.13272 -0.04276 -0.34479
   0.13959 -0.04340 -0.34350
   0.14656 -0.04401 -0.34055
   0.15362 -0.04460 -0.33897
   0.16075 -0.04515 -0.33518
   0.16794 -0.04567 -0.33303
   0.17519 -0.04616 -0.32977
   0.18248 -0.04663 -0.32786
   0.18981 -0.04706 -0.32575
   0.19717 -0.04747 -0.32444
   0.20456 -0.04785 -0.32033
   0.21197 -0.04820 -0.31951
   0.21942 -0.04852 -0.31546
   0.22690 -0.04882 -0.31293
   0.23441 -0.04909 -0.30825
   0.24195 -0.04934 -0.30618
   0.24951 -0.04956 -0.30417
   0.25708 -0.04977 -0.30096
   0.26468 -0.04995 -0.29969
   0.27229 -0.05011 -0.29548
   0.27991 -0.05024 -0.29407
   0.28756 -0.05036 -0.29068
   0.29522 -0.05046 -0.28878
   0.30289 -0.05054 -0.28694
   0.31057 -0.05060 -0.28487
   0.31825 -0.05064 -0.28269
   0.32595 -0.05066 -0.28114
   0.33364 -0.05066 -0.27965
   0.34135 -0.05065 -0.27787
   0.34906 -0.05061 -0.27619
   0.35677 -0.05056 -0.27441
   0.36448 -0.05048 -0.27280
   0.37219 -0.05039 -0.27128
   0.37990 -0.05028 -0.26930
   0.38761 -0.05015 -0.26800
   0.39532 -0.05001 -0.26672
   0.40302 -0.04984 -0.26539
   0.41072 -0.04966 -0.26335
   0.41842 -0.04945 -0.26279
   0.42610 -0.04923 -0.26146
   0.43378 -0.04899 -0.26077
   0.44144 -0.04873 -0.25869
   0.44910 -0.04845 -0.25818
   0.45674 -0.04815 -0.25668
   0.46437 -0.04783 -0.25601
   0.47199 -0.04749 -0.25435
   0.47960 -0.04713 -0.25253
   0.48720 -0.04674 -0.25127
   0.49478 -0.04634 -0.24959
   0.50235 -0.04590 -0.24725
   0.50991 -0.04545 -0.24607
   0.51745 -0.04497 -0.24347
   0.52498 -0.04447 -0.24110
   0.53250 -0.04395 -0.23902
   0.54000 -0.04340 -0.23650
   0.54749 -0.04282 -0.23370
   0.55497 -0.04222 -0.23060
   0.56243 -0.04159 -0.22701
   0.56987 -0.04093 -0.22371
   0.57730 -0.04025 -0.22006
   0.58471 -0.03954 -0.21598
   0.59210 -0.03881 -0.21182
   0.59948 -0.03804 -0.20744
   0.60683 -0.03724 -0.20288
   0.61417 -0.03642 -0.19669
   0.62149 -0.03556 -0.19202
   0.62879 -0.03468 -0.18481
   0.63608 -0.03376 -0.17916
   0.64335 -0.03281 -0.17106
   0.65061 -0.03183 -0.16402
   0.65786 -0.03081 -0.15550
   0.66510 -0.02976 -0.14665
   0.67232 -0.02867 -0.13693
   0.67954 -0.02755 -0.12688
   0.68676 -0.02640 -0.11635
   0.69397 -0.02520 -0.10520
   0.70117 -0.02398 -0.09249
   0.70838 -0.02271 -0.07983
   0.71559 -0.02141 -0.06638
   0.72281 -0.02007 -0.05206
   0.73004 -0.01870 -0.03735
   0.73728 -0.01729 -0.02131
   0.74453 -0.01584 -0.00381
   0.75180 -0.01436  0.01249
   0.75910 -0.01284  0.03243
   0.76642 -0.01128  0.05044
   0.77378 -0.00969  0.07219
   0.78118 -0.00807  0.09098
   0.78863 -0.00642  0.11441
   0.79611 -0.00475  0.13520
   0.80361 -0.00306  0.15956
   0.81108 -0.00138  0.18243
   0.81847  0.00029  0.20538
   0.82574  0.00191  0.22909
   0.83289  0.00348  0.25106
   0.83991  0.00499  0.27153
   0.84680  0.00644  0.29119
   0.85358  0.00782  0.31058
   0.86023  0.00913  0.32683
   0.86676  0.01036  0.34538
   0.87316  0.01151  0.35951
   0.87944  0.01258  0.37590
   0.88561  0.01356  0.38771
   0.89167  0.01445  0.39991
   0.89763  0.01526  0.41067
   0.90349  0.01599  0.42022
   0.90927  0.01663  0.42800
   0.91493  0.01718  0.43761
   0.92047  0.01765  0.44350
   0.92588  0.01803  0.45171
   0.93120  0.01832  0.45531
   0.93644  0.01853  0.45612
   0.94160  0.01868  0.45903
   0.94662  0.01876  0.46598
   0.95140  0.01879  0.48132
   0.95595  0.01872  0.49098
   0.96030  0.01853  0.49605
   0.96456  0.01820  0.48112
   0.96881  0.01775  0.45356
   0.97308  0.01723  0.42646
   0.97733  0.01672  0.41426
   0.98147  0.01621  0.42741
   0.98549  0.01562  0.43432
   0.98945  0.01488  0.38909
   0.99342  0.01406  0.32439
   0.99738  0.01325  0.29906
   1.00000  0.01271  0.25416
