GRUMMAN K-2 AIRFOIL                             
 Alfa =  -1.28030 Re =        0.000 Xflap,Yflap =     0.000000    0.000000
#    x        y        Cp  
   1.00000  0.01371  0.25421
   0.99740  0.01444  0.09921
   0.99329  0.01549  0.06147
   0.98889  0.01657  0.04612
   0.98423  0.01772  0.00577
   0.97929  0.01890 -0.02919
   0.97409  0.02011 -0.05516
   0.96867  0.02135 -0.08554
   0.96305  0.02259 -0.11207
   0.95727  0.02381 -0.13373
   0.95131  0.02502 -0.15465
   0.94520  0.02620 -0.16973
   0.93893  0.02735 -0.18280
   0.93253  0.02848 -0.19402
   0.92600  0.02957 -0.20120
   0.91932  0.03065 -0.20726
   0.91254  0.03170 -0.21421
   0.90568  0.03272 -0.22284
   0.89876  0.03372 -0.23028
   0.89181  0.03467 -0.23837
   0.88484  0.03559 -0.24434
   0.87782  0.03647 -0.24699
   0.87073  0.03731 -0.24811
   0.86355  0.03812 -0.24923
   0.85628  0.03891 -0.24800
   0.84891  0.03968 -0.24712
   0.84146  0.04044 -0.24709
   0.83396  0.04117 -0.24702
   0.82645  0.04190 -0.25274
   0.81896  0.04260 -0.25765
   0.81149  0.04327 -0.26123
   0.80402  0.04391 -0.26376
   0.79655  0.04452 -0.26619
   0.78909  0.04510 -0.26839
   0.78162  0.04565 -0.26911
   0.77414  0.04617 -0.26865
   0.76665  0.04666 -0.26903
   0.75914  0.04713 -0.26781
   0.75161  0.04756 -0.26600
   0.74405  0.04798 -0.26428
   0.73646  0.04837 -0.26135
   0.72884  0.04874 -0.25893
   0.72118  0.04909 -0.25605
   0.71350  0.04943 -0.25274
   0.70580  0.04974 -0.25094
   0.69806  0.05004 -0.24794
   0.69030  0.05033 -0.24587
   0.68252  0.05060 -0.24380
   0.67473  0.05086 -0.24200
   0.66693  0.05111 -0.23981
   0.65911  0.05135 -0.23857
   0.65129  0.05157 -0.23708
   0.64347  0.05178 -0.23504
   0.63563  0.05197 -0.23393
   0.62779  0.05216 -0.23242
   0.61994  0.05233 -0.23036
   0.61208  0.05249 -0.22985
   0.60421  0.05264 -0.22733
   0.59633  0.05278 -0.22650
   0.58846  0.05291 -0.22528
   0.58058  0.05303 -0.22465
   0.57270  0.05314 -0.22342
   0.56482  0.05324 -0.22252
   0.55693  0.05333 -0.22144
   0.54904  0.05340 -0.22078
   0.54115  0.05347 -0.21935
   0.53326  0.05353 -0.21901
   0.52537  0.05358 -0.21765
   0.51748  0.05361 -0.21674
   0.50958  0.05364 -0.21645
   0.50169  0.05366 -0.21483
   0.49380  0.05367 -0.21519
   0.48590  0.05367 -0.21351
   0.47801  0.05366 -0.21387
   0.47012  0.05363 -0.21284
   0.46224  0.05360 -0.21209
   0.45437  0.05356 -0.21146
   0.44650  0.05351 -0.21092
   0.43864  0.05345 -0.20981
   0.43079  0.05338 -0.20957
   0.42295  0.05330 -0.20925
   0.41514  0.05321 -0.20887
   0.40737  0.05312 -0.20949
   0.39966  0.05301 -0.20885
   0.39202  0.05289 -0.21006
   0.38445  0.05276 -0.20710
   0.37694  0.05262 -0.20446
   0.36954  0.05249 -0.20344
   0.36229  0.05236 -0.21055
   0.35524  0.05223 -0.22136
   0.34842  0.05207 -0.23054
   0.34179  0.05185 -0.22174
   0.33530  0.05159 -0.19481
   0.32892  0.05132 -0.16812
   0.32258  0.05111 -0.15440
   0.31625  0.05098 -0.17069
   0.30988  0.05089 -0.19995
   0.30343  0.05078 -0.22717
   0.29682  0.05061 -0.22944
   0.29002  0.05037 -0.21698
   0.28299  0.05009 -0.20513
   0.27579  0.04982 -0.20380
   0.26847  0.04954 -0.20780
   0.26108  0.04924 -0.20969
   0.25361  0.04892 -0.20851
   0.24607  0.04858 -0.20849
   0.23850  0.04823 -0.20942
   0.23092  0.04786 -0.20978
   0.22333  0.04747 -0.21051
   0.21574  0.04707 -0.21095
   0.20817  0.04664 -0.21267
   0.20063  0.04620 -0.21307
   0.19311  0.04574 -0.21378
   0.18563  0.04526 -0.21681
   0.17820  0.04475 -0.21643
   0.17081  0.04423 -0.21759
   0.16349  0.04368 -0.21985
   0.15624  0.04311 -0.21978
   0.14907  0.04251 -0.22206
   0.14200  0.04189 -0.22257
   0.13503  0.04125 -0.22342
   0.12818  0.04059 -0.22403
   0.12147  0.03990 -0.22413
   0.11493  0.03919 -0.22399
   0.10856  0.03847 -0.22387
   0.10240  0.03773 -0.22325
   0.09647  0.03699 -0.22402
   0.09078  0.03624 -0.22553
   0.08537  0.03550 -0.22398
   0.08024  0.03476 -0.22898
   0.07540  0.03403 -0.23049
   0.07085  0.03331 -0.23398
   0.06658  0.03261 -0.24630
   0.06257  0.03190 -0.24677
   0.05879  0.03120 -0.25753
   0.05523  0.03050 -0.26137
   0.05189  0.02978 -0.25918
   0.04873  0.02906 -0.25275
   0.04574  0.02833 -0.24158
   0.04291  0.02760 -0.23201
   0.04024  0.02687 -0.21689
   0.03771  0.02615 -0.20457
   0.03531  0.02543 -0.19631
   0.03305  0.02471 -0.17143
   0.03089  0.02399 -0.14129
   0.02884  0.02329 -0.11750
   0.02688  0.02260 -0.10168
   0.02502  0.02195 -0.09939
   0.02326  0.02131 -0.09718
   0.02159  0.02067 -0.09544
   0.02000  0.02005 -0.08902
   0.01849  0.01942 -0.07791
   0.01706  0.01880 -0.05953
   0.01569  0.01817 -0.03286
   0.01439  0.01754 -0.01033
   0.01314  0.01692  0.01320
   0.01194  0.01630  0.03388
   0.01080  0.01568  0.05336
   0.00971  0.01507  0.07185
   0.00867  0.01445  0.09700
   0.00767  0.01383  0.11452
   0.00672  0.01321  0.13878
   0.00581  0.01258  0.15898
   0.00495  0.01194  0.18952
   0.00414  0.01128  0.21289
   0.00338  0.01061  0.24069
   0.00268  0.00990  0.27407
   0.00207  0.00914  0.38171
   0.00154  0.00835  0.46960
   0.00111  0.00752  0.58487
   0.00078  0.00665  0.71174
   0.00053  0.00577  0.81288
   0.00035  0.00489  0.88520
   0.00022  0.00400  0.93334
   0.00012  0.00312  0.96766
   0.00005  0.00224  0.98729
   0.00001  0.00137  0.99769
  -0.00000  0.00051  0.99973
   0.00001 -0.00034  0.99441
   0.00004 -0.00120  0.98172
   0.00010 -0.00206  0.96124
   0.00020 -0.00292  0.94489
   0.00027 -0.00380  0.89900
   0.00039 -0.00468  0.86527
   0.00054 -0.00556  0.81581
   0.00072 -0.00645  0.75581
   0.00092 -0.00735  0.68950
   0.00115 -0.00824  0.61173
   0.00142 -0.00914  0.51295
   0.00173 -0.01004  0.40352
   0.00207 -0.01094  0.27908
   0.00247 -0.01182  0.10349
   0.00292 -0.01269  0.02251
   0.00342 -0.01356 -0.32462
   0.00402 -0.01437 -0.38670
   0.00470 -0.01514 -0.49538
   0.00546 -0.01587 -0.53039
   0.00629 -0.01657 -0.55955
   0.00717 -0.01724 -0.57051
   0.00811 -0.01789 -0.58569
   0.00910 -0.01851 -0.58361
   0.01015 -0.01912 -0.57917
   0.01125 -0.01971 -0.57871
   0.01240 -0.02029 -0.57070
   0.01361 -0.02086 -0.56424
   0.01488 -0.02142 -0.55624
   0.01621 -0.02198 -0.54105
   0.01761 -0.02253 -0.53267
   0.01908 -0.02307 -0.51645
   0.02063 -0.02362 -0.51098
   0.02226 -0.02417 -0.49768
   0.02397 -0.02472 -0.48214
   0.02579 -0.02528 -0.47441
   0.02770 -0.02584 -0.46361
   0.02973 -0.02641 -0.45544
   0.03189 -0.02700 -0.44735
   0.03419 -0.02759 -0.44061
   0.03663 -0.02820 -0.42954
   0.03924 -0.02882 -0.42266
   0.04203 -0.02945 -0.41156
   0.04502 -0.03011 -0.40461
   0.04822 -0.03078 -0.39852
   0.05165 -0.03148 -0.39491
   0.05533 -0.03220 -0.39021
   0.05925 -0.03293 -0.38688
   0.06344 -0.03368 -0.38187
   0.06789 -0.03445 -0.37958
   0.07262 -0.03522 -0.37455
   0.07761 -0.03600 -0.37288
   0.08288 -0.03679 -0.36932
   0.08842 -0.03758 -0.36585
   0.09419 -0.03836 -0.36263
   0.10019 -0.03914 -0.36043
   0.10638 -0.03991 -0.35940
   0.11276 -0.04065 -0.35829
   0.11929 -0.04138 -0.35737
   0.12594 -0.04208 -0.35588
   0.13272 -0.04276 -0.35468
   0.13959 -0.04340 -0.35311
   0.14656 -0.04401 -0.34988
   0.15362 -0.04460 -0.34803
   0.16075 -0.04515 -0.34400
   0.16794 -0.04567 -0.34161
   0.17519 -0.04616 -0.33812
   0.18248 -0.04663 -0.33599
   0.18981 -0.04706 -0.33369
   0.19717 -0.04747 -0.33218
   0.20456 -0.04785 -0.32788
   0.21197 -0.04820 -0.32689
   0.21942 -0.04852 -0.32266
   0.22690 -0.04882 -0.31996
   0.23441 -0.04909 -0.31512
   0.24195 -0.04934 -0.31289
   0.24951 -0.04956 -0.31075
   0.25708 -0.04977 -0.30738
   0.26468 -0.04995 -0.30599
   0.27229 -0.05011 -0.30163
   0.27991 -0.05024 -0.30010
   0.28756 -0.05036 -0.29659
   0.29522 -0.05046 -0.29456
   0.30289 -0.05054 -0.29262
   0.31057 -0.05060 -0.29043
   0.31825 -0.05064 -0.28816
   0.32595 -0.05066 -0.28649
   0.33364 -0.05066 -0.28491
   0.34135 -0.05065 -0.28302
   0.34906 -0.05061 -0.28125
   0.35677 -0.05056 -0.27937
   0.36448 -0.05048 -0.27768
   0.37219 -0.05039 -0.27608
   0.37990 -0.05028 -0.27400
   0.38761 -0.05015 -0.27264
   0.39532 -0.05001 -0.27125
   0.40302 -0.04984 -0.26985
   0.41072 -0.04966 -0.26775
   0.41842 -0.04945 -0.26710
   0.42610 -0.04923 -0.26570
   0.43378 -0.04899 -0.26494
   0.44144 -0.04873 -0.26279
   0.44910 -0.04845 -0.26220
   0.45674 -0.04815 -0.26064
   0.46437 -0.04783 -0.25990
   0.47199 -0.04749 -0.25818
   0.47960 -0.04713 -0.25630
   0.48720 -0.04674 -0.25497
   0.49478 -0.04634 -0.25323
   0.50235 -0.04590 -0.25082
   0.50991 -0.04545 -0.24957
   0.51745 -0.04497 -0.24693
   0.52498 -0.04447 -0.24449
   0.53250 -0.04395 -0.24235
   0.54000 -0.04340 -0.23976
   0.54749 -0.04282 -0.23691
   0.55497 -0.04222 -0.23376
   0.56243 -0.04159 -0.23010
   0.56987 -0.04093 -0.22675
   0.57730 -0.04025 -0.22304
   0.58471 -0.03954 -0.21889
   0.59210 -0.03881 -0.21469
   0.59948 -0.03804 -0.21025
   0.60683 -0.03724 -0.20564
   0.61417 -0.03642 -0.19939
   0.62149 -0.03556 -0.19465
   0.62879 -0.03468 -0.18738
   0.63608 -0.03376 -0.18168
   0.64335 -0.03281 -0.17352
   0.65061 -0.03183 -0.16642
   0.65786 -0.03081 -0.15785
   0.66510 -0.02976 -0.14893
   0.67232 -0.02867 -0.13915
   0.67954 -0.02755 -0.12903
   0.68676 -0.02640 -0.11847
   0.69397 -0.02520 -0.10725
   0.70117 -0.02398 -0.09448
   0.70838 -0.02271 -0.08175
   0.71559 -0.02141 -0.06823
   0.72281 -0.02007 -0.05386
   0.73004 -0.01870 -0.03910
   0.73728 -0.01729 -0.02299
   0.74453 -0.01584 -0.00541
   0.75180 -0.01436  0.01092
   0.75910 -0.01284  0.03093
   0.76642 -0.01128  0.04902
   0.77378 -0.00969  0.07082
   0.78118 -0.00807  0.08967
   0.78863 -0.00642  0.11316
   0.79611 -0.00475  0.13402
   0.80361 -0.00306  0.15844
   0.81108 -0.00138  0.18137
   0.81847  0.00029  0.20436
   0.82574  0.00191  0.22814
   0.83289  0.00348  0.25015
   0.83991  0.00499  0.27068
   0.84680  0.00644  0.29038
   0.85358  0.00782  0.30981
   0.86023  0.00913  0.32611
   0.86676  0.01036  0.34470
   0.87316  0.01151  0.35883
   0.87944  0.01258  0.37529
   0.88561  0.01356  0.38712
   0.89167  0.01445  0.39934
   0.89763  0.01526  0.41014
   0.90349  0.01599  0.41970
   0.90927  0.01663  0.42751
   0.91493  0.01718  0.43716
   0.92047  0.01765  0.44303
   0.92588  0.01803  0.45130
   0.93120  0.01832  0.45490
   0.93644  0.01853  0.45574
   0.94160  0.01868  0.45866
   0.94662  0.01876  0.46560
   0.95140  0.01879  0.48100
   0.95595  0.01872  0.49066
   0.96030  0.01853  0.49575
   0.96456  0.01820  0.48084
   0.96881  0.01775  0.45326
   0.97308  0.01723  0.42617
   0.97733  0.01672  0.41398
   0.98147  0.01621  0.42717
   0.98549  0.01562  0.43411
   0.98945  0.01488  0.38887
   0.99342  0.01406  0.32418
   0.99738  0.01325  0.29889
   1.00000  0.01271  0.25421
