GRUMMAN K-2 AIRFOIL                             
 Alfa =  -1.30510 Re =        0.000 Xflap,Yflap =     0.000000    0.000000
#    x        y        Cp  
   1.00000  0.01371  0.25220
   0.99739  0.01444  0.09673
   0.99327  0.01550  0.06272
   0.98886  0.01658  0.04434
   0.98418  0.01773  0.00266
   0.97923  0.01891 -0.02687
   0.97401  0.02013 -0.05691
   0.96856  0.02137 -0.08475
   0.96293  0.02261 -0.11257
   0.95713  0.02384 -0.13561
   0.95115  0.02505 -0.15433
   0.94501  0.02623 -0.16953
   0.93873  0.02739 -0.18312
   0.93231  0.02852 -0.19410
   0.92575  0.02962 -0.20145
   0.91905  0.03069 -0.20714
   0.91224  0.03174 -0.21436
   0.90536  0.03277 -0.22300
   0.89842  0.03376 -0.23046
   0.89145  0.03472 -0.23827
   0.88446  0.03564 -0.24362
   0.87741  0.03652 -0.24767
   0.87030  0.03736 -0.24816
   0.86310  0.03817 -0.24810
   0.85580  0.03897 -0.24769
   0.84840  0.03974 -0.24687
   0.84093  0.04049 -0.24697
   0.83341  0.04123 -0.24740
   0.82588  0.04195 -0.25198
   0.81837  0.04265 -0.25792
   0.81087  0.04332 -0.26049
   0.80338  0.04396 -0.26375
   0.79590  0.04457 -0.26625
   0.78841  0.04515 -0.26726
   0.78092  0.04570 -0.26881
   0.77342  0.04622 -0.26849
   0.76591  0.04671 -0.26851
   0.75838  0.04717 -0.26730
   0.75082  0.04761 -0.26602
   0.74324  0.04802 -0.26213
   0.73562  0.04841 -0.26081
   0.72798  0.04878 -0.25746
   0.72030  0.04913 -0.25527
   0.71260  0.04946 -0.25243
   0.70486  0.04978 -0.24983
   0.69710  0.05008 -0.24708
   0.68932  0.05037 -0.24486
   0.68152  0.05064 -0.24253
   0.67370  0.05090 -0.24156
   0.66588  0.05114 -0.23875
   0.65804  0.05138 -0.23763
   0.65020  0.05160 -0.23583
   0.64235  0.05180 -0.23418
   0.63449  0.05200 -0.23329
   0.62662  0.05218 -0.23101
   0.61875  0.05235 -0.22985
   0.61086  0.05251 -0.22823
   0.60297  0.05266 -0.22640
   0.59508  0.05280 -0.22572
   0.58718  0.05293 -0.22480
   0.57928  0.05305 -0.22340
   0.57138  0.05316 -0.22226
   0.56347  0.05325 -0.22136
   0.55556  0.05334 -0.22078
   0.54765  0.05342 -0.21942
   0.53974  0.05348 -0.21831
   0.53183  0.05354 -0.21743
   0.52391  0.05358 -0.21710
   0.51600  0.05362 -0.21555
   0.50808  0.05365 -0.21533
   0.50017  0.05366 -0.21428
   0.49225  0.05367 -0.21316
   0.48434  0.05366 -0.21308
   0.47642  0.05365 -0.21216
   0.46852  0.05363 -0.21166
   0.46062  0.05360 -0.21056
   0.45272  0.05355 -0.21106
   0.44483  0.05350 -0.20932
   0.43695  0.05344 -0.20888
   0.42908  0.05336 -0.20799
   0.42122  0.05328 -0.20811
   0.41340  0.05319 -0.20732
   0.40562  0.05309 -0.20837
   0.39791  0.05299 -0.20805
   0.39026  0.05286 -0.20831
   0.38268  0.05273 -0.20583
   0.37518  0.05259 -0.20229
   0.36779  0.05245 -0.20325
   0.36056  0.05233 -0.21113
   0.35355  0.05219 -0.22277
   0.34675  0.05202 -0.22952
   0.34015  0.05179 -0.21461
   0.33367  0.05152 -0.18634
   0.32729  0.05126 -0.16101
   0.32094  0.05107 -0.15394
   0.31459  0.05095 -0.17692
   0.30818  0.05086 -0.20719
   0.30168  0.05074 -0.22875
   0.29501  0.05055 -0.22485
   0.28812  0.05029 -0.21141
   0.28102  0.05002 -0.20200
   0.27376  0.04974 -0.20387
   0.26640  0.04946 -0.20666
   0.25896  0.04915 -0.20753
   0.25145  0.04883 -0.20727
   0.24388  0.04848 -0.20692
   0.23629  0.04812 -0.20754
   0.22868  0.04775 -0.20814
   0.22107  0.04735 -0.20913
   0.21346  0.04694 -0.20947
   0.20588  0.04651 -0.21057
   0.19832  0.04606 -0.21128
   0.19079  0.04559 -0.21264
   0.18331  0.04510 -0.21460
   0.17587  0.04459 -0.21415
   0.16848  0.04405 -0.21692
   0.16116  0.04350 -0.21716
   0.15392  0.04292 -0.21799
   0.14676  0.04231 -0.22056
   0.13969  0.04168 -0.21947
   0.13274  0.04103 -0.22148
   0.12592  0.04036 -0.22105
   0.11925  0.03966 -0.22158
   0.11274  0.03895 -0.22101
   0.10643  0.03821 -0.22067
   0.10032  0.03747 -0.22115
   0.09446  0.03673 -0.22044
   0.08886  0.03598 -0.22227
   0.08353  0.03523 -0.22261
   0.07849  0.03450 -0.22530
   0.07373  0.03377 -0.23014
   0.06927  0.03305 -0.23146
   0.06509  0.03235 -0.24326
   0.06115  0.03165 -0.24759
   0.05745  0.03095 -0.25439
   0.05396  0.03023 -0.25799
   0.05068  0.02952 -0.25298
   0.04758  0.02879 -0.24445
   0.04465  0.02805 -0.23345
   0.04187  0.02732 -0.22135
   0.03925  0.02659 -0.20658
   0.03676  0.02587 -0.19724
   0.03441  0.02515 -0.18222
   0.03218  0.02442 -0.15466
   0.03006  0.02371 -0.12656
   0.02804  0.02301 -0.10336
   0.02612  0.02234 -0.09511
   0.02429  0.02168 -0.09328
   0.02256  0.02105 -0.08948
   0.02092  0.02042 -0.08751
   0.01936  0.01979 -0.07970
   0.01788  0.01916 -0.06426
   0.01648  0.01853 -0.04253
   0.01513  0.01790 -0.01654
   0.01385  0.01728  0.00663
   0.01262  0.01665  0.03135
   0.01145  0.01603  0.04679
   0.01032  0.01542  0.06740
   0.00925  0.01480  0.09281
   0.00822  0.01418  0.10907
   0.00724  0.01356  0.13674
   0.00631  0.01293  0.15550
   0.00542  0.01229  0.17864
   0.00458  0.01164  0.21050
   0.00379  0.01098  0.23283
   0.00305  0.01029  0.26658
   0.00239  0.00956  0.31188
   0.00182  0.00878  0.45133
   0.00133  0.00797  0.51776
   0.00094  0.00712  0.65646
   0.00065  0.00624  0.76777
   0.00044  0.00536  0.85561
   0.00028  0.00447  0.91301
   0.00016  0.00358  0.95469
   0.00008  0.00270  0.97933
   0.00003  0.00182  0.99428
   0.00000  0.00095  0.99990
  -0.00000  0.00009  0.99739
   0.00003 -0.00076  0.98847
   0.00006 -0.00163  0.96954
   0.00015 -0.00249  0.95297
   0.00023 -0.00336  0.91976
   0.00032 -0.00424  0.87930
   0.00047 -0.00512  0.83732
   0.00063 -0.00601  0.78216
   0.00082 -0.00691  0.71841
   0.00104 -0.00781  0.64548
   0.00129 -0.00871  0.55352
   0.00157 -0.00961  0.45070
   0.00190 -0.01051  0.33328
   0.00227 -0.01140  0.17984
   0.00270 -0.01228  0.05060
   0.00318 -0.01315 -0.15954
   0.00373 -0.01400 -0.39128
   0.00438 -0.01479 -0.46396
   0.00511 -0.01554 -0.53200
   0.00590 -0.01626 -0.55844
   0.00676 -0.01694 -0.57777
   0.00768 -0.01760 -0.58930
   0.00865 -0.01823 -0.59341
   0.00967 -0.01885 -0.59890
   0.01075 -0.01945 -0.58343
   0.01188 -0.02004 -0.58799
   0.01307 -0.02061 -0.57465
   0.01432 -0.02118 -0.56815
   0.01563 -0.02174 -0.55904
   0.01700 -0.02229 -0.54122
   0.01845 -0.02284 -0.53157
   0.01996 -0.02339 -0.52122
   0.02156 -0.02394 -0.50915
   0.02324 -0.02449 -0.49570
   0.02502 -0.02504 -0.48459
   0.02690 -0.02561 -0.47550
   0.02888 -0.02618 -0.46438
   0.03099 -0.02676 -0.45561
   0.03324 -0.02735 -0.44883
   0.03563 -0.02795 -0.43904
   0.03818 -0.02857 -0.43056
   0.04090 -0.02920 -0.42121
   0.04382 -0.02985 -0.41232
   0.04694 -0.03052 -0.40474
   0.05029 -0.03121 -0.40198
   0.05388 -0.03192 -0.39543
   0.05772 -0.03265 -0.39259
   0.06181 -0.03340 -0.38790
   0.06618 -0.03416 -0.38383
   0.07081 -0.03493 -0.38046
   0.07572 -0.03571 -0.37686
   0.08090 -0.03650 -0.37364
   0.08636 -0.03729 -0.37088
   0.09206 -0.03808 -0.36728
   0.09799 -0.03886 -0.36385
   0.10414 -0.03963 -0.36339
   0.11047 -0.04039 -0.36111
   0.11696 -0.04113 -0.36059
   0.12360 -0.04184 -0.35946
   0.13035 -0.04253 -0.35807
   0.13721 -0.04318 -0.35610
   0.14417 -0.04381 -0.35368
   0.15121 -0.04440 -0.35059
   0.15834 -0.04497 -0.34783
   0.16553 -0.04550 -0.34492
   0.17278 -0.04600 -0.34182
   0.18008 -0.04648 -0.33865
   0.18742 -0.04692 -0.33708
   0.19479 -0.04734 -0.33423
   0.20219 -0.04773 -0.33210
   0.20962 -0.04809 -0.32827
   0.21707 -0.04842 -0.32637
   0.22456 -0.04873 -0.32238
   0.23208 -0.04901 -0.31882
   0.23964 -0.04926 -0.31511
   0.24721 -0.04950 -0.31311
   0.25481 -0.04971 -0.31040
   0.26241 -0.04990 -0.30770
   0.27004 -0.05006 -0.30470
   0.27768 -0.05021 -0.30232
   0.28534 -0.05033 -0.29908
   0.29302 -0.05043 -0.29677
   0.30071 -0.05052 -0.29446
   0.30841 -0.05058 -0.29248
   0.31611 -0.05063 -0.29078
   0.32382 -0.05066 -0.28858
   0.33154 -0.05066 -0.28617
   0.33927 -0.05065 -0.28517
   0.34699 -0.05062 -0.28256
   0.35472 -0.05057 -0.28122
   0.36246 -0.05051 -0.27955
   0.37019 -0.05042 -0.27800
   0.37793 -0.05031 -0.27555
   0.38566 -0.05019 -0.27468
   0.39339 -0.05004 -0.27271
   0.40111 -0.04988 -0.27115
   0.40883 -0.04970 -0.26944
   0.41655 -0.04951 -0.26855
   0.42426 -0.04929 -0.26709
   0.43196 -0.04905 -0.26608
   0.43965 -0.04880 -0.26455
   0.44733 -0.04852 -0.26347
   0.45499 -0.04823 -0.26228
   0.46265 -0.04791 -0.26054
   0.47029 -0.04757 -0.25962
   0.47793 -0.04721 -0.25775
   0.48555 -0.04683 -0.25611
   0.49315 -0.04642 -0.25444
   0.50075 -0.04600 -0.25286
   0.50833 -0.04555 -0.25026
   0.51589 -0.04507 -0.24863
   0.52345 -0.04458 -0.24580
   0.53099 -0.04405 -0.24386
   0.53851 -0.04351 -0.24074
   0.54603 -0.04293 -0.23827
   0.55353 -0.04234 -0.23558
   0.56101 -0.04171 -0.23141
   0.56848 -0.04106 -0.22846
   0.57593 -0.04038 -0.22441
   0.58337 -0.03967 -0.22048
   0.59078 -0.03894 -0.21645
   0.59818 -0.03818 -0.21153
   0.60556 -0.03738 -0.20691
   0.61292 -0.03656 -0.20169
   0.62026 -0.03571 -0.19572
   0.62759 -0.03483 -0.18979
   0.63490 -0.03391 -0.18220
   0.64220 -0.03296 -0.17618
   0.64948 -0.03198 -0.16802
   0.65674 -0.03097 -0.15999
   0.66400 -0.02992 -0.15070
   0.67125 -0.02883 -0.14117
   0.67849 -0.02772 -0.13147
   0.68572 -0.02656 -0.12022
   0.69295 -0.02537 -0.10945
   0.70018 -0.02415 -0.09642
   0.70741 -0.02288 -0.08411
   0.71464 -0.02159 -0.07074
   0.72188 -0.02025 -0.05577
   0.72912 -0.01888 -0.04172
   0.73638 -0.01747 -0.02478
   0.74365 -0.01602 -0.00910
   0.75094 -0.01453  0.00955
   0.75826 -0.01301  0.02751
   0.76560 -0.01146  0.04717
   0.77297 -0.00987  0.06681
   0.78039 -0.00825  0.08837
   0.78785 -0.00659  0.10949
   0.79535 -0.00492  0.13266
   0.80287 -0.00323  0.15552
   0.81037 -0.00154  0.17783
   0.81778  0.00013  0.20302
   0.82509  0.00176  0.22617
   0.83227  0.00334  0.24769
   0.83932  0.00486  0.26843
   0.84624  0.00632  0.28885
   0.85304  0.00771  0.30726
   0.85972  0.00903  0.32618
   0.86628  0.01027  0.34238
   0.87271  0.01143  0.35844
   0.87902  0.01251  0.37346
   0.88521  0.01350  0.38619
   0.89129  0.01440  0.39898
   0.89727  0.01522  0.40877
   0.90316  0.01595  0.41927
   0.90895  0.01659  0.42812
   0.91464  0.01715  0.43550
   0.92020  0.01763  0.44389
   0.92564  0.01802  0.44969
   0.93097  0.01831  0.45429
   0.93623  0.01853  0.45741
   0.94141  0.01867  0.45692
   0.94645  0.01876  0.46716
   0.95125  0.01879  0.47884
   0.95581  0.01873  0.49146
   0.96019  0.01854  0.49556
   0.96446  0.01821  0.48052
   0.96872  0.01776  0.45432
   0.97300  0.01724  0.42578
   0.97726  0.01672  0.41547
   0.98142  0.01621  0.42807
   0.98545  0.01563  0.43242
   0.98942  0.01489  0.38722
   0.99340  0.01406  0.32677
   0.99738  0.01325  0.29810
   1.00000  0.01271  0.25220
