GRUMMAN K-2 AIRFOIL                             
 Alfa =  -1.26880 Re =        0.000 Xflap,Yflap =     0.000000    0.000000
#    x        y        Cp  
   1.00000  0.01371  0.25222
   0.99739  0.01444  0.09668
   0.99327  0.01550  0.06265
   0.98886  0.01658  0.04422
   0.98418  0.01773  0.00251
   0.97923  0.01891 -0.02704
   0.97401  0.02013 -0.05709
   0.96856  0.02137 -0.08498
   0.96293  0.02261 -0.11281
   0.95713  0.02384 -0.13590
   0.95115  0.02505 -0.15463
   0.94501  0.02623 -0.16986
   0.93873  0.02739 -0.18348
   0.93231  0.02852 -0.19449
   0.92575  0.02962 -0.20185
   0.91905  0.03069 -0.20756
   0.91224  0.03174 -0.21482
   0.90536  0.03277 -0.22348
   0.89842  0.03376 -0.23096
   0.89145  0.03472 -0.23879
   0.88446  0.03564 -0.24417
   0.87741  0.03652 -0.24824
   0.87030  0.03736 -0.24875
   0.86310  0.03817 -0.24872
   0.85580  0.03897 -0.24832
   0.84840  0.03974 -0.24751
   0.84093  0.04049 -0.24763
   0.83341  0.04123 -0.24808
   0.82588  0.04195 -0.25269
   0.81837  0.04265 -0.25865
   0.81087  0.04332 -0.26125
   0.80338  0.04396 -0.26452
   0.79590  0.04457 -0.26704
   0.78841  0.04515 -0.26807
   0.78092  0.04570 -0.26965
   0.77342  0.04622 -0.26934
   0.76591  0.04671 -0.26938
   0.75838  0.04717 -0.26819
   0.75082  0.04761 -0.26693
   0.74324  0.04802 -0.26306
   0.73562  0.04841 -0.26175
   0.72798  0.04878 -0.25842
   0.72030  0.04913 -0.25624
   0.71260  0.04946 -0.25343
   0.70486  0.04978 -0.25084
   0.69710  0.05008 -0.24811
   0.68932  0.05037 -0.24590
   0.68152  0.05064 -0.24359
   0.67370  0.05090 -0.24263
   0.66588  0.05114 -0.23985
   0.65804  0.05138 -0.23875
   0.65020  0.05160 -0.23696
   0.64235  0.05180 -0.23533
   0.63449  0.05200 -0.23446
   0.62662  0.05218 -0.23220
   0.61875  0.05235 -0.23106
   0.61086  0.05251 -0.22945
   0.60297  0.05266 -0.22765
   0.59508  0.05280 -0.22698
   0.58718  0.05293 -0.22609
   0.57928  0.05305 -0.22470
   0.57138  0.05316 -0.22359
   0.56347  0.05325 -0.22271
   0.55556  0.05334 -0.22214
   0.54765  0.05342 -0.22082
   0.53974  0.05348 -0.21971
   0.53183  0.05354 -0.21886
   0.52391  0.05358 -0.21856
   0.51600  0.05362 -0.21703
   0.50808  0.05365 -0.21683
   0.50017  0.05366 -0.21580
   0.49225  0.05367 -0.21470
   0.48434  0.05366 -0.21464
   0.47642  0.05365 -0.21376
   0.46852  0.05363 -0.21328
   0.46062  0.05360 -0.21220
   0.45272  0.05355 -0.21273
   0.44483  0.05350 -0.21102
   0.43695  0.05344 -0.21060
   0.42908  0.05336 -0.20974
   0.42122  0.05328 -0.20988
   0.41340  0.05319 -0.20912
   0.40562  0.05309 -0.21020
   0.39791  0.05299 -0.20991
   0.39026  0.05286 -0.21020
   0.38268  0.05273 -0.20775
   0.37518  0.05259 -0.20424
   0.36779  0.05245 -0.20523
   0.36056  0.05233 -0.21315
   0.35355  0.05219 -0.22484
   0.34675  0.05202 -0.23163
   0.34015  0.05179 -0.21673
   0.33367  0.05152 -0.18844
   0.32729  0.05126 -0.16309
   0.32094  0.05107 -0.15604
   0.31459  0.05095 -0.17910
   0.30818  0.05086 -0.20945
   0.30168  0.05074 -0.23109
   0.29501  0.05055 -0.22721
   0.28812  0.05029 -0.21379
   0.28102  0.05002 -0.20441
   0.27376  0.04974 -0.20632
   0.26640  0.04946 -0.20917
   0.25896  0.04915 -0.21009
   0.25145  0.04883 -0.20987
   0.24388  0.04848 -0.20957
   0.23629  0.04812 -0.21025
   0.22868  0.04775 -0.21091
   0.22107  0.04735 -0.21196
   0.21346  0.04694 -0.21236
   0.20588  0.04651 -0.21353
   0.19832  0.04606 -0.21432
   0.19079  0.04559 -0.21576
   0.18331  0.04510 -0.21780
   0.17587  0.04459 -0.21742
   0.16848  0.04405 -0.22028
   0.16116  0.04350 -0.22061
   0.15392  0.04292 -0.22154
   0.14676  0.04231 -0.22422
   0.13969  0.04168 -0.22323
   0.13274  0.04103 -0.22536
   0.12592  0.04036 -0.22504
   0.11925  0.03966 -0.22571
   0.11274  0.03895 -0.22526
   0.10643  0.03821 -0.22506
   0.10032  0.03747 -0.22568
   0.09446  0.03673 -0.22512
   0.08886  0.03598 -0.22712
   0.08353  0.03523 -0.22762
   0.07849  0.03450 -0.23049
   0.07373  0.03377 -0.23552
   0.06927  0.03305 -0.23703
   0.06509  0.03235 -0.24908
   0.06115  0.03165 -0.25362
   0.05745  0.03095 -0.26066
   0.05396  0.03023 -0.26449
   0.05068  0.02952 -0.25967
   0.04758  0.02879 -0.25131
   0.04465  0.02805 -0.24049
   0.04187  0.02732 -0.22855
   0.03925  0.02659 -0.21394
   0.03676  0.02587 -0.20480
   0.03441  0.02515 -0.18994
   0.03218  0.02442 -0.16246
   0.03006  0.02371 -0.13444
   0.02804  0.02301 -0.11135
   0.02612  0.02234 -0.10332
   0.02429  0.02168 -0.10177
   0.02256  0.02105 -0.09825
   0.02092  0.02042 -0.09659
   0.01936  0.01979 -0.08906
   0.01788  0.01916 -0.07386
   0.01648  0.01853 -0.05231
   0.01513  0.01790 -0.02648
   0.01385  0.01728 -0.00349
   0.01262  0.01665  0.02103
   0.01145  0.01603  0.03618
   0.01032  0.01542  0.05652
   0.00925  0.01480  0.08167
   0.00822  0.01418  0.09758
   0.00724  0.01356  0.12494
   0.00631  0.01293  0.14326
   0.00542  0.01229  0.16595
   0.00458  0.01164  0.19739
   0.00379  0.01098  0.21907
   0.00305  0.01029  0.25221
   0.00239  0.00956  0.29700
   0.00182  0.00878  0.43798
   0.00133  0.00797  0.50440
   0.00094  0.00712  0.64538
   0.00065  0.00624  0.75889
   0.00044  0.00536  0.84884
   0.00028  0.00447  0.90790
   0.00016  0.00358  0.95107
   0.00008  0.00270  0.97692
   0.00003  0.00182  0.99300
   0.00000  0.00095  0.99969
  -0.00000  0.00009  0.99814
   0.00003 -0.00076  0.99006
   0.00006 -0.00163  0.97228
   0.00015 -0.00249  0.95611
   0.00023 -0.00336  0.92405
   0.00032 -0.00424  0.88466
   0.00047 -0.00512  0.84342
   0.00063 -0.00601  0.78929
   0.00082 -0.00691  0.72655
   0.00104 -0.00781  0.65466
   0.00129 -0.00871  0.56389
   0.00157 -0.00961  0.46236
   0.00190 -0.01051  0.34622
   0.00227 -0.01140  0.19448
   0.00270 -0.01228  0.06625
   0.00318 -0.01315 -0.14178
   0.00373 -0.01400 -0.37147
   0.00438 -0.01479 -0.44450
   0.00511 -0.01554 -0.51286
   0.00590 -0.01626 -0.54004
   0.00676 -0.01694 -0.56012
   0.00768 -0.01760 -0.57240
   0.00865 -0.01823 -0.57721
   0.00967 -0.01885 -0.58340
   0.01075 -0.01945 -0.56865
   0.01188 -0.02004 -0.57380
   0.01307 -0.02061 -0.56107
   0.01432 -0.02118 -0.55512
   0.01563 -0.02174 -0.54656
   0.01700 -0.02229 -0.52928
   0.01845 -0.02284 -0.52011
   0.01996 -0.02339 -0.51019
   0.02156 -0.02394 -0.49857
   0.02324 -0.02449 -0.48553
   0.02502 -0.02504 -0.47482
   0.02690 -0.02561 -0.46608
   0.02888 -0.02618 -0.45531
   0.03099 -0.02676 -0.44687
   0.03324 -0.02735 -0.44040
   0.03563 -0.02795 -0.43092
   0.03818 -0.02857 -0.42273
   0.04090 -0.02920 -0.41366
   0.04382 -0.02985 -0.40506
   0.04694 -0.03052 -0.39774
   0.05029 -0.03121 -0.39521
   0.05388 -0.03192 -0.38890
   0.05772 -0.03265 -0.38629
   0.06181 -0.03340 -0.38182
   0.06618 -0.03416 -0.37796
   0.07081 -0.03493 -0.37480
   0.07572 -0.03571 -0.37139
   0.08090 -0.03650 -0.36836
   0.08636 -0.03729 -0.36578
   0.09206 -0.03808 -0.36236
   0.09799 -0.03886 -0.35910
   0.10414 -0.03963 -0.35879
   0.11047 -0.04039 -0.35665
   0.11696 -0.04113 -0.35626
   0.12360 -0.04184 -0.35527
   0.13035 -0.04253 -0.35400
   0.13721 -0.04318 -0.35215
   0.14417 -0.04381 -0.34985
   0.15121 -0.04440 -0.34686
   0.15834 -0.04497 -0.34421
   0.16553 -0.04550 -0.34140
   0.17278 -0.04600 -0.33839
   0.18008 -0.04648 -0.33531
   0.18742 -0.04692 -0.33383
   0.19479 -0.04734 -0.33106
   0.20219 -0.04773 -0.32900
   0.20962 -0.04809 -0.32525
   0.21707 -0.04842 -0.32342
   0.22456 -0.04873 -0.31950
   0.23208 -0.04901 -0.31600
   0.23964 -0.04926 -0.31236
   0.24721 -0.04950 -0.31042
   0.25481 -0.04971 -0.30777
   0.26241 -0.04990 -0.30512
   0.27004 -0.05006 -0.30218
   0.27768 -0.05021 -0.29985
   0.28534 -0.05033 -0.29666
   0.29302 -0.05043 -0.29440
   0.30071 -0.05052 -0.29214
   0.30841 -0.05058 -0.29020
   0.31611 -0.05063 -0.28855
   0.32382 -0.05066 -0.28639
   0.33154 -0.05066 -0.28402
   0.33927 -0.05065 -0.28306
   0.34699 -0.05062 -0.28049
   0.35472 -0.05057 -0.27919
   0.36246 -0.05051 -0.27755
   0.37019 -0.05042 -0.27604
   0.37793 -0.05031 -0.27362
   0.38566 -0.05019 -0.27279
   0.39339 -0.05004 -0.27086
   0.40111 -0.04988 -0.26933
   0.40883 -0.04970 -0.26765
   0.41655 -0.04951 -0.26679
   0.42426 -0.04929 -0.26536
   0.43196 -0.04905 -0.26438
   0.43965 -0.04880 -0.26287
   0.44733 -0.04852 -0.26182
   0.45499 -0.04823 -0.26066
   0.46265 -0.04791 -0.25895
   0.47029 -0.04757 -0.25806
   0.47793 -0.04721 -0.25621
   0.48555 -0.04683 -0.25459
   0.49315 -0.04642 -0.25296
   0.50075 -0.04600 -0.25140
   0.50833 -0.04555 -0.24882
   0.51589 -0.04507 -0.24723
   0.52345 -0.04458 -0.24442
   0.53099 -0.04405 -0.24250
   0.53851 -0.04351 -0.23941
   0.54603 -0.04293 -0.23696
   0.55353 -0.04234 -0.23430
   0.56101 -0.04171 -0.23015
   0.56848 -0.04106 -0.22722
   0.57593 -0.04038 -0.22320
   0.58337 -0.03967 -0.21930
   0.59078 -0.03894 -0.21529
   0.59818 -0.03818 -0.21038
   0.60556 -0.03738 -0.20579
   0.61292 -0.03656 -0.20059
   0.62026 -0.03571 -0.19465
   0.62759 -0.03483 -0.18874
   0.63490 -0.03391 -0.18118
   0.64220 -0.03296 -0.17518
   0.64948 -0.03198 -0.16704
   0.65674 -0.03097 -0.15903
   0.66400 -0.02992 -0.14977
   0.67125 -0.02883 -0.14026
   0.67849 -0.02772 -0.13059
   0.68572 -0.02656 -0.11937
   0.69295 -0.02537 -0.10861
   0.70018 -0.02415 -0.09561
   0.70741 -0.02288 -0.08333
   0.71464 -0.02159 -0.06998
   0.72188 -0.02025 -0.05504
   0.72912 -0.01888 -0.04101
   0.73638 -0.01747 -0.02410
   0.74365 -0.01602 -0.00844
   0.75094 -0.01453  0.01018
   0.75826 -0.01301  0.02812
   0.76560 -0.01146  0.04775
   0.77297 -0.00987  0.06737
   0.78039 -0.00825  0.08889
   0.78785 -0.00659  0.11001
   0.79535 -0.00492  0.13314
   0.80287 -0.00323  0.15597
   0.81037 -0.00154  0.17826
   0.81778  0.00013  0.20344
   0.82509  0.00176  0.22656
   0.83227  0.00334  0.24806
   0.83932  0.00486  0.26878
   0.84624  0.00632  0.28918
   0.85304  0.00771  0.30757
   0.85972  0.00903  0.32648
   0.86628  0.01027  0.34266
   0.87271  0.01143  0.35870
   0.87902  0.01251  0.37372
   0.88521  0.01350  0.38643
   0.89129  0.01440  0.39921
   0.89727  0.01522  0.40899
   0.90316  0.01595  0.41948
   0.90895  0.01659  0.42832
   0.91464  0.01715  0.43569
   0.92020  0.01763  0.44406
   0.92564  0.01802  0.44987
   0.93097  0.01831  0.45445
   0.93623  0.01853  0.45756
   0.94141  0.01867  0.45708
   0.94645  0.01876  0.46730
   0.95125  0.01879  0.47896
   0.95581  0.01873  0.49159
   0.96019  0.01854  0.49568
   0.96446  0.01821  0.48063
   0.96872  0.01776  0.45444
   0.97300  0.01724  0.42590
   0.97726  0.01672  0.41557
   0.98142  0.01621  0.42818
   0.98545  0.01563  0.43249
   0.98942  0.01489  0.38731
   0.99340  0.01406  0.32684
   0.99738  0.01325  0.29815
   1.00000  0.01271  0.25222
