GRUMMAN K-2 AIRFOIL                             
 Alfa =  -1.26660 Re =        0.000 Xflap,Yflap =     0.000000    0.000000
#    x        y        Cp  
   1.00000  0.01371  0.25420
   0.99740  0.01444  0.09920
   0.99329  0.01549  0.06144
   0.98889  0.01657  0.04608
   0.98423  0.01772  0.00571
   0.97929  0.01890 -0.02925
   0.97409  0.02011 -0.05523
   0.96867  0.02135 -0.08563
   0.96305  0.02259 -0.11217
   0.95727  0.02381 -0.13383
   0.95131  0.02502 -0.15476
   0.94520  0.02620 -0.16986
   0.93893  0.02735 -0.18293
   0.93253  0.02848 -0.19417
   0.92600  0.02957 -0.20135
   0.91932  0.03065 -0.20742
   0.91254  0.03170 -0.21438
   0.90568  0.03272 -0.22302
   0.89876  0.03372 -0.23046
   0.89181  0.03467 -0.23857
   0.88484  0.03559 -0.24455
   0.87782  0.03647 -0.24720
   0.87073  0.03731 -0.24834
   0.86355  0.03812 -0.24946
   0.85628  0.03891 -0.24823
   0.84891  0.03968 -0.24737
   0.84146  0.04044 -0.24734
   0.83396  0.04117 -0.24728
   0.82645  0.04190 -0.25301
   0.81896  0.04260 -0.25793
   0.81149  0.04327 -0.26151
   0.80402  0.04391 -0.26405
   0.79655  0.04452 -0.26649
   0.78909  0.04510 -0.26869
   0.78162  0.04565 -0.26943
   0.77414  0.04617 -0.26897
   0.76665  0.04666 -0.26936
   0.75914  0.04713 -0.26815
   0.75161  0.04756 -0.26634
   0.74405  0.04798 -0.26463
   0.73646  0.04837 -0.26170
   0.72884  0.04874 -0.25929
   0.72118  0.04909 -0.25642
   0.71350  0.04943 -0.25311
   0.70580  0.04974 -0.25132
   0.69806  0.05004 -0.24832
   0.69030  0.05033 -0.24626
   0.68252  0.05060 -0.24420
   0.67473  0.05086 -0.24241
   0.66693  0.05111 -0.24023
   0.65911  0.05135 -0.23899
   0.65129  0.05157 -0.23750
   0.64347  0.05178 -0.23547
   0.63563  0.05197 -0.23437
   0.62779  0.05216 -0.23287
   0.61994  0.05233 -0.23081
   0.61208  0.05249 -0.23031
   0.60421  0.05264 -0.22780
   0.59633  0.05278 -0.22697
   0.58846  0.05291 -0.22576
   0.58058  0.05303 -0.22514
   0.57270  0.05314 -0.22392
   0.56482  0.05324 -0.22303
   0.55693  0.05333 -0.22195
   0.54904  0.05340 -0.22130
   0.54115  0.05347 -0.21988
   0.53326  0.05353 -0.21955
   0.52537  0.05358 -0.21820
   0.51748  0.05361 -0.21729
   0.50958  0.05364 -0.21701
   0.50169  0.05366 -0.21540
   0.49380  0.05367 -0.21577
   0.48590  0.05367 -0.21410
   0.47801  0.05366 -0.21447
   0.47012  0.05363 -0.21345
   0.46224  0.05360 -0.21270
   0.45437  0.05356 -0.21209
   0.44650  0.05351 -0.21156
   0.43864  0.05345 -0.21046
   0.43079  0.05338 -0.21022
   0.42295  0.05330 -0.20992
   0.41514  0.05321 -0.20955
   0.40737  0.05312 -0.21018
   0.39966  0.05301 -0.20956
   0.39202  0.05289 -0.21077
   0.38445  0.05276 -0.20782
   0.37694  0.05262 -0.20519
   0.36954  0.05249 -0.20419
   0.36229  0.05236 -0.21131
   0.35524  0.05223 -0.22214
   0.34842  0.05207 -0.23133
   0.34179  0.05185 -0.22254
   0.33530  0.05159 -0.19561
   0.32892  0.05132 -0.16891
   0.32258  0.05111 -0.15519
   0.31625  0.05098 -0.17150
   0.30988  0.05089 -0.20079
   0.30343  0.05078 -0.22805
   0.29682  0.05061 -0.23033
   0.29002  0.05037 -0.21788
   0.28299  0.05009 -0.20604
   0.27579  0.04982 -0.20472
   0.26847  0.04954 -0.20874
   0.26108  0.04924 -0.21064
   0.25361  0.04892 -0.20948
   0.24607  0.04858 -0.20949
   0.23850  0.04823 -0.21044
   0.23092  0.04786 -0.21082
   0.22333  0.04747 -0.21157
   0.21574  0.04707 -0.21204
   0.20817  0.04664 -0.21378
   0.20063  0.04620 -0.21421
   0.19311  0.04574 -0.21494
   0.18563  0.04526 -0.21801
   0.17820  0.04475 -0.21765
   0.17081  0.04423 -0.21884
   0.16349  0.04368 -0.22114
   0.15624  0.04311 -0.22111
   0.14907  0.04251 -0.22343
   0.14200  0.04189 -0.22398
   0.13503  0.04125 -0.22487
   0.12818  0.04059 -0.22552
   0.12147  0.03990 -0.22567
   0.11493  0.03919 -0.22557
   0.10856  0.03847 -0.22551
   0.10240  0.03773 -0.22494
   0.09647  0.03699 -0.22577
   0.09078  0.03624 -0.22733
   0.08537  0.03550 -0.22584
   0.08024  0.03476 -0.23091
   0.07540  0.03403 -0.23249
   0.07085  0.03331 -0.23606
   0.06658  0.03261 -0.24847
   0.06257  0.03190 -0.24901
   0.05879  0.03120 -0.25986
   0.05523  0.03050 -0.26380
   0.05189  0.02978 -0.26168
   0.04873  0.02906 -0.25532
   0.04574  0.02833 -0.24422
   0.04291  0.02760 -0.23471
   0.04024  0.02687 -0.21965
   0.03771  0.02615 -0.20739
   0.03531  0.02543 -0.19921
   0.03305  0.02471 -0.17436
   0.03089  0.02399 -0.14425
   0.02884  0.02329 -0.12050
   0.02688  0.02260 -0.10474
   0.02502  0.02195 -0.10255
   0.02326  0.02131 -0.10045
   0.02159  0.02067 -0.09883
   0.02000  0.02005 -0.09252
   0.01849  0.01942 -0.08151
   0.01706  0.01880 -0.06320
   0.01569  0.01817 -0.03658
   0.01439  0.01754 -0.01413
   0.01314  0.01692  0.00933
   0.01194  0.01630  0.02992
   0.01080  0.01568  0.04930
   0.00971  0.01507  0.06768
   0.00867  0.01445  0.09272
   0.00767  0.01383  0.11010
   0.00672  0.01321  0.13422
   0.00581  0.01258  0.15425
   0.00495  0.01194  0.18464
   0.00414  0.01128  0.20780
   0.00338  0.01061  0.23534
   0.00268  0.00990  0.26847
   0.00207  0.00914  0.37640
   0.00154  0.00835  0.46446
   0.00111  0.00752  0.58024
   0.00078  0.00665  0.70797
   0.00053  0.00577  0.80995
   0.00035  0.00489  0.88298
   0.00022  0.00400  0.93169
   0.00012  0.00312  0.96653
   0.00005  0.00224  0.98660
   0.00001  0.00137  0.99739
  -0.00000  0.00051  0.99982
   0.00001 -0.00034  0.99485
   0.00004 -0.00120  0.98251
   0.00010 -0.00206  0.96240
   0.00020 -0.00292  0.94616
   0.00027 -0.00380  0.90089
   0.00039 -0.00468  0.86738
   0.00054 -0.00556  0.81829
   0.00072 -0.00645  0.75868
   0.00092 -0.00735  0.69275
   0.00115 -0.00824  0.61538
   0.00142 -0.00914  0.51708
   0.00173 -0.01004  0.40814
   0.00207 -0.01094  0.28420
   0.00247 -0.01182  0.10934
   0.00292 -0.01269  0.02844
   0.00342 -0.01356 -0.31716
   0.00402 -0.01437 -0.37945
   0.00470 -0.01514 -0.48803
   0.00546 -0.01587 -0.52333
   0.00629 -0.01657 -0.55274
   0.00717 -0.01724 -0.56399
   0.00811 -0.01789 -0.57943
   0.00910 -0.01851 -0.57763
   0.01015 -0.01912 -0.57346
   0.01125 -0.01971 -0.57323
   0.01240 -0.02029 -0.56546
   0.01361 -0.02086 -0.55921
   0.01488 -0.02142 -0.55142
   0.01621 -0.02198 -0.53644
   0.01761 -0.02253 -0.52824
   0.01908 -0.02307 -0.51221
   0.02063 -0.02362 -0.50690
   0.02226 -0.02417 -0.49376
   0.02397 -0.02472 -0.47837
   0.02579 -0.02528 -0.47078
   0.02770 -0.02584 -0.46012
   0.02973 -0.02641 -0.45208
   0.03189 -0.02700 -0.44410
   0.03419 -0.02759 -0.43747
   0.03663 -0.02820 -0.42652
   0.03924 -0.02882 -0.41975
   0.04203 -0.02945 -0.40876
   0.04502 -0.03011 -0.40191
   0.04822 -0.03078 -0.39591
   0.05165 -0.03148 -0.39239
   0.05533 -0.03220 -0.38778
   0.05925 -0.03293 -0.38453
   0.06344 -0.03368 -0.37961
   0.06789 -0.03445 -0.37739
   0.07262 -0.03522 -0.37245
   0.07761 -0.03600 -0.37084
   0.08288 -0.03679 -0.36735
   0.08842 -0.03758 -0.36395
   0.09419 -0.03836 -0.36080
   0.10019 -0.03914 -0.35865
   0.10638 -0.03991 -0.35768
   0.11276 -0.04065 -0.35662
   0.11929 -0.04138 -0.35575
   0.12594 -0.04208 -0.35432
   0.13272 -0.04276 -0.35316
   0.13959 -0.04340 -0.35163
   0.14656 -0.04401 -0.34845
   0.15362 -0.04460 -0.34664
   0.16075 -0.04515 -0.34264
   0.16794 -0.04567 -0.34029
   0.17519 -0.04616 -0.33684
   0.18248 -0.04663 -0.33474
   0.18981 -0.04706 -0.33247
   0.19717 -0.04747 -0.33099
   0.20456 -0.04785 -0.32672
   0.21197 -0.04820 -0.32576
   0.21942 -0.04852 -0.32155
   0.22690 -0.04882 -0.31888
   0.23441 -0.04909 -0.31407
   0.24195 -0.04934 -0.31186
   0.24951 -0.04956 -0.30974
   0.25708 -0.04977 -0.30640
   0.26468 -0.04995 -0.30502
   0.27229 -0.05011 -0.30069
   0.27991 -0.05024 -0.29918
   0.28756 -0.05036 -0.29569
   0.29522 -0.05046 -0.29368
   0.30289 -0.05054 -0.29175
   0.31057 -0.05060 -0.28958
   0.31825 -0.05064 -0.28732
   0.32595 -0.05066 -0.28566
   0.33364 -0.05066 -0.28410
   0.34135 -0.05065 -0.28223
   0.34906 -0.05061 -0.28048
   0.35677 -0.05056 -0.27861
   0.36448 -0.05048 -0.27693
   0.37219 -0.05039 -0.27535
   0.37990 -0.05028 -0.27328
   0.38761 -0.05015 -0.27192
   0.39532 -0.05001 -0.27056
   0.40302 -0.04984 -0.26917
   0.41072 -0.04966 -0.26707
   0.41842 -0.04945 -0.26644
   0.42610 -0.04923 -0.26505
   0.43378 -0.04899 -0.26430
   0.44144 -0.04873 -0.26216
   0.44910 -0.04845 -0.26158
   0.45674 -0.04815 -0.26003
   0.46437 -0.04783 -0.25930
   0.47199 -0.04749 -0.25759
   0.47960 -0.04713 -0.25572
   0.48720 -0.04674 -0.25440
   0.49478 -0.04634 -0.25267
   0.50235 -0.04590 -0.25027
   0.50991 -0.04545 -0.24904
   0.51745 -0.04497 -0.24640
   0.52498 -0.04447 -0.24397
   0.53250 -0.04395 -0.24184
   0.54000 -0.04340 -0.23926
   0.54749 -0.04282 -0.23642
   0.55497 -0.04222 -0.23327
   0.56243 -0.04159 -0.22962
   0.56987 -0.04093 -0.22628
   0.57730 -0.04025 -0.22259
   0.58471 -0.03954 -0.21845
   0.59210 -0.03881 -0.21425
   0.59948 -0.03804 -0.20982
   0.60683 -0.03724 -0.20521
   0.61417 -0.03642 -0.19897
   0.62149 -0.03556 -0.19425
   0.62879 -0.03468 -0.18698
   0.63608 -0.03376 -0.18129
   0.64335 -0.03281 -0.17315
   0.65061 -0.03183 -0.16605
   0.65786 -0.03081 -0.15749
   0.66510 -0.02976 -0.14858
   0.67232 -0.02867 -0.13881
   0.67954 -0.02755 -0.12870
   0.68676 -0.02640 -0.11814
   0.69397 -0.02520 -0.10693
   0.70117 -0.02398 -0.09417
   0.70838 -0.02271 -0.08145
   0.71559 -0.02141 -0.06795
   0.72281 -0.02007 -0.05359
   0.73004 -0.01870 -0.03884
   0.73728 -0.01729 -0.02273
   0.74453 -0.01584 -0.00516
   0.75180 -0.01436  0.01116
   0.75910 -0.01284  0.03116
   0.76642 -0.01128  0.04924
   0.77378 -0.00969  0.07103
   0.78118 -0.00807  0.08987
   0.78863 -0.00642  0.11335
   0.79611 -0.00475  0.13420
   0.80361 -0.00306  0.15861
   0.81108 -0.00138  0.18153
   0.81847  0.00029  0.20452
   0.82574  0.00191  0.22828
   0.83289  0.00348  0.25029
   0.83991  0.00499  0.27082
   0.84680  0.00644  0.29051
   0.85358  0.00782  0.30992
   0.86023  0.00913  0.32622
   0.86676  0.01036  0.34480
   0.87316  0.01151  0.35894
   0.87944  0.01258  0.37538
   0.88561  0.01356  0.38721
   0.89167  0.01445  0.39943
   0.89763  0.01526  0.41023
   0.90349  0.01599  0.41978
   0.90927  0.01663  0.42759
   0.91493  0.01718  0.43723
   0.92047  0.01765  0.44311
   0.92588  0.01803  0.45136
   0.93120  0.01832  0.45496
   0.93644  0.01853  0.45580
   0.94160  0.01868  0.45871
   0.94662  0.01876  0.46566
   0.95140  0.01879  0.48105
   0.95595  0.01872  0.49071
   0.96030  0.01853  0.49580
   0.96456  0.01820  0.48088
   0.96881  0.01775  0.45331
   0.97308  0.01723  0.42622
   0.97733  0.01672  0.41403
   0.98147  0.01621  0.42721
   0.98549  0.01562  0.43415
   0.98945  0.01488  0.38891
   0.99342  0.01406  0.32421
   0.99738  0.01325  0.29891
   1.00000  0.01271  0.25420
