GRUMMAN K-2 AIRFOIL                             
 Alfa =  -1.28320 Re =        0.000 Xflap,Yflap =     0.000000    0.000000
#    x        y        Cp  
   1.00000  0.01371  0.25421
   0.99740  0.01444  0.09922
   0.99329  0.01549  0.06147
   0.98889  0.01657  0.04613
   0.98423  0.01772  0.00578
   0.97929  0.01890 -0.02918
   0.97409  0.02011 -0.05514
   0.96867  0.02135 -0.08552
   0.96305  0.02259 -0.11205
   0.95727  0.02381 -0.13370
   0.95131  0.02502 -0.15462
   0.94520  0.02620 -0.16970
   0.93893  0.02735 -0.18277
   0.93253  0.02848 -0.19399
   0.92600  0.02957 -0.20117
   0.91932  0.03065 -0.20722
   0.91254  0.03170 -0.21418
   0.90568  0.03272 -0.22280
   0.89876  0.03372 -0.23024
   0.89181  0.03467 -0.23833
   0.88484  0.03559 -0.24430
   0.87782  0.03647 -0.24694
   0.87073  0.03731 -0.24807
   0.86355  0.03812 -0.24918
   0.85628  0.03891 -0.24795
   0.84891  0.03968 -0.24707
   0.84146  0.04044 -0.24704
   0.83396  0.04117 -0.24696
   0.82645  0.04190 -0.25269
   0.81896  0.04260 -0.25760
   0.81149  0.04327 -0.26117
   0.80402  0.04391 -0.26370
   0.79655  0.04452 -0.26613
   0.78909  0.04510 -0.26833
   0.78162  0.04565 -0.26904
   0.77414  0.04617 -0.26858
   0.76665  0.04666 -0.26896
   0.75914  0.04713 -0.26774
   0.75161  0.04756 -0.26592
   0.74405  0.04798 -0.26421
   0.73646  0.04837 -0.26127
   0.72884  0.04874 -0.25885
   0.72118  0.04909 -0.25598
   0.71350  0.04943 -0.25266
   0.70580  0.04974 -0.25086
   0.69806  0.05004 -0.24786
   0.69030  0.05033 -0.24579
   0.68252  0.05060 -0.24372
   0.67473  0.05086 -0.24192
   0.66693  0.05111 -0.23973
   0.65911  0.05135 -0.23849
   0.65129  0.05157 -0.23698
   0.64347  0.05178 -0.23495
   0.63563  0.05197 -0.23384
   0.62779  0.05216 -0.23232
   0.61994  0.05233 -0.23026
   0.61208  0.05249 -0.22975
   0.60421  0.05264 -0.22723
   0.59633  0.05278 -0.22639
   0.58846  0.05291 -0.22518
   0.58058  0.05303 -0.22455
   0.57270  0.05314 -0.22331
   0.56482  0.05324 -0.22242
   0.55693  0.05333 -0.22133
   0.54904  0.05340 -0.22067
   0.54115  0.05347 -0.21924
   0.53326  0.05353 -0.21889
   0.52537  0.05358 -0.21754
   0.51748  0.05361 -0.21662
   0.50958  0.05364 -0.21633
   0.50169  0.05366 -0.21471
   0.49380  0.05367 -0.21506
   0.48590  0.05367 -0.21339
   0.47801  0.05366 -0.21374
   0.47012  0.05363 -0.21271
   0.46224  0.05360 -0.21195
   0.45437  0.05356 -0.21133
   0.44650  0.05351 -0.21079
   0.43864  0.05345 -0.20967
   0.43079  0.05338 -0.20943
   0.42295  0.05330 -0.20911
   0.41514  0.05321 -0.20873
   0.40737  0.05312 -0.20934
   0.39966  0.05301 -0.20871
   0.39202  0.05289 -0.20991
   0.38445  0.05276 -0.20695
   0.37694  0.05262 -0.20430
   0.36954  0.05249 -0.20329
   0.36229  0.05236 -0.21039
   0.35524  0.05223 -0.22119
   0.34842  0.05207 -0.23037
   0.34179  0.05185 -0.22157
   0.33530  0.05159 -0.19464
   0.32892  0.05132 -0.16796
   0.32258  0.05111 -0.15423
   0.31625  0.05098 -0.17052
   0.30988  0.05089 -0.19977
   0.30343  0.05078 -0.22699
   0.29682  0.05061 -0.22925
   0.29002  0.05037 -0.21679
   0.28299  0.05009 -0.20494
   0.27579  0.04982 -0.20360
   0.26847  0.04954 -0.20760
   0.26108  0.04924 -0.20948
   0.25361  0.04892 -0.20830
   0.24607  0.04858 -0.20828
   0.23850  0.04823 -0.20921
   0.23092  0.04786 -0.20956
   0.22333  0.04747 -0.21029
   0.21574  0.04707 -0.21072
   0.20817  0.04664 -0.21243
   0.20063  0.04620 -0.21283
   0.19311  0.04574 -0.21353
   0.18563  0.04526 -0.21656
   0.17820  0.04475 -0.21617
   0.17081  0.04423 -0.21732
   0.16349  0.04368 -0.21958
   0.15624  0.04311 -0.21950
   0.14907  0.04251 -0.22177
   0.14200  0.04189 -0.22227
   0.13503  0.04125 -0.22311
   0.12818  0.04059 -0.22371
   0.12147  0.03990 -0.22381
   0.11493  0.03919 -0.22365
   0.10856  0.03847 -0.22352
   0.10240  0.03773 -0.22289
   0.09647  0.03699 -0.22365
   0.09078  0.03624 -0.22514
   0.08537  0.03550 -0.22358
   0.08024  0.03476 -0.22857
   0.07540  0.03403 -0.23006
   0.07085  0.03331 -0.23355
   0.06658  0.03261 -0.24584
   0.06257  0.03190 -0.24629
   0.05879  0.03120 -0.25703
   0.05523  0.03050 -0.26086
   0.05189  0.02978 -0.25866
   0.04873  0.02906 -0.25221
   0.04574  0.02833 -0.24103
   0.04291  0.02760 -0.23144
   0.04024  0.02687 -0.21631
   0.03771  0.02615 -0.20397
   0.03531  0.02543 -0.19570
   0.03305  0.02471 -0.17080
   0.03089  0.02399 -0.14066
   0.02884  0.02329 -0.11687
   0.02688  0.02260 -0.10103
   0.02502  0.02195 -0.09872
   0.02326  0.02131 -0.09648
   0.02159  0.02067 -0.09473
   0.02000  0.02005 -0.08828
   0.01849  0.01942 -0.07715
   0.01706  0.01880 -0.05875
   0.01569  0.01817 -0.03207
   0.01439  0.01754 -0.00953
   0.01314  0.01692  0.01402
   0.01194  0.01630  0.03472
   0.01080  0.01568  0.05422
   0.00971  0.01507  0.07273
   0.00867  0.01445  0.09791
   0.00767  0.01383  0.11545
   0.00672  0.01321  0.13975
   0.00581  0.01258  0.15998
   0.00495  0.01194  0.19055
   0.00414  0.01128  0.21396
   0.00338  0.01061  0.24181
   0.00268  0.00990  0.27525
   0.00207  0.00914  0.38284
   0.00154  0.00835  0.47068
   0.00111  0.00752  0.58584
   0.00078  0.00665  0.71254
   0.00053  0.00577  0.81350
   0.00035  0.00489  0.88567
   0.00022  0.00400  0.93369
   0.00012  0.00312  0.96790
   0.00005  0.00224  0.98744
   0.00001  0.00137  0.99775
  -0.00000  0.00051  0.99971
   0.00001 -0.00034  0.99432
   0.00004 -0.00120  0.98155
   0.00010 -0.00206  0.96099
   0.00020 -0.00292  0.94462
   0.00027 -0.00380  0.89860
   0.00039 -0.00468  0.86482
   0.00054 -0.00556  0.81528
   0.00072 -0.00645  0.75520
   0.00092 -0.00735  0.68881
   0.00115 -0.00824  0.61096
   0.00142 -0.00914  0.51207
   0.00173 -0.01004  0.40254
   0.00207 -0.01094  0.27800
   0.00247 -0.01182  0.10225
   0.00292 -0.01269  0.02126
   0.00342 -0.01356 -0.32620
   0.00402 -0.01437 -0.38824
   0.00470 -0.01514 -0.49694
   0.00546 -0.01587 -0.53189
   0.00629 -0.01657 -0.56099
   0.00717 -0.01724 -0.57189
   0.00811 -0.01789 -0.58702
   0.00910 -0.01851 -0.58488
   0.01015 -0.01912 -0.58038
   0.01125 -0.01971 -0.57987
   0.01240 -0.02029 -0.57181
   0.01361 -0.02086 -0.56530
   0.01488 -0.02142 -0.55726
   0.01621 -0.02198 -0.54202
   0.01761 -0.02253 -0.53361
   0.01908 -0.02307 -0.51735
   0.02063 -0.02362 -0.51185
   0.02226 -0.02417 -0.49851
   0.02397 -0.02472 -0.48294
   0.02579 -0.02528 -0.47518
   0.02770 -0.02584 -0.46435
   0.02973 -0.02641 -0.45616
   0.03189 -0.02700 -0.44804
   0.03419 -0.02759 -0.44127
   0.03663 -0.02820 -0.43018
   0.03924 -0.02882 -0.42328
   0.04203 -0.02945 -0.41215
   0.04502 -0.03011 -0.40518
   0.04822 -0.03078 -0.39907
   0.05165 -0.03148 -0.39544
   0.05533 -0.03220 -0.39072
   0.05925 -0.03293 -0.38738
   0.06344 -0.03368 -0.38235
   0.06789 -0.03445 -0.38004
   0.07262 -0.03522 -0.37500
   0.07761 -0.03600 -0.37331
   0.08288 -0.03679 -0.36973
   0.08842 -0.03758 -0.36625
   0.09419 -0.03836 -0.36302
   0.10019 -0.03914 -0.36080
   0.10638 -0.03991 -0.35976
   0.11276 -0.04065 -0.35864
   0.11929 -0.04138 -0.35771
   0.12594 -0.04208 -0.35621
   0.13272 -0.04276 -0.35500
   0.13959 -0.04340 -0.35342
   0.14656 -0.04401 -0.35018
   0.15362 -0.04460 -0.34833
   0.16075 -0.04515 -0.34428
   0.16794 -0.04567 -0.34189
   0.17519 -0.04616 -0.33839
   0.18248 -0.04663 -0.33626
   0.18981 -0.04706 -0.33395
   0.19717 -0.04747 -0.33243
   0.20456 -0.04785 -0.32812
   0.21197 -0.04820 -0.32713
   0.21942 -0.04852 -0.32289
   0.22690 -0.04882 -0.32019
   0.23441 -0.04909 -0.31534
   0.24195 -0.04934 -0.31311
   0.24951 -0.04956 -0.31096
   0.25708 -0.04977 -0.30759
   0.26468 -0.04995 -0.30619
   0.27229 -0.05011 -0.30183
   0.27991 -0.05024 -0.30030
   0.28756 -0.05036 -0.29679
   0.29522 -0.05046 -0.29475
   0.30289 -0.05054 -0.29280
   0.31057 -0.05060 -0.29061
   0.31825 -0.05064 -0.28833
   0.32595 -0.05066 -0.28666
   0.33364 -0.05066 -0.28508
   0.34135 -0.05065 -0.28319
   0.34906 -0.05061 -0.28142
   0.35677 -0.05056 -0.27954
   0.36448 -0.05048 -0.27783
   0.37219 -0.05039 -0.27624
   0.37990 -0.05028 -0.27415
   0.38761 -0.05015 -0.27279
   0.39532 -0.05001 -0.27140
   0.40302 -0.04984 -0.27000
   0.41072 -0.04966 -0.26789
   0.41842 -0.04945 -0.26724
   0.42610 -0.04923 -0.26584
   0.43378 -0.04899 -0.26508
   0.44144 -0.04873 -0.26292
   0.44910 -0.04845 -0.26233
   0.45674 -0.04815 -0.26077
   0.46437 -0.04783 -0.26003
   0.47199 -0.04749 -0.25830
   0.47960 -0.04713 -0.25642
   0.48720 -0.04674 -0.25509
   0.49478 -0.04634 -0.25335
   0.50235 -0.04590 -0.25094
   0.50991 -0.04545 -0.24969
   0.51745 -0.04497 -0.24704
   0.52498 -0.04447 -0.24460
   0.53250 -0.04395 -0.24246
   0.54000 -0.04340 -0.23987
   0.54749 -0.04282 -0.23701
   0.55497 -0.04222 -0.23386
   0.56243 -0.04159 -0.23020
   0.56987 -0.04093 -0.22684
   0.57730 -0.04025 -0.22314
   0.58471 -0.03954 -0.21899
   0.59210 -0.03881 -0.21478
   0.59948 -0.03804 -0.21034
   0.60683 -0.03724 -0.20573
   0.61417 -0.03642 -0.19947
   0.62149 -0.03556 -0.19474
   0.62879 -0.03468 -0.18746
   0.63608 -0.03376 -0.18176
   0.64335 -0.03281 -0.17360
   0.65061 -0.03183 -0.16649
   0.65786 -0.03081 -0.15792
   0.66510 -0.02976 -0.14901
   0.67232 -0.02867 -0.13922
   0.67954 -0.02755 -0.12910
   0.68676 -0.02640 -0.11853
   0.69397 -0.02520 -0.10731
   0.70117 -0.02398 -0.09454
   0.70838 -0.02271 -0.08181
   0.71559 -0.02141 -0.06829
   0.72281 -0.02007 -0.05392
   0.73004 -0.01870 -0.03916
   0.73728 -0.01729 -0.02304
   0.74453 -0.01584 -0.00546
   0.75180 -0.01436  0.01087
   0.75910 -0.01284  0.03088
   0.76642 -0.01128  0.04897
   0.77378 -0.00969  0.07078
   0.78118 -0.00807  0.08963
   0.78863 -0.00642  0.11312
   0.79611 -0.00475  0.13398
   0.80361 -0.00306  0.15840
   0.81108 -0.00138  0.18133
   0.81847  0.00029  0.20433
   0.82574  0.00191  0.22811
   0.83289  0.00348  0.25012
   0.83991  0.00499  0.27066
   0.84680  0.00644  0.29036
   0.85358  0.00782  0.30978
   0.86023  0.00913  0.32608
   0.86676  0.01036  0.34468
   0.87316  0.01151  0.35881
   0.87944  0.01258  0.37527
   0.88561  0.01356  0.38710
   0.89167  0.01445  0.39933
   0.89763  0.01526  0.41013
   0.90349  0.01599  0.41968
   0.90927  0.01663  0.42750
   0.91493  0.01718  0.43715
   0.92047  0.01765  0.44302
   0.92588  0.01803  0.45129
   0.93120  0.01832  0.45489
   0.93644  0.01853  0.45573
   0.94160  0.01868  0.45865
   0.94662  0.01876  0.46559
   0.95140  0.01879  0.48099
   0.95595  0.01872  0.49065
   0.96030  0.01853  0.49574
   0.96456  0.01820  0.48083
   0.96881  0.01775  0.45325
   0.97308  0.01723  0.42616
   0.97733  0.01672  0.41398
   0.98147  0.01621  0.42716
   0.98549  0.01562  0.43411
   0.98945  0.01488  0.38887
   0.99342  0.01406  0.32417
   0.99738  0.01325  0.29888
   1.00000  0.01271  0.25421
