GRUMMAN K-2 AIRFOIL                             
 Alfa =  -1.29790 Re =        0.000 Xflap,Yflap =     0.000000    0.000000
#    x        y        Cp  
   1.00000  0.01371  0.25220
   0.99739  0.01444  0.09672
   0.99327  0.01550  0.06271
   0.98886  0.01658  0.04432
   0.98418  0.01773  0.00263
   0.97923  0.01891 -0.02690
   0.97401  0.02013 -0.05694
   0.96856  0.02137 -0.08479
   0.96293  0.02261 -0.11262
   0.95713  0.02384 -0.13567
   0.95115  0.02505 -0.15439
   0.94501  0.02623 -0.16960
   0.93873  0.02739 -0.18319
   0.93231  0.02852 -0.19418
   0.92575  0.02962 -0.20153
   0.91905  0.03069 -0.20722
   0.91224  0.03174 -0.21445
   0.90536  0.03277 -0.22309
   0.89842  0.03376 -0.23056
   0.89145  0.03472 -0.23837
   0.88446  0.03564 -0.24373
   0.87741  0.03652 -0.24778
   0.87030  0.03736 -0.24828
   0.86310  0.03817 -0.24823
   0.85580  0.03897 -0.24781
   0.84840  0.03974 -0.24700
   0.84093  0.04049 -0.24710
   0.83341  0.04123 -0.24754
   0.82588  0.04195 -0.25212
   0.81837  0.04265 -0.25807
   0.81087  0.04332 -0.26064
   0.80338  0.04396 -0.26390
   0.79590  0.04457 -0.26640
   0.78841  0.04515 -0.26742
   0.78092  0.04570 -0.26897
   0.77342  0.04622 -0.26866
   0.76591  0.04671 -0.26868
   0.75838  0.04717 -0.26748
   0.75082  0.04761 -0.26620
   0.74324  0.04802 -0.26232
   0.73562  0.04841 -0.26100
   0.72798  0.04878 -0.25765
   0.72030  0.04913 -0.25546
   0.71260  0.04946 -0.25263
   0.70486  0.04978 -0.25003
   0.69710  0.05008 -0.24729
   0.68932  0.05037 -0.24507
   0.68152  0.05064 -0.24274
   0.67370  0.05090 -0.24177
   0.66588  0.05114 -0.23897
   0.65804  0.05138 -0.23785
   0.65020  0.05160 -0.23605
   0.64235  0.05180 -0.23440
   0.63449  0.05200 -0.23352
   0.62662  0.05218 -0.23125
   0.61875  0.05235 -0.23009
   0.61086  0.05251 -0.22847
   0.60297  0.05266 -0.22664
   0.59508  0.05280 -0.22597
   0.58718  0.05293 -0.22505
   0.57928  0.05305 -0.22366
   0.57138  0.05316 -0.22252
   0.56347  0.05325 -0.22162
   0.55556  0.05334 -0.22105
   0.54765  0.05342 -0.21970
   0.53974  0.05348 -0.21859
   0.53183  0.05354 -0.21771
   0.52391  0.05358 -0.21739
   0.51600  0.05362 -0.21585
   0.50808  0.05365 -0.21563
   0.50017  0.05366 -0.21458
   0.49225  0.05367 -0.21346
   0.48434  0.05366 -0.21339
   0.47642  0.05365 -0.21248
   0.46852  0.05363 -0.21198
   0.46062  0.05360 -0.21088
   0.45272  0.05355 -0.21139
   0.44483  0.05350 -0.20966
   0.43695  0.05344 -0.20922
   0.42908  0.05336 -0.20834
   0.42122  0.05328 -0.20846
   0.41340  0.05319 -0.20768
   0.40562  0.05309 -0.20873
   0.39791  0.05299 -0.20842
   0.39026  0.05286 -0.20869
   0.38268  0.05273 -0.20621
   0.37518  0.05259 -0.20268
   0.36779  0.05245 -0.20364
   0.36056  0.05233 -0.21153
   0.35355  0.05219 -0.22318
   0.34675  0.05202 -0.22993
   0.34015  0.05179 -0.21503
   0.33367  0.05152 -0.18676
   0.32729  0.05126 -0.16142
   0.32094  0.05107 -0.15436
   0.31459  0.05095 -0.17735
   0.30818  0.05086 -0.20764
   0.30168  0.05074 -0.22921
   0.29501  0.05055 -0.22532
   0.28812  0.05029 -0.21188
   0.28102  0.05002 -0.20248
   0.27376  0.04974 -0.20436
   0.26640  0.04946 -0.20716
   0.25896  0.04915 -0.20804
   0.25145  0.04883 -0.20778
   0.24388  0.04848 -0.20744
   0.23629  0.04812 -0.20808
   0.22868  0.04775 -0.20869
   0.22107  0.04735 -0.20969
   0.21346  0.04694 -0.21004
   0.20588  0.04651 -0.21116
   0.19832  0.04606 -0.21188
   0.19079  0.04559 -0.21326
   0.18331  0.04510 -0.21524
   0.17587  0.04459 -0.21480
   0.16848  0.04405 -0.21758
   0.16116  0.04350 -0.21784
   0.15392  0.04292 -0.21869
   0.14676  0.04231 -0.22129
   0.13969  0.04168 -0.22022
   0.13274  0.04103 -0.22225
   0.12592  0.04036 -0.22184
   0.11925  0.03966 -0.22240
   0.11274  0.03895 -0.22185
   0.10643  0.03821 -0.22154
   0.10032  0.03747 -0.22204
   0.09446  0.03673 -0.22136
   0.08886  0.03598 -0.22323
   0.08353  0.03523 -0.22360
   0.07849  0.03450 -0.22633
   0.07373  0.03377 -0.23120
   0.06927  0.03305 -0.23256
   0.06509  0.03235 -0.24441
   0.06115  0.03165 -0.24879
   0.05745  0.03095 -0.25563
   0.05396  0.03023 -0.25928
   0.05068  0.02952 -0.25431
   0.04758  0.02879 -0.24581
   0.04465  0.02805 -0.23484
   0.04187  0.02732 -0.22277
   0.03925  0.02659 -0.20804
   0.03676  0.02587 -0.19874
   0.03441  0.02515 -0.18375
   0.03218  0.02442 -0.15621
   0.03006  0.02371 -0.12812
   0.02804  0.02301 -0.10494
   0.02612  0.02234 -0.09674
   0.02429  0.02168 -0.09496
   0.02256  0.02105 -0.09121
   0.02092  0.02042 -0.08931
   0.01936  0.01979 -0.08155
   0.01788  0.01916 -0.06616
   0.01648  0.01853 -0.04447
   0.01513  0.01790 -0.01851
   0.01385  0.01728  0.00462
   0.01262  0.01665  0.02931
   0.01145  0.01603  0.04469
   0.01032  0.01542  0.06525
   0.00925  0.01480  0.09060
   0.00822  0.01418  0.10680
   0.00724  0.01356  0.13441
   0.00631  0.01293  0.15308
   0.00542  0.01229  0.17613
   0.00458  0.01164  0.20791
   0.00379  0.01098  0.23011
   0.00305  0.01029  0.26374
   0.00239  0.00956  0.30894
   0.00182  0.00878  0.44869
   0.00133  0.00797  0.51512
   0.00094  0.00712  0.65428
   0.00065  0.00624  0.76602
   0.00044  0.00536  0.85428
   0.00028  0.00447  0.91201
   0.00016  0.00358  0.95398
   0.00008  0.00270  0.97886
   0.00003  0.00182  0.99403
   0.00000  0.00095  0.99987
  -0.00000  0.00009  0.99755
   0.00003 -0.00076  0.98879
   0.00006 -0.00163  0.97010
   0.00015 -0.00249  0.95360
   0.00023 -0.00336  0.92062
   0.00032 -0.00424  0.88037
   0.00047 -0.00512  0.83854
   0.00063 -0.00601  0.78358
   0.00082 -0.00691  0.72004
   0.00104 -0.00781  0.64731
   0.00129 -0.00871  0.55559
   0.00157 -0.00961  0.45303
   0.00190 -0.01051  0.33586
   0.00227 -0.01140  0.18276
   0.00270 -0.01228  0.05371
   0.00318 -0.01315 -0.15601
   0.00373 -0.01400 -0.38734
   0.00438 -0.01479 -0.46009
   0.00511 -0.01554 -0.52819
   0.00590 -0.01626 -0.55478
   0.00676 -0.01694 -0.57426
   0.00768 -0.01760 -0.58594
   0.00865 -0.01823 -0.59019
   0.00967 -0.01885 -0.59582
   0.01075 -0.01945 -0.58049
   0.01188 -0.02004 -0.58517
   0.01307 -0.02061 -0.57195
   0.01432 -0.02118 -0.56556
   0.01563 -0.02174 -0.55656
   0.01700 -0.02229 -0.53884
   0.01845 -0.02284 -0.52930
   0.01996 -0.02339 -0.51903
   0.02156 -0.02394 -0.50705
   0.02324 -0.02449 -0.49368
   0.02502 -0.02504 -0.48265
   0.02690 -0.02561 -0.47363
   0.02888 -0.02618 -0.46257
   0.03099 -0.02676 -0.45387
   0.03324 -0.02735 -0.44716
   0.03563 -0.02795 -0.43743
   0.03818 -0.02857 -0.42900
   0.04090 -0.02920 -0.41971
   0.04382 -0.02985 -0.41088
   0.04694 -0.03052 -0.40335
   0.05029 -0.03121 -0.40063
   0.05388 -0.03192 -0.39413
   0.05772 -0.03265 -0.39134
   0.06181 -0.03340 -0.38669
   0.06618 -0.03416 -0.38266
   0.07081 -0.03493 -0.37934
   0.07572 -0.03571 -0.37577
   0.08090 -0.03650 -0.37259
   0.08636 -0.03729 -0.36987
   0.09206 -0.03808 -0.36630
   0.09799 -0.03886 -0.36291
   0.10414 -0.03963 -0.36248
   0.11047 -0.04039 -0.36022
   0.11696 -0.04113 -0.35973
   0.12360 -0.04184 -0.35863
   0.13035 -0.04253 -0.35726
   0.13721 -0.04318 -0.35532
   0.14417 -0.04381 -0.35292
   0.15121 -0.04440 -0.34985
   0.15834 -0.04497 -0.34711
   0.16553 -0.04550 -0.34422
   0.17278 -0.04600 -0.34114
   0.18008 -0.04648 -0.33799
   0.18742 -0.04692 -0.33644
   0.19479 -0.04734 -0.33360
   0.20219 -0.04773 -0.33148
   0.20962 -0.04809 -0.32767
   0.21707 -0.04842 -0.32579
   0.22456 -0.04873 -0.32181
   0.23208 -0.04901 -0.31826
   0.23964 -0.04926 -0.31457
   0.24721 -0.04950 -0.31258
   0.25481 -0.04971 -0.30988
   0.26241 -0.04990 -0.30719
   0.27004 -0.05006 -0.30420
   0.27768 -0.05021 -0.30183
   0.28534 -0.05033 -0.29860
   0.29302 -0.05043 -0.29630
   0.30071 -0.05052 -0.29400
   0.30841 -0.05058 -0.29203
   0.31611 -0.05063 -0.29034
   0.32382 -0.05066 -0.28815
   0.33154 -0.05066 -0.28574
   0.33927 -0.05065 -0.28475
   0.34699 -0.05062 -0.28215
   0.35472 -0.05057 -0.28082
   0.36246 -0.05051 -0.27915
   0.37019 -0.05042 -0.27761
   0.37793 -0.05031 -0.27517
   0.38566 -0.05019 -0.27430
   0.39339 -0.05004 -0.27234
   0.40111 -0.04988 -0.27079
   0.40883 -0.04970 -0.26909
   0.41655 -0.04951 -0.26820
   0.42426 -0.04929 -0.26675
   0.43196 -0.04905 -0.26574
   0.43965 -0.04880 -0.26422
   0.44733 -0.04852 -0.26314
   0.45499 -0.04823 -0.26195
   0.46265 -0.04791 -0.26022
   0.47029 -0.04757 -0.25931
   0.47793 -0.04721 -0.25744
   0.48555 -0.04683 -0.25581
   0.49315 -0.04642 -0.25415
   0.50075 -0.04600 -0.25257
   0.50833 -0.04555 -0.24997
   0.51589 -0.04507 -0.24835
   0.52345 -0.04458 -0.24553
   0.53099 -0.04405 -0.24359
   0.53851 -0.04351 -0.24048
   0.54603 -0.04293 -0.23801
   0.55353 -0.04234 -0.23533
   0.56101 -0.04171 -0.23116
   0.56848 -0.04106 -0.22821
   0.57593 -0.04038 -0.22417
   0.58337 -0.03967 -0.22025
   0.59078 -0.03894 -0.21622
   0.59818 -0.03818 -0.21130
   0.60556 -0.03738 -0.20669
   0.61292 -0.03656 -0.20147
   0.62026 -0.03571 -0.19551
   0.62759 -0.03483 -0.18959
   0.63490 -0.03391 -0.18200
   0.64220 -0.03296 -0.17598
   0.64948 -0.03198 -0.16782
   0.65674 -0.03097 -0.15980
   0.66400 -0.02992 -0.15051
   0.67125 -0.02883 -0.14099
   0.67849 -0.02772 -0.13129
   0.68572 -0.02656 -0.12005
   0.69295 -0.02537 -0.10928
   0.70018 -0.02415 -0.09626
   0.70741 -0.02288 -0.08396
   0.71464 -0.02159 -0.07059
   0.72188 -0.02025 -0.05562
   0.72912 -0.01888 -0.04158
   0.73638 -0.01747 -0.02464
   0.74365 -0.01602 -0.00897
   0.75094 -0.01453  0.00967
   0.75826 -0.01301  0.02763
   0.76560 -0.01146  0.04729
   0.77297 -0.00987  0.06692
   0.78039 -0.00825  0.08847
   0.78785 -0.00659  0.10960
   0.79535 -0.00492  0.13276
   0.80287 -0.00323  0.15561
   0.81037 -0.00154  0.17792
   0.81778  0.00013  0.20310
   0.82509  0.00176  0.22625
   0.83227  0.00334  0.24777
   0.83932  0.00486  0.26850
   0.84624  0.00632  0.28891
   0.85304  0.00771  0.30732
   0.85972  0.00903  0.32624
   0.86628  0.01027  0.34243
   0.87271  0.01143  0.35849
   0.87902  0.01251  0.37351
   0.88521  0.01350  0.38623
   0.89129  0.01440  0.39903
   0.89727  0.01522  0.40881
   0.90316  0.01595  0.41931
   0.90895  0.01659  0.42816
   0.91464  0.01715  0.43553
   0.92020  0.01763  0.44392
   0.92564  0.01802  0.44973
   0.93097  0.01831  0.45432
   0.93623  0.01853  0.45744
   0.94141  0.01867  0.45695
   0.94645  0.01876  0.46719
   0.95125  0.01879  0.47886
   0.95581  0.01873  0.49148
   0.96019  0.01854  0.49559
   0.96446  0.01821  0.48054
   0.96872  0.01776  0.45434
   0.97300  0.01724  0.42580
   0.97726  0.01672  0.41549
   0.98142  0.01621  0.42809
   0.98545  0.01563  0.43244
   0.98942  0.01489  0.38724
   0.99340  0.01406  0.32678
   0.99738  0.01325  0.29811
   1.00000  0.01271  0.25220
