GRUMMAN K-2 AIRFOIL                             
 Alfa =  -1.25000 Re =        0.000 Xflap,Yflap =     0.000000    0.000000
#    x        y        Cp  
   1.00000  0.01371  0.25419
   0.99740  0.01444  0.09918
   0.99329  0.01549  0.06141
   0.98889  0.01657  0.04603
   0.98423  0.01772  0.00565
   0.97929  0.01890 -0.02933
   0.97409  0.02011 -0.05532
   0.96867  0.02135 -0.08573
   0.96305  0.02259 -0.11228
   0.95727  0.02381 -0.13395
   0.95131  0.02502 -0.15490
   0.94520  0.02620 -0.17001
   0.93893  0.02735 -0.18310
   0.93253  0.02848 -0.19434
   0.92600  0.02957 -0.20154
   0.91932  0.03065 -0.20762
   0.91254  0.03170 -0.21459
   0.90568  0.03272 -0.22324
   0.89876  0.03372 -0.23069
   0.89181  0.03467 -0.23881
   0.88484  0.03559 -0.24480
   0.87782  0.03647 -0.24746
   0.87073  0.03731 -0.24860
   0.86355  0.03812 -0.24974
   0.85628  0.03891 -0.24852
   0.84891  0.03968 -0.24767
   0.84146  0.04044 -0.24764
   0.83396  0.04117 -0.24759
   0.82645  0.04190 -0.25333
   0.81896  0.04260 -0.25827
   0.81149  0.04327 -0.26186
   0.80402  0.04391 -0.26440
   0.79655  0.04452 -0.26686
   0.78909  0.04510 -0.26906
   0.78162  0.04565 -0.26981
   0.77414  0.04617 -0.26936
   0.76665  0.04666 -0.26976
   0.75914  0.04713 -0.26855
   0.75161  0.04756 -0.26675
   0.74405  0.04798 -0.26505
   0.73646  0.04837 -0.26214
   0.72884  0.04874 -0.25972
   0.72118  0.04909 -0.25687
   0.71350  0.04943 -0.25357
   0.70580  0.04974 -0.25178
   0.69806  0.05004 -0.24879
   0.69030  0.05033 -0.24674
   0.68252  0.05060 -0.24468
   0.67473  0.05086 -0.24291
   0.66693  0.05111 -0.24073
   0.65911  0.05135 -0.23950
   0.65129  0.05157 -0.23802
   0.64347  0.05178 -0.23600
   0.63563  0.05197 -0.23491
   0.62779  0.05216 -0.23341
   0.61994  0.05233 -0.23136
   0.61208  0.05249 -0.23087
   0.60421  0.05264 -0.22836
   0.59633  0.05278 -0.22755
   0.58846  0.05291 -0.22635
   0.58058  0.05303 -0.22574
   0.57270  0.05314 -0.22452
   0.56482  0.05324 -0.22364
   0.55693  0.05333 -0.22257
   0.54904  0.05340 -0.22194
   0.54115  0.05347 -0.22052
   0.53326  0.05353 -0.22020
   0.52537  0.05358 -0.21886
   0.51748  0.05361 -0.21797
   0.50958  0.05364 -0.21769
   0.50169  0.05366 -0.21610
   0.49380  0.05367 -0.21647
   0.48590  0.05367 -0.21482
   0.47801  0.05366 -0.21519
   0.47012  0.05363 -0.21419
   0.46224  0.05360 -0.21345
   0.45437  0.05356 -0.21285
   0.44650  0.05351 -0.21233
   0.43864  0.05345 -0.21124
   0.43079  0.05338 -0.21102
   0.42295  0.05330 -0.21072
   0.41514  0.05321 -0.21037
   0.40737  0.05312 -0.21101
   0.39966  0.05301 -0.21041
   0.39202  0.05289 -0.21163
   0.38445  0.05276 -0.20870
   0.37694  0.05262 -0.20608
   0.36954  0.05249 -0.20509
   0.36229  0.05236 -0.21223
   0.35524  0.05223 -0.22308
   0.34842  0.05207 -0.23229
   0.34179  0.05185 -0.22352
   0.33530  0.05159 -0.19657
   0.32892  0.05132 -0.16986
   0.32258  0.05111 -0.15615
   0.31625  0.05098 -0.17248
   0.30988  0.05089 -0.20182
   0.30343  0.05078 -0.22911
   0.29682  0.05061 -0.23141
   0.29002  0.05037 -0.21897
   0.28299  0.05009 -0.20713
   0.27579  0.04982 -0.20583
   0.26847  0.04954 -0.20988
   0.26108  0.04924 -0.21181
   0.25361  0.04892 -0.21067
   0.24607  0.04858 -0.21069
   0.23850  0.04823 -0.21167
   0.23092  0.04786 -0.21208
   0.22333  0.04747 -0.21286
   0.21574  0.04707 -0.21335
   0.20817  0.04664 -0.21513
   0.20063  0.04620 -0.21559
   0.19311  0.04574 -0.21635
   0.18563  0.04526 -0.21946
   0.17820  0.04475 -0.21914
   0.17081  0.04423 -0.22037
   0.16349  0.04368 -0.22271
   0.15624  0.04311 -0.22272
   0.14907  0.04251 -0.22509
   0.14200  0.04189 -0.22568
   0.13503  0.04125 -0.22662
   0.12818  0.04059 -0.22733
   0.12147  0.03990 -0.22754
   0.11493  0.03919 -0.22750
   0.10856  0.03847 -0.22749
   0.10240  0.03773 -0.22699
   0.09647  0.03699 -0.22789
   0.09078  0.03624 -0.22953
   0.08537  0.03550 -0.22811
   0.08024  0.03476 -0.23326
   0.07540  0.03403 -0.23492
   0.07085  0.03331 -0.23858
   0.06658  0.03261 -0.25110
   0.06257  0.03190 -0.25173
   0.05879  0.03120 -0.26270
   0.05523  0.03050 -0.26673
   0.05189  0.02978 -0.26471
   0.04873  0.02906 -0.25844
   0.04574  0.02833 -0.24741
   0.04291  0.02760 -0.23798
   0.04024  0.02687 -0.22299
   0.03771  0.02615 -0.21082
   0.03531  0.02543 -0.20273
   0.03305  0.02471 -0.17793
   0.03089  0.02399 -0.14785
   0.02884  0.02329 -0.12414
   0.02688  0.02260 -0.10846
   0.02502  0.02195 -0.10639
   0.02326  0.02131 -0.10442
   0.02159  0.02067 -0.10294
   0.02000  0.02005 -0.09676
   0.01849  0.01942 -0.08587
   0.01706  0.01880 -0.06766
   0.01569  0.01817 -0.04111
   0.01439  0.01754 -0.01874
   0.01314  0.01692  0.00463
   0.01194  0.01630  0.02511
   0.01080  0.01568  0.04436
   0.00971  0.01507  0.06261
   0.00867  0.01445  0.08752
   0.00767  0.01383  0.10473
   0.00672  0.01321  0.12868
   0.00581  0.01258  0.14850
   0.00495  0.01194  0.17870
   0.00414  0.01128  0.20161
   0.00338  0.01061  0.22884
   0.00268  0.00990  0.26167
   0.00207  0.00914  0.36993
   0.00154  0.00835  0.45820
   0.00111  0.00752  0.57459
   0.00078  0.00665  0.70337
   0.00053  0.00577  0.80636
   0.00035  0.00489  0.88025
   0.00022  0.00400  0.92966
   0.00012  0.00312  0.96514
   0.00005  0.00224  0.98573
   0.00001  0.00137  0.99701
  -0.00000  0.00051  0.99991
   0.00001 -0.00034  0.99534
   0.00004 -0.00120  0.98343
   0.00010 -0.00206  0.96379
   0.00020 -0.00292  0.94769
   0.00027 -0.00380  0.90317
   0.00039 -0.00468  0.86991
   0.00054 -0.00556  0.82127
   0.00072 -0.00645  0.76213
   0.00092 -0.00735  0.69666
   0.00115 -0.00824  0.61978
   0.00142 -0.00914  0.52206
   0.00173 -0.01004  0.41372
   0.00207 -0.01094  0.29037
   0.00247 -0.01182  0.11640
   0.00292 -0.01269  0.03560
   0.00342 -0.01356 -0.30815
   0.00402 -0.01437 -0.37069
   0.00470 -0.01514 -0.47915
   0.00546 -0.01587 -0.51479
   0.00629 -0.01657 -0.54450
   0.00717 -0.01724 -0.55612
   0.00811 -0.01789 -0.57186
   0.00910 -0.01851 -0.57040
   0.01015 -0.01912 -0.56656
   0.01125 -0.01971 -0.56661
   0.01240 -0.02029 -0.55912
   0.01361 -0.02086 -0.55313
   0.01488 -0.02142 -0.54559
   0.01621 -0.02198 -0.53086
   0.01761 -0.02253 -0.52289
   0.01908 -0.02307 -0.50707
   0.02063 -0.02362 -0.50195
   0.02226 -0.02417 -0.48901
   0.02397 -0.02472 -0.47381
   0.02579 -0.02528 -0.46639
   0.02770 -0.02584 -0.45589
   0.02973 -0.02641 -0.44800
   0.03189 -0.02700 -0.44017
   0.03419 -0.02759 -0.43368
   0.03663 -0.02820 -0.42286
   0.03924 -0.02882 -0.41623
   0.04203 -0.02945 -0.40537
   0.04502 -0.03011 -0.39864
   0.04822 -0.03078 -0.39276
   0.05165 -0.03148 -0.38935
   0.05533 -0.03220 -0.38484
   0.05925 -0.03293 -0.38170
   0.06344 -0.03368 -0.37687
   0.06789 -0.03445 -0.37475
   0.07262 -0.03522 -0.36989
   0.07761 -0.03600 -0.36837
   0.08288 -0.03679 -0.36497
   0.08842 -0.03758 -0.36166
   0.09419 -0.03836 -0.35858
   0.10019 -0.03914 -0.35651
   0.10638 -0.03991 -0.35560
   0.11276 -0.04065 -0.35461
   0.11929 -0.04138 -0.35380
   0.12594 -0.04208 -0.35242
   0.13272 -0.04276 -0.35132
   0.13959 -0.04340 -0.34985
   0.14656 -0.04401 -0.34671
   0.15362 -0.04460 -0.34495
   0.16075 -0.04515 -0.34100
   0.16794 -0.04567 -0.33869
   0.17519 -0.04616 -0.33528
   0.18248 -0.04663 -0.33323
   0.18981 -0.04706 -0.33099
   0.19717 -0.04747 -0.32955
   0.20456 -0.04785 -0.32531
   0.21197 -0.04820 -0.32439
   0.21942 -0.04852 -0.32021
   0.22690 -0.04882 -0.31757
   0.23441 -0.04909 -0.31279
   0.24195 -0.04934 -0.31062
   0.24951 -0.04956 -0.30852
   0.25708 -0.04977 -0.30520
   0.26468 -0.04995 -0.30385
   0.27229 -0.05011 -0.29954
   0.27991 -0.05024 -0.29806
   0.28756 -0.05036 -0.29459
   0.29522 -0.05046 -0.29260
   0.30289 -0.05054 -0.29069
   0.31057 -0.05060 -0.28854
   0.31825 -0.05064 -0.28630
   0.32595 -0.05066 -0.28467
   0.33364 -0.05066 -0.28312
   0.34135 -0.05065 -0.28127
   0.34906 -0.05061 -0.27953
   0.35677 -0.05056 -0.27769
   0.36448 -0.05048 -0.27602
   0.37219 -0.05039 -0.27445
   0.37990 -0.05028 -0.27240
   0.38761 -0.05015 -0.27106
   0.39532 -0.05001 -0.26971
   0.40302 -0.04984 -0.26834
   0.41072 -0.04966 -0.26626
   0.41842 -0.04945 -0.26564
   0.42610 -0.04923 -0.26426
   0.43378 -0.04899 -0.26353
   0.44144 -0.04873 -0.26140
   0.44910 -0.04845 -0.26083
   0.45674 -0.04815 -0.25930
   0.46437 -0.04783 -0.25858
   0.47199 -0.04749 -0.25688
   0.47960 -0.04713 -0.25502
   0.48720 -0.04674 -0.25371
   0.49478 -0.04634 -0.25199
   0.50235 -0.04590 -0.24961
   0.50991 -0.04545 -0.24839
   0.51745 -0.04497 -0.24576
   0.52498 -0.04447 -0.24334
   0.53250 -0.04395 -0.24122
   0.54000 -0.04340 -0.23865
   0.54749 -0.04282 -0.23582
   0.55497 -0.04222 -0.23269
   0.56243 -0.04159 -0.22905
   0.56987 -0.04093 -0.22571
   0.57730 -0.04025 -0.22203
   0.58471 -0.03954 -0.21790
   0.59210 -0.03881 -0.21372
   0.59948 -0.03804 -0.20930
   0.60683 -0.03724 -0.20470
   0.61417 -0.03642 -0.19847
   0.62149 -0.03556 -0.19376
   0.62879 -0.03468 -0.18651
   0.63608 -0.03376 -0.18082
   0.64335 -0.03281 -0.17269
   0.65061 -0.03183 -0.16560
   0.65786 -0.03081 -0.15705
   0.66510 -0.02976 -0.14816
   0.67232 -0.02867 -0.13839
   0.67954 -0.02755 -0.12830
   0.68676 -0.02640 -0.11775
   0.69397 -0.02520 -0.10655
   0.70117 -0.02398 -0.09380
   0.70838 -0.02271 -0.08110
   0.71559 -0.02141 -0.06760
   0.72281 -0.02007 -0.05325
   0.73004 -0.01870 -0.03851
   0.73728 -0.01729 -0.02242
   0.74453 -0.01584 -0.00487
   0.75180 -0.01436  0.01145
   0.75910 -0.01284  0.03144
   0.76642 -0.01128  0.04950
   0.77378 -0.00969  0.07129
   0.78118 -0.00807  0.09012
   0.78863 -0.00642  0.11358
   0.79611 -0.00475  0.13442
   0.80361 -0.00306  0.15882
   0.81108 -0.00138  0.18173
   0.81847  0.00029  0.20471
   0.82574  0.00191  0.22846
   0.83289  0.00348  0.25046
   0.83991  0.00499  0.27097
   0.84680  0.00644  0.29066
   0.85358  0.00782  0.31007
   0.86023  0.00913  0.32635
   0.86676  0.01036  0.34493
   0.87316  0.01151  0.35906
   0.87944  0.01258  0.37549
   0.88561  0.01356  0.38732
   0.89167  0.01445  0.39954
   0.89763  0.01526  0.41032
   0.90349  0.01599  0.41987
   0.90927  0.01663  0.42768
   0.91493  0.01718  0.43731
   0.92047  0.01765  0.44319
   0.92588  0.01803  0.45144
   0.93120  0.01832  0.45504
   0.93644  0.01853  0.45587
   0.94160  0.01868  0.45878
   0.94662  0.01876  0.46573
   0.95140  0.01879  0.48110
   0.95595  0.01872  0.49077
   0.96030  0.01853  0.49586
   0.96456  0.01820  0.48094
   0.96881  0.01775  0.45336
   0.97308  0.01723  0.42627
   0.97733  0.01672  0.41408
   0.98147  0.01621  0.42725
   0.98549  0.01562  0.43419
   0.98945  0.01488  0.38895
   0.99342  0.01406  0.32425
   0.99738  0.01325  0.29895
   1.00000  0.01271  0.25419
