GRUMMAN K-2 AIRFOIL                             
 Alfa =  -1.23700 Re =        0.000 Xflap,Yflap =     0.000000    0.000000
#    x        y        Cp  
   1.00000  0.01371  0.25419
   0.99740  0.01444  0.09916
   0.99329  0.01549  0.06139
   0.98889  0.01657  0.04599
   0.98423  0.01772  0.00559
   0.97929  0.01890 -0.02939
   0.97409  0.02011 -0.05538
   0.96867  0.02135 -0.08581
   0.96305  0.02259 -0.11237
   0.95727  0.02381 -0.13405
   0.95131  0.02502 -0.15501
   0.94520  0.02620 -0.17013
   0.93893  0.02735 -0.18323
   0.93253  0.02848 -0.19448
   0.92600  0.02957 -0.20168
   0.91932  0.03065 -0.20778
   0.91254  0.03170 -0.21475
   0.90568  0.03272 -0.22341
   0.89876  0.03372 -0.23087
   0.89181  0.03467 -0.23900
   0.88484  0.03559 -0.24500
   0.87782  0.03647 -0.24766
   0.87073  0.03731 -0.24882
   0.86355  0.03812 -0.24996
   0.85628  0.03891 -0.24874
   0.84891  0.03968 -0.24790
   0.84146  0.04044 -0.24788
   0.83396  0.04117 -0.24784
   0.82645  0.04190 -0.25358
   0.81896  0.04260 -0.25853
   0.81149  0.04327 -0.26213
   0.80402  0.04391 -0.26467
   0.79655  0.04452 -0.26714
   0.78909  0.04510 -0.26934
   0.78162  0.04565 -0.27011
   0.77414  0.04617 -0.26966
   0.76665  0.04666 -0.27008
   0.75914  0.04713 -0.26887
   0.75161  0.04756 -0.26708
   0.74405  0.04798 -0.26537
   0.73646  0.04837 -0.26247
   0.72884  0.04874 -0.26007
   0.72118  0.04909 -0.25721
   0.71350  0.04943 -0.25392
   0.70580  0.04974 -0.25214
   0.69806  0.05004 -0.24915
   0.69030  0.05033 -0.24712
   0.68252  0.05060 -0.24506
   0.67473  0.05086 -0.24329
   0.66693  0.05111 -0.24112
   0.65911  0.05135 -0.23990
   0.65129  0.05157 -0.23843
   0.64347  0.05178 -0.23641
   0.63563  0.05197 -0.23533
   0.62779  0.05216 -0.23384
   0.61994  0.05233 -0.23180
   0.61208  0.05249 -0.23130
   0.60421  0.05264 -0.22881
   0.59633  0.05278 -0.22801
   0.58846  0.05291 -0.22681
   0.58058  0.05303 -0.22621
   0.57270  0.05314 -0.22500
   0.56482  0.05324 -0.22412
   0.55693  0.05333 -0.22306
   0.54904  0.05340 -0.22243
   0.54115  0.05347 -0.22103
   0.53326  0.05353 -0.22071
   0.52537  0.05358 -0.21938
   0.51748  0.05361 -0.21850
   0.50958  0.05364 -0.21823
   0.50169  0.05366 -0.21664
   0.49380  0.05367 -0.21703
   0.48590  0.05367 -0.21538
   0.47801  0.05366 -0.21576
   0.47012  0.05363 -0.21476
   0.46224  0.05360 -0.21404
   0.45437  0.05356 -0.21344
   0.44650  0.05351 -0.21293
   0.43864  0.05345 -0.21185
   0.43079  0.05338 -0.21165
   0.42295  0.05330 -0.21136
   0.41514  0.05321 -0.21101
   0.40737  0.05312 -0.21167
   0.39966  0.05301 -0.21107
   0.39202  0.05289 -0.21230
   0.38445  0.05276 -0.20939
   0.37694  0.05262 -0.20677
   0.36954  0.05249 -0.20579
   0.36229  0.05236 -0.21295
   0.35524  0.05223 -0.22382
   0.34842  0.05207 -0.23304
   0.34179  0.05185 -0.22428
   0.33530  0.05159 -0.19732
   0.32892  0.05132 -0.17061
   0.32258  0.05111 -0.15690
   0.31625  0.05098 -0.17325
   0.30988  0.05089 -0.20262
   0.30343  0.05078 -0.22995
   0.29682  0.05061 -0.23225
   0.29002  0.05037 -0.21982
   0.28299  0.05009 -0.20799
   0.27579  0.04982 -0.20671
   0.26847  0.04954 -0.21077
   0.26108  0.04924 -0.21271
   0.25361  0.04892 -0.21159
   0.24607  0.04858 -0.21164
   0.23850  0.04823 -0.21264
   0.23092  0.04786 -0.21307
   0.22333  0.04747 -0.21387
   0.21574  0.04707 -0.21438
   0.20817  0.04664 -0.21618
   0.20063  0.04620 -0.21667
   0.19311  0.04574 -0.21746
   0.18563  0.04526 -0.22059
   0.17820  0.04475 -0.22030
   0.17081  0.04423 -0.22157
   0.16349  0.04368 -0.22394
   0.15624  0.04311 -0.22398
   0.14907  0.04251 -0.22639
   0.14200  0.04189 -0.22702
   0.13503  0.04125 -0.22800
   0.12818  0.04059 -0.22875
   0.12147  0.03990 -0.22900
   0.11493  0.03919 -0.22901
   0.10856  0.03847 -0.22905
   0.10240  0.03773 -0.22860
   0.09647  0.03699 -0.22955
   0.09078  0.03624 -0.23125
   0.08537  0.03550 -0.22988
   0.08024  0.03476 -0.23510
   0.07540  0.03403 -0.23683
   0.07085  0.03331 -0.24056
   0.06658  0.03261 -0.25316
   0.06257  0.03190 -0.25386
   0.05879  0.03120 -0.26492
   0.05523  0.03050 -0.26904
   0.05189  0.02978 -0.26709
   0.04873  0.02906 -0.26088
   0.04574  0.02833 -0.24991
   0.04291  0.02760 -0.24055
   0.04024  0.02687 -0.22562
   0.03771  0.02615 -0.21350
   0.03531  0.02543 -0.20549
   0.03305  0.02471 -0.18072
   0.03089  0.02399 -0.15067
   0.02884  0.02329 -0.12700
   0.02688  0.02260 -0.11138
   0.02502  0.02195 -0.10940
   0.02326  0.02131 -0.10754
   0.02159  0.02067 -0.10617
   0.02000  0.02005 -0.10009
   0.01849  0.01942 -0.08930
   0.01706  0.01880 -0.07115
   0.01569  0.01817 -0.04466
   0.01439  0.01754 -0.02235
   0.01314  0.01692  0.00094
   0.01194  0.01630  0.02133
   0.01080  0.01568  0.04049
   0.00971  0.01507  0.05862
   0.00867  0.01445  0.08344
   0.00767  0.01383  0.10052
   0.00672  0.01321  0.12433
   0.00581  0.01258  0.14399
   0.00495  0.01194  0.17404
   0.00414  0.01128  0.19674
   0.00338  0.01061  0.22374
   0.00268  0.00990  0.25631
   0.00207  0.00914  0.36484
   0.00154  0.00835  0.45328
   0.00111  0.00752  0.57015
   0.00078  0.00665  0.69975
   0.00053  0.00577  0.80353
   0.00035  0.00489  0.87810
   0.00022  0.00400  0.92805
   0.00012  0.00312  0.96403
   0.00005  0.00224  0.98503
   0.00001  0.00137  0.99669
  -0.00000  0.00051  0.99995
   0.00001 -0.00034  0.99572
   0.00004 -0.00120  0.98414
   0.00010 -0.00206  0.96485
   0.00020 -0.00292  0.94887
   0.00027 -0.00380  0.90493
   0.00039 -0.00468  0.87188
   0.00054 -0.00556  0.82359
   0.00072 -0.00645  0.76482
   0.00092 -0.00735  0.69971
   0.00115 -0.00824  0.62321
   0.00142 -0.00914  0.52594
   0.00173 -0.01004  0.41807
   0.00207 -0.01094  0.29519
   0.00247 -0.01182  0.12191
   0.00292 -0.01269  0.04118
   0.00342 -0.01356 -0.30112
   0.00402 -0.01437 -0.36385
   0.00470 -0.01514 -0.47222
   0.00546 -0.01587 -0.50812
   0.00629 -0.01657 -0.53806
   0.00717 -0.01724 -0.54997
   0.00811 -0.01789 -0.56594
   0.00910 -0.01851 -0.56475
   0.01015 -0.01912 -0.56116
   0.01125 -0.01971 -0.56143
   0.01240 -0.02029 -0.55416
   0.01361 -0.02086 -0.54837
   0.01488 -0.02142 -0.54103
   0.01621 -0.02198 -0.52650
   0.01761 -0.02253 -0.51870
   0.01908 -0.02307 -0.50306
   0.02063 -0.02362 -0.49809
   0.02226 -0.02417 -0.48529
   0.02397 -0.02472 -0.47025
   0.02579 -0.02528 -0.46296
   0.02770 -0.02584 -0.45258
   0.02973 -0.02641 -0.44481
   0.03189 -0.02700 -0.43709
   0.03419 -0.02759 -0.43071
   0.03663 -0.02820 -0.42001
   0.03924 -0.02882 -0.41347
   0.04203 -0.02945 -0.40272
   0.04502 -0.03011 -0.39608
   0.04822 -0.03078 -0.39029
   0.05165 -0.03148 -0.38696
   0.05533 -0.03220 -0.38253
   0.05925 -0.03293 -0.37947
   0.06344 -0.03368 -0.37473
   0.06789 -0.03445 -0.37268
   0.07262 -0.03522 -0.36790
   0.07761 -0.03600 -0.36644
   0.08288 -0.03679 -0.36311
   0.08842 -0.03758 -0.35986
   0.09419 -0.03836 -0.35684
   0.10019 -0.03914 -0.35483
   0.10638 -0.03991 -0.35398
   0.11276 -0.04065 -0.35303
   0.11929 -0.04138 -0.35227
   0.12594 -0.04208 -0.35094
   0.13272 -0.04276 -0.34988
   0.13959 -0.04340 -0.34845
   0.14656 -0.04401 -0.34535
   0.15362 -0.04460 -0.34363
   0.16075 -0.04515 -0.33972
   0.16794 -0.04567 -0.33745
   0.17519 -0.04616 -0.33407
   0.18248 -0.04663 -0.33205
   0.18981 -0.04706 -0.32984
   0.19717 -0.04747 -0.32842
   0.20456 -0.04785 -0.32421
   0.21197 -0.04820 -0.32331
   0.21942 -0.04852 -0.31917
   0.22690 -0.04882 -0.31655
   0.23441 -0.04909 -0.31179
   0.24195 -0.04934 -0.30964
   0.24951 -0.04956 -0.30756
   0.25708 -0.04977 -0.30427
   0.26468 -0.04995 -0.30293
   0.27229 -0.05011 -0.29865
   0.27991 -0.05024 -0.29718
   0.28756 -0.05036 -0.29373
   0.29522 -0.05046 -0.29176
   0.30289 -0.05054 -0.28986
   0.31057 -0.05060 -0.28773
   0.31825 -0.05064 -0.28551
   0.32595 -0.05066 -0.28389
   0.33364 -0.05066 -0.28236
   0.34135 -0.05065 -0.28052
   0.34906 -0.05061 -0.27880
   0.35677 -0.05056 -0.27696
   0.36448 -0.05048 -0.27531
   0.37219 -0.05039 -0.27375
   0.37990 -0.05028 -0.27172
   0.38761 -0.05015 -0.27039
   0.39532 -0.05001 -0.26905
   0.40302 -0.04984 -0.26769
   0.41072 -0.04966 -0.26562
   0.41842 -0.04945 -0.26501
   0.42610 -0.04923 -0.26365
   0.43378 -0.04899 -0.26292
   0.44144 -0.04873 -0.26080
   0.44910 -0.04845 -0.26025
   0.45674 -0.04815 -0.25872
   0.46437 -0.04783 -0.25801
   0.47199 -0.04749 -0.25632
   0.47960 -0.04713 -0.25447
   0.48720 -0.04674 -0.25318
   0.49478 -0.04634 -0.25146
   0.50235 -0.04590 -0.24909
   0.50991 -0.04545 -0.24788
   0.51745 -0.04497 -0.24525
   0.52498 -0.04447 -0.24285
   0.53250 -0.04395 -0.24074
   0.54000 -0.04340 -0.23818
   0.54749 -0.04282 -0.23535
   0.55497 -0.04222 -0.23223
   0.56243 -0.04159 -0.22860
   0.56987 -0.04093 -0.22527
   0.57730 -0.04025 -0.22160
   0.58471 -0.03954 -0.21748
   0.59210 -0.03881 -0.21330
   0.59948 -0.03804 -0.20889
   0.60683 -0.03724 -0.20430
   0.61417 -0.03642 -0.19808
   0.62149 -0.03556 -0.19338
   0.62879 -0.03468 -0.18613
   0.63608 -0.03376 -0.18046
   0.64335 -0.03281 -0.17233
   0.65061 -0.03183 -0.16526
   0.65786 -0.03081 -0.15671
   0.66510 -0.02976 -0.14782
   0.67232 -0.02867 -0.13807
   0.67954 -0.02755 -0.12799
   0.68676 -0.02640 -0.11744
   0.69397 -0.02520 -0.10626
   0.70117 -0.02398 -0.09351
   0.70838 -0.02271 -0.08082
   0.71559 -0.02141 -0.06733
   0.72281 -0.02007 -0.05299
   0.73004 -0.01870 -0.03826
   0.73728 -0.01729 -0.02217
   0.74453 -0.01584 -0.00463
   0.75180 -0.01436  0.01168
   0.75910 -0.01284  0.03166
   0.76642 -0.01128  0.04971
   0.77378 -0.00969  0.07148
   0.78118 -0.00807  0.09031
   0.78863 -0.00642  0.11377
   0.79611 -0.00475  0.13459
   0.80361 -0.00306  0.15898
   0.81108 -0.00138  0.18188
   0.81847  0.00029  0.20486
   0.82574  0.00191  0.22860
   0.83289  0.00348  0.25059
   0.83991  0.00499  0.27110
   0.84680  0.00644  0.29077
   0.85358  0.00782  0.31018
   0.86023  0.00913  0.32646
   0.86676  0.01036  0.34503
   0.87316  0.01151  0.35916
   0.87944  0.01258  0.37558
   0.88561  0.01356  0.38740
   0.89167  0.01445  0.39962
   0.89763  0.01526  0.41040
   0.90349  0.01599  0.41995
   0.90927  0.01663  0.42775
   0.91493  0.01718  0.43738
   0.92047  0.01765  0.44326
   0.92588  0.01803  0.45150
   0.93120  0.01832  0.45510
   0.93644  0.01853  0.45592
   0.94160  0.01868  0.45884
   0.94662  0.01876  0.46579
   0.95140  0.01879  0.48115
   0.95595  0.01872  0.49082
   0.96030  0.01853  0.49590
   0.96456  0.01820  0.48098
   0.96881  0.01775  0.45341
   0.97308  0.01723  0.42631
   0.97733  0.01672  0.41412
   0.98147  0.01621  0.42729
   0.98549  0.01562  0.43422
   0.98945  0.01488  0.38898
   0.99342  0.01406  0.32428
   0.99738  0.01325  0.29897
   1.00000  0.01271  0.25419
