GRUMMAN K-2 AIRFOIL                             
 Alfa =  -1.31890 Re =        0.000 Xflap,Yflap =     0.000000    0.000000
#    x        y        Cp  
   1.00000  0.01371  0.25423
   0.99740  0.01444  0.09927
   0.99329  0.01549  0.06154
   0.98889  0.01657  0.04624
   0.98423  0.01772  0.00592
   0.97929  0.01890 -0.02901
   0.97409  0.02011 -0.05496
   0.96867  0.02135 -0.08530
   0.96305  0.02259 -0.11181
   0.95727  0.02381 -0.13344
   0.95131  0.02502 -0.15432
   0.94520  0.02620 -0.16938
   0.93893  0.02735 -0.18241
   0.93253  0.02848 -0.19361
   0.92600  0.02957 -0.20077
   0.91932  0.03065 -0.20679
   0.91254  0.03170 -0.21374
   0.90568  0.03272 -0.22232
   0.89876  0.03372 -0.22975
   0.89181  0.03467 -0.23781
   0.88484  0.03559 -0.24376
   0.87782  0.03647 -0.24639
   0.87073  0.03731 -0.24749
   0.86355  0.03812 -0.24858
   0.85628  0.03891 -0.24734
   0.84891  0.03968 -0.24643
   0.84146  0.04044 -0.24638
   0.83396  0.04117 -0.24629
   0.82645  0.04190 -0.25199
   0.81896  0.04260 -0.25688
   0.81149  0.04327 -0.26043
   0.80402  0.04391 -0.26294
   0.79655  0.04452 -0.26534
   0.78909  0.04510 -0.26754
   0.78162  0.04565 -0.26822
   0.77414  0.04617 -0.26775
   0.76665  0.04666 -0.26809
   0.75914  0.04713 -0.26687
   0.75161  0.04756 -0.26503
   0.74405  0.04798 -0.26331
   0.73646  0.04837 -0.26034
   0.72884  0.04874 -0.25791
   0.72118  0.04909 -0.25502
   0.71350  0.04943 -0.25168
   0.70580  0.04974 -0.24986
   0.69806  0.05004 -0.24686
   0.69030  0.05033 -0.24475
   0.68252  0.05060 -0.24268
   0.67473  0.05086 -0.24085
   0.66693  0.05111 -0.23865
   0.65911  0.05135 -0.23739
   0.65129  0.05157 -0.23587
   0.64347  0.05178 -0.23382
   0.63563  0.05197 -0.23269
   0.62779  0.05216 -0.23116
   0.61994  0.05233 -0.22907
   0.61208  0.05249 -0.22855
   0.60421  0.05264 -0.22600
   0.59633  0.05278 -0.22515
   0.58846  0.05291 -0.22391
   0.58058  0.05303 -0.22326
   0.57270  0.05314 -0.22201
   0.56482  0.05324 -0.22110
   0.55693  0.05333 -0.21999
   0.54904  0.05340 -0.21931
   0.54115  0.05347 -0.21785
   0.53326  0.05353 -0.21749
   0.52537  0.05358 -0.21611
   0.51748  0.05361 -0.21517
   0.50958  0.05364 -0.21486
   0.50169  0.05366 -0.21322
   0.49380  0.05367 -0.21355
   0.48590  0.05367 -0.21185
   0.47801  0.05366 -0.21218
   0.47012  0.05363 -0.21113
   0.46224  0.05360 -0.21034
   0.45437  0.05356 -0.20969
   0.44650  0.05351 -0.20913
   0.43864  0.05345 -0.20799
   0.43079  0.05338 -0.20771
   0.42295  0.05330 -0.20737
   0.41514  0.05321 -0.20696
   0.40737  0.05312 -0.20755
   0.39966  0.05301 -0.20688
   0.39202  0.05289 -0.20805
   0.38445  0.05276 -0.20507
   0.37694  0.05262 -0.20240
   0.36954  0.05249 -0.20135
   0.36229  0.05236 -0.20842
   0.35524  0.05223 -0.21917
   0.34842  0.05207 -0.22830
   0.34179  0.05185 -0.21949
   0.33530  0.05159 -0.19258
   0.32892  0.05132 -0.16591
   0.32258  0.05111 -0.15217
   0.31625  0.05098 -0.16840
   0.30988  0.05089 -0.19757
   0.30343  0.05078 -0.22470
   0.29682  0.05061 -0.22693
   0.29002  0.05037 -0.21445
   0.28299  0.05009 -0.20259
   0.27579  0.04982 -0.20121
   0.26847  0.04954 -0.20516
   0.26108  0.04924 -0.20699
   0.25361  0.04892 -0.20576
   0.24607  0.04858 -0.20569
   0.23850  0.04823 -0.20656
   0.23092  0.04786 -0.20686
   0.22333  0.04747 -0.20752
   0.21574  0.04707 -0.20790
   0.20817  0.04664 -0.20954
   0.20063  0.04620 -0.20987
   0.19311  0.04574 -0.21049
   0.18563  0.04526 -0.21344
   0.17820  0.04475 -0.21298
   0.17081  0.04423 -0.21404
   0.16349  0.04368 -0.21621
   0.15624  0.04311 -0.21604
   0.14907  0.04251 -0.21821
   0.14200  0.04189 -0.21861
   0.13503  0.04125 -0.21934
   0.12818  0.04059 -0.21982
   0.12147  0.03990 -0.21980
   0.11493  0.03919 -0.21952
   0.10856  0.03847 -0.21926
   0.10240  0.03773 -0.21849
   0.09647  0.03699 -0.21910
   0.09078  0.03624 -0.22044
   0.08537  0.03550 -0.21872
   0.08024  0.03476 -0.22353
   0.07540  0.03403 -0.22484
   0.07085  0.03331 -0.22814
   0.06658  0.03261 -0.24019
   0.06257  0.03190 -0.24046
   0.05879  0.03120 -0.25095
   0.05523  0.03050 -0.25456
   0.05189  0.02978 -0.25216
   0.04873  0.02906 -0.24553
   0.04574  0.02833 -0.23418
   0.04291  0.02760 -0.22441
   0.04024  0.02687 -0.20914
   0.03771  0.02615 -0.19663
   0.03531  0.02543 -0.18816
   0.03305  0.02471 -0.16317
   0.03089  0.02399 -0.13296
   0.02884  0.02329 -0.10907
   0.02688  0.02260 -0.09307
   0.02502  0.02195 -0.09050
   0.02326  0.02131 -0.08798
   0.02159  0.02067 -0.08593
   0.02000  0.02005 -0.07920
   0.01849  0.01942 -0.06781
   0.01706  0.01880 -0.04921
   0.01569  0.01817 -0.02238
   0.01439  0.01754  0.00032
   0.01314  0.01692  0.02406
   0.01194  0.01630  0.04500
   0.01080  0.01568  0.06477
   0.00971  0.01507  0.08356
   0.00867  0.01445  0.10901
   0.00767  0.01383  0.12690
   0.00672  0.01321  0.15156
   0.00581  0.01258  0.17223
   0.00495  0.01194  0.20320
   0.00414  0.01128  0.22714
   0.00338  0.01061  0.25564
   0.00268  0.00990  0.28972
   0.00207  0.00914  0.39657
   0.00154  0.00835  0.48393
   0.00111  0.00752  0.59777
   0.00078  0.00665  0.72223
   0.00053  0.00577  0.82103
   0.00035  0.00489  0.89135
   0.00022  0.00400  0.93789
   0.00012  0.00312  0.97074
   0.00005  0.00224  0.98916
   0.00001  0.00137  0.99843
  -0.00000  0.00051  0.99939
   0.00001 -0.00034  0.99311
   0.00004 -0.00120  0.97942
   0.00010 -0.00206  0.95786
   0.00020 -0.00292  0.94121
   0.00027 -0.00380  0.89357
   0.00039 -0.00468  0.85924
   0.00054 -0.00556  0.80874
   0.00072 -0.00645  0.74763
   0.00092 -0.00735  0.68026
   0.00115 -0.00824  0.60136
   0.00142 -0.00914  0.50122
   0.00173 -0.01004  0.39041
   0.00207 -0.01094  0.26457
   0.00247 -0.01182  0.08690
   0.00292 -0.01269  0.00572
   0.00342 -0.01356 -0.34574
   0.00402 -0.01437 -0.40722
   0.00470 -0.01514 -0.51618
   0.00546 -0.01587 -0.55038
   0.00629 -0.01657 -0.57883
   0.00717 -0.01724 -0.58892
   0.00811 -0.01789 -0.60340
   0.00910 -0.01851 -0.60053
   0.01015 -0.01912 -0.59532
   0.01125 -0.01971 -0.59419
   0.01240 -0.02029 -0.58552
   0.01361 -0.02086 -0.57845
   0.01488 -0.02142 -0.56986
   0.01621 -0.02198 -0.55408
   0.01761 -0.02253 -0.54518
   0.01908 -0.02307 -0.52844
   0.02063 -0.02362 -0.52253
   0.02226 -0.02417 -0.50877
   0.02397 -0.02472 -0.49278
   0.02579 -0.02528 -0.48466
   0.02770 -0.02584 -0.47348
   0.02973 -0.02641 -0.46496
   0.03189 -0.02700 -0.45652
   0.03419 -0.02759 -0.44945
   0.03663 -0.02820 -0.43806
   0.03924 -0.02882 -0.43088
   0.04203 -0.02945 -0.41947
   0.04502 -0.03011 -0.41223
   0.04822 -0.03078 -0.40587
   0.05165 -0.03148 -0.40201
   0.05533 -0.03220 -0.39706
   0.05925 -0.03293 -0.39350
   0.06344 -0.03368 -0.38825
   0.06789 -0.03445 -0.38574
   0.07262 -0.03522 -0.38050
   0.07761 -0.03600 -0.37862
   0.08288 -0.03679 -0.37486
   0.08842 -0.03758 -0.37121
   0.09419 -0.03836 -0.36780
   0.10019 -0.03914 -0.36543
   0.10638 -0.03991 -0.36424
   0.11276 -0.04065 -0.36298
   0.11929 -0.04138 -0.36191
   0.12594 -0.04208 -0.36029
   0.13272 -0.04276 -0.35896
   0.13959 -0.04340 -0.35727
   0.14656 -0.04401 -0.35392
   0.15362 -0.04460 -0.35196
   0.16075 -0.04515 -0.34781
   0.16794 -0.04567 -0.34532
   0.17519 -0.04616 -0.34173
   0.18248 -0.04663 -0.33951
   0.18981 -0.04706 -0.33712
   0.19717 -0.04747 -0.33553
   0.20456 -0.04785 -0.33114
   0.21197 -0.04820 -0.33009
   0.21942 -0.04852 -0.32577
   0.22690 -0.04882 -0.32300
   0.23441 -0.04909 -0.31809
   0.24195 -0.04934 -0.31580
   0.24951 -0.04956 -0.31359
   0.25708 -0.04977 -0.31016
   0.26468 -0.04995 -0.30871
   0.27229 -0.05011 -0.30430
   0.27991 -0.05024 -0.30271
   0.28756 -0.05036 -0.29915
   0.29522 -0.05046 -0.29707
   0.30289 -0.05054 -0.29507
   0.31057 -0.05060 -0.29283
   0.31825 -0.05064 -0.29052
   0.32595 -0.05066 -0.28880
   0.33364 -0.05066 -0.28718
   0.34135 -0.05065 -0.28525
   0.34906 -0.05061 -0.28344
   0.35677 -0.05056 -0.28152
   0.36448 -0.05048 -0.27978
   0.37219 -0.05039 -0.27816
   0.37990 -0.05028 -0.27603
   0.38761 -0.05015 -0.27464
   0.39532 -0.05001 -0.27322
   0.40302 -0.04984 -0.27178
   0.41072 -0.04966 -0.26965
   0.41842 -0.04945 -0.26897
   0.42610 -0.04923 -0.26753
   0.43378 -0.04899 -0.26674
   0.44144 -0.04873 -0.26456
   0.44910 -0.04845 -0.26394
   0.45674 -0.04815 -0.26235
   0.46437 -0.04783 -0.26158
   0.47199 -0.04749 -0.25984
   0.47960 -0.04713 -0.25792
   0.48720 -0.04674 -0.25657
   0.49478 -0.04634 -0.25480
   0.50235 -0.04590 -0.25237
   0.50991 -0.04545 -0.25109
   0.51745 -0.04497 -0.24842
   0.52498 -0.04447 -0.24595
   0.53250 -0.04395 -0.24379
   0.54000 -0.04340 -0.24118
   0.54749 -0.04282 -0.23830
   0.55497 -0.04222 -0.23512
   0.56243 -0.04159 -0.23143
   0.56987 -0.04093 -0.22806
   0.57730 -0.04025 -0.22433
   0.58471 -0.03954 -0.22015
   0.59210 -0.03881 -0.21592
   0.59948 -0.03804 -0.21146
   0.60683 -0.03724 -0.20682
   0.61417 -0.03642 -0.20055
   0.62149 -0.03556 -0.19579
   0.62879 -0.03468 -0.18849
   0.63608 -0.03376 -0.18276
   0.64335 -0.03281 -0.17459
   0.65061 -0.03183 -0.16745
   0.65786 -0.03081 -0.15886
   0.66510 -0.02976 -0.14992
   0.67232 -0.02867 -0.14010
   0.67954 -0.02755 -0.12996
   0.68676 -0.02640 -0.11938
   0.69397 -0.02520 -0.10813
   0.70117 -0.02398 -0.09533
   0.70838 -0.02271 -0.08258
   0.71559 -0.02141 -0.06903
   0.72281 -0.02007 -0.05464
   0.73004 -0.01870 -0.03986
   0.73728 -0.01729 -0.02371
   0.74453 -0.01584 -0.00610
   0.75180 -0.01436  0.01025
   0.75910 -0.01284  0.03028
   0.76642 -0.01128  0.04841
   0.77378 -0.00969  0.07023
   0.78118 -0.00807  0.08911
   0.78863 -0.00642  0.11262
   0.79611 -0.00475  0.13351
   0.80361 -0.00306  0.15796
   0.81108 -0.00138  0.18091
   0.81847  0.00029  0.20392
   0.82574  0.00191  0.22773
   0.83289  0.00348  0.24976
   0.83991  0.00499  0.27032
   0.84680  0.00644  0.29003
   0.85358  0.00782  0.30947
   0.86023  0.00913  0.32579
   0.86676  0.01036  0.34441
   0.87316  0.01151  0.35854
   0.87944  0.01258  0.37502
   0.88561  0.01356  0.38686
   0.89167  0.01445  0.39910
   0.89763  0.01526  0.40992
   0.90349  0.01599  0.41947
   0.90927  0.01663  0.42730
   0.91493  0.01718  0.43697
   0.92047  0.01765  0.44283
   0.92588  0.01803  0.45112
   0.93120  0.01832  0.45472
   0.93644  0.01853  0.45557
   0.94160  0.01868  0.45850
   0.94662  0.01876  0.46544
   0.95140  0.01879  0.48086
   0.95595  0.01872  0.49053
   0.96030  0.01853  0.49563
   0.96456  0.01820  0.48072
   0.96881  0.01775  0.45313
   0.97308  0.01723  0.42605
   0.97733  0.01672  0.41387
   0.98147  0.01621  0.42707
   0.98549  0.01562  0.43402
   0.98945  0.01488  0.38878
   0.99342  0.01406  0.32409
   0.99738  0.01325  0.29881
   1.00000  0.01271  0.25423
