GRUMMAN K-2 AIRFOIL                             
 Alfa =  -1.27350 Re =        0.000 Xflap,Yflap =     0.000000    0.000000
#    x        y        Cp  
   1.00000  0.01371  0.25222
   0.99739  0.01444  0.09668
   0.99327  0.01550  0.06266
   0.98886  0.01658  0.04424
   0.98418  0.01773  0.00253
   0.97923  0.01891 -0.02702
   0.97401  0.02013 -0.05707
   0.96856  0.02137 -0.08495
   0.96293  0.02261 -0.11278
   0.95713  0.02384 -0.13587
   0.95115  0.02505 -0.15459
   0.94501  0.02623 -0.16982
   0.93873  0.02739 -0.18344
   0.93231  0.02852 -0.19444
   0.92575  0.02962 -0.20180
   0.91905  0.03069 -0.20751
   0.91224  0.03174 -0.21476
   0.90536  0.03277 -0.22342
   0.89842  0.03376 -0.23090
   0.89145  0.03472 -0.23872
   0.88446  0.03564 -0.24410
   0.87741  0.03652 -0.24817
   0.87030  0.03736 -0.24868
   0.86310  0.03817 -0.24864
   0.85580  0.03897 -0.24823
   0.84840  0.03974 -0.24743
   0.84093  0.04049 -0.24755
   0.83341  0.04123 -0.24800
   0.82588  0.04195 -0.25260
   0.81837  0.04265 -0.25856
   0.81087  0.04332 -0.26115
   0.80338  0.04396 -0.26442
   0.79590  0.04457 -0.26694
   0.78841  0.04515 -0.26796
   0.78092  0.04570 -0.26954
   0.77342  0.04622 -0.26923
   0.76591  0.04671 -0.26927
   0.75838  0.04717 -0.26808
   0.75082  0.04761 -0.26681
   0.74324  0.04802 -0.26294
   0.73562  0.04841 -0.26163
   0.72798  0.04878 -0.25830
   0.72030  0.04913 -0.25611
   0.71260  0.04946 -0.25330
   0.70486  0.04978 -0.25070
   0.69710  0.05008 -0.24798
   0.68932  0.05037 -0.24577
   0.68152  0.05064 -0.24345
   0.67370  0.05090 -0.24249
   0.66588  0.05114 -0.23971
   0.65804  0.05138 -0.23860
   0.65020  0.05160 -0.23681
   0.64235  0.05180 -0.23518
   0.63449  0.05200 -0.23431
   0.62662  0.05218 -0.23205
   0.61875  0.05235 -0.23090
   0.61086  0.05251 -0.22929
   0.60297  0.05266 -0.22749
   0.59508  0.05280 -0.22682
   0.58718  0.05293 -0.22592
   0.57928  0.05305 -0.22454
   0.57138  0.05316 -0.22342
   0.56347  0.05325 -0.22253
   0.55556  0.05334 -0.22197
   0.54765  0.05342 -0.22064
   0.53974  0.05348 -0.21953
   0.53183  0.05354 -0.21867
   0.52391  0.05358 -0.21837
   0.51600  0.05362 -0.21684
   0.50808  0.05365 -0.21664
   0.50017  0.05366 -0.21560
   0.49225  0.05367 -0.21450
   0.48434  0.05366 -0.21444
   0.47642  0.05365 -0.21355
   0.46852  0.05363 -0.21307
   0.46062  0.05360 -0.21198
   0.45272  0.05355 -0.21251
   0.44483  0.05350 -0.21080
   0.43695  0.05344 -0.21038
   0.42908  0.05336 -0.20951
   0.42122  0.05328 -0.20965
   0.41340  0.05319 -0.20889
   0.40562  0.05309 -0.20996
   0.39791  0.05299 -0.20967
   0.39026  0.05286 -0.20996
   0.38268  0.05273 -0.20751
   0.37518  0.05259 -0.20399
   0.36779  0.05245 -0.20497
   0.36056  0.05233 -0.21289
   0.35355  0.05219 -0.22457
   0.34675  0.05202 -0.23135
   0.34015  0.05179 -0.21646
   0.33367  0.05152 -0.18817
   0.32729  0.05126 -0.16282
   0.32094  0.05107 -0.15577
   0.31459  0.05095 -0.17881
   0.30818  0.05086 -0.20916
   0.30168  0.05074 -0.23078
   0.29501  0.05055 -0.22691
   0.28812  0.05029 -0.21348
   0.28102  0.05002 -0.20409
   0.27376  0.04974 -0.20601
   0.26640  0.04946 -0.20884
   0.25896  0.04915 -0.20976
   0.25145  0.04883 -0.20953
   0.24388  0.04848 -0.20923
   0.23629  0.04812 -0.20990
   0.22868  0.04775 -0.21055
   0.22107  0.04735 -0.21160
   0.21346  0.04694 -0.21199
   0.20588  0.04651 -0.21315
   0.19832  0.04606 -0.21392
   0.19079  0.04559 -0.21535
   0.18331  0.04510 -0.21738
   0.17587  0.04459 -0.21700
   0.16848  0.04405 -0.21985
   0.16116  0.04350 -0.22016
   0.15392  0.04292 -0.22108
   0.14676  0.04231 -0.22375
   0.13969  0.04168 -0.22275
   0.13274  0.04103 -0.22485
   0.12592  0.04036 -0.22453
   0.11925  0.03966 -0.22517
   0.11274  0.03895 -0.22470
   0.10643  0.03821 -0.22449
   0.10032  0.03747 -0.22509
   0.09446  0.03673 -0.22451
   0.08886  0.03598 -0.22649
   0.08353  0.03523 -0.22697
   0.07849  0.03450 -0.22982
   0.07373  0.03377 -0.23482
   0.06927  0.03305 -0.23631
   0.06509  0.03235 -0.24832
   0.06115  0.03165 -0.25284
   0.05745  0.03095 -0.25984
   0.05396  0.03023 -0.26364
   0.05068  0.02952 -0.25881
   0.04758  0.02879 -0.25042
   0.04465  0.02805 -0.23957
   0.04187  0.02732 -0.22762
   0.03925  0.02659 -0.21299
   0.03676  0.02587 -0.20382
   0.03441  0.02515 -0.18894
   0.03218  0.02442 -0.16145
   0.03006  0.02371 -0.13342
   0.02804  0.02301 -0.11031
   0.02612  0.02234 -0.10226
   0.02429  0.02168 -0.10067
   0.02256  0.02105 -0.09712
   0.02092  0.02042 -0.09541
   0.01936  0.01979 -0.08785
   0.01788  0.01916 -0.07261
   0.01648  0.01853 -0.05104
   0.01513  0.01790 -0.02519
   0.01385  0.01728 -0.00217
   0.01262  0.01665  0.02237
   0.01145  0.01603  0.03756
   0.01032  0.01542  0.05794
   0.00925  0.01480  0.08311
   0.00822  0.01418  0.09907
   0.00724  0.01356  0.12647
   0.00631  0.01293  0.14485
   0.00542  0.01229  0.16760
   0.00458  0.01164  0.19910
   0.00379  0.01098  0.22086
   0.00305  0.01029  0.25408
   0.00239  0.00956  0.29893
   0.00182  0.00878  0.43972
   0.00133  0.00797  0.50614
   0.00094  0.00712  0.64683
   0.00065  0.00624  0.76005
   0.00044  0.00536  0.84973
   0.00028  0.00447  0.90857
   0.00016  0.00358  0.95155
   0.00008  0.00270  0.97724
   0.00003  0.00182  0.99317
   0.00000  0.00095  0.99972
  -0.00000  0.00009  0.99805
   0.00003 -0.00076  0.98986
   0.00006 -0.00163  0.97193
   0.00015 -0.00249  0.95571
   0.00023 -0.00336  0.92350
   0.00032 -0.00424  0.88397
   0.00047 -0.00512  0.84263
   0.00063 -0.00601  0.78837
   0.00082 -0.00691  0.72550
   0.00104 -0.00781  0.65348
   0.00129 -0.00871  0.56256
   0.00157 -0.00961  0.46086
   0.00190 -0.01051  0.34455
   0.00227 -0.01140  0.19259
   0.00270 -0.01228  0.06423
   0.00318 -0.01315 -0.14407
   0.00373 -0.01400 -0.37403
   0.00438 -0.01479 -0.44701
   0.00511 -0.01554 -0.51533
   0.00590 -0.01626 -0.54242
   0.00676 -0.01694 -0.56240
   0.00768 -0.01760 -0.57458
   0.00865 -0.01823 -0.57930
   0.00967 -0.01885 -0.58540
   0.01075 -0.01945 -0.57056
   0.01188 -0.02004 -0.57563
   0.01307 -0.02061 -0.56282
   0.01432 -0.02118 -0.55681
   0.01563 -0.02174 -0.54817
   0.01700 -0.02229 -0.53082
   0.01845 -0.02284 -0.52159
   0.01996 -0.02339 -0.51162
   0.02156 -0.02394 -0.49994
   0.02324 -0.02449 -0.48685
   0.02502 -0.02504 -0.47608
   0.02690 -0.02561 -0.46730
   0.02888 -0.02618 -0.45648
   0.03099 -0.02676 -0.44800
   0.03324 -0.02735 -0.44149
   0.03563 -0.02795 -0.43197
   0.03818 -0.02857 -0.42374
   0.04090 -0.02920 -0.41464
   0.04382 -0.02985 -0.40600
   0.04694 -0.03052 -0.39864
   0.05029 -0.03121 -0.39608
   0.05388 -0.03192 -0.38974
   0.05772 -0.03265 -0.38711
   0.06181 -0.03340 -0.38261
   0.06618 -0.03416 -0.37872
   0.07081 -0.03493 -0.37553
   0.07572 -0.03571 -0.37210
   0.08090 -0.03650 -0.36904
   0.08636 -0.03729 -0.36644
   0.09206 -0.03808 -0.36299
   0.09799 -0.03886 -0.35971
   0.10414 -0.03963 -0.35938
   0.11047 -0.04039 -0.35723
   0.11696 -0.04113 -0.35682
   0.12360 -0.04184 -0.35581
   0.13035 -0.04253 -0.35453
   0.13721 -0.04318 -0.35266
   0.14417 -0.04381 -0.35034
   0.15121 -0.04440 -0.34734
   0.15834 -0.04497 -0.34468
   0.16553 -0.04550 -0.34185
   0.17278 -0.04600 -0.33884
   0.18008 -0.04648 -0.33575
   0.18742 -0.04692 -0.33425
   0.19479 -0.04734 -0.33147
   0.20219 -0.04773 -0.32940
   0.20962 -0.04809 -0.32564
   0.21707 -0.04842 -0.32380
   0.22456 -0.04873 -0.31987
   0.23208 -0.04901 -0.31637
   0.23964 -0.04926 -0.31272
   0.24721 -0.04950 -0.31077
   0.25481 -0.04971 -0.30811
   0.26241 -0.04990 -0.30545
   0.27004 -0.05006 -0.30250
   0.27768 -0.05021 -0.30017
   0.28534 -0.05033 -0.29698
   0.29302 -0.05043 -0.29470
   0.30071 -0.05052 -0.29244
   0.30841 -0.05058 -0.29050
   0.31611 -0.05063 -0.28884
   0.32382 -0.05066 -0.28668
   0.33154 -0.05066 -0.28430
   0.33927 -0.05065 -0.28333
   0.34699 -0.05062 -0.28076
   0.35472 -0.05057 -0.27946
   0.36246 -0.05051 -0.27781
   0.37019 -0.05042 -0.27630
   0.37793 -0.05031 -0.27387
   0.38566 -0.05019 -0.27303
   0.39339 -0.05004 -0.27110
   0.40111 -0.04988 -0.26956
   0.40883 -0.04970 -0.26789
   0.41655 -0.04951 -0.26702
   0.42426 -0.04929 -0.26558
   0.43196 -0.04905 -0.26460
   0.43965 -0.04880 -0.26309
   0.44733 -0.04852 -0.26203
   0.45499 -0.04823 -0.26087
   0.46265 -0.04791 -0.25916
   0.47029 -0.04757 -0.25827
   0.47793 -0.04721 -0.25641
   0.48555 -0.04683 -0.25479
   0.49315 -0.04642 -0.25315
   0.50075 -0.04600 -0.25159
   0.50833 -0.04555 -0.24901
   0.51589 -0.04507 -0.24741
   0.52345 -0.04458 -0.24460
   0.53099 -0.04405 -0.24267
   0.53851 -0.04351 -0.23958
   0.54603 -0.04293 -0.23713
   0.55353 -0.04234 -0.23446
   0.56101 -0.04171 -0.23031
   0.56848 -0.04106 -0.22738
   0.57593 -0.04038 -0.22335
   0.58337 -0.03967 -0.21945
   0.59078 -0.03894 -0.21544
   0.59818 -0.03818 -0.21053
   0.60556 -0.03738 -0.20594
   0.61292 -0.03656 -0.20073
   0.62026 -0.03571 -0.19479
   0.62759 -0.03483 -0.18888
   0.63490 -0.03391 -0.18131
   0.64220 -0.03296 -0.17531
   0.64948 -0.03198 -0.16716
   0.65674 -0.03097 -0.15915
   0.66400 -0.02992 -0.14989
   0.67125 -0.02883 -0.14038
   0.67849 -0.02772 -0.13070
   0.68572 -0.02656 -0.11948
   0.69295 -0.02537 -0.10872
   0.70018 -0.02415 -0.09571
   0.70741 -0.02288 -0.08343
   0.71464 -0.02159 -0.07008
   0.72188 -0.02025 -0.05513
   0.72912 -0.01888 -0.04110
   0.73638 -0.01747 -0.02418
   0.74365 -0.01602 -0.00852
   0.75094 -0.01453  0.01010
   0.75826 -0.01301  0.02804
   0.76560 -0.01146  0.04768
   0.77297 -0.00987  0.06730
   0.78039 -0.00825  0.08882
   0.78785 -0.00659  0.10994
   0.79535 -0.00492  0.13308
   0.80287 -0.00323  0.15592
   0.81037 -0.00154  0.17821
   0.81778  0.00013  0.20338
   0.82509  0.00176  0.22651
   0.83227  0.00334  0.24801
   0.83932  0.00486  0.26873
   0.84624  0.00632  0.28914
   0.85304  0.00771  0.30753
   0.85972  0.00903  0.32644
   0.86628  0.01027  0.34262
   0.87271  0.01143  0.35867
   0.87902  0.01251  0.37368
   0.88521  0.01350  0.38640
   0.89129  0.01440  0.39918
   0.89727  0.01522  0.40896
   0.90316  0.01595  0.41945
   0.90895  0.01659  0.42829
   0.91464  0.01715  0.43566
   0.92020  0.01763  0.44404
   0.92564  0.01802  0.44985
   0.93097  0.01831  0.45443
   0.93623  0.01853  0.45754
   0.94141  0.01867  0.45706
   0.94645  0.01876  0.46729
   0.95125  0.01879  0.47895
   0.95581  0.01873  0.49157
   0.96019  0.01854  0.49566
   0.96446  0.01821  0.48062
   0.96872  0.01776  0.45442
   0.97300  0.01724  0.42588
   0.97726  0.01672  0.41556
   0.98142  0.01621  0.42817
   0.98545  0.01563  0.43248
   0.98942  0.01489  0.38730
   0.99340  0.01406  0.32683
   0.99738  0.01325  0.29815
   1.00000  0.01271  0.25222
