GRUMMAN K-2 AIRFOIL                             
 Alfa =  -1.15200 Re =        0.000 Xflap,Yflap =     0.000000    0.000000
#    x        y        Cp  
   1.00000  0.01371  0.25414
   0.99740  0.01444  0.09905
   0.99329  0.01549  0.06124
   0.98889  0.01657  0.04575
   0.98423  0.01772  0.00526
   0.97929  0.01890 -0.02978
   0.97409  0.02011 -0.05582
   0.96867  0.02135 -0.08634
   0.96305  0.02259 -0.11295
   0.95727  0.02381 -0.13468
   0.95131  0.02502 -0.15573
   0.94520  0.02620 -0.17090
   0.93893  0.02735 -0.18407
   0.93253  0.02848 -0.19538
   0.92600  0.02957 -0.20262
   0.91932  0.03065 -0.20880
   0.91254  0.03170 -0.21579
   0.90568  0.03272 -0.22454
   0.89876  0.03372 -0.23202
   0.89181  0.03467 -0.24023
   0.88484  0.03559 -0.24628
   0.87782  0.03647 -0.24898
   0.87073  0.03731 -0.25019
   0.86355  0.03812 -0.25139
   0.85628  0.03891 -0.25018
   0.84891  0.03968 -0.24943
   0.84146  0.04044 -0.24943
   0.83396  0.04117 -0.24945
   0.82645  0.04190 -0.25523
   0.81896  0.04260 -0.26024
   0.81149  0.04327 -0.26389
   0.80402  0.04391 -0.26647
   0.79655  0.04452 -0.26901
   0.78909  0.04510 -0.27121
   0.78162  0.04565 -0.27207
   0.77414  0.04617 -0.27165
   0.76665  0.04666 -0.27213
   0.75914  0.04713 -0.27094
   0.75161  0.04756 -0.26920
   0.74405  0.04798 -0.26751
   0.73646  0.04837 -0.26468
   0.72884  0.04874 -0.26230
   0.72118  0.04909 -0.25949
   0.71350  0.04943 -0.25625
   0.70580  0.04974 -0.25450
   0.69806  0.05004 -0.25153
   0.69030  0.05033 -0.24957
   0.68252  0.05060 -0.24752
   0.67473  0.05086 -0.24583
   0.66693  0.05111 -0.24368
   0.65911  0.05135 -0.24249
   0.65129  0.05157 -0.24109
   0.64347  0.05178 -0.23910
   0.63563  0.05197 -0.23806
   0.62779  0.05216 -0.23661
   0.61994  0.05233 -0.23463
   0.61208  0.05249 -0.23416
   0.60421  0.05264 -0.23172
   0.59633  0.05278 -0.23097
   0.58846  0.05291 -0.22981
   0.58058  0.05303 -0.22926
   0.57270  0.05314 -0.22809
   0.56482  0.05324 -0.22726
   0.55693  0.05333 -0.22625
   0.54904  0.05340 -0.22568
   0.54115  0.05347 -0.22432
   0.53326  0.05353 -0.22406
   0.52537  0.05358 -0.22277
   0.51748  0.05361 -0.22195
   0.50958  0.05364 -0.22173
   0.50169  0.05366 -0.22019
   0.49380  0.05367 -0.22063
   0.48590  0.05367 -0.21903
   0.47801  0.05366 -0.21948
   0.47012  0.05363 -0.21854
   0.46224  0.05360 -0.21788
   0.45437  0.05356 -0.21734
   0.44650  0.05351 -0.21689
   0.43864  0.05345 -0.21586
   0.43079  0.05338 -0.21573
   0.42295  0.05330 -0.21550
   0.41514  0.05321 -0.21522
   0.40737  0.05312 -0.21594
   0.39966  0.05301 -0.21543
   0.39202  0.05289 -0.21672
   0.38445  0.05276 -0.21387
   0.37694  0.05262 -0.21131
   0.36954  0.05249 -0.21040
   0.36229  0.05236 -0.21766
   0.35524  0.05223 -0.22865
   0.34842  0.05207 -0.23797
   0.34179  0.05185 -0.22925
   0.33530  0.05159 -0.20226
   0.32892  0.05132 -0.17550
   0.32258  0.05111 -0.16180
   0.31625  0.05098 -0.17829
   0.30988  0.05089 -0.20786
   0.30343  0.05078 -0.23540
   0.29682  0.05061 -0.23779
   0.29002  0.05037 -0.22539
   0.28299  0.05009 -0.21360
   0.27579  0.04982 -0.21242
   0.26847  0.04954 -0.21661
   0.26108  0.04924 -0.21866
   0.25361  0.04892 -0.21766
   0.24607  0.04858 -0.21783
   0.23850  0.04823 -0.21895
   0.23092  0.04786 -0.21953
   0.22333  0.04747 -0.22047
   0.21574  0.04707 -0.22113
   0.20817  0.04664 -0.22310
   0.20063  0.04620 -0.22374
   0.19311  0.04574 -0.22470
   0.18563  0.04526 -0.22804
   0.17820  0.04475 -0.22793
   0.17081  0.04423 -0.22939
   0.16349  0.04368 -0.23199
   0.15624  0.04311 -0.23225
   0.14907  0.04251 -0.23490
   0.14200  0.04189 -0.23578
   0.13503  0.04125 -0.23702
   0.12818  0.04059 -0.23805
   0.12147  0.03990 -0.23858
   0.11493  0.03919 -0.23889
   0.10856  0.03847 -0.23925
   0.10240  0.03773 -0.23913
   0.09647  0.03699 -0.24043
   0.09078  0.03624 -0.24251
   0.08537  0.03550 -0.24152
   0.08024  0.03476 -0.24717
   0.07540  0.03403 -0.24933
   0.07085  0.03331 -0.25350
   0.06658  0.03261 -0.26668
   0.06257  0.03190 -0.26783
   0.05879  0.03120 -0.27950
   0.05523  0.03050 -0.28414
   0.05189  0.02978 -0.28268
   0.04873  0.02906 -0.27692
   0.04574  0.02833 -0.26634
   0.04291  0.02760 -0.25741
   0.04024  0.02687 -0.24283
   0.03771  0.02615 -0.23113
   0.03531  0.02543 -0.22360
   0.03305  0.02471 -0.19907
   0.03089  0.02399 -0.16918
   0.02884  0.02329 -0.14575
   0.02688  0.02260 -0.13053
   0.02502  0.02195 -0.12919
   0.02326  0.02131 -0.12802
   0.02159  0.02067 -0.12737
   0.02000  0.02005 -0.12197
   0.01849  0.01942 -0.11182
   0.01706  0.01880 -0.09416
   0.01569  0.01817 -0.06803
   0.01439  0.01754 -0.04615
   0.01314  0.01692 -0.02334
   0.01194  0.01630 -0.00353
   0.01080  0.01568  0.01496
   0.00971  0.01507  0.03239
   0.00867  0.01445  0.05653
   0.00767  0.01383  0.07272
   0.00672  0.01321  0.09563
   0.00581  0.01258  0.11419
   0.00495  0.01194  0.14324
   0.00414  0.01128  0.16458
   0.00338  0.01061  0.18992
   0.00268  0.00990  0.22083
   0.00207  0.00914  0.33105
   0.00154  0.00835  0.42052
   0.00111  0.00752  0.54051
   0.00078  0.00665  0.67549
   0.00053  0.00577  0.78450
   0.00035  0.00489  0.86354
   0.00022  0.00400  0.91708
   0.00012  0.00312  0.95634
   0.00005  0.00224  0.98003
   0.00001  0.00137  0.99419
  -0.00000  0.00051  0.99986
   0.00001 -0.00034  0.99777
   0.00004 -0.00120  0.98839
   0.00010 -0.00206  0.97144
   0.00020 -0.00292  0.95625
   0.00027 -0.00380  0.91604
   0.00039 -0.00468  0.88437
   0.00054 -0.00556  0.83837
   0.00072 -0.00645  0.78202
   0.00092 -0.00735  0.71924
   0.00115 -0.00824  0.64524
   0.00142 -0.00914  0.55092
   0.00173 -0.01004  0.44610
   0.00207 -0.01094  0.32628
   0.00247 -0.01182  0.15752
   0.00292 -0.01269  0.07732
   0.00342 -0.01356 -0.25561
   0.00402 -0.01437 -0.31955
   0.00470 -0.01514 -0.42727
   0.00546 -0.01587 -0.46487
   0.00629 -0.01657 -0.49632
   0.00717 -0.01724 -0.51005
   0.00811 -0.01789 -0.52753
   0.00910 -0.01851 -0.52804
   0.01015 -0.01912 -0.52609
   0.01125 -0.01971 -0.52779
   0.01240 -0.02029 -0.52193
   0.01361 -0.02086 -0.51746
   0.01488 -0.02142 -0.51138
   0.01621 -0.02198 -0.49813
   0.01761 -0.02253 -0.49146
   0.01908 -0.02307 -0.47693
   0.02063 -0.02362 -0.47292
   0.02226 -0.02417 -0.46111
   0.02397 -0.02472 -0.44704
   0.02579 -0.02528 -0.44060
   0.02770 -0.02584 -0.43104
   0.02973 -0.02641 -0.42404
   0.03189 -0.02700 -0.41706
   0.03419 -0.02759 -0.41138
   0.03663 -0.02820 -0.40139
   0.03924 -0.02882 -0.39551
   0.04203 -0.02945 -0.38543
   0.04502 -0.03011 -0.37941
   0.04822 -0.03078 -0.37421
   0.05165 -0.03148 -0.37142
   0.05533 -0.03220 -0.36753
   0.05925 -0.03293 -0.36499
   0.06344 -0.03368 -0.36075
   0.06789 -0.03445 -0.35918
   0.07262 -0.03522 -0.35487
   0.07761 -0.03600 -0.35386
   0.08288 -0.03679 -0.35096
   0.08842 -0.03758 -0.34813
   0.09419 -0.03836 -0.34551
   0.10019 -0.03914 -0.34386
   0.10638 -0.03991 -0.34336
   0.11276 -0.04065 -0.34274
   0.11929 -0.04138 -0.34229
   0.12594 -0.04208 -0.34126
   0.13272 -0.04276 -0.34048
   0.13959 -0.04340 -0.33932
   0.14656 -0.04401 -0.33649
   0.15362 -0.04460 -0.33501
   0.16075 -0.04515 -0.33134
   0.16794 -0.04567 -0.32929
   0.17519 -0.04616 -0.32613
   0.18248 -0.04663 -0.32431
   0.18981 -0.04706 -0.32229
   0.19717 -0.04747 -0.32107
   0.20456 -0.04785 -0.31703
   0.21197 -0.04820 -0.31630
   0.21942 -0.04852 -0.31232
   0.22690 -0.04882 -0.30986
   0.23441 -0.04909 -0.30526
   0.24195 -0.04934 -0.30326
   0.24951 -0.04956 -0.30131
   0.25708 -0.04977 -0.29816
   0.26468 -0.04995 -0.29695
   0.27229 -0.05011 -0.29279
   0.27991 -0.05024 -0.29144
   0.28756 -0.05036 -0.28811
   0.29522 -0.05046 -0.28625
   0.30289 -0.05054 -0.28447
   0.31057 -0.05060 -0.28244
   0.31825 -0.05064 -0.28031
   0.32595 -0.05066 -0.27880
   0.33364 -0.05066 -0.27736
   0.34135 -0.05065 -0.27562
   0.34906 -0.05061 -0.27398
   0.35677 -0.05056 -0.27224
   0.36448 -0.05048 -0.27068
   0.37219 -0.05039 -0.26918
   0.37990 -0.05028 -0.26725
   0.38761 -0.05015 -0.26598
   0.39532 -0.05001 -0.26473
   0.40302 -0.04984 -0.26344
   0.41072 -0.04966 -0.26144
   0.41842 -0.04945 -0.26091
   0.42610 -0.04923 -0.25961
   0.43378 -0.04899 -0.25895
   0.44144 -0.04873 -0.25689
   0.44910 -0.04845 -0.25642
   0.45674 -0.04815 -0.25495
   0.46437 -0.04783 -0.25430
   0.47199 -0.04749 -0.25268
   0.47960 -0.04713 -0.25088
   0.48720 -0.04674 -0.24966
   0.49478 -0.04634 -0.24800
   0.50235 -0.04590 -0.24568
   0.50991 -0.04545 -0.24454
   0.51745 -0.04497 -0.24196
   0.52498 -0.04447 -0.23962
   0.53250 -0.04395 -0.23757
   0.54000 -0.04340 -0.23507
   0.54749 -0.04282 -0.23229
   0.55497 -0.04222 -0.22922
   0.56243 -0.04159 -0.22566
   0.56987 -0.04093 -0.22238
   0.57730 -0.04025 -0.21876
   0.58471 -0.03954 -0.21471
   0.59210 -0.03881 -0.21057
   0.59948 -0.03804 -0.20622
   0.60683 -0.03724 -0.20168
   0.61417 -0.03642 -0.19552
   0.62149 -0.03556 -0.19087
   0.62879 -0.03468 -0.18369
   0.63608 -0.03376 -0.17806
   0.64335 -0.03281 -0.16998
   0.65061 -0.03183 -0.16298
   0.65786 -0.03081 -0.15448
   0.66510 -0.02976 -0.14565
   0.67232 -0.02867 -0.13596
   0.67954 -0.02755 -0.12594
   0.68676 -0.02640 -0.11543
   0.69397 -0.02520 -0.10431
   0.70117 -0.02398 -0.09162
   0.70838 -0.02271 -0.07899
   0.71559 -0.02141 -0.06557
   0.72281 -0.02007 -0.05127
   0.73004 -0.01870 -0.03659
   0.73728 -0.01729 -0.02057
   0.74453 -0.01584 -0.00311
   0.75180 -0.01436  0.01317
   0.75910 -0.01284  0.03308
   0.76642 -0.01128  0.05106
   0.77378 -0.00969  0.07278
   0.78118 -0.00807  0.09156
   0.78863 -0.00642  0.11496
   0.79611 -0.00475  0.13572
   0.80361 -0.00306  0.16005
   0.81108 -0.00138  0.18289
   0.81847  0.00029  0.20583
   0.82574  0.00191  0.22951
   0.83289  0.00348  0.25145
   0.83991  0.00499  0.27191
   0.84680  0.00644  0.29155
   0.85358  0.00782  0.31092
   0.86023  0.00913  0.32715
   0.86676  0.01036  0.34568
   0.87316  0.01151  0.35981
   0.87944  0.01258  0.37617
   0.88561  0.01356  0.38797
   0.89167  0.01445  0.40016
   0.89763  0.01526  0.41090
   0.90349  0.01599  0.42045
   0.90927  0.01663  0.42822
   0.91493  0.01718  0.43781
   0.92047  0.01765  0.44371
   0.92588  0.01803  0.45189
   0.93120  0.01832  0.45549
   0.93644  0.01853  0.45629
   0.94160  0.01868  0.45919
   0.94662  0.01876  0.46615
   0.95140  0.01879  0.48146
   0.95595  0.01872  0.49113
   0.96030  0.01853  0.49619
   0.96456  0.01820  0.48124
   0.96881  0.01775  0.45369
   0.97308  0.01723  0.42659
   0.97733  0.01672  0.41439
   0.98147  0.01621  0.42751
   0.98549  0.01562  0.43442
   0.98945  0.01488  0.38919
   0.99342  0.01406  0.32449
   0.99738  0.01325  0.29914
   1.00000  0.01271  0.25414
