GRUMMAN K-2 AIRFOIL                             
 Alfa =  -1.02700 Re =        0.000 Xflap,Yflap =     0.000000    0.000000
#    x        y        Cp  
   1.00000  0.01371  0.25409
   0.99740  0.01444  0.09890
   0.99329  0.01549  0.06103
   0.98889  0.01657  0.04539
   0.98423  0.01772  0.00477
   0.97929  0.01890 -0.03034
   0.97409  0.02011 -0.05645
   0.96867  0.02135 -0.08710
   0.96305  0.02259 -0.11380
   0.95727  0.02381 -0.13560
   0.95131  0.02502 -0.15677
   0.94520  0.02620 -0.17204
   0.93893  0.02735 -0.18529
   0.93253  0.02848 -0.19669
   0.92600  0.02957 -0.20398
   0.91932  0.03065 -0.21029
   0.91254  0.03170 -0.21732
   0.90568  0.03272 -0.22619
   0.89876  0.03372 -0.23371
   0.89181  0.03467 -0.24203
   0.88484  0.03559 -0.24816
   0.87782  0.03647 -0.25091
   0.87073  0.03731 -0.25220
   0.86355  0.03812 -0.25348
   0.85628  0.03891 -0.25230
   0.84891  0.03968 -0.25167
   0.84146  0.04044 -0.25170
   0.83396  0.04117 -0.25181
   0.82645  0.04190 -0.25763
   0.81896  0.04260 -0.26274
   0.81149  0.04327 -0.26647
   0.80402  0.04391 -0.26910
   0.79655  0.04452 -0.27175
   0.78909  0.04510 -0.27395
   0.78162  0.04565 -0.27495
   0.77414  0.04617 -0.27456
   0.76665  0.04666 -0.27514
   0.75914  0.04713 -0.27399
   0.75161  0.04756 -0.27231
   0.74405  0.04798 -0.27065
   0.73646  0.04837 -0.26792
   0.72884  0.04874 -0.26557
   0.72118  0.04909 -0.26283
   0.71350  0.04943 -0.25966
   0.70580  0.04974 -0.25797
   0.69806  0.05004 -0.25502
   0.69030  0.05033 -0.25317
   0.68252  0.05060 -0.25114
   0.67473  0.05086 -0.24955
   0.66693  0.05111 -0.24744
   0.65911  0.05135 -0.24630
   0.65129  0.05157 -0.24499
   0.64347  0.05178 -0.24305
   0.63563  0.05197 -0.24207
   0.62779  0.05216 -0.24069
   0.61994  0.05233 -0.23879
   0.61208  0.05249 -0.23836
   0.60421  0.05264 -0.23599
   0.59633  0.05278 -0.23532
   0.58846  0.05291 -0.23423
   0.58058  0.05303 -0.23375
   0.57270  0.05314 -0.23264
   0.56482  0.05324 -0.23187
   0.55693  0.05333 -0.23094
   0.54904  0.05340 -0.23044
   0.54115  0.05347 -0.22916
   0.53326  0.05353 -0.22897
   0.52537  0.05358 -0.22776
   0.51748  0.05361 -0.22703
   0.50958  0.05364 -0.22687
   0.50169  0.05366 -0.22541
   0.49380  0.05367 -0.22594
   0.48590  0.05367 -0.22441
   0.47801  0.05366 -0.22496
   0.47012  0.05363 -0.22409
   0.46224  0.05360 -0.22353
   0.45437  0.05356 -0.22307
   0.44650  0.05351 -0.22270
   0.43864  0.05345 -0.22176
   0.43079  0.05338 -0.22174
   0.42295  0.05330 -0.22159
   0.41514  0.05321 -0.22141
   0.40737  0.05312 -0.22223
   0.39966  0.05301 -0.22184
   0.39202  0.05289 -0.22321
   0.38445  0.05276 -0.22048
   0.37694  0.05262 -0.21799
   0.36954  0.05249 -0.21718
   0.36229  0.05236 -0.22459
   0.35524  0.05223 -0.23576
   0.34842  0.05207 -0.24522
   0.34179  0.05185 -0.23658
   0.33530  0.05159 -0.20952
   0.32892  0.05132 -0.18269
   0.32258  0.05111 -0.16903
   0.31625  0.05098 -0.18572
   0.30988  0.05089 -0.21558
   0.30343  0.05078 -0.24342
   0.29682  0.05061 -0.24595
   0.29002  0.05037 -0.23361
   0.28299  0.05009 -0.22188
   0.27579  0.04982 -0.22083
   0.26847  0.04954 -0.22521
   0.26108  0.04924 -0.22743
   0.25361  0.04892 -0.22660
   0.24607  0.04858 -0.22695
   0.23850  0.04823 -0.22826
   0.23092  0.04786 -0.22905
   0.22333  0.04747 -0.23020
   0.21574  0.04707 -0.23108
   0.20817  0.04664 -0.23329
   0.20063  0.04620 -0.23417
   0.19311  0.04574 -0.23539
   0.18563  0.04526 -0.23901
   0.17820  0.04475 -0.23917
   0.17081  0.04423 -0.24094
   0.16349  0.04368 -0.24387
   0.15624  0.04311 -0.24444
   0.14907  0.04251 -0.24747
   0.14200  0.04189 -0.24871
   0.13503  0.04125 -0.25033
   0.12818  0.04059 -0.25178
   0.12147  0.03990 -0.25273
   0.11493  0.03919 -0.25349
   0.10856  0.03847 -0.25432
   0.10240  0.03773 -0.25468
   0.09647  0.03699 -0.25652
   0.09078  0.03624 -0.25915
   0.08537  0.03550 -0.25871
   0.08024  0.03476 -0.26501
   0.07540  0.03403 -0.26782
   0.07085  0.03331 -0.27266
   0.06658  0.03261 -0.28669
   0.06257  0.03190 -0.28851
   0.05879  0.03120 -0.30107
   0.05523  0.03050 -0.30650
   0.05189  0.02978 -0.30577
   0.04873  0.02906 -0.30067
   0.04574  0.02833 -0.29069
   0.04291  0.02760 -0.28240
   0.04024  0.02687 -0.26836
   0.03771  0.02615 -0.25727
   0.03531  0.02543 -0.25047
   0.03305  0.02471 -0.22630
   0.03089  0.02399 -0.19667
   0.02884  0.02329 -0.17359
   0.02688  0.02260 -0.15898
   0.02502  0.02195 -0.15861
   0.02326  0.02131 -0.15847
   0.02159  0.02067 -0.15889
   0.02000  0.02005 -0.15453
   0.01849  0.01942 -0.14534
   0.01706  0.01880 -0.12843
   0.01569  0.01817 -0.10287
   0.01439  0.01754 -0.08164
   0.01314  0.01692 -0.05957
   0.01194  0.01630 -0.04066
   0.01080  0.01568 -0.02318
   0.00971  0.01507 -0.00683
   0.00867  0.01445  0.01626
   0.00767  0.01383  0.03109
   0.00672  0.01321  0.05258
   0.00581  0.01258  0.06945
   0.00495  0.01194  0.09691
   0.00414  0.01128  0.11615
   0.00338  0.01061  0.13888
   0.00268  0.00990  0.16714
   0.00207  0.00914  0.27977
   0.00154  0.00835  0.37063
   0.00111  0.00752  0.49513
   0.00078  0.00665  0.63812
   0.00053  0.00577  0.75492
   0.00035  0.00489  0.84064
   0.00022  0.00400  0.89953
   0.00012  0.00312  0.94367
   0.00005  0.00224  0.97139
   0.00001  0.00137  0.98927
  -0.00000  0.00051  0.99847
   0.00001 -0.00034  0.99958
   0.00004 -0.00120  0.99344
   0.00010 -0.00206  0.97989
   0.00020 -0.00292  0.96606
   0.00027 -0.00380  0.93112
   0.00039 -0.00468  0.90157
   0.00054 -0.00556  0.85894
   0.00072 -0.00645  0.80612
   0.00092 -0.00735  0.74678
   0.00115 -0.00824  0.67644
   0.00142 -0.00914  0.58645
   0.00173 -0.01004  0.48607
   0.00207 -0.01094  0.37073
   0.00247 -0.01182  0.20857
   0.00292 -0.01269  0.12920
   0.00342 -0.01356 -0.19013
   0.00402 -0.01437 -0.25571
   0.00470 -0.01514 -0.36244
   0.00546 -0.01587 -0.40240
   0.00629 -0.01657 -0.43595
   0.00717 -0.01724 -0.45228
   0.00811 -0.01789 -0.47189
   0.00910 -0.01851 -0.47483
   0.01015 -0.01912 -0.47524
   0.01125 -0.01971 -0.47897
   0.01240 -0.02029 -0.47514
   0.01361 -0.02086 -0.47255
   0.01488 -0.02142 -0.46830
   0.01621 -0.02198 -0.45688
   0.01761 -0.02253 -0.45183
   0.01908 -0.02307 -0.43890
   0.02063 -0.02362 -0.43629
   0.02226 -0.02417 -0.42591
   0.02397 -0.02472 -0.41323
   0.02579 -0.02528 -0.40803
   0.02770 -0.02584 -0.39965
   0.02973 -0.02641 -0.39376
   0.03189 -0.02700 -0.38784
   0.03419 -0.02759 -0.38318
   0.03663 -0.02820 -0.37421
   0.03924 -0.02882 -0.36930
   0.04203 -0.02945 -0.36019
   0.04502 -0.03011 -0.35507
   0.04822 -0.03078 -0.35071
   0.05165 -0.03148 -0.34872
   0.05533 -0.03220 -0.34561
   0.05925 -0.03293 -0.34381
   0.06344 -0.03368 -0.34032
   0.06789 -0.03445 -0.33945
   0.07262 -0.03522 -0.33583
   0.07761 -0.03600 -0.33545
   0.08288 -0.03679 -0.33319
   0.08842 -0.03758 -0.33096
   0.09419 -0.03836 -0.32892
   0.10019 -0.03914 -0.32781
   0.10638 -0.03991 -0.32782
   0.11276 -0.04065 -0.32767
   0.11929 -0.04138 -0.32767
   0.12594 -0.04208 -0.32707
   0.13272 -0.04276 -0.32671
   0.13959 -0.04340 -0.32594
   0.14656 -0.04401 -0.32349
   0.15362 -0.04460 -0.32238
   0.16075 -0.04515 -0.31906
   0.16794 -0.04567 -0.31733
   0.17519 -0.04616 -0.31449
   0.18248 -0.04663 -0.31297
   0.18981 -0.04706 -0.31122
   0.19717 -0.04747 -0.31027
   0.20456 -0.04785 -0.30650
   0.21197 -0.04820 -0.30600
   0.21942 -0.04852 -0.30227
   0.22690 -0.04882 -0.30005
   0.23441 -0.04909 -0.29567
   0.24195 -0.04934 -0.29389
   0.24951 -0.04956 -0.29213
   0.25708 -0.04977 -0.28918
   0.26468 -0.04995 -0.28816
   0.27229 -0.05011 -0.28419
   0.27991 -0.05024 -0.28302
   0.28756 -0.05036 -0.27985
   0.29522 -0.05046 -0.27816
   0.30289 -0.05054 -0.27654
   0.31057 -0.05060 -0.27467
   0.31825 -0.05064 -0.27268
   0.32595 -0.05066 -0.27132
   0.33364 -0.05066 -0.27001
   0.34135 -0.05065 -0.26841
   0.34906 -0.05061 -0.26689
   0.35677 -0.05056 -0.26529
   0.36448 -0.05048 -0.26386
   0.37219 -0.05039 -0.26246
   0.37990 -0.05028 -0.26068
   0.38761 -0.05015 -0.25950
   0.39532 -0.05001 -0.25839
   0.40302 -0.04984 -0.25720
   0.41072 -0.04966 -0.25529
   0.41842 -0.04945 -0.25487
   0.42610 -0.04923 -0.25369
   0.43378 -0.04899 -0.25312
   0.44144 -0.04873 -0.25115
   0.44910 -0.04845 -0.25079
   0.45674 -0.04815 -0.24941
   0.46437 -0.04783 -0.24885
   0.47199 -0.04749 -0.24731
   0.47960 -0.04713 -0.24561
   0.48720 -0.04674 -0.24448
   0.49478 -0.04634 -0.24290
   0.50235 -0.04590 -0.24068
   0.50991 -0.04545 -0.23964
   0.51745 -0.04497 -0.23711
   0.52498 -0.04447 -0.23488
   0.53250 -0.04395 -0.23290
   0.54000 -0.04340 -0.23049
   0.54749 -0.04282 -0.22779
   0.55497 -0.04222 -0.22480
   0.56243 -0.04159 -0.22134
   0.56987 -0.04093 -0.21812
   0.57730 -0.04025 -0.21458
   0.58471 -0.03954 -0.21063
   0.59210 -0.03881 -0.20656
   0.59948 -0.03804 -0.20229
   0.60683 -0.03724 -0.19782
   0.61417 -0.03642 -0.19174
   0.62149 -0.03556 -0.18718
   0.62879 -0.03468 -0.18008
   0.63608 -0.03376 -0.17454
   0.64335 -0.03281 -0.16653
   0.65061 -0.03183 -0.15962
   0.65786 -0.03081 -0.15120
   0.66510 -0.02976 -0.14244
   0.67232 -0.02867 -0.13285
   0.67954 -0.02755 -0.12291
   0.68676 -0.02640 -0.11246
   0.69397 -0.02520 -0.10144
   0.70117 -0.02398 -0.08883
   0.70838 -0.02271 -0.07630
   0.71559 -0.02141 -0.06296
   0.72281 -0.02007 -0.04873
   0.73004 -0.01870 -0.03413
   0.73728 -0.01729 -0.01821
   0.74453 -0.01584 -0.00086
   0.75180 -0.01436  0.01537
   0.75910 -0.01284  0.03519
   0.76642 -0.01128  0.05306
   0.77378 -0.00969  0.07470
   0.78118 -0.00807  0.09340
   0.78863 -0.00642  0.11672
   0.79611 -0.00475  0.13738
   0.80361 -0.00306  0.16163
   0.81108 -0.00138  0.18439
   0.81847  0.00029  0.20726
   0.82574  0.00191  0.23085
   0.83289  0.00348  0.25273
   0.83991  0.00499  0.27310
   0.84680  0.00644  0.29269
   0.85358  0.00782  0.31201
   0.86023  0.00913  0.32817
   0.86676  0.01036  0.34663
   0.87316  0.01151  0.36077
   0.87944  0.01258  0.37703
   0.88561  0.01356  0.38880
   0.89167  0.01445  0.40096
   0.89763  0.01526  0.41165
   0.90349  0.01599  0.42118
   0.90927  0.01663  0.42891
   0.91493  0.01718  0.43845
   0.92047  0.01765  0.44437
   0.92588  0.01803  0.45247
   0.93120  0.01832  0.45607
   0.93644  0.01853  0.45684
   0.94160  0.01868  0.45971
   0.94662  0.01876  0.46668
   0.95140  0.01879  0.48191
   0.95595  0.01872  0.49158
   0.96030  0.01853  0.49661
   0.96456  0.01820  0.48164
   0.96881  0.01775  0.45412
   0.97308  0.01723  0.42699
   0.97733  0.01672  0.41478
   0.98147  0.01621  0.42785
   0.98549  0.01562  0.43472
   0.98945  0.01488  0.38950
   0.99342  0.01406  0.32479
   0.99738  0.01325  0.29939
   1.00000  0.01271  0.25409
