GRUMMAN K-2 AIRFOIL                             
 Alfa =  -1.27850 Re =        0.000 Xflap,Yflap =     0.000000    0.000000
#    x        y        Cp  
   1.00000  0.01371  0.25421
   0.99740  0.01444  0.09921
   0.99329  0.01549  0.06146
   0.98889  0.01657  0.04612
   0.98423  0.01772  0.00576
   0.97929  0.01890 -0.02920
   0.97409  0.02011 -0.05517
   0.96867  0.02135 -0.08555
   0.96305  0.02259 -0.11209
   0.95727  0.02381 -0.13374
   0.95131  0.02502 -0.15466
   0.94520  0.02620 -0.16975
   0.93893  0.02735 -0.18282
   0.93253  0.02848 -0.19404
   0.92600  0.02957 -0.20122
   0.91932  0.03065 -0.20728
   0.91254  0.03170 -0.21424
   0.90568  0.03272 -0.22286
   0.89876  0.03372 -0.23030
   0.89181  0.03467 -0.23840
   0.88484  0.03559 -0.24437
   0.87782  0.03647 -0.24702
   0.87073  0.03731 -0.24814
   0.86355  0.03812 -0.24926
   0.85628  0.03891 -0.24803
   0.84891  0.03968 -0.24716
   0.84146  0.04044 -0.24712
   0.83396  0.04117 -0.24705
   0.82645  0.04190 -0.25278
   0.81896  0.04260 -0.25769
   0.81149  0.04327 -0.26127
   0.80402  0.04391 -0.26380
   0.79655  0.04452 -0.26623
   0.78909  0.04510 -0.26843
   0.78162  0.04565 -0.26915
   0.77414  0.04617 -0.26869
   0.76665  0.04666 -0.26907
   0.75914  0.04713 -0.26786
   0.75161  0.04756 -0.26604
   0.74405  0.04798 -0.26433
   0.73646  0.04837 -0.26140
   0.72884  0.04874 -0.25898
   0.72118  0.04909 -0.25610
   0.71350  0.04943 -0.25279
   0.70580  0.04974 -0.25099
   0.69806  0.05004 -0.24799
   0.69030  0.05033 -0.24592
   0.68252  0.05060 -0.24385
   0.67473  0.05086 -0.24206
   0.66693  0.05111 -0.23987
   0.65911  0.05135 -0.23863
   0.65129  0.05157 -0.23713
   0.64347  0.05178 -0.23510
   0.63563  0.05197 -0.23399
   0.62779  0.05216 -0.23248
   0.61994  0.05233 -0.23041
   0.61208  0.05249 -0.22991
   0.60421  0.05264 -0.22739
   0.59633  0.05278 -0.22656
   0.58846  0.05291 -0.22534
   0.58058  0.05303 -0.22472
   0.57270  0.05314 -0.22349
   0.56482  0.05324 -0.22259
   0.55693  0.05333 -0.22150
   0.54904  0.05340 -0.22085
   0.54115  0.05347 -0.21942
   0.53326  0.05353 -0.21908
   0.52537  0.05358 -0.21772
   0.51748  0.05361 -0.21681
   0.50958  0.05364 -0.21652
   0.50169  0.05366 -0.21491
   0.49380  0.05367 -0.21526
   0.48590  0.05367 -0.21359
   0.47801  0.05366 -0.21395
   0.47012  0.05363 -0.21292
   0.46224  0.05360 -0.21217
   0.45437  0.05356 -0.21154
   0.44650  0.05351 -0.21100
   0.43864  0.05345 -0.20990
   0.43079  0.05338 -0.20965
   0.42295  0.05330 -0.20934
   0.41514  0.05321 -0.20896
   0.40737  0.05312 -0.20958
   0.39966  0.05301 -0.20895
   0.39202  0.05289 -0.21015
   0.38445  0.05276 -0.20720
   0.37694  0.05262 -0.20455
   0.36954  0.05249 -0.20354
   0.36229  0.05236 -0.21065
   0.35524  0.05223 -0.22146
   0.34842  0.05207 -0.23064
   0.34179  0.05185 -0.22185
   0.33530  0.05159 -0.19492
   0.32892  0.05132 -0.16823
   0.32258  0.05111 -0.15450
   0.31625  0.05098 -0.17080
   0.30988  0.05089 -0.20006
   0.30343  0.05078 -0.22729
   0.29682  0.05061 -0.22955
   0.29002  0.05037 -0.21710
   0.28299  0.05009 -0.20525
   0.27579  0.04982 -0.20392
   0.26847  0.04954 -0.20793
   0.26108  0.04924 -0.20981
   0.25361  0.04892 -0.20863
   0.24607  0.04858 -0.20862
   0.23850  0.04823 -0.20956
   0.23092  0.04786 -0.20992
   0.22333  0.04747 -0.21065
   0.21574  0.04707 -0.21110
   0.20817  0.04664 -0.21281
   0.20063  0.04620 -0.21322
   0.19311  0.04574 -0.21393
   0.18563  0.04526 -0.21697
   0.17820  0.04475 -0.21659
   0.17081  0.04423 -0.21775
   0.16349  0.04368 -0.22002
   0.15624  0.04311 -0.21995
   0.14907  0.04251 -0.22224
   0.14200  0.04189 -0.22275
   0.13503  0.04125 -0.22361
   0.12818  0.04059 -0.22422
   0.12147  0.03990 -0.22433
   0.11493  0.03919 -0.22419
   0.10856  0.03847 -0.22408
   0.10240  0.03773 -0.22347
   0.09647  0.03699 -0.22425
   0.09078  0.03624 -0.22576
   0.08537  0.03550 -0.22422
   0.08024  0.03476 -0.22923
   0.07540  0.03403 -0.23075
   0.07085  0.03331 -0.23426
   0.06658  0.03261 -0.24658
   0.06257  0.03190 -0.24706
   0.05879  0.03120 -0.25783
   0.05523  0.03050 -0.26169
   0.05189  0.02978 -0.25951
   0.04873  0.02906 -0.25309
   0.04574  0.02833 -0.24193
   0.04291  0.02760 -0.23236
   0.04024  0.02687 -0.21725
   0.03771  0.02615 -0.20494
   0.03531  0.02543 -0.19669
   0.03305  0.02471 -0.17181
   0.03089  0.02399 -0.14168
   0.02884  0.02329 -0.11790
   0.02688  0.02260 -0.10208
   0.02502  0.02195 -0.09980
   0.02326  0.02131 -0.09760
   0.02159  0.02067 -0.09589
   0.02000  0.02005 -0.08948
   0.01849  0.01942 -0.07838
   0.01706  0.01880 -0.06001
   0.01569  0.01817 -0.03334
   0.01439  0.01754 -0.01083
   0.01314  0.01692  0.01269
   0.01194  0.01630  0.03336
   0.01080  0.01568  0.05283
   0.00971  0.01507  0.07130
   0.00867  0.01445  0.09644
   0.00767  0.01383  0.11394
   0.00672  0.01321  0.13818
   0.00581  0.01258  0.15836
   0.00495  0.01194  0.18888
   0.00414  0.01128  0.21222
   0.00338  0.01061  0.23999
   0.00268  0.00990  0.27334
   0.00207  0.00914  0.38102
   0.00154  0.00835  0.46892
   0.00111  0.00752  0.58426
   0.00078  0.00665  0.71125
   0.00053  0.00577  0.81250
   0.00035  0.00489  0.88491
   0.00022  0.00400  0.93313
   0.00012  0.00312  0.96751
   0.00005  0.00224  0.98720
   0.00001  0.00137  0.99765
  -0.00000  0.00051  0.99975
   0.00001 -0.00034  0.99447
   0.00004 -0.00120  0.98183
   0.00010 -0.00206  0.96139
   0.00020 -0.00292  0.94506
   0.00027 -0.00380  0.89925
   0.00039 -0.00468  0.86555
   0.00054 -0.00556  0.81614
   0.00072 -0.00645  0.75619
   0.00092 -0.00735  0.68993
   0.00115 -0.00824  0.61221
   0.00142 -0.00914  0.51349
   0.00173 -0.01004  0.40413
   0.00207 -0.01094  0.27975
   0.00247 -0.01182  0.10426
   0.00292 -0.01269  0.02329
   0.00342 -0.01356 -0.32364
   0.00402 -0.01437 -0.38574
   0.00470 -0.01514 -0.49441
   0.00546 -0.01587 -0.52946
   0.00629 -0.01657 -0.55865
   0.00717 -0.01724 -0.56965
   0.00811 -0.01789 -0.58487
   0.00910 -0.01851 -0.58283
   0.01015 -0.01912 -0.57842
   0.01125 -0.01971 -0.57799
   0.01240 -0.02029 -0.57001
   0.01361 -0.02086 -0.56358
   0.01488 -0.02142 -0.55560
   0.01621 -0.02198 -0.54044
   0.01761 -0.02253 -0.53209
   0.01908 -0.02307 -0.51589
   0.02063 -0.02362 -0.51045
   0.02226 -0.02417 -0.49716
   0.02397 -0.02472 -0.48165
   0.02579 -0.02528 -0.47394
   0.02770 -0.02584 -0.46315
   0.02973 -0.02641 -0.45500
   0.03189 -0.02700 -0.44692
   0.03419 -0.02759 -0.44019
   0.03663 -0.02820 -0.42914
   0.03924 -0.02882 -0.42228
   0.04203 -0.02945 -0.41119
   0.04502 -0.03011 -0.40426
   0.04822 -0.03078 -0.39818
   0.05165 -0.03148 -0.39458
   0.05533 -0.03220 -0.38989
   0.05925 -0.03293 -0.38657
   0.06344 -0.03368 -0.38157
   0.06789 -0.03445 -0.37929
   0.07262 -0.03522 -0.37428
   0.07761 -0.03600 -0.37261
   0.08288 -0.03679 -0.36906
   0.08842 -0.03758 -0.36560
   0.09419 -0.03836 -0.36239
   0.10019 -0.03914 -0.36019
   0.10638 -0.03991 -0.35917
   0.11276 -0.04065 -0.35807
   0.11929 -0.04138 -0.35715
   0.12594 -0.04208 -0.35567
   0.13272 -0.04276 -0.35448
   0.13959 -0.04340 -0.35291
   0.14656 -0.04401 -0.34969
   0.15362 -0.04460 -0.34785
   0.16075 -0.04515 -0.34382
   0.16794 -0.04567 -0.34143
   0.17519 -0.04616 -0.33795
   0.18248 -0.04663 -0.33583
   0.18981 -0.04706 -0.33353
   0.19717 -0.04747 -0.33202
   0.20456 -0.04785 -0.32772
   0.21197 -0.04820 -0.32675
   0.21942 -0.04852 -0.32251
   0.22690 -0.04882 -0.31982
   0.23441 -0.04909 -0.31498
   0.24195 -0.04934 -0.31276
   0.24951 -0.04956 -0.31061
   0.25708 -0.04977 -0.30725
   0.26468 -0.04995 -0.30586
   0.27229 -0.05011 -0.30151
   0.27991 -0.05024 -0.29998
   0.28756 -0.05036 -0.29647
   0.29522 -0.05046 -0.29445
   0.30289 -0.05054 -0.29250
   0.31057 -0.05060 -0.29032
   0.31825 -0.05064 -0.28805
   0.32595 -0.05066 -0.28638
   0.33364 -0.05066 -0.28480
   0.34135 -0.05065 -0.28292
   0.34906 -0.05061 -0.28115
   0.35677 -0.05056 -0.27927
   0.36448 -0.05048 -0.27758
   0.37219 -0.05039 -0.27599
   0.37990 -0.05028 -0.27390
   0.38761 -0.05015 -0.27254
   0.39532 -0.05001 -0.27116
   0.40302 -0.04984 -0.26976
   0.41072 -0.04966 -0.26766
   0.41842 -0.04945 -0.26701
   0.42610 -0.04923 -0.26562
   0.43378 -0.04899 -0.26486
   0.44144 -0.04873 -0.26271
   0.44910 -0.04845 -0.26212
   0.45674 -0.04815 -0.26056
   0.46437 -0.04783 -0.25982
   0.47199 -0.04749 -0.25810
   0.47960 -0.04713 -0.25622
   0.48720 -0.04674 -0.25490
   0.49478 -0.04634 -0.25316
   0.50235 -0.04590 -0.25075
   0.50991 -0.04545 -0.24950
   0.51745 -0.04497 -0.24686
   0.52498 -0.04447 -0.24442
   0.53250 -0.04395 -0.24229
   0.54000 -0.04340 -0.23970
   0.54749 -0.04282 -0.23684
   0.55497 -0.04222 -0.23369
   0.56243 -0.04159 -0.23003
   0.56987 -0.04093 -0.22668
   0.57730 -0.04025 -0.22298
   0.58471 -0.03954 -0.21883
   0.59210 -0.03881 -0.21463
   0.59948 -0.03804 -0.21019
   0.60683 -0.03724 -0.20558
   0.61417 -0.03642 -0.19933
   0.62149 -0.03556 -0.19460
   0.62879 -0.03468 -0.18733
   0.63608 -0.03376 -0.18163
   0.64335 -0.03281 -0.17347
   0.65061 -0.03183 -0.16637
   0.65786 -0.03081 -0.15780
   0.66510 -0.02976 -0.14889
   0.67232 -0.02867 -0.13910
   0.67954 -0.02755 -0.12899
   0.68676 -0.02640 -0.11842
   0.69397 -0.02520 -0.10720
   0.70117 -0.02398 -0.09444
   0.70838 -0.02271 -0.08171
   0.71559 -0.02141 -0.06820
   0.72281 -0.02007 -0.05383
   0.73004 -0.01870 -0.03907
   0.73728 -0.01729 -0.02295
   0.74453 -0.01584 -0.00538
   0.75180 -0.01436  0.01096
   0.75910 -0.01284  0.03096
   0.76642 -0.01128  0.04905
   0.77378 -0.00969  0.07085
   0.78118 -0.00807  0.08970
   0.78863 -0.00642  0.11318
   0.79611 -0.00475  0.13405
   0.80361 -0.00306  0.15846
   0.81108 -0.00138  0.18139
   0.81847  0.00029  0.20438
   0.82574  0.00191  0.22816
   0.83289  0.00348  0.25017
   0.83991  0.00499  0.27070
   0.84680  0.00644  0.29040
   0.85358  0.00782  0.30982
   0.86023  0.00913  0.32612
   0.86676  0.01036  0.34471
   0.87316  0.01151  0.35885
   0.87944  0.01258  0.37530
   0.88561  0.01356  0.38713
   0.89167  0.01445  0.39935
   0.89763  0.01526  0.41016
   0.90349  0.01599  0.41971
   0.90927  0.01663  0.42752
   0.91493  0.01718  0.43717
   0.92047  0.01765  0.44304
   0.92588  0.01803  0.45131
   0.93120  0.01832  0.45491
   0.93644  0.01853  0.45575
   0.94160  0.01868  0.45867
   0.94662  0.01876  0.46561
   0.95140  0.01879  0.48100
   0.95595  0.01872  0.49067
   0.96030  0.01853  0.49576
   0.96456  0.01820  0.48085
   0.96881  0.01775  0.45327
   0.97308  0.01723  0.42618
   0.97733  0.01672  0.41399
   0.98147  0.01621  0.42718
   0.98549  0.01562  0.43412
   0.98945  0.01488  0.38888
   0.99342  0.01406  0.32418
   0.99738  0.01325  0.29889
   1.00000  0.01271  0.25421
