GRUMMAN K-2 AIRFOIL                             
 Alfa =  -1.27840 Re =        0.000 Xflap,Yflap =     0.000000    0.000000
#    x        y        Cp  
   1.00000  0.01371  0.25222
   0.99739  0.01444  0.09669
   0.99327  0.01550  0.06267
   0.98886  0.01658  0.04425
   0.98418  0.01773  0.00255
   0.97923  0.01891 -0.02699
   0.97401  0.02013 -0.05704
   0.96856  0.02137 -0.08492
   0.96293  0.02261 -0.11275
   0.95713  0.02384 -0.13583
   0.95115  0.02505 -0.15455
   0.94501  0.02623 -0.16977
   0.93873  0.02739 -0.18339
   0.93231  0.02852 -0.19439
   0.92575  0.02962 -0.20174
   0.91905  0.03069 -0.20745
   0.91224  0.03174 -0.21470
   0.90536  0.03277 -0.22335
   0.89842  0.03376 -0.23083
   0.89145  0.03472 -0.23865
   0.88446  0.03564 -0.24402
   0.87741  0.03652 -0.24809
   0.87030  0.03736 -0.24860
   0.86310  0.03817 -0.24856
   0.85580  0.03897 -0.24815
   0.84840  0.03974 -0.24734
   0.84093  0.04049 -0.24746
   0.83341  0.04123 -0.24790
   0.82588  0.04195 -0.25250
   0.81837  0.04265 -0.25846
   0.81087  0.04332 -0.26105
   0.80338  0.04396 -0.26432
   0.79590  0.04457 -0.26683
   0.78841  0.04515 -0.26785
   0.78092  0.04570 -0.26942
   0.77342  0.04622 -0.26911
   0.76591  0.04671 -0.26915
   0.75838  0.04717 -0.26796
   0.75082  0.04761 -0.26669
   0.74324  0.04802 -0.26281
   0.73562  0.04841 -0.26150
   0.72798  0.04878 -0.25817
   0.72030  0.04913 -0.25598
   0.71260  0.04946 -0.25317
   0.70486  0.04978 -0.25057
   0.69710  0.05008 -0.24784
   0.68932  0.05037 -0.24563
   0.68152  0.05064 -0.24331
   0.67370  0.05090 -0.24235
   0.66588  0.05114 -0.23956
   0.65804  0.05138 -0.23845
   0.65020  0.05160 -0.23666
   0.64235  0.05180 -0.23502
   0.63449  0.05200 -0.23415
   0.62662  0.05218 -0.23189
   0.61875  0.05235 -0.23074
   0.61086  0.05251 -0.22913
   0.60297  0.05266 -0.22732
   0.59508  0.05280 -0.22665
   0.58718  0.05293 -0.22575
   0.57928  0.05305 -0.22436
   0.57138  0.05316 -0.22324
   0.56347  0.05325 -0.22235
   0.55556  0.05334 -0.22178
   0.54765  0.05342 -0.22045
   0.53974  0.05348 -0.21934
   0.53183  0.05354 -0.21848
   0.52391  0.05358 -0.21817
   0.51600  0.05362 -0.21664
   0.50808  0.05365 -0.21643
   0.50017  0.05366 -0.21539
   0.49225  0.05367 -0.21429
   0.48434  0.05366 -0.21423
   0.47642  0.05365 -0.21333
   0.46852  0.05363 -0.21285
   0.46062  0.05360 -0.21176
   0.45272  0.05355 -0.21229
   0.44483  0.05350 -0.21057
   0.43695  0.05344 -0.21014
   0.42908  0.05336 -0.20928
   0.42122  0.05328 -0.20941
   0.41340  0.05319 -0.20865
   0.40562  0.05309 -0.20972
   0.39791  0.05299 -0.20942
   0.39026  0.05286 -0.20970
   0.38268  0.05273 -0.20725
   0.37518  0.05259 -0.20372
   0.36779  0.05245 -0.20470
   0.36056  0.05233 -0.21262
   0.35355  0.05219 -0.22429
   0.34675  0.05202 -0.23107
   0.34015  0.05179 -0.21617
   0.33367  0.05152 -0.18788
   0.32729  0.05126 -0.16254
   0.32094  0.05107 -0.15549
   0.31459  0.05095 -0.17852
   0.30818  0.05086 -0.20885
   0.30168  0.05074 -0.23047
   0.29501  0.05055 -0.22659
   0.28812  0.05029 -0.21316
   0.28102  0.05002 -0.20377
   0.27376  0.04974 -0.20567
   0.26640  0.04946 -0.20850
   0.25896  0.04915 -0.20941
   0.25145  0.04883 -0.20918
   0.24388  0.04848 -0.20887
   0.23629  0.04812 -0.20954
   0.22868  0.04775 -0.21018
   0.22107  0.04735 -0.21121
   0.21346  0.04694 -0.21160
   0.20588  0.04651 -0.21275
   0.19832  0.04606 -0.21351
   0.19079  0.04559 -0.21493
   0.18331  0.04510 -0.21695
   0.17587  0.04459 -0.21655
   0.16848  0.04405 -0.21939
   0.16116  0.04350 -0.21970
   0.15392  0.04292 -0.22060
   0.14676  0.04231 -0.22326
   0.13969  0.04168 -0.22224
   0.13274  0.04103 -0.22433
   0.12592  0.04036 -0.22399
   0.11925  0.03966 -0.22461
   0.11274  0.03895 -0.22413
   0.10643  0.03821 -0.22390
   0.10032  0.03747 -0.22448
   0.09446  0.03673 -0.22388
   0.08886  0.03598 -0.22584
   0.08353  0.03523 -0.22629
   0.07849  0.03450 -0.22912
   0.07373  0.03377 -0.23410
   0.06927  0.03305 -0.23555
   0.06509  0.03235 -0.24754
   0.06115  0.03165 -0.25203
   0.05745  0.03095 -0.25900
   0.05396  0.03023 -0.26277
   0.05068  0.02952 -0.25790
   0.04758  0.02879 -0.24950
   0.04465  0.02805 -0.23862
   0.04187  0.02732 -0.22664
   0.03925  0.02659 -0.21199
   0.03676  0.02587 -0.20280
   0.03441  0.02515 -0.18790
   0.03218  0.02442 -0.16039
   0.03006  0.02371 -0.13236
   0.02804  0.02301 -0.10924
   0.02612  0.02234 -0.10115
   0.02429  0.02168 -0.09952
   0.02256  0.02105 -0.09593
   0.02092  0.02042 -0.09418
   0.01936  0.01979 -0.08658
   0.01788  0.01916 -0.07132
   0.01648  0.01853 -0.04972
   0.01513  0.01790 -0.02385
   0.01385  0.01728 -0.00081
   0.01262  0.01665  0.02376
   0.01145  0.01603  0.03900
   0.01032  0.01542  0.05941
   0.00925  0.01480  0.08462
   0.00822  0.01418  0.10062
   0.00724  0.01356  0.12807
   0.00631  0.01293  0.14650
   0.00542  0.01229  0.16932
   0.00458  0.01164  0.20087
   0.00379  0.01098  0.22272
   0.00305  0.01029  0.25603
   0.00239  0.00956  0.30095
   0.00182  0.00878  0.44152
   0.00133  0.00797  0.50795
   0.00094  0.00712  0.64833
   0.00065  0.00624  0.76125
   0.00044  0.00536  0.85065
   0.00028  0.00447  0.90927
   0.00016  0.00358  0.95204
   0.00008  0.00270  0.97757
   0.00003  0.00182  0.99335
   0.00000  0.00095  0.99976
  -0.00000  0.00009  0.99796
   0.00003 -0.00076  0.98965
   0.00006 -0.00163  0.97157
   0.00015 -0.00249  0.95529
   0.00023 -0.00336  0.92293
   0.00032 -0.00424  0.88325
   0.00047 -0.00512  0.84182
   0.00063 -0.00601  0.78741
   0.00082 -0.00691  0.72441
   0.00104 -0.00781  0.65224
   0.00129 -0.00871  0.56116
   0.00157 -0.00961  0.45929
   0.00190 -0.01051  0.34281
   0.00227 -0.01140  0.19062
   0.00270 -0.01228  0.06212
   0.00318 -0.01315 -0.14646
   0.00373 -0.01400 -0.37669
   0.00438 -0.01479 -0.44963
   0.00511 -0.01554 -0.51791
   0.00590 -0.01626 -0.54489
   0.00676 -0.01694 -0.56478
   0.00768 -0.01760 -0.57686
   0.00865 -0.01823 -0.58148
   0.00967 -0.01885 -0.58749
   0.01075 -0.01945 -0.57255
   0.01188 -0.02004 -0.57754
   0.01307 -0.02061 -0.56465
   0.01432 -0.02118 -0.55856
   0.01563 -0.02174 -0.54986
   0.01700 -0.02229 -0.53243
   0.01845 -0.02284 -0.52314
   0.01996 -0.02339 -0.51311
   0.02156 -0.02394 -0.50136
   0.02324 -0.02449 -0.48822
   0.02502 -0.02504 -0.47740
   0.02690 -0.02561 -0.46857
   0.02888 -0.02618 -0.45770
   0.03099 -0.02676 -0.44918
   0.03324 -0.02735 -0.44263
   0.03563 -0.02795 -0.43306
   0.03818 -0.02857 -0.42480
   0.04090 -0.02920 -0.41566
   0.04382 -0.02985 -0.40698
   0.04694 -0.03052 -0.39959
   0.05029 -0.03121 -0.39700
   0.05388 -0.03192 -0.39063
   0.05772 -0.03265 -0.38796
   0.06181 -0.03340 -0.38343
   0.06618 -0.03416 -0.37951
   0.07081 -0.03493 -0.37630
   0.07572 -0.03571 -0.37283
   0.08090 -0.03650 -0.36976
   0.08636 -0.03729 -0.36713
   0.09206 -0.03808 -0.36366
   0.09799 -0.03886 -0.36035
   0.10414 -0.03963 -0.36001
   0.11047 -0.04039 -0.35783
   0.11696 -0.04113 -0.35741
   0.12360 -0.04184 -0.35638
   0.13035 -0.04253 -0.35508
   0.13721 -0.04318 -0.35320
   0.14417 -0.04381 -0.35086
   0.15121 -0.04440 -0.34784
   0.15834 -0.04497 -0.34517
   0.16553 -0.04550 -0.34233
   0.17278 -0.04600 -0.33930
   0.18008 -0.04648 -0.33620
   0.18742 -0.04692 -0.33469
   0.19479 -0.04734 -0.33190
   0.20219 -0.04773 -0.32982
   0.20962 -0.04809 -0.32604
   0.21707 -0.04842 -0.32420
   0.22456 -0.04873 -0.32026
   0.23208 -0.04901 -0.31675
   0.23964 -0.04926 -0.31309
   0.24721 -0.04950 -0.31113
   0.25481 -0.04971 -0.30847
   0.26241 -0.04990 -0.30580
   0.27004 -0.05006 -0.30284
   0.27768 -0.05021 -0.30050
   0.28534 -0.05033 -0.29730
   0.29302 -0.05043 -0.29502
   0.30071 -0.05052 -0.29276
   0.30841 -0.05058 -0.29081
   0.31611 -0.05063 -0.28914
   0.32382 -0.05066 -0.28697
   0.33154 -0.05066 -0.28459
   0.33927 -0.05065 -0.28362
   0.34699 -0.05062 -0.28104
   0.35472 -0.05057 -0.27973
   0.36246 -0.05051 -0.27808
   0.37019 -0.05042 -0.27656
   0.37793 -0.05031 -0.27413
   0.38566 -0.05019 -0.27329
   0.39339 -0.05004 -0.27135
   0.40111 -0.04988 -0.26981
   0.40883 -0.04970 -0.26813
   0.41655 -0.04951 -0.26725
   0.42426 -0.04929 -0.26582
   0.43196 -0.04905 -0.26483
   0.43965 -0.04880 -0.26332
   0.44733 -0.04852 -0.26226
   0.45499 -0.04823 -0.26109
   0.46265 -0.04791 -0.25937
   0.47029 -0.04757 -0.25848
   0.47793 -0.04721 -0.25662
   0.48555 -0.04683 -0.25499
   0.49315 -0.04642 -0.25335
   0.50075 -0.04600 -0.25179
   0.50833 -0.04555 -0.24920
   0.51589 -0.04507 -0.24760
   0.52345 -0.04458 -0.24478
   0.53099 -0.04405 -0.24286
   0.53851 -0.04351 -0.23976
   0.54603 -0.04293 -0.23730
   0.55353 -0.04234 -0.23464
   0.56101 -0.04171 -0.23048
   0.56848 -0.04106 -0.22755
   0.57593 -0.04038 -0.22352
   0.58337 -0.03967 -0.21961
   0.59078 -0.03894 -0.21559
   0.59818 -0.03818 -0.21069
   0.60556 -0.03738 -0.20609
   0.61292 -0.03656 -0.20088
   0.62026 -0.03571 -0.19494
   0.62759 -0.03483 -0.18902
   0.63490 -0.03391 -0.18145
   0.64220 -0.03296 -0.17545
   0.64948 -0.03198 -0.16730
   0.65674 -0.03097 -0.15928
   0.66400 -0.02992 -0.15002
   0.67125 -0.02883 -0.14050
   0.67849 -0.02772 -0.13082
   0.68572 -0.02656 -0.11960
   0.69295 -0.02537 -0.10883
   0.70018 -0.02415 -0.09582
   0.70741 -0.02288 -0.08353
   0.71464 -0.02159 -0.07018
   0.72188 -0.02025 -0.05523
   0.72912 -0.01888 -0.04120
   0.73638 -0.01747 -0.02428
   0.74365 -0.01602 -0.00861
   0.75094 -0.01453  0.01001
   0.75826 -0.01301  0.02796
   0.76560 -0.01146  0.04760
   0.77297 -0.00987  0.06722
   0.78039 -0.00825  0.08875
   0.78785 -0.00659  0.10987
   0.79535 -0.00492  0.13301
   0.80287 -0.00323  0.15585
   0.81037 -0.00154  0.17815
   0.81778  0.00013  0.20333
   0.82509  0.00176  0.22646
   0.83227  0.00334  0.24796
   0.83932  0.00486  0.26868
   0.84624  0.00632  0.28909
   0.85304  0.00771  0.30749
   0.85972  0.00903  0.32640
   0.86628  0.01027  0.34259
   0.87271  0.01143  0.35863
   0.87902  0.01251  0.37365
   0.88521  0.01350  0.38636
   0.89129  0.01440  0.39915
   0.89727  0.01522  0.40893
   0.90316  0.01595  0.41943
   0.90895  0.01659  0.42827
   0.91464  0.01715  0.43564
   0.92020  0.01763  0.44402
   0.92564  0.01802  0.44982
   0.93097  0.01831  0.45441
   0.93623  0.01853  0.45752
   0.94141  0.01867  0.45704
   0.94645  0.01876  0.46727
   0.95125  0.01879  0.47893
   0.95581  0.01873  0.49156
   0.96019  0.01854  0.49565
   0.96446  0.01821  0.48060
   0.96872  0.01776  0.45440
   0.97300  0.01724  0.42587
   0.97726  0.01672  0.41554
   0.98142  0.01621  0.42815
   0.98545  0.01563  0.43247
   0.98942  0.01489  0.38728
   0.99340  0.01406  0.32682
   0.99738  0.01325  0.29814
   1.00000  0.01271  0.25222
