GRUMMAN K-2 AIRFOIL                             
 Alfa =  -1.31530 Re =        0.000 Xflap,Yflap =     0.000000    0.000000
#    x        y        Cp  
   1.00000  0.01371  0.25423
   0.99740  0.01444  0.09926
   0.99329  0.01549  0.06153
   0.98889  0.01657  0.04623
   0.98423  0.01772  0.00591
   0.97929  0.01890 -0.02903
   0.97409  0.02011 -0.05498
   0.96867  0.02135 -0.08532
   0.96305  0.02259 -0.11183
   0.95727  0.02381 -0.13346
   0.95131  0.02502 -0.15435
   0.94520  0.02620 -0.16941
   0.93893  0.02735 -0.18245
   0.93253  0.02848 -0.19365
   0.92600  0.02957 -0.20081
   0.91932  0.03065 -0.20684
   0.91254  0.03170 -0.21378
   0.90568  0.03272 -0.22237
   0.89876  0.03372 -0.22980
   0.89181  0.03467 -0.23786
   0.88484  0.03559 -0.24381
   0.87782  0.03647 -0.24644
   0.87073  0.03731 -0.24755
   0.86355  0.03812 -0.24864
   0.85628  0.03891 -0.24740
   0.84891  0.03968 -0.24649
   0.84146  0.04044 -0.24645
   0.83396  0.04117 -0.24635
   0.82645  0.04190 -0.25206
   0.81896  0.04260 -0.25695
   0.81149  0.04327 -0.26050
   0.80402  0.04391 -0.26302
   0.79655  0.04452 -0.26542
   0.78909  0.04510 -0.26762
   0.78162  0.04565 -0.26830
   0.77414  0.04617 -0.26783
   0.76665  0.04666 -0.26818
   0.75914  0.04713 -0.26696
   0.75161  0.04756 -0.26512
   0.74405  0.04798 -0.26340
   0.73646  0.04837 -0.26044
   0.72884  0.04874 -0.25801
   0.72118  0.04909 -0.25511
   0.71350  0.04943 -0.25178
   0.70580  0.04974 -0.24996
   0.69806  0.05004 -0.24696
   0.69030  0.05033 -0.24486
   0.68252  0.05060 -0.24278
   0.67473  0.05086 -0.24096
   0.66693  0.05111 -0.23876
   0.65911  0.05135 -0.23750
   0.65129  0.05157 -0.23598
   0.64347  0.05178 -0.23393
   0.63563  0.05197 -0.23281
   0.62779  0.05216 -0.23127
   0.61994  0.05233 -0.22919
   0.61208  0.05249 -0.22867
   0.60421  0.05264 -0.22613
   0.59633  0.05278 -0.22528
   0.58846  0.05291 -0.22404
   0.58058  0.05303 -0.22339
   0.57270  0.05314 -0.22214
   0.56482  0.05324 -0.22123
   0.55693  0.05333 -0.22012
   0.54904  0.05340 -0.21944
   0.54115  0.05347 -0.21799
   0.53326  0.05353 -0.21763
   0.52537  0.05358 -0.21625
   0.51748  0.05361 -0.21531
   0.50958  0.05364 -0.21501
   0.50169  0.05366 -0.21337
   0.49380  0.05367 -0.21370
   0.48590  0.05367 -0.21201
   0.47801  0.05366 -0.21233
   0.47012  0.05363 -0.21129
   0.46224  0.05360 -0.21050
   0.45437  0.05356 -0.20986
   0.44650  0.05351 -0.20929
   0.43864  0.05345 -0.20816
   0.43079  0.05338 -0.20789
   0.42295  0.05330 -0.20755
   0.41514  0.05321 -0.20714
   0.40737  0.05312 -0.20773
   0.39966  0.05301 -0.20706
   0.39202  0.05289 -0.20824
   0.38445  0.05276 -0.20526
   0.37694  0.05262 -0.20259
   0.36954  0.05249 -0.20155
   0.36229  0.05236 -0.20862
   0.35524  0.05223 -0.21937
   0.34842  0.05207 -0.22851
   0.34179  0.05185 -0.21970
   0.33530  0.05159 -0.19278
   0.32892  0.05132 -0.16611
   0.32258  0.05111 -0.15238
   0.31625  0.05098 -0.16862
   0.30988  0.05089 -0.19780
   0.30343  0.05078 -0.22493
   0.29682  0.05061 -0.22716
   0.29002  0.05037 -0.21469
   0.28299  0.05009 -0.20282
   0.27579  0.04982 -0.20145
   0.26847  0.04954 -0.20540
   0.26108  0.04924 -0.20724
   0.25361  0.04892 -0.20601
   0.24607  0.04858 -0.20595
   0.23850  0.04823 -0.20683
   0.23092  0.04786 -0.20713
   0.22333  0.04747 -0.20780
   0.21574  0.04707 -0.20818
   0.20817  0.04664 -0.20983
   0.20063  0.04620 -0.21017
   0.19311  0.04574 -0.21080
   0.18563  0.04526 -0.21375
   0.17820  0.04475 -0.21330
   0.17081  0.04423 -0.21437
   0.16349  0.04368 -0.21655
   0.15624  0.04311 -0.21639
   0.14907  0.04251 -0.21857
   0.14200  0.04189 -0.21898
   0.13503  0.04125 -0.21972
   0.12818  0.04059 -0.22021
   0.12147  0.03990 -0.22020
   0.11493  0.03919 -0.21993
   0.10856  0.03847 -0.21969
   0.10240  0.03773 -0.21893
   0.09647  0.03699 -0.21956
   0.09078  0.03624 -0.22091
   0.08537  0.03550 -0.21921
   0.08024  0.03476 -0.22404
   0.07540  0.03403 -0.22537
   0.07085  0.03331 -0.22868
   0.06658  0.03261 -0.24076
   0.06257  0.03190 -0.24105
   0.05879  0.03120 -0.25156
   0.05523  0.03050 -0.25520
   0.05189  0.02978 -0.25281
   0.04873  0.02906 -0.24620
   0.04574  0.02833 -0.23487
   0.04291  0.02760 -0.22512
   0.04024  0.02687 -0.20986
   0.03771  0.02615 -0.19737
   0.03531  0.02543 -0.18892
   0.03305  0.02471 -0.16394
   0.03089  0.02399 -0.13374
   0.02884  0.02329 -0.10986
   0.02688  0.02260 -0.09387
   0.02502  0.02195 -0.09132
   0.02326  0.02131 -0.08883
   0.02159  0.02067 -0.08681
   0.02000  0.02005 -0.08012
   0.01849  0.01942 -0.06875
   0.01706  0.01880 -0.05017
   0.01569  0.01817 -0.02336
   0.01439  0.01754 -0.00067
   0.01314  0.01692  0.02305
   0.01194  0.01630  0.04397
   0.01080  0.01568  0.06371
   0.00971  0.01507  0.08247
   0.00867  0.01445  0.10789
   0.00767  0.01383  0.12575
   0.00672  0.01321  0.15037
   0.00581  0.01258  0.17100
   0.00495  0.01194  0.20192
   0.00414  0.01128  0.22582
   0.00338  0.01061  0.25425
   0.00268  0.00990  0.28827
   0.00207  0.00914  0.39519
   0.00154  0.00835  0.48261
   0.00111  0.00752  0.59658
   0.00078  0.00665  0.72126
   0.00053  0.00577  0.82028
   0.00035  0.00489  0.89078
   0.00022  0.00400  0.93747
   0.00012  0.00312  0.97046
   0.00005  0.00224  0.98899
   0.00001  0.00137  0.99837
  -0.00000  0.00051  0.99943
   0.00001 -0.00034  0.99324
   0.00004 -0.00120  0.97964
   0.00010 -0.00206  0.95818
   0.00020 -0.00292  0.94156
   0.00027 -0.00380  0.89408
   0.00039 -0.00468  0.85981
   0.00054 -0.00556  0.80940
   0.00072 -0.00645  0.74840
   0.00092 -0.00735  0.68113
   0.00115 -0.00824  0.60233
   0.00142 -0.00914  0.50232
   0.00173 -0.01004  0.39164
   0.00207 -0.01094  0.26593
   0.00247 -0.01182  0.08845
   0.00292 -0.01269  0.00729
   0.00342 -0.01356 -0.34376
   0.00402 -0.01437 -0.40530
   0.00470 -0.01514 -0.51423
   0.00546 -0.01587 -0.54851
   0.00629 -0.01657 -0.57702
   0.00717 -0.01724 -0.58720
   0.00811 -0.01789 -0.60174
   0.00910 -0.01851 -0.59895
   0.01015 -0.01912 -0.59381
   0.01125 -0.01971 -0.59274
   0.01240 -0.02029 -0.58414
   0.01361 -0.02086 -0.57712
   0.01488 -0.02142 -0.56858
   0.01621 -0.02198 -0.55286
   0.01761 -0.02253 -0.54401
   0.01908 -0.02307 -0.52732
   0.02063 -0.02362 -0.52145
   0.02226 -0.02417 -0.50773
   0.02397 -0.02472 -0.49179
   0.02579 -0.02528 -0.48370
   0.02770 -0.02584 -0.47256
   0.02973 -0.02641 -0.46407
   0.03189 -0.02700 -0.45567
   0.03419 -0.02759 -0.44863
   0.03663 -0.02820 -0.43726
   0.03924 -0.02882 -0.43011
   0.04203 -0.02945 -0.41873
   0.04502 -0.03011 -0.41152
   0.04822 -0.03078 -0.40519
   0.05165 -0.03148 -0.40135
   0.05533 -0.03220 -0.39642
   0.05925 -0.03293 -0.39288
   0.06344 -0.03368 -0.38766
   0.06789 -0.03445 -0.38517
   0.07262 -0.03522 -0.37994
   0.07761 -0.03600 -0.37808
   0.08288 -0.03679 -0.37434
   0.08842 -0.03758 -0.37071
   0.09419 -0.03836 -0.36732
   0.10019 -0.03914 -0.36496
   0.10638 -0.03991 -0.36379
   0.11276 -0.04065 -0.36254
   0.11929 -0.04138 -0.36149
   0.12594 -0.04208 -0.35988
   0.13272 -0.04276 -0.35856
   0.13959 -0.04340 -0.35688
   0.14656 -0.04401 -0.35354
   0.15362 -0.04460 -0.35159
   0.16075 -0.04515 -0.34746
   0.16794 -0.04567 -0.34497
   0.17519 -0.04616 -0.34140
   0.18248 -0.04663 -0.33919
   0.18981 -0.04706 -0.33680
   0.19717 -0.04747 -0.33521
   0.20456 -0.04785 -0.33084
   0.21197 -0.04820 -0.32979
   0.21942 -0.04852 -0.32548
   0.22690 -0.04882 -0.32272
   0.23441 -0.04909 -0.31781
   0.24195 -0.04934 -0.31553
   0.24951 -0.04956 -0.31332
   0.25708 -0.04977 -0.30990
   0.26468 -0.04995 -0.30846
   0.27229 -0.05011 -0.30405
   0.27991 -0.05024 -0.30247
   0.28756 -0.05036 -0.29891
   0.29522 -0.05046 -0.29683
   0.30289 -0.05054 -0.29484
   0.31057 -0.05060 -0.29261
   0.31825 -0.05064 -0.29030
   0.32595 -0.05066 -0.28858
   0.33364 -0.05066 -0.28697
   0.34135 -0.05065 -0.28504
   0.34906 -0.05061 -0.28324
   0.35677 -0.05056 -0.28132
   0.36448 -0.05048 -0.27959
   0.37219 -0.05039 -0.27797
   0.37990 -0.05028 -0.27584
   0.38761 -0.05015 -0.27445
   0.39532 -0.05001 -0.27303
   0.40302 -0.04984 -0.27160
   0.41072 -0.04966 -0.26947
   0.41842 -0.04945 -0.26879
   0.42610 -0.04923 -0.26736
   0.43378 -0.04899 -0.26657
   0.44144 -0.04873 -0.26440
   0.44910 -0.04845 -0.26378
   0.45674 -0.04815 -0.26220
   0.46437 -0.04783 -0.26143
   0.47199 -0.04749 -0.25968
   0.47960 -0.04713 -0.25777
   0.48720 -0.04674 -0.25642
   0.49478 -0.04634 -0.25466
   0.50235 -0.04590 -0.25222
   0.50991 -0.04545 -0.25095
   0.51745 -0.04497 -0.24829
   0.52498 -0.04447 -0.24581
   0.53250 -0.04395 -0.24366
   0.54000 -0.04340 -0.24104
   0.54749 -0.04282 -0.23817
   0.55497 -0.04222 -0.23499
   0.56243 -0.04159 -0.23130
   0.56987 -0.04093 -0.22794
   0.57730 -0.04025 -0.22421
   0.58471 -0.03954 -0.22003
   0.59210 -0.03881 -0.21581
   0.59948 -0.03804 -0.21134
   0.60683 -0.03724 -0.20671
   0.61417 -0.03642 -0.20044
   0.62149 -0.03556 -0.19568
   0.62879 -0.03468 -0.18838
   0.63608 -0.03376 -0.18266
   0.64335 -0.03281 -0.17449
   0.65061 -0.03183 -0.16735
   0.65786 -0.03081 -0.15876
   0.66510 -0.02976 -0.14983
   0.67232 -0.02867 -0.14001
   0.67954 -0.02755 -0.12987
   0.68676 -0.02640 -0.11929
   0.69397 -0.02520 -0.10804
   0.70117 -0.02398 -0.09525
   0.70838 -0.02271 -0.08250
   0.71559 -0.02141 -0.06896
   0.72281 -0.02007 -0.05457
   0.73004 -0.01870 -0.03979
   0.73728 -0.01729 -0.02364
   0.74453 -0.01584 -0.00603
   0.75180 -0.01436  0.01031
   0.75910 -0.01284  0.03034
   0.76642 -0.01128  0.04846
   0.77378 -0.00969  0.07029
   0.78118 -0.00807  0.08916
   0.78863 -0.00642  0.11267
   0.79611 -0.00475  0.13356
   0.80361 -0.00306  0.15800
   0.81108 -0.00138  0.18095
   0.81847  0.00029  0.20397
   0.82574  0.00191  0.22776
   0.83289  0.00348  0.24980
   0.83991  0.00499  0.27035
   0.84680  0.00644  0.29007
   0.85358  0.00782  0.30950
   0.86023  0.00913  0.32582
   0.86676  0.01036  0.34444
   0.87316  0.01151  0.35857
   0.87944  0.01258  0.37505
   0.88561  0.01356  0.38689
   0.89167  0.01445  0.39912
   0.89763  0.01526  0.40994
   0.90349  0.01599  0.41949
   0.90927  0.01663  0.42732
   0.91493  0.01718  0.43699
   0.92047  0.01765  0.44285
   0.92588  0.01803  0.45114
   0.93120  0.01832  0.45474
   0.93644  0.01853  0.45559
   0.94160  0.01868  0.45851
   0.94662  0.01876  0.46546
   0.95140  0.01879  0.48087
   0.95595  0.01872  0.49054
   0.96030  0.01853  0.49564
   0.96456  0.01820  0.48073
   0.96881  0.01775  0.45314
   0.97308  0.01723  0.42606
   0.97733  0.01672  0.41388
   0.98147  0.01621  0.42708
   0.98549  0.01562  0.43403
   0.98945  0.01488  0.38879
   0.99342  0.01406  0.32410
   0.99738  0.01325  0.29882
   1.00000  0.01271  0.25423
