GRUMMAN K-2 AIRFOIL                             
 Alfa =  -1.27070 Re =        0.000 Xflap,Yflap =     0.000000    0.000000
#    x        y        Cp  
   1.00000  0.01371  0.25222
   0.99739  0.01444  0.09668
   0.99327  0.01550  0.06265
   0.98886  0.01658  0.04423
   0.98418  0.01773  0.00252
   0.97923  0.01891 -0.02703
   0.97401  0.02013 -0.05708
   0.96856  0.02137 -0.08497
   0.96293  0.02261 -0.11280
   0.95713  0.02384 -0.13589
   0.95115  0.02505 -0.15462
   0.94501  0.02623 -0.16984
   0.93873  0.02739 -0.18346
   0.93231  0.02852 -0.19447
   0.92575  0.02962 -0.20183
   0.91905  0.03069 -0.20754
   0.91224  0.03174 -0.21479
   0.90536  0.03277 -0.22345
   0.89842  0.03376 -0.23094
   0.89145  0.03472 -0.23876
   0.88446  0.03564 -0.24414
   0.87741  0.03652 -0.24821
   0.87030  0.03736 -0.24872
   0.86310  0.03817 -0.24869
   0.85580  0.03897 -0.24828
   0.84840  0.03974 -0.24748
   0.84093  0.04049 -0.24760
   0.83341  0.04123 -0.24805
   0.82588  0.04195 -0.25265
   0.81837  0.04265 -0.25861
   0.81087  0.04332 -0.26121
   0.80338  0.04396 -0.26448
   0.79590  0.04457 -0.26700
   0.78841  0.04515 -0.26802
   0.78092  0.04570 -0.26960
   0.77342  0.04622 -0.26929
   0.76591  0.04671 -0.26933
   0.75838  0.04717 -0.26815
   0.75082  0.04761 -0.26688
   0.74324  0.04802 -0.26301
   0.73562  0.04841 -0.26170
   0.72798  0.04878 -0.25837
   0.72030  0.04913 -0.25619
   0.71260  0.04946 -0.25338
   0.70486  0.04978 -0.25078
   0.69710  0.05008 -0.24806
   0.68932  0.05037 -0.24585
   0.68152  0.05064 -0.24354
   0.67370  0.05090 -0.24258
   0.66588  0.05114 -0.23980
   0.65804  0.05138 -0.23869
   0.65020  0.05160 -0.23690
   0.64235  0.05180 -0.23527
   0.63449  0.05200 -0.23440
   0.62662  0.05218 -0.23214
   0.61875  0.05235 -0.23100
   0.61086  0.05251 -0.22938
   0.60297  0.05266 -0.22758
   0.59508  0.05280 -0.22692
   0.58718  0.05293 -0.22602
   0.57928  0.05305 -0.22464
   0.57138  0.05316 -0.22352
   0.56347  0.05325 -0.22263
   0.55556  0.05334 -0.22207
   0.54765  0.05342 -0.22074
   0.53974  0.05348 -0.21964
   0.53183  0.05354 -0.21878
   0.52391  0.05358 -0.21848
   0.51600  0.05362 -0.21696
   0.50808  0.05365 -0.21675
   0.50017  0.05366 -0.21572
   0.49225  0.05367 -0.21462
   0.48434  0.05366 -0.21456
   0.47642  0.05365 -0.21367
   0.46852  0.05363 -0.21319
   0.46062  0.05360 -0.21211
   0.45272  0.05355 -0.21264
   0.44483  0.05350 -0.21093
   0.43695  0.05344 -0.21051
   0.42908  0.05336 -0.20965
   0.42122  0.05328 -0.20979
   0.41340  0.05319 -0.20903
   0.40562  0.05309 -0.21011
   0.39791  0.05299 -0.20981
   0.39026  0.05286 -0.21010
   0.38268  0.05273 -0.20765
   0.37518  0.05259 -0.20414
   0.36779  0.05245 -0.20512
   0.36056  0.05233 -0.21304
   0.35355  0.05219 -0.22473
   0.34675  0.05202 -0.23152
   0.34015  0.05179 -0.21662
   0.33367  0.05152 -0.18833
   0.32729  0.05126 -0.16298
   0.32094  0.05107 -0.15593
   0.31459  0.05095 -0.17898
   0.30818  0.05086 -0.20933
   0.30168  0.05074 -0.23096
   0.29501  0.05055 -0.22709
   0.28812  0.05029 -0.21366
   0.28102  0.05002 -0.20428
   0.27376  0.04974 -0.20619
   0.26640  0.04946 -0.20903
   0.25896  0.04915 -0.20995
   0.25145  0.04883 -0.20973
   0.24388  0.04848 -0.20943
   0.23629  0.04812 -0.21011
   0.22868  0.04775 -0.21076
   0.22107  0.04735 -0.21181
   0.21346  0.04694 -0.21221
   0.20588  0.04651 -0.21338
   0.19832  0.04606 -0.21416
   0.19079  0.04559 -0.21559
   0.18331  0.04510 -0.21763
   0.17587  0.04459 -0.21725
   0.16848  0.04405 -0.22011
   0.16116  0.04350 -0.22043
   0.15392  0.04292 -0.22135
   0.14676  0.04231 -0.22403
   0.13969  0.04168 -0.22304
   0.13274  0.04103 -0.22515
   0.12592  0.04036 -0.22483
   0.11925  0.03966 -0.22549
   0.11274  0.03895 -0.22503
   0.10643  0.03821 -0.22483
   0.10032  0.03747 -0.22544
   0.09446  0.03673 -0.22487
   0.08886  0.03598 -0.22687
   0.08353  0.03523 -0.22735
   0.07849  0.03450 -0.23022
   0.07373  0.03377 -0.23524
   0.06927  0.03305 -0.23674
   0.06509  0.03235 -0.24877
   0.06115  0.03165 -0.25331
   0.05745  0.03095 -0.26033
   0.05396  0.03023 -0.26415
   0.05068  0.02952 -0.25932
   0.04758  0.02879 -0.25095
   0.04465  0.02805 -0.24012
   0.04187  0.02732 -0.22817
   0.03925  0.02659 -0.21355
   0.03676  0.02587 -0.20440
   0.03441  0.02515 -0.18954
   0.03218  0.02442 -0.16205
   0.03006  0.02371 -0.13403
   0.02804  0.02301 -0.11093
   0.02612  0.02234 -0.10289
   0.02429  0.02168 -0.10132
   0.02256  0.02105 -0.09779
   0.02092  0.02042 -0.09611
   0.01936  0.01979 -0.08857
   0.01788  0.01916 -0.07336
   0.01648  0.01853 -0.05180
   0.01513  0.01790 -0.02596
   0.01385  0.01728 -0.00296
   0.01262  0.01665  0.02157
   0.01145  0.01603  0.03674
   0.01032  0.01542  0.05709
   0.00925  0.01480  0.08225
   0.00822  0.01418  0.09818
   0.00724  0.01356  0.12556
   0.00631  0.01293  0.14390
   0.00542  0.01229  0.16662
   0.00458  0.01164  0.19808
   0.00379  0.01098  0.21979
   0.00305  0.01029  0.25297
   0.00239  0.00956  0.29778
   0.00182  0.00878  0.43868
   0.00133  0.00797  0.50510
   0.00094  0.00712  0.64597
   0.00065  0.00624  0.75935
   0.00044  0.00536  0.84920
   0.00028  0.00447  0.90817
   0.00016  0.00358  0.95126
   0.00008  0.00270  0.97705
   0.00003  0.00182  0.99307
   0.00000  0.00095  0.99970
  -0.00000  0.00009  0.99810
   0.00003 -0.00076  0.98998
   0.00006 -0.00163  0.97214
   0.00015 -0.00249  0.95595
   0.00023 -0.00336  0.92383
   0.00032 -0.00424  0.88438
   0.00047 -0.00512  0.84310
   0.00063 -0.00601  0.78892
   0.00082 -0.00691  0.72613
   0.00104 -0.00781  0.65418
   0.00129 -0.00871  0.56335
   0.00157 -0.00961  0.46175
   0.00190 -0.01051  0.34554
   0.00227 -0.01140  0.19372
   0.00270 -0.01228  0.06543
   0.00318 -0.01315 -0.14271
   0.00373 -0.01400 -0.37250
   0.00438 -0.01479 -0.44551
   0.00511 -0.01554 -0.51385
   0.00590 -0.01626 -0.54100
   0.00676 -0.01694 -0.56104
   0.00768 -0.01760 -0.57328
   0.00865 -0.01823 -0.57805
   0.00967 -0.01885 -0.58421
   0.01075 -0.01945 -0.56942
   0.01188 -0.02004 -0.57454
   0.01307 -0.02061 -0.56178
   0.01432 -0.02118 -0.55580
   0.01563 -0.02174 -0.54721
   0.01700 -0.02229 -0.52990
   0.01845 -0.02284 -0.52071
   0.01996 -0.02339 -0.51077
   0.02156 -0.02394 -0.49912
   0.02324 -0.02449 -0.48606
   0.02502 -0.02504 -0.47533
   0.02690 -0.02561 -0.46657
   0.02888 -0.02618 -0.45578
   0.03099 -0.02676 -0.44733
   0.03324 -0.02735 -0.44084
   0.03563 -0.02795 -0.43134
   0.03818 -0.02857 -0.42314
   0.04090 -0.02920 -0.41406
   0.04382 -0.02985 -0.40544
   0.04694 -0.03052 -0.39810
   0.05029 -0.03121 -0.39556
   0.05388 -0.03192 -0.38924
   0.05772 -0.03265 -0.38662
   0.06181 -0.03340 -0.38214
   0.06618 -0.03416 -0.37827
   0.07081 -0.03493 -0.37509
   0.07572 -0.03571 -0.37167
   0.08090 -0.03650 -0.36864
   0.08636 -0.03729 -0.36605
   0.09206 -0.03808 -0.36262
   0.09799 -0.03886 -0.35935
   0.10414 -0.03963 -0.35903
   0.11047 -0.04039 -0.35689
   0.11696 -0.04113 -0.35649
   0.12360 -0.04184 -0.35549
   0.13035 -0.04253 -0.35422
   0.13721 -0.04318 -0.35236
   0.14417 -0.04381 -0.35005
   0.15121 -0.04440 -0.34705
   0.15834 -0.04497 -0.34440
   0.16553 -0.04550 -0.34158
   0.17278 -0.04600 -0.33857
   0.18008 -0.04648 -0.33549
   0.18742 -0.04692 -0.33400
   0.19479 -0.04734 -0.33122
   0.20219 -0.04773 -0.32916
   0.20962 -0.04809 -0.32540
   0.21707 -0.04842 -0.32357
   0.22456 -0.04873 -0.31965
   0.23208 -0.04901 -0.31615
   0.23964 -0.04926 -0.31251
   0.24721 -0.04950 -0.31056
   0.25481 -0.04971 -0.30791
   0.26241 -0.04990 -0.30526
   0.27004 -0.05006 -0.30231
   0.27768 -0.05021 -0.29998
   0.28534 -0.05033 -0.29679
   0.29302 -0.05043 -0.29452
   0.30071 -0.05052 -0.29226
   0.30841 -0.05058 -0.29032
   0.31611 -0.05063 -0.28867
   0.32382 -0.05066 -0.28651
   0.33154 -0.05066 -0.28413
   0.33927 -0.05065 -0.28317
   0.34699 -0.05062 -0.28060
   0.35472 -0.05057 -0.27930
   0.36246 -0.05051 -0.27766
   0.37019 -0.05042 -0.27615
   0.37793 -0.05031 -0.27372
   0.38566 -0.05019 -0.27289
   0.39339 -0.05004 -0.27095
   0.40111 -0.04988 -0.26942
   0.40883 -0.04970 -0.26775
   0.41655 -0.04951 -0.26688
   0.42426 -0.04929 -0.26545
   0.43196 -0.04905 -0.26447
   0.43965 -0.04880 -0.26296
   0.44733 -0.04852 -0.26191
   0.45499 -0.04823 -0.26074
   0.46265 -0.04791 -0.25903
   0.47029 -0.04757 -0.25814
   0.47793 -0.04721 -0.25629
   0.48555 -0.04683 -0.25467
   0.49315 -0.04642 -0.25304
   0.50075 -0.04600 -0.25148
   0.50833 -0.04555 -0.24890
   0.51589 -0.04507 -0.24730
   0.52345 -0.04458 -0.24449
   0.53099 -0.04405 -0.24257
   0.53851 -0.04351 -0.23948
   0.54603 -0.04293 -0.23703
   0.55353 -0.04234 -0.23437
   0.56101 -0.04171 -0.23021
   0.56848 -0.04106 -0.22729
   0.57593 -0.04038 -0.22326
   0.58337 -0.03967 -0.21936
   0.59078 -0.03894 -0.21535
   0.59818 -0.03818 -0.21044
   0.60556 -0.03738 -0.20585
   0.61292 -0.03656 -0.20065
   0.62026 -0.03571 -0.19471
   0.62759 -0.03483 -0.18880
   0.63490 -0.03391 -0.18123
   0.64220 -0.03296 -0.17523
   0.64948 -0.03198 -0.16709
   0.65674 -0.03097 -0.15908
   0.66400 -0.02992 -0.14982
   0.67125 -0.02883 -0.14031
   0.67849 -0.02772 -0.13063
   0.68572 -0.02656 -0.11942
   0.69295 -0.02537 -0.10866
   0.70018 -0.02415 -0.09565
   0.70741 -0.02288 -0.08337
   0.71464 -0.02159 -0.07002
   0.72188 -0.02025 -0.05508
   0.72912 -0.01888 -0.04105
   0.73638 -0.01747 -0.02413
   0.74365 -0.01602 -0.00847
   0.75094 -0.01453  0.01015
   0.75826 -0.01301  0.02809
   0.76560 -0.01146  0.04772
   0.77297 -0.00987  0.06734
   0.78039 -0.00825  0.08886
   0.78785 -0.00659  0.10998
   0.79535 -0.00492  0.13312
   0.80287 -0.00323  0.15595
   0.81037 -0.00154  0.17824
   0.81778  0.00013  0.20341
   0.82509  0.00176  0.22654
   0.83227  0.00334  0.24804
   0.83932  0.00486  0.26876
   0.84624  0.00632  0.28916
   0.85304  0.00771  0.30755
   0.85972  0.00903  0.32646
   0.86628  0.01027  0.34265
   0.87271  0.01143  0.35869
   0.87902  0.01251  0.37370
   0.88521  0.01350  0.38642
   0.89129  0.01440  0.39920
   0.89727  0.01522  0.40898
   0.90316  0.01595  0.41947
   0.90895  0.01659  0.42831
   0.91464  0.01715  0.43568
   0.92020  0.01763  0.44405
   0.92564  0.01802  0.44986
   0.93097  0.01831  0.45444
   0.93623  0.01853  0.45755
   0.94141  0.01867  0.45707
   0.94645  0.01876  0.46730
   0.95125  0.01879  0.47896
   0.95581  0.01873  0.49158
   0.96019  0.01854  0.49567
   0.96446  0.01821  0.48063
   0.96872  0.01776  0.45443
   0.97300  0.01724  0.42589
   0.97726  0.01672  0.41557
   0.98142  0.01621  0.42817
   0.98545  0.01563  0.43249
   0.98942  0.01489  0.38730
   0.99340  0.01406  0.32684
   0.99738  0.01325  0.29815
   1.00000  0.01271  0.25222
