GRUMMAN K-2 AIRFOIL                             
 Alfa =  -1.32280 Re =        0.000 Xflap,Yflap =     0.000000    0.000000
#    x        y        Cp  
   1.00000  0.01371  0.25218
   0.99739  0.01444  0.09675
   0.99327  0.01550  0.06276
   0.98886  0.01658  0.04440
   0.98418  0.01773  0.00273
   0.97923  0.01891 -0.02679
   0.97401  0.02013 -0.05682
   0.96856  0.02137 -0.08463
   0.96293  0.02261 -0.11245
   0.95713  0.02384 -0.13547
   0.95115  0.02505 -0.15418
   0.94501  0.02623 -0.16937
   0.93873  0.02739 -0.18295
   0.93231  0.02852 -0.19391
   0.92575  0.02962 -0.20125
   0.91905  0.03069 -0.20693
   0.91224  0.03174 -0.21414
   0.90536  0.03277 -0.22276
   0.89842  0.03376 -0.23021
   0.89145  0.03472 -0.23802
   0.88446  0.03564 -0.24335
   0.87741  0.03652 -0.24739
   0.87030  0.03736 -0.24788
   0.86310  0.03817 -0.24780
   0.85580  0.03897 -0.24738
   0.84840  0.03974 -0.24655
   0.84093  0.04049 -0.24664
   0.83341  0.04123 -0.24706
   0.82588  0.04195 -0.25163
   0.81837  0.04265 -0.25757
   0.81087  0.04332 -0.26012
   0.80338  0.04396 -0.26337
   0.79590  0.04457 -0.26586
   0.78841  0.04515 -0.26686
   0.78092  0.04570 -0.26840
   0.77342  0.04622 -0.26807
   0.76591  0.04671 -0.26808
   0.75838  0.04717 -0.26687
   0.75082  0.04761 -0.26558
   0.74324  0.04802 -0.26168
   0.73562  0.04841 -0.26035
   0.72798  0.04878 -0.25699
   0.72030  0.04913 -0.25479
   0.71260  0.04946 -0.25195
   0.70486  0.04978 -0.24934
   0.69710  0.05008 -0.24658
   0.68932  0.05037 -0.24435
   0.68152  0.05064 -0.24201
   0.67370  0.05090 -0.24103
   0.66588  0.05114 -0.23822
   0.65804  0.05138 -0.23709
   0.65020  0.05160 -0.23527
   0.64235  0.05180 -0.23361
   0.63449  0.05200 -0.23272
   0.62662  0.05218 -0.23043
   0.61875  0.05235 -0.22926
   0.61086  0.05251 -0.22763
   0.60297  0.05266 -0.22578
   0.59508  0.05280 -0.22510
   0.58718  0.05293 -0.22417
   0.57928  0.05305 -0.22276
   0.57138  0.05316 -0.22161
   0.56347  0.05325 -0.22070
   0.55556  0.05334 -0.22011
   0.54765  0.05342 -0.21874
   0.53974  0.05348 -0.21762
   0.53183  0.05354 -0.21673
   0.52391  0.05358 -0.21640
   0.51600  0.05362 -0.21483
   0.50808  0.05365 -0.21460
   0.50017  0.05366 -0.21353
   0.49225  0.05367 -0.21240
   0.48434  0.05366 -0.21231
   0.47642  0.05365 -0.21138
   0.46852  0.05363 -0.21087
   0.46062  0.05360 -0.20976
   0.45272  0.05355 -0.21024
   0.44483  0.05350 -0.20850
   0.43695  0.05344 -0.20804
   0.42908  0.05336 -0.20714
   0.42122  0.05328 -0.20724
   0.41340  0.05319 -0.20644
   0.40562  0.05309 -0.20747
   0.39791  0.05299 -0.20714
   0.39026  0.05286 -0.20739
   0.38268  0.05273 -0.20490
   0.37518  0.05259 -0.20134
   0.36779  0.05245 -0.20229
   0.36056  0.05233 -0.21014
   0.35355  0.05219 -0.22176
   0.34675  0.05202 -0.22849
   0.34015  0.05179 -0.21358
   0.33367  0.05152 -0.18531
   0.32729  0.05126 -0.15999
   0.32094  0.05107 -0.15292
   0.31459  0.05095 -0.17586
   0.30818  0.05086 -0.20609
   0.30168  0.05074 -0.22761
   0.29501  0.05055 -0.22369
   0.28812  0.05029 -0.21025
   0.28102  0.05002 -0.20083
   0.27376  0.04974 -0.20268
   0.26640  0.04946 -0.20545
   0.25896  0.04915 -0.20629
   0.25145  0.04883 -0.20600
   0.24388  0.04848 -0.20562
   0.23629  0.04812 -0.20622
   0.22868  0.04775 -0.20679
   0.22107  0.04735 -0.20775
   0.21346  0.04694 -0.20806
   0.20588  0.04651 -0.20912
   0.19832  0.04606 -0.20980
   0.19079  0.04559 -0.21113
   0.18331  0.04510 -0.21305
   0.17587  0.04459 -0.21255
   0.16848  0.04405 -0.21528
   0.16116  0.04350 -0.21547
   0.15392  0.04292 -0.21626
   0.14676  0.04231 -0.21878
   0.13969  0.04168 -0.21764
   0.13274  0.04103 -0.21959
   0.12592  0.04036 -0.21910
   0.11925  0.03966 -0.21958
   0.11274  0.03895 -0.21894
   0.10643  0.03821 -0.21854
   0.10032  0.03747 -0.21894
   0.09446  0.03673 -0.21816
   0.08886  0.03598 -0.21992
   0.08353  0.03523 -0.22017
   0.07849  0.03450 -0.22277
   0.07373  0.03377 -0.22751
   0.06927  0.03305 -0.22874
   0.06509  0.03235 -0.24043
   0.06115  0.03165 -0.24466
   0.05745  0.03095 -0.25133
   0.05396  0.03023 -0.25483
   0.05068  0.02952 -0.24973
   0.04758  0.02879 -0.24111
   0.04465  0.02805 -0.23002
   0.04187  0.02732 -0.21784
   0.03925  0.02659 -0.20300
   0.03676  0.02587 -0.19357
   0.03441  0.02515 -0.17847
   0.03218  0.02442 -0.15087
   0.03006  0.02371 -0.12273
   0.02804  0.02301 -0.09948
   0.02612  0.02234 -0.09112
   0.02429  0.02168 -0.08915
   0.02256  0.02105 -0.08521
   0.02092  0.02042 -0.08309
   0.01936  0.01979 -0.07515
   0.01788  0.01916 -0.05959
   0.01648  0.01853 -0.03778
   0.01513  0.01790 -0.01172
   0.01385  0.01728  0.01154
   0.01262  0.01665  0.03637
   0.01145  0.01603  0.05194
   0.01032  0.01542  0.07268
   0.00925  0.01480  0.09821
   0.00822  0.01418  0.11465
   0.00724  0.01356  0.14247
   0.00631  0.01293  0.16144
   0.00542  0.01229  0.18480
   0.00458  0.01164  0.21685
   0.00379  0.01098  0.23949
   0.00305  0.01029  0.27354
   0.00239  0.00956  0.31908
   0.00182  0.00878  0.45778
   0.00133  0.00797  0.52421
   0.00094  0.00712  0.66180
   0.00065  0.00624  0.77204
   0.00044  0.00536  0.85885
   0.00028  0.00447  0.91545
   0.00016  0.00358  0.95640
   0.00008  0.00270  0.98046
   0.00003  0.00182  0.99485
   0.00000  0.00095  0.99997
  -0.00000  0.00009  0.99699
   0.00003 -0.00076  0.98765
   0.00006 -0.00163  0.96816
   0.00015 -0.00249  0.95140
   0.00023 -0.00336  0.91763
   0.00032 -0.00424  0.87664
   0.00047 -0.00512  0.83431
   0.00063 -0.00601  0.77864
   0.00082 -0.00691  0.71440
   0.00104 -0.00781  0.64096
   0.00129 -0.00871  0.54842
   0.00157 -0.00961  0.44497
   0.00190 -0.01051  0.32693
   0.00227 -0.01140  0.17266
   0.00270 -0.01228  0.04293
   0.00318 -0.01315 -0.16825
   0.00373 -0.01400 -0.40099
   0.00438 -0.01479 -0.47349
   0.00511 -0.01554 -0.54137
   0.00590 -0.01626 -0.56745
   0.00676 -0.01694 -0.58641
   0.00768 -0.01760 -0.59758
   0.00865 -0.01823 -0.60134
   0.00967 -0.01885 -0.60648
   0.01075 -0.01945 -0.59066
   0.01188 -0.02004 -0.59494
   0.01307 -0.02061 -0.58129
   0.01432 -0.02118 -0.57452
   0.01563 -0.02174 -0.56515
   0.01700 -0.02229 -0.54705
   0.01845 -0.02284 -0.53718
   0.01996 -0.02339 -0.52660
   0.02156 -0.02394 -0.51433
   0.02324 -0.02449 -0.50067
   0.02502 -0.02504 -0.48937
   0.02690 -0.02561 -0.48010
   0.02888 -0.02618 -0.46881
   0.03099 -0.02676 -0.45988
   0.03324 -0.02735 -0.45295
   0.03563 -0.02795 -0.44301
   0.03818 -0.02857 -0.43439
   0.04090 -0.02920 -0.42489
   0.04382 -0.02985 -0.41587
   0.04694 -0.03052 -0.40817
   0.05029 -0.03121 -0.40528
   0.05388 -0.03192 -0.39862
   0.05772 -0.03265 -0.39567
   0.06181 -0.03340 -0.39087
   0.06618 -0.03416 -0.38669
   0.07081 -0.03493 -0.38323
   0.07572 -0.03571 -0.37952
   0.08090 -0.03650 -0.37622
   0.08636 -0.03729 -0.37337
   0.09206 -0.03808 -0.36968
   0.09799 -0.03886 -0.36617
   0.10414 -0.03963 -0.36564
   0.11047 -0.04039 -0.36328
   0.11696 -0.04113 -0.36270
   0.12360 -0.04184 -0.36151
   0.13035 -0.04253 -0.36006
   0.13721 -0.04318 -0.35803
   0.14417 -0.04381 -0.35555
   0.15121 -0.04440 -0.35240
   0.15834 -0.04497 -0.34960
   0.16553 -0.04550 -0.34664
   0.17278 -0.04600 -0.34349
   0.18008 -0.04648 -0.34028
   0.18742 -0.04692 -0.33867
   0.19479 -0.04734 -0.33578
   0.20219 -0.04773 -0.33361
   0.20962 -0.04809 -0.32974
   0.21707 -0.04842 -0.32782
   0.22456 -0.04873 -0.32379
   0.23208 -0.04901 -0.32019
   0.23964 -0.04926 -0.31645
   0.24721 -0.04950 -0.31442
   0.25481 -0.04971 -0.31168
   0.26241 -0.04990 -0.30896
   0.27004 -0.05006 -0.30592
   0.27768 -0.05021 -0.30352
   0.28534 -0.05033 -0.30026
   0.29302 -0.05043 -0.29792
   0.30071 -0.05052 -0.29559
   0.30841 -0.05058 -0.29359
   0.31611 -0.05063 -0.29187
   0.32382 -0.05066 -0.28965
   0.33154 -0.05066 -0.28722
   0.33927 -0.05065 -0.28620
   0.34699 -0.05062 -0.28357
   0.35472 -0.05057 -0.28221
   0.36246 -0.05051 -0.28052
   0.37019 -0.05042 -0.27895
   0.37793 -0.05031 -0.27649
   0.38566 -0.05019 -0.27560
   0.39339 -0.05004 -0.27361
   0.40111 -0.04988 -0.27204
   0.40883 -0.04970 -0.27032
   0.41655 -0.04951 -0.26940
   0.42426 -0.04929 -0.26794
   0.43196 -0.04905 -0.26691
   0.43965 -0.04880 -0.26536
   0.44733 -0.04852 -0.26427
   0.45499 -0.04823 -0.26306
   0.46265 -0.04791 -0.26131
   0.47029 -0.04757 -0.26038
   0.47793 -0.04721 -0.25849
   0.48555 -0.04683 -0.25684
   0.49315 -0.04642 -0.25516
   0.50075 -0.04600 -0.25357
   0.50833 -0.04555 -0.25096
   0.51589 -0.04507 -0.24932
   0.52345 -0.04458 -0.24647
   0.53099 -0.04405 -0.24452
   0.53851 -0.04351 -0.24139
   0.54603 -0.04293 -0.23891
   0.55353 -0.04234 -0.23621
   0.56101 -0.04171 -0.23203
   0.56848 -0.04106 -0.22906
   0.57593 -0.04038 -0.22500
   0.58337 -0.03967 -0.22106
   0.59078 -0.03894 -0.21702
   0.59818 -0.03818 -0.21209
   0.60556 -0.03738 -0.20745
   0.61292 -0.03656 -0.20222
   0.62026 -0.03571 -0.19625
   0.62759 -0.03483 -0.19031
   0.63490 -0.03391 -0.18269
   0.64220 -0.03296 -0.17667
   0.64948 -0.03198 -0.16849
   0.65674 -0.03097 -0.16045
   0.66400 -0.02992 -0.15115
   0.67125 -0.02883 -0.14162
   0.67849 -0.02772 -0.13190
   0.68572 -0.02656 -0.12064
   0.69295 -0.02537 -0.10986
   0.70018 -0.02415 -0.09681
   0.70741 -0.02288 -0.08449
   0.71464 -0.02159 -0.07111
   0.72188 -0.02025 -0.05612
   0.72912 -0.01888 -0.04207
   0.73638 -0.01747 -0.02511
   0.74365 -0.01602 -0.00942
   0.75094 -0.01453  0.00924
   0.75826 -0.01301  0.02721
   0.76560 -0.01146  0.04689
   0.77297 -0.00987  0.06653
   0.78039 -0.00825  0.08811
   0.78785 -0.00659  0.10924
   0.79535 -0.00492  0.13243
   0.80287 -0.00323  0.15529
   0.81037 -0.00154  0.17762
   0.81778  0.00013  0.20282
   0.82509  0.00176  0.22598
   0.83227  0.00334  0.24751
   0.83932  0.00486  0.26826
   0.84624  0.00632  0.28869
   0.85304  0.00771  0.30711
   0.85972  0.00903  0.32604
   0.86628  0.01027  0.34224
   0.87271  0.01143  0.35832
   0.87902  0.01251  0.37334
   0.88521  0.01350  0.38607
   0.89129  0.01440  0.39887
   0.89727  0.01522  0.40867
   0.90316  0.01595  0.41917
   0.90895  0.01659  0.42803
   0.91464  0.01715  0.43541
   0.92020  0.01763  0.44380
   0.92564  0.01802  0.44960
   0.93097  0.01831  0.45421
   0.93623  0.01853  0.45733
   0.94141  0.01867  0.45684
   0.94645  0.01876  0.46709
   0.95125  0.01879  0.47877
   0.95581  0.01873  0.49140
   0.96019  0.01854  0.49551
   0.96446  0.01821  0.48046
   0.96872  0.01776  0.45426
   0.97300  0.01724  0.42572
   0.97726  0.01672  0.41542
   0.98142  0.01621  0.42802
   0.98545  0.01563  0.43239
   0.98942  0.01489  0.38718
   0.99340  0.01406  0.32673
   0.99738  0.01325  0.29807
   1.00000  0.01271  0.25218
