GRUMMAN K-2 AIRFOIL                             
 Alfa =  -1.32040 Re =        0.000 Xflap,Yflap =     0.000000    0.000000
#    x        y        Cp  
   1.00000  0.01371  0.25423
   0.99740  0.01444  0.09927
   0.99329  0.01549  0.06154
   0.98889  0.01657  0.04624
   0.98423  0.01772  0.00593
   0.97929  0.01890 -0.02900
   0.97409  0.02011 -0.05495
   0.96867  0.02135 -0.08529
   0.96305  0.02259 -0.11180
   0.95727  0.02381 -0.13343
   0.95131  0.02502 -0.15431
   0.94520  0.02620 -0.16936
   0.93893  0.02735 -0.18240
   0.93253  0.02848 -0.19359
   0.92600  0.02957 -0.20076
   0.91932  0.03065 -0.20677
   0.91254  0.03170 -0.21372
   0.90568  0.03272 -0.22230
   0.89876  0.03372 -0.22973
   0.89181  0.03467 -0.23779
   0.88484  0.03559 -0.24373
   0.87782  0.03647 -0.24636
   0.87073  0.03731 -0.24746
   0.86355  0.03812 -0.24855
   0.85628  0.03891 -0.24731
   0.84891  0.03968 -0.24640
   0.84146  0.04044 -0.24635
   0.83396  0.04117 -0.24626
   0.82645  0.04190 -0.25197
   0.81896  0.04260 -0.25685
   0.81149  0.04327 -0.26040
   0.80402  0.04391 -0.26291
   0.79655  0.04452 -0.26531
   0.78909  0.04510 -0.26751
   0.78162  0.04565 -0.26818
   0.77414  0.04617 -0.26771
   0.76665  0.04666 -0.26806
   0.75914  0.04713 -0.26683
   0.75161  0.04756 -0.26500
   0.74405  0.04798 -0.26327
   0.73646  0.04837 -0.26031
   0.72884  0.04874 -0.25787
   0.72118  0.04909 -0.25498
   0.71350  0.04943 -0.25164
   0.70580  0.04974 -0.24982
   0.69806  0.05004 -0.24682
   0.69030  0.05033 -0.24471
   0.68252  0.05060 -0.24264
   0.67473  0.05086 -0.24081
   0.66693  0.05111 -0.23860
   0.65911  0.05135 -0.23735
   0.65129  0.05157 -0.23582
   0.64347  0.05178 -0.23377
   0.63563  0.05197 -0.23264
   0.62779  0.05216 -0.23111
   0.61994  0.05233 -0.22902
   0.61208  0.05249 -0.22850
   0.60421  0.05264 -0.22595
   0.59633  0.05278 -0.22510
   0.58846  0.05291 -0.22386
   0.58058  0.05303 -0.22321
   0.57270  0.05314 -0.22196
   0.56482  0.05324 -0.22104
   0.55693  0.05333 -0.21993
   0.54904  0.05340 -0.21925
   0.54115  0.05347 -0.21780
   0.53326  0.05353 -0.21743
   0.52537  0.05358 -0.21605
   0.51748  0.05361 -0.21511
   0.50958  0.05364 -0.21480
   0.50169  0.05366 -0.21315
   0.49380  0.05367 -0.21349
   0.48590  0.05367 -0.21179
   0.47801  0.05366 -0.21211
   0.47012  0.05363 -0.21106
   0.46224  0.05360 -0.21027
   0.45437  0.05356 -0.20962
   0.44650  0.05351 -0.20906
   0.43864  0.05345 -0.20792
   0.43079  0.05338 -0.20764
   0.42295  0.05330 -0.20730
   0.41514  0.05321 -0.20689
   0.40737  0.05312 -0.20747
   0.39966  0.05301 -0.20680
   0.39202  0.05289 -0.20798
   0.38445  0.05276 -0.20499
   0.37694  0.05262 -0.20232
   0.36954  0.05249 -0.20127
   0.36229  0.05236 -0.20833
   0.35524  0.05223 -0.21908
   0.34842  0.05207 -0.22821
   0.34179  0.05185 -0.21940
   0.33530  0.05159 -0.19249
   0.32892  0.05132 -0.16582
   0.32258  0.05111 -0.15209
   0.31625  0.05098 -0.16831
   0.30988  0.05089 -0.19748
   0.30343  0.05078 -0.22461
   0.29682  0.05061 -0.22683
   0.29002  0.05037 -0.21435
   0.28299  0.05009 -0.20249
   0.27579  0.04982 -0.20111
   0.26847  0.04954 -0.20506
   0.26108  0.04924 -0.20689
   0.25361  0.04892 -0.20565
   0.24607  0.04858 -0.20558
   0.23850  0.04823 -0.20645
   0.23092  0.04786 -0.20674
   0.22333  0.04747 -0.20740
   0.21574  0.04707 -0.20778
   0.20817  0.04664 -0.20942
   0.20063  0.04620 -0.20974
   0.19311  0.04574 -0.21037
   0.18563  0.04526 -0.21331
   0.17820  0.04475 -0.21284
   0.17081  0.04423 -0.21390
   0.16349  0.04368 -0.21607
   0.15624  0.04311 -0.21589
   0.14907  0.04251 -0.21806
   0.14200  0.04189 -0.21845
   0.13503  0.04125 -0.21918
   0.12818  0.04059 -0.21966
   0.12147  0.03990 -0.21963
   0.11493  0.03919 -0.21934
   0.10856  0.03847 -0.21908
   0.10240  0.03773 -0.21830
   0.09647  0.03699 -0.21891
   0.09078  0.03624 -0.22024
   0.08537  0.03550 -0.21852
   0.08024  0.03476 -0.22332
   0.07540  0.03403 -0.22462
   0.07085  0.03331 -0.22791
   0.06658  0.03261 -0.23996
   0.06257  0.03190 -0.24022
   0.05879  0.03120 -0.25070
   0.05523  0.03050 -0.25430
   0.05189  0.02978 -0.25188
   0.04873  0.02906 -0.24524
   0.04574  0.02833 -0.23389
   0.04291  0.02760 -0.22412
   0.04024  0.02687 -0.20884
   0.03771  0.02615 -0.19633
   0.03531  0.02543 -0.18784
   0.03305  0.02471 -0.16285
   0.03089  0.02399 -0.13264
   0.02884  0.02329 -0.10875
   0.02688  0.02260 -0.09274
   0.02502  0.02195 -0.09015
   0.02326  0.02131 -0.08762
   0.02159  0.02067 -0.08556
   0.02000  0.02005 -0.07882
   0.01849  0.01942 -0.06742
   0.01706  0.01880 -0.04881
   0.01569  0.01817 -0.02198
   0.01439  0.01754  0.00074
   0.01314  0.01692  0.02448
   0.01194  0.01630  0.04543
   0.01080  0.01568  0.06521
   0.00971  0.01507  0.08402
   0.00867  0.01445  0.10947
   0.00767  0.01383  0.12738
   0.00672  0.01321  0.15205
   0.00581  0.01258  0.17274
   0.00495  0.01194  0.20372
   0.00414  0.01128  0.22769
   0.00338  0.01061  0.25622
   0.00268  0.00990  0.29033
   0.00207  0.00914  0.39714
   0.00154  0.00835  0.48449
   0.00111  0.00752  0.59827
   0.00078  0.00665  0.72263
   0.00053  0.00577  0.82135
   0.00035  0.00489  0.89159
   0.00022  0.00400  0.93806
   0.00012  0.00312  0.97085
   0.00005  0.00224  0.98923
   0.00001  0.00137  0.99846
  -0.00000  0.00051  0.99937
   0.00001 -0.00034  0.99305
   0.00004 -0.00120  0.97933
   0.00010 -0.00206  0.95773
   0.00020 -0.00292  0.94107
   0.00027 -0.00380  0.89335
   0.00039 -0.00468  0.85900
   0.00054 -0.00556  0.80846
   0.00072 -0.00645  0.74731
   0.00092 -0.00735  0.67990
   0.00115 -0.00824  0.60095
   0.00142 -0.00914  0.50076
   0.00173 -0.01004  0.38989
   0.00207 -0.01094  0.26400
   0.00247 -0.01182  0.08625
   0.00292 -0.01269  0.00506
   0.00342 -0.01356 -0.34656
   0.00402 -0.01437 -0.40803
   0.00470 -0.01514 -0.51699
   0.00546 -0.01587 -0.55116
   0.00629 -0.01657 -0.57958
   0.00717 -0.01724 -0.58964
   0.00811 -0.01789 -0.60409
   0.00910 -0.01851 -0.60119
   0.01015 -0.01912 -0.59595
   0.01125 -0.01971 -0.59479
   0.01240 -0.02029 -0.58610
   0.01361 -0.02086 -0.57900
   0.01488 -0.02142 -0.57039
   0.01621 -0.02198 -0.55458
   0.01761 -0.02253 -0.54566
   0.01908 -0.02307 -0.52891
   0.02063 -0.02362 -0.52298
   0.02226 -0.02417 -0.50920
   0.02397 -0.02472 -0.49320
   0.02579 -0.02528 -0.48506
   0.02770 -0.02584 -0.47386
   0.02973 -0.02641 -0.46533
   0.03189 -0.02700 -0.45688
   0.03419 -0.02759 -0.44980
   0.03663 -0.02820 -0.43839
   0.03924 -0.02882 -0.43120
   0.04203 -0.02945 -0.41978
   0.04502 -0.03011 -0.41253
   0.04822 -0.03078 -0.40616
   0.05165 -0.03148 -0.40229
   0.05533 -0.03220 -0.39733
   0.05925 -0.03293 -0.39376
   0.06344 -0.03368 -0.38850
   0.06789 -0.03445 -0.38598
   0.07262 -0.03522 -0.38073
   0.07761 -0.03600 -0.37884
   0.08288 -0.03679 -0.37507
   0.08842 -0.03758 -0.37141
   0.09419 -0.03836 -0.36800
   0.10019 -0.03914 -0.36562
   0.10638 -0.03991 -0.36443
   0.11276 -0.04065 -0.36316
   0.11929 -0.04138 -0.36209
   0.12594 -0.04208 -0.36046
   0.13272 -0.04276 -0.35913
   0.13959 -0.04340 -0.35743
   0.14656 -0.04401 -0.35408
   0.15362 -0.04460 -0.35211
   0.16075 -0.04515 -0.34796
   0.16794 -0.04567 -0.34547
   0.17519 -0.04616 -0.34187
   0.18248 -0.04663 -0.33965
   0.18981 -0.04706 -0.33726
   0.19717 -0.04747 -0.33566
   0.20456 -0.04785 -0.33127
   0.21197 -0.04820 -0.33021
   0.21942 -0.04852 -0.32590
   0.22690 -0.04882 -0.32312
   0.23441 -0.04909 -0.31821
   0.24195 -0.04934 -0.31591
   0.24951 -0.04956 -0.31370
   0.25708 -0.04977 -0.31027
   0.26468 -0.04995 -0.30882
   0.27229 -0.05011 -0.30440
   0.27991 -0.05024 -0.30281
   0.28756 -0.05036 -0.29925
   0.29522 -0.05046 -0.29717
   0.30289 -0.05054 -0.29517
   0.31057 -0.05060 -0.29293
   0.31825 -0.05064 -0.29061
   0.32595 -0.05066 -0.28889
   0.33364 -0.05066 -0.28727
   0.34135 -0.05065 -0.28534
   0.34906 -0.05061 -0.28353
   0.35677 -0.05056 -0.28161
   0.36448 -0.05048 -0.27986
   0.37219 -0.05039 -0.27824
   0.37990 -0.05028 -0.27611
   0.38761 -0.05015 -0.27472
   0.39532 -0.05001 -0.27329
   0.40302 -0.04984 -0.27186
   0.41072 -0.04966 -0.26972
   0.41842 -0.04945 -0.26904
   0.42610 -0.04923 -0.26760
   0.43378 -0.04899 -0.26681
   0.44144 -0.04873 -0.26463
   0.44910 -0.04845 -0.26401
   0.45674 -0.04815 -0.26242
   0.46437 -0.04783 -0.26165
   0.47199 -0.04749 -0.25990
   0.47960 -0.04713 -0.25799
   0.48720 -0.04674 -0.25663
   0.49478 -0.04634 -0.25486
   0.50235 -0.04590 -0.25243
   0.50991 -0.04545 -0.25115
   0.51745 -0.04497 -0.24848
   0.52498 -0.04447 -0.24601
   0.53250 -0.04395 -0.24385
   0.54000 -0.04340 -0.24123
   0.54749 -0.04282 -0.23835
   0.55497 -0.04222 -0.23517
   0.56243 -0.04159 -0.23148
   0.56987 -0.04093 -0.22811
   0.57730 -0.04025 -0.22438
   0.58471 -0.03954 -0.22020
   0.59210 -0.03881 -0.21597
   0.59948 -0.03804 -0.21150
   0.60683 -0.03724 -0.20687
   0.61417 -0.03642 -0.20060
   0.62149 -0.03556 -0.19583
   0.62879 -0.03468 -0.18853
   0.63608 -0.03376 -0.18280
   0.64335 -0.03281 -0.17463
   0.65061 -0.03183 -0.16749
   0.65786 -0.03081 -0.15890
   0.66510 -0.02976 -0.14996
   0.67232 -0.02867 -0.14014
   0.67954 -0.02755 -0.13000
   0.68676 -0.02640 -0.11941
   0.69397 -0.02520 -0.10816
   0.70117 -0.02398 -0.09537
   0.70838 -0.02271 -0.08261
   0.71559 -0.02141 -0.06906
   0.72281 -0.02007 -0.05467
   0.73004 -0.01870 -0.03989
   0.73728 -0.01729 -0.02374
   0.74453 -0.01584 -0.00612
   0.75180 -0.01436  0.01022
   0.75910 -0.01284  0.03026
   0.76642 -0.01128  0.04838
   0.77378 -0.00969  0.07021
   0.78118 -0.00807  0.08909
   0.78863 -0.00642  0.11260
   0.79611 -0.00475  0.13349
   0.80361 -0.00306  0.15794
   0.81108 -0.00138  0.18089
   0.81847  0.00029  0.20391
   0.82574  0.00191  0.22771
   0.83289  0.00348  0.24975
   0.83991  0.00499  0.27030
   0.84680  0.00644  0.29002
   0.85358  0.00782  0.30946
   0.86023  0.00913  0.32578
   0.86676  0.01036  0.34440
   0.87316  0.01151  0.35853
   0.87944  0.01258  0.37501
   0.88561  0.01356  0.38685
   0.89167  0.01445  0.39909
   0.89763  0.01526  0.40991
   0.90349  0.01599  0.41946
   0.90927  0.01663  0.42729
   0.91493  0.01718  0.43696
   0.92047  0.01765  0.44283
   0.92588  0.01803  0.45112
   0.93120  0.01832  0.45472
   0.93644  0.01853  0.45557
   0.94160  0.01868  0.45849
   0.94662  0.01876  0.46544
   0.95140  0.01879  0.48085
   0.95595  0.01872  0.49052
   0.96030  0.01853  0.49562
   0.96456  0.01820  0.48072
   0.96881  0.01775  0.45313
   0.97308  0.01723  0.42605
   0.97733  0.01672  0.41386
   0.98147  0.01621  0.42706
   0.98549  0.01562  0.43402
   0.98945  0.01488  0.38878
   0.99342  0.01406  0.32409
   0.99738  0.01325  0.29881
   1.00000  0.01271  0.25423
