GRUMMAN K-2 AIRFOIL                             
 Alfa =  -1.29570 Re =        0.000 Xflap,Yflap =     0.000000    0.000000
#    x        y        Cp  
   1.00000  0.01371  0.25220
   0.99739  0.01444  0.09672
   0.99327  0.01550  0.06270
   0.98886  0.01658  0.04431
   0.98418  0.01773  0.00262
   0.97923  0.01891 -0.02691
   0.97401  0.02013 -0.05695
   0.96856  0.02137 -0.08481
   0.96293  0.02261 -0.11263
   0.95713  0.02384 -0.13569
   0.95115  0.02505 -0.15441
   0.94501  0.02623 -0.16962
   0.93873  0.02739 -0.18322
   0.93231  0.02852 -0.19420
   0.92575  0.02962 -0.20155
   0.91905  0.03069 -0.20725
   0.91224  0.03174 -0.21448
   0.90536  0.03277 -0.22312
   0.89842  0.03376 -0.23059
   0.89145  0.03472 -0.23841
   0.88446  0.03564 -0.24376
   0.87741  0.03652 -0.24782
   0.87030  0.03736 -0.24832
   0.86310  0.03817 -0.24826
   0.85580  0.03897 -0.24785
   0.84840  0.03974 -0.24703
   0.84093  0.04049 -0.24714
   0.83341  0.04123 -0.24758
   0.82588  0.04195 -0.25216
   0.81837  0.04265 -0.25811
   0.81087  0.04332 -0.26069
   0.80338  0.04396 -0.26395
   0.79590  0.04457 -0.26645
   0.78841  0.04515 -0.26747
   0.78092  0.04570 -0.26902
   0.77342  0.04622 -0.26871
   0.76591  0.04671 -0.26873
   0.75838  0.04717 -0.26753
   0.75082  0.04761 -0.26626
   0.74324  0.04802 -0.26237
   0.73562  0.04841 -0.26105
   0.72798  0.04878 -0.25771
   0.72030  0.04913 -0.25552
   0.71260  0.04946 -0.25269
   0.70486  0.04978 -0.25009
   0.69710  0.05008 -0.24735
   0.68932  0.05037 -0.24513
   0.68152  0.05064 -0.24280
   0.67370  0.05090 -0.24183
   0.66588  0.05114 -0.23904
   0.65804  0.05138 -0.23792
   0.65020  0.05160 -0.23612
   0.64235  0.05180 -0.23447
   0.63449  0.05200 -0.23360
   0.62662  0.05218 -0.23132
   0.61875  0.05235 -0.23017
   0.61086  0.05251 -0.22854
   0.60297  0.05266 -0.22672
   0.59508  0.05280 -0.22604
   0.58718  0.05293 -0.22513
   0.57928  0.05305 -0.22374
   0.57138  0.05316 -0.22260
   0.56347  0.05325 -0.22170
   0.55556  0.05334 -0.22113
   0.54765  0.05342 -0.21978
   0.53974  0.05348 -0.21867
   0.53183  0.05354 -0.21780
   0.52391  0.05358 -0.21748
   0.51600  0.05362 -0.21594
   0.50808  0.05365 -0.21572
   0.50017  0.05366 -0.21467
   0.49225  0.05367 -0.21356
   0.48434  0.05366 -0.21348
   0.47642  0.05365 -0.21257
   0.46852  0.05363 -0.21208
   0.46062  0.05360 -0.21098
   0.45272  0.05355 -0.21149
   0.44483  0.05350 -0.20976
   0.43695  0.05344 -0.20932
   0.42908  0.05336 -0.20845
   0.42122  0.05328 -0.20856
   0.41340  0.05319 -0.20779
   0.40562  0.05309 -0.20884
   0.39791  0.05299 -0.20853
   0.39026  0.05286 -0.20880
   0.38268  0.05273 -0.20633
   0.37518  0.05259 -0.20280
   0.36779  0.05245 -0.20376
   0.36056  0.05233 -0.21165
   0.35355  0.05219 -0.22331
   0.34675  0.05202 -0.23006
   0.34015  0.05179 -0.21516
   0.33367  0.05152 -0.18688
   0.32729  0.05126 -0.16155
   0.32094  0.05107 -0.15449
   0.31459  0.05095 -0.17748
   0.30818  0.05086 -0.20778
   0.30168  0.05074 -0.22935
   0.29501  0.05055 -0.22546
   0.28812  0.05029 -0.21202
   0.28102  0.05002 -0.20263
   0.27376  0.04974 -0.20451
   0.26640  0.04946 -0.20731
   0.25896  0.04915 -0.20819
   0.25145  0.04883 -0.20794
   0.24388  0.04848 -0.20760
   0.23629  0.04812 -0.20824
   0.22868  0.04775 -0.20886
   0.22107  0.04735 -0.20986
   0.21346  0.04694 -0.21022
   0.20588  0.04651 -0.21134
   0.19832  0.04606 -0.21207
   0.19079  0.04559 -0.21345
   0.18331  0.04510 -0.21543
   0.17587  0.04459 -0.21499
   0.16848  0.04405 -0.21779
   0.16116  0.04350 -0.21805
   0.15392  0.04292 -0.21891
   0.14676  0.04231 -0.22151
   0.13969  0.04168 -0.22044
   0.13274  0.04103 -0.22248
   0.12592  0.04036 -0.22208
   0.11925  0.03966 -0.22265
   0.11274  0.03895 -0.22211
   0.10643  0.03821 -0.22181
   0.10032  0.03747 -0.22232
   0.09446  0.03673 -0.22165
   0.08886  0.03598 -0.22353
   0.08353  0.03523 -0.22391
   0.07849  0.03450 -0.22664
   0.07373  0.03377 -0.23153
   0.06927  0.03305 -0.23290
   0.06509  0.03235 -0.24476
   0.06115  0.03165 -0.24915
   0.05745  0.03095 -0.25601
   0.05396  0.03023 -0.25967
   0.05068  0.02952 -0.25471
   0.04758  0.02879 -0.24622
   0.04465  0.02805 -0.23527
   0.04187  0.02732 -0.22321
   0.03925  0.02659 -0.20848
   0.03676  0.02587 -0.19920
   0.03441  0.02515 -0.18422
   0.03218  0.02442 -0.15668
   0.03006  0.02371 -0.12860
   0.02804  0.02301 -0.10543
   0.02612  0.02234 -0.09724
   0.02429  0.02168 -0.09548
   0.02256  0.02105 -0.09175
   0.02092  0.02042 -0.08986
   0.01936  0.01979 -0.08212
   0.01788  0.01916 -0.06674
   0.01648  0.01853 -0.04506
   0.01513  0.01790 -0.01911
   0.01385  0.01728  0.00401
   0.01262  0.01665  0.02868
   0.01145  0.01603  0.04405
   0.01032  0.01542  0.06459
   0.00925  0.01480  0.08993
   0.00822  0.01418  0.10610
   0.00724  0.01356  0.13369
   0.00631  0.01293  0.15234
   0.00542  0.01229  0.17537
   0.00458  0.01164  0.20711
   0.00379  0.01098  0.22927
   0.00305  0.01029  0.26287
   0.00239  0.00956  0.30804
   0.00182  0.00878  0.44789
   0.00133  0.00797  0.51432
   0.00094  0.00712  0.65361
   0.00065  0.00624  0.76549
   0.00044  0.00536  0.85387
   0.00028  0.00447  0.91170
   0.00016  0.00358  0.95376
   0.00008  0.00270  0.97872
   0.00003  0.00182  0.99396
   0.00000  0.00095  0.99986
  -0.00000  0.00009  0.99760
   0.00003 -0.00076  0.98889
   0.00006 -0.00163  0.97026
   0.00015 -0.00249  0.95380
   0.00023 -0.00336  0.92088
   0.00032 -0.00424  0.88070
   0.00047 -0.00512  0.83891
   0.00063 -0.00601  0.78402
   0.00082 -0.00691  0.72053
   0.00104 -0.00781  0.64787
   0.00129 -0.00871  0.55622
   0.00157 -0.00961  0.45373
   0.00190 -0.01051  0.33664
   0.00227 -0.01140  0.18365
   0.00270 -0.01228  0.05467
   0.00318 -0.01315 -0.15493
   0.00373 -0.01400 -0.38613
   0.00438 -0.01479 -0.45891
   0.00511 -0.01554 -0.52703
   0.00590 -0.01626 -0.55366
   0.00676 -0.01694 -0.57319
   0.00768 -0.01760 -0.58492
   0.00865 -0.01823 -0.58921
   0.00967 -0.01885 -0.59487
   0.01075 -0.01945 -0.57960
   0.01188 -0.02004 -0.58431
   0.01307 -0.02061 -0.57113
   0.01432 -0.02118 -0.56477
   0.01563 -0.02174 -0.55581
   0.01700 -0.02229 -0.53812
   0.01845 -0.02284 -0.52860
   0.01996 -0.02339 -0.51836
   0.02156 -0.02394 -0.50641
   0.02324 -0.02449 -0.49306
   0.02502 -0.02504 -0.48206
   0.02690 -0.02561 -0.47306
   0.02888 -0.02618 -0.46202
   0.03099 -0.02676 -0.45334
   0.03324 -0.02735 -0.44665
   0.03563 -0.02795 -0.43694
   0.03818 -0.02857 -0.42853
   0.04090 -0.02920 -0.41925
   0.04382 -0.02985 -0.41044
   0.04694 -0.03052 -0.40293
   0.05029 -0.03121 -0.40022
   0.05388 -0.03192 -0.39374
   0.05772 -0.03265 -0.39096
   0.06181 -0.03340 -0.38633
   0.06618 -0.03416 -0.38231
   0.07081 -0.03493 -0.37899
   0.07572 -0.03571 -0.37544
   0.08090 -0.03650 -0.37227
   0.08636 -0.03729 -0.36956
   0.09206 -0.03808 -0.36600
   0.09799 -0.03886 -0.36262
   0.10414 -0.03963 -0.36220
   0.11047 -0.04039 -0.35995
   0.11696 -0.04113 -0.35947
   0.12360 -0.04184 -0.35838
   0.13035 -0.04253 -0.35702
   0.13721 -0.04318 -0.35508
   0.14417 -0.04381 -0.35269
   0.15121 -0.04440 -0.34962
   0.15834 -0.04497 -0.34689
   0.16553 -0.04550 -0.34401
   0.17278 -0.04600 -0.34093
   0.18008 -0.04648 -0.33779
   0.18742 -0.04692 -0.33624
   0.19479 -0.04734 -0.33341
   0.20219 -0.04773 -0.33130
   0.20962 -0.04809 -0.32748
   0.21707 -0.04842 -0.32561
   0.22456 -0.04873 -0.32164
   0.23208 -0.04901 -0.31809
   0.23964 -0.04926 -0.31440
   0.24721 -0.04950 -0.31242
   0.25481 -0.04971 -0.30972
   0.26241 -0.04990 -0.30703
   0.27004 -0.05006 -0.30404
   0.27768 -0.05021 -0.30168
   0.28534 -0.05033 -0.29845
   0.29302 -0.05043 -0.29615
   0.30071 -0.05052 -0.29386
   0.30841 -0.05058 -0.29189
   0.31611 -0.05063 -0.29021
   0.32382 -0.05066 -0.28801
   0.33154 -0.05066 -0.28561
   0.33927 -0.05065 -0.28462
   0.34699 -0.05062 -0.28202
   0.35472 -0.05057 -0.28070
   0.36246 -0.05051 -0.27903
   0.37019 -0.05042 -0.27749
   0.37793 -0.05031 -0.27505
   0.38566 -0.05019 -0.27419
   0.39339 -0.05004 -0.27223
   0.40111 -0.04988 -0.27068
   0.40883 -0.04970 -0.26898
   0.41655 -0.04951 -0.26809
   0.42426 -0.04929 -0.26664
   0.43196 -0.04905 -0.26564
   0.43965 -0.04880 -0.26411
   0.44733 -0.04852 -0.26304
   0.45499 -0.04823 -0.26186
   0.46265 -0.04791 -0.26013
   0.47029 -0.04757 -0.25922
   0.47793 -0.04721 -0.25735
   0.48555 -0.04683 -0.25571
   0.49315 -0.04642 -0.25406
   0.50075 -0.04600 -0.25248
   0.50833 -0.04555 -0.24989
   0.51589 -0.04507 -0.24827
   0.52345 -0.04458 -0.24544
   0.53099 -0.04405 -0.24351
   0.53851 -0.04351 -0.24040
   0.54603 -0.04293 -0.23793
   0.55353 -0.04234 -0.23525
   0.56101 -0.04171 -0.23108
   0.56848 -0.04106 -0.22814
   0.57593 -0.04038 -0.22410
   0.58337 -0.03967 -0.22018
   0.59078 -0.03894 -0.21615
   0.59818 -0.03818 -0.21123
   0.60556 -0.03738 -0.20662
   0.61292 -0.03656 -0.20140
   0.62026 -0.03571 -0.19545
   0.62759 -0.03483 -0.18952
   0.63490 -0.03391 -0.18193
   0.64220 -0.03296 -0.17592
   0.64948 -0.03198 -0.16776
   0.65674 -0.03097 -0.15974
   0.66400 -0.02992 -0.15046
   0.67125 -0.02883 -0.14094
   0.67849 -0.02772 -0.13124
   0.68572 -0.02656 -0.12000
   0.69295 -0.02537 -0.10923
   0.70018 -0.02415 -0.09621
   0.70741 -0.02288 -0.08391
   0.71464 -0.02159 -0.07054
   0.72188 -0.02025 -0.05558
   0.72912 -0.01888 -0.04154
   0.73638 -0.01747 -0.02460
   0.74365 -0.01602 -0.00893
   0.75094 -0.01453  0.00971
   0.75826 -0.01301  0.02767
   0.76560 -0.01146  0.04732
   0.77297 -0.00987  0.06695
   0.78039 -0.00825  0.08850
   0.78785 -0.00659  0.10963
   0.79535 -0.00492  0.13279
   0.80287 -0.00323  0.15563
   0.81037 -0.00154  0.17794
   0.81778  0.00013  0.20313
   0.82509  0.00176  0.22627
   0.83227  0.00334  0.24779
   0.83932  0.00486  0.26852
   0.84624  0.00632  0.28893
   0.85304  0.00771  0.30734
   0.85972  0.00903  0.32626
   0.86628  0.01027  0.34245
   0.87271  0.01143  0.35851
   0.87902  0.01251  0.37353
   0.88521  0.01350  0.38625
   0.89129  0.01440  0.39904
   0.89727  0.01522  0.40883
   0.90316  0.01595  0.41933
   0.90895  0.01659  0.42817
   0.91464  0.01715  0.43555
   0.92020  0.01763  0.44393
   0.92564  0.01802  0.44974
   0.93097  0.01831  0.45433
   0.93623  0.01853  0.45744
   0.94141  0.01867  0.45696
   0.94645  0.01876  0.46720
   0.95125  0.01879  0.47887
   0.95581  0.01873  0.49149
   0.96019  0.01854  0.49559
   0.96446  0.01821  0.48055
   0.96872  0.01776  0.45435
   0.97300  0.01724  0.42581
   0.97726  0.01672  0.41550
   0.98142  0.01621  0.42810
   0.98545  0.01563  0.43244
   0.98942  0.01489  0.38724
   0.99340  0.01406  0.32679
   0.99738  0.01325  0.29811
   1.00000  0.01271  0.25220
