GRUMMAN K-2 AIRFOIL                             
 Alfa =  -1.24200 Re =        0.000 Xflap,Yflap =     0.000000    0.000000
#    x        y        Cp  
   1.00000  0.01371  0.25419
   0.99740  0.01444  0.09916
   0.99329  0.01549  0.06140
   0.98889  0.01657  0.04601
   0.98423  0.01772  0.00561
   0.97929  0.01890 -0.02937
   0.97409  0.02011 -0.05536
   0.96867  0.02135 -0.08578
   0.96305  0.02259 -0.11234
   0.95727  0.02381 -0.13401
   0.95131  0.02502 -0.15497
   0.94520  0.02620 -0.17008
   0.93893  0.02735 -0.18318
   0.93253  0.02848 -0.19443
   0.92600  0.02957 -0.20163
   0.91932  0.03065 -0.20772
   0.91254  0.03170 -0.21469
   0.90568  0.03272 -0.22335
   0.89876  0.03372 -0.23080
   0.89181  0.03467 -0.23893
   0.88484  0.03559 -0.24492
   0.87782  0.03647 -0.24758
   0.87073  0.03731 -0.24873
   0.86355  0.03812 -0.24988
   0.85628  0.03891 -0.24865
   0.84891  0.03968 -0.24781
   0.84146  0.04044 -0.24779
   0.83396  0.04117 -0.24774
   0.82645  0.04190 -0.25349
   0.81896  0.04260 -0.25843
   0.81149  0.04327 -0.26202
   0.80402  0.04391 -0.26457
   0.79655  0.04452 -0.26703
   0.78909  0.04510 -0.26923
   0.78162  0.04565 -0.27000
   0.77414  0.04617 -0.26955
   0.76665  0.04666 -0.26996
   0.75914  0.04713 -0.26875
   0.75161  0.04756 -0.26695
   0.74405  0.04798 -0.26525
   0.73646  0.04837 -0.26234
   0.72884  0.04874 -0.25993
   0.72118  0.04909 -0.25708
   0.71350  0.04943 -0.25379
   0.70580  0.04974 -0.25200
   0.69806  0.05004 -0.24901
   0.69030  0.05033 -0.24697
   0.68252  0.05060 -0.24491
   0.67473  0.05086 -0.24314
   0.66693  0.05111 -0.24097
   0.65911  0.05135 -0.23974
   0.65129  0.05157 -0.23827
   0.64347  0.05178 -0.23625
   0.63563  0.05197 -0.23517
   0.62779  0.05216 -0.23367
   0.61994  0.05233 -0.23163
   0.61208  0.05249 -0.23114
   0.60421  0.05264 -0.22864
   0.59633  0.05278 -0.22783
   0.58846  0.05291 -0.22663
   0.58058  0.05303 -0.22603
   0.57270  0.05314 -0.22482
   0.56482  0.05324 -0.22394
   0.55693  0.05333 -0.22287
   0.54904  0.05340 -0.22224
   0.54115  0.05347 -0.22083
   0.53326  0.05353 -0.22051
   0.52537  0.05358 -0.21918
   0.51748  0.05361 -0.21829
   0.50958  0.05364 -0.21802
   0.50169  0.05366 -0.21643
   0.49380  0.05367 -0.21681
   0.48590  0.05367 -0.21516
   0.47801  0.05366 -0.21554
   0.47012  0.05363 -0.21454
   0.46224  0.05360 -0.21382
   0.45437  0.05356 -0.21322
   0.44650  0.05351 -0.21270
   0.43864  0.05345 -0.21162
   0.43079  0.05338 -0.21141
   0.42295  0.05330 -0.21111
   0.41514  0.05321 -0.21076
   0.40737  0.05312 -0.21141
   0.39966  0.05301 -0.21082
   0.39202  0.05289 -0.21204
   0.38445  0.05276 -0.20912
   0.37694  0.05262 -0.20650
   0.36954  0.05249 -0.20552
   0.36229  0.05236 -0.21267
   0.35524  0.05223 -0.22353
   0.34842  0.05207 -0.23275
   0.34179  0.05185 -0.22398
   0.33530  0.05159 -0.19703
   0.32892  0.05132 -0.17032
   0.32258  0.05111 -0.15661
   0.31625  0.05098 -0.17296
   0.30988  0.05089 -0.20231
   0.30343  0.05078 -0.22963
   0.29682  0.05061 -0.23193
   0.29002  0.05037 -0.21949
   0.28299  0.05009 -0.20766
   0.27579  0.04982 -0.20637
   0.26847  0.04954 -0.21043
   0.26108  0.04924 -0.21236
   0.25361  0.04892 -0.21124
   0.24607  0.04858 -0.21128
   0.23850  0.04823 -0.21226
   0.23092  0.04786 -0.21269
   0.22333  0.04747 -0.21348
   0.21574  0.04707 -0.21399
   0.20817  0.04664 -0.21578
   0.20063  0.04620 -0.21625
   0.19311  0.04574 -0.21703
   0.18563  0.04526 -0.22016
   0.17820  0.04475 -0.21986
   0.17081  0.04423 -0.22111
   0.16349  0.04368 -0.22347
   0.15624  0.04311 -0.22350
   0.14907  0.04251 -0.22589
   0.14200  0.04189 -0.22651
   0.13503  0.04125 -0.22747
   0.12818  0.04059 -0.22821
   0.12147  0.03990 -0.22844
   0.11493  0.03919 -0.22843
   0.10856  0.03847 -0.22845
   0.10240  0.03773 -0.22798
   0.09647  0.03699 -0.22891
   0.09078  0.03624 -0.23058
   0.08537  0.03550 -0.22920
   0.08024  0.03476 -0.23440
   0.07540  0.03403 -0.23610
   0.07085  0.03331 -0.23980
   0.06658  0.03261 -0.25237
   0.06257  0.03190 -0.25304
   0.05879  0.03120 -0.26407
   0.05523  0.03050 -0.26815
   0.05189  0.02978 -0.26618
   0.04873  0.02906 -0.25994
   0.04574  0.02833 -0.24895
   0.04291  0.02760 -0.23956
   0.04024  0.02687 -0.22461
   0.03771  0.02615 -0.21247
   0.03531  0.02543 -0.20443
   0.03305  0.02471 -0.17965
   0.03089  0.02399 -0.14958
   0.02884  0.02329 -0.12590
   0.02688  0.02260 -0.11025
   0.02502  0.02195 -0.10824
   0.02326  0.02131 -0.10634
   0.02159  0.02067 -0.10493
   0.02000  0.02005 -0.09881
   0.01849  0.01942 -0.08798
   0.01706  0.01880 -0.06981
   0.01569  0.01817 -0.04330
   0.01439  0.01754 -0.02096
   0.01314  0.01692  0.00236
   0.01194  0.01630  0.02279
   0.01080  0.01568  0.04198
   0.00971  0.01507  0.06016
   0.00867  0.01445  0.08501
   0.00767  0.01383  0.10214
   0.00672  0.01321  0.12601
   0.00581  0.01258  0.14573
   0.00495  0.01194  0.17584
   0.00414  0.01128  0.19862
   0.00338  0.01061  0.22570
   0.00268  0.00990  0.25837
   0.00207  0.00914  0.36680
   0.00154  0.00835  0.45517
   0.00111  0.00752  0.57186
   0.00078  0.00665  0.70114
   0.00053  0.00577  0.80462
   0.00035  0.00489  0.87893
   0.00022  0.00400  0.92867
   0.00012  0.00312  0.96446
   0.00005  0.00224  0.98530
   0.00001  0.00137  0.99681
  -0.00000  0.00051  0.99994
   0.00001 -0.00034  0.99558
   0.00004 -0.00120  0.98387
   0.00010 -0.00206  0.96445
   0.00020 -0.00292  0.94842
   0.00027 -0.00380  0.90425
   0.00039 -0.00468  0.87112
   0.00054 -0.00556  0.82270
   0.00072 -0.00645  0.76379
   0.00092 -0.00735  0.69854
   0.00115 -0.00824  0.62190
   0.00142 -0.00914  0.52445
   0.00173 -0.01004  0.41640
   0.00207 -0.01094  0.29334
   0.00247 -0.01182  0.11979
   0.00292 -0.01269  0.03904
   0.00342 -0.01356 -0.30382
   0.00402 -0.01437 -0.36648
   0.00470 -0.01514 -0.47488
   0.00546 -0.01587 -0.51068
   0.00629 -0.01657 -0.54054
   0.00717 -0.01724 -0.55234
   0.00811 -0.01789 -0.56822
   0.00910 -0.01851 -0.56692
   0.01015 -0.01912 -0.56324
   0.01125 -0.01971 -0.56342
   0.01240 -0.02029 -0.55607
   0.01361 -0.02086 -0.55020
   0.01488 -0.02142 -0.54278
   0.01621 -0.02198 -0.52817
   0.01761 -0.02253 -0.52031
   0.01908 -0.02307 -0.50460
   0.02063 -0.02362 -0.49957
   0.02226 -0.02417 -0.48672
   0.02397 -0.02472 -0.47162
   0.02579 -0.02528 -0.46428
   0.02770 -0.02584 -0.45385
   0.02973 -0.02641 -0.44603
   0.03189 -0.02700 -0.43827
   0.03419 -0.02759 -0.43185
   0.03663 -0.02820 -0.42110
   0.03924 -0.02882 -0.41453
   0.04203 -0.02945 -0.40374
   0.04502 -0.03011 -0.39707
   0.04822 -0.03078 -0.39124
   0.05165 -0.03148 -0.38788
   0.05533 -0.03220 -0.38342
   0.05925 -0.03293 -0.38033
   0.06344 -0.03368 -0.37555
   0.06789 -0.03445 -0.37348
   0.07262 -0.03522 -0.36866
   0.07761 -0.03600 -0.36719
   0.08288 -0.03679 -0.36382
   0.08842 -0.03758 -0.36055
   0.09419 -0.03836 -0.35751
   0.10019 -0.03914 -0.35547
   0.10638 -0.03991 -0.35460
   0.11276 -0.04065 -0.35364
   0.11929 -0.04138 -0.35286
   0.12594 -0.04208 -0.35151
   0.13272 -0.04276 -0.35043
   0.13959 -0.04340 -0.34899
   0.14656 -0.04401 -0.34588
   0.15362 -0.04460 -0.34414
   0.16075 -0.04515 -0.34021
   0.16794 -0.04567 -0.33793
   0.17519 -0.04616 -0.33454
   0.18248 -0.04663 -0.33250
   0.18981 -0.04706 -0.33028
   0.19717 -0.04747 -0.32886
   0.20456 -0.04785 -0.32464
   0.21197 -0.04820 -0.32373
   0.21942 -0.04852 -0.31957
   0.22690 -0.04882 -0.31694
   0.23441 -0.04909 -0.31217
   0.24195 -0.04934 -0.31002
   0.24951 -0.04956 -0.30793
   0.25708 -0.04977 -0.30463
   0.26468 -0.04995 -0.30329
   0.27229 -0.05011 -0.29899
   0.27991 -0.05024 -0.29752
   0.28756 -0.05036 -0.29406
   0.29522 -0.05046 -0.29208
   0.30289 -0.05054 -0.29018
   0.31057 -0.05060 -0.28804
   0.31825 -0.05064 -0.28581
   0.32595 -0.05066 -0.28419
   0.33364 -0.05066 -0.28265
   0.34135 -0.05065 -0.28081
   0.34906 -0.05061 -0.27908
   0.35677 -0.05056 -0.27724
   0.36448 -0.05048 -0.27559
   0.37219 -0.05039 -0.27402
   0.37990 -0.05028 -0.27198
   0.38761 -0.05015 -0.27065
   0.39532 -0.05001 -0.26931
   0.40302 -0.04984 -0.26794
   0.41072 -0.04966 -0.26586
   0.41842 -0.04945 -0.26525
   0.42610 -0.04923 -0.26388
   0.43378 -0.04899 -0.26315
   0.44144 -0.04873 -0.26103
   0.44910 -0.04845 -0.26047
   0.45674 -0.04815 -0.25894
   0.46437 -0.04783 -0.25823
   0.47199 -0.04749 -0.25654
   0.47960 -0.04713 -0.25468
   0.48720 -0.04674 -0.25338
   0.49478 -0.04634 -0.25167
   0.50235 -0.04590 -0.24929
   0.50991 -0.04545 -0.24807
   0.51745 -0.04497 -0.24545
   0.52498 -0.04447 -0.24303
   0.53250 -0.04395 -0.24093
   0.54000 -0.04340 -0.23836
   0.54749 -0.04282 -0.23553
   0.55497 -0.04222 -0.23240
   0.56243 -0.04159 -0.22877
   0.56987 -0.04093 -0.22544
   0.57730 -0.04025 -0.22176
   0.58471 -0.03954 -0.21764
   0.59210 -0.03881 -0.21346
   0.59948 -0.03804 -0.20905
   0.60683 -0.03724 -0.20446
   0.61417 -0.03642 -0.19823
   0.62149 -0.03556 -0.19352
   0.62879 -0.03468 -0.18628
   0.63608 -0.03376 -0.18060
   0.64335 -0.03281 -0.17247
   0.65061 -0.03183 -0.16539
   0.65786 -0.03081 -0.15684
   0.66510 -0.02976 -0.14795
   0.67232 -0.02867 -0.13820
   0.67954 -0.02755 -0.12811
   0.68676 -0.02640 -0.11756
   0.69397 -0.02520 -0.10637
   0.70117 -0.02398 -0.09362
   0.70838 -0.02271 -0.08093
   0.71559 -0.02141 -0.06744
   0.72281 -0.02007 -0.05309
   0.73004 -0.01870 -0.03835
   0.73728 -0.01729 -0.02227
   0.74453 -0.01584 -0.00472
   0.75180 -0.01436  0.01159
   0.75910 -0.01284  0.03157
   0.76642 -0.01128  0.04963
   0.77378 -0.00969  0.07141
   0.78118 -0.00807  0.09024
   0.78863 -0.00642  0.11370
   0.79611 -0.00475  0.13453
   0.80361 -0.00306  0.15892
   0.81108 -0.00138  0.18182
   0.81847  0.00029  0.20480
   0.82574  0.00191  0.22855
   0.83289  0.00348  0.25054
   0.83991  0.00499  0.27105
   0.84680  0.00644  0.29073
   0.85358  0.00782  0.31014
   0.86023  0.00913  0.32642
   0.86676  0.01036  0.34499
   0.87316  0.01151  0.35913
   0.87944  0.01258  0.37555
   0.88561  0.01356  0.38737
   0.89167  0.01445  0.39959
   0.89763  0.01526  0.41037
   0.90349  0.01599  0.41992
   0.90927  0.01663  0.42772
   0.91493  0.01718  0.43735
   0.92047  0.01765  0.44323
   0.92588  0.01803  0.45148
   0.93120  0.01832  0.45507
   0.93644  0.01853  0.45590
   0.94160  0.01868  0.45882
   0.94662  0.01876  0.46576
   0.95140  0.01879  0.48113
   0.95595  0.01872  0.49080
   0.96030  0.01853  0.49588
   0.96456  0.01820  0.48096
   0.96881  0.01775  0.45339
   0.97308  0.01723  0.42630
   0.97733  0.01672  0.41410
   0.98147  0.01621  0.42727
   0.98549  0.01562  0.43420
   0.98945  0.01488  0.38897
   0.99342  0.01406  0.32427
   0.99738  0.01325  0.29896
   1.00000  0.01271  0.25419
