GRUMMAN K-2 AIRFOIL                             
 Alfa =  -1.23500 Re =        0.000 Xflap,Yflap =     0.000000    0.000000
#    x        y        Cp  
   1.00000  0.01371  0.25419
   0.99740  0.01444  0.09916
   0.99329  0.01549  0.06139
   0.98889  0.01657  0.04599
   0.98423  0.01772  0.00559
   0.97929  0.01890 -0.02940
   0.97409  0.02011 -0.05539
   0.96867  0.02135 -0.08582
   0.96305  0.02259 -0.11239
   0.95727  0.02381 -0.13407
   0.95131  0.02502 -0.15503
   0.94520  0.02620 -0.17015
   0.93893  0.02735 -0.18325
   0.93253  0.02848 -0.19450
   0.92600  0.02957 -0.20170
   0.91932  0.03065 -0.20780
   0.91254  0.03170 -0.21477
   0.90568  0.03272 -0.22344
   0.89876  0.03372 -0.23089
   0.89181  0.03467 -0.23903
   0.88484  0.03559 -0.24503
   0.87782  0.03647 -0.24769
   0.87073  0.03731 -0.24885
   0.86355  0.03812 -0.24999
   0.85628  0.03891 -0.24877
   0.84891  0.03968 -0.24794
   0.84146  0.04044 -0.24792
   0.83396  0.04117 -0.24788
   0.82645  0.04190 -0.25362
   0.81896  0.04260 -0.25857
   0.81149  0.04327 -0.26217
   0.80402  0.04391 -0.26472
   0.79655  0.04452 -0.26719
   0.78909  0.04510 -0.26939
   0.78162  0.04565 -0.27016
   0.77414  0.04617 -0.26971
   0.76665  0.04666 -0.27012
   0.75914  0.04713 -0.26892
   0.75161  0.04756 -0.26713
   0.74405  0.04798 -0.26542
   0.73646  0.04837 -0.26253
   0.72884  0.04874 -0.26012
   0.72118  0.04909 -0.25727
   0.71350  0.04943 -0.25398
   0.70580  0.04974 -0.25220
   0.69806  0.05004 -0.24921
   0.69030  0.05033 -0.24718
   0.68252  0.05060 -0.24512
   0.67473  0.05086 -0.24335
   0.66693  0.05111 -0.24118
   0.65911  0.05135 -0.23996
   0.65129  0.05157 -0.23849
   0.64347  0.05178 -0.23647
   0.63563  0.05197 -0.23539
   0.62779  0.05216 -0.23390
   0.61994  0.05233 -0.23186
   0.61208  0.05249 -0.23137
   0.60421  0.05264 -0.22888
   0.59633  0.05278 -0.22808
   0.58846  0.05291 -0.22688
   0.58058  0.05303 -0.22628
   0.57270  0.05314 -0.22507
   0.56482  0.05324 -0.22420
   0.55693  0.05333 -0.22314
   0.54904  0.05340 -0.22251
   0.54115  0.05347 -0.22110
   0.53326  0.05353 -0.22079
   0.52537  0.05358 -0.21946
   0.51748  0.05361 -0.21858
   0.50958  0.05364 -0.21831
   0.50169  0.05366 -0.21672
   0.49380  0.05367 -0.21711
   0.48590  0.05367 -0.21546
   0.47801  0.05366 -0.21585
   0.47012  0.05363 -0.21485
   0.46224  0.05360 -0.21413
   0.45437  0.05356 -0.21354
   0.44650  0.05351 -0.21303
   0.43864  0.05345 -0.21195
   0.43079  0.05338 -0.21174
   0.42295  0.05330 -0.21145
   0.41514  0.05321 -0.21111
   0.40737  0.05312 -0.21177
   0.39966  0.05301 -0.21117
   0.39202  0.05289 -0.21241
   0.38445  0.05276 -0.20949
   0.37694  0.05262 -0.20688
   0.36954  0.05249 -0.20590
   0.36229  0.05236 -0.21306
   0.35524  0.05223 -0.22393
   0.34842  0.05207 -0.23316
   0.34179  0.05185 -0.22439
   0.33530  0.05159 -0.19744
   0.32892  0.05132 -0.17073
   0.32258  0.05111 -0.15701
   0.31625  0.05098 -0.17337
   0.30988  0.05089 -0.20274
   0.30343  0.05078 -0.23007
   0.29682  0.05061 -0.23238
   0.29002  0.05037 -0.21995
   0.28299  0.05009 -0.20812
   0.27579  0.04982 -0.20684
   0.26847  0.04954 -0.21091
   0.26108  0.04924 -0.21285
   0.25361  0.04892 -0.21174
   0.24607  0.04858 -0.21179
   0.23850  0.04823 -0.21279
   0.23092  0.04786 -0.21322
   0.22333  0.04747 -0.21402
   0.21574  0.04707 -0.21454
   0.20817  0.04664 -0.21635
   0.20063  0.04620 -0.21684
   0.19311  0.04574 -0.21763
   0.18563  0.04526 -0.22077
   0.17820  0.04475 -0.22048
   0.17081  0.04423 -0.22175
   0.16349  0.04368 -0.22413
   0.15624  0.04311 -0.22418
   0.14907  0.04251 -0.22659
   0.14200  0.04189 -0.22723
   0.13503  0.04125 -0.22821
   0.12818  0.04059 -0.22897
   0.12147  0.03990 -0.22923
   0.11493  0.03919 -0.22924
   0.10856  0.03847 -0.22929
   0.10240  0.03773 -0.22884
   0.09647  0.03699 -0.22981
   0.09078  0.03624 -0.23151
   0.08537  0.03550 -0.23016
   0.08024  0.03476 -0.23539
   0.07540  0.03403 -0.23712
   0.07085  0.03331 -0.24086
   0.06658  0.03261 -0.25348
   0.06257  0.03190 -0.25419
   0.05879  0.03120 -0.26526
   0.05523  0.03050 -0.26939
   0.05189  0.02978 -0.26746
   0.04873  0.02906 -0.26126
   0.04574  0.02833 -0.25030
   0.04291  0.02760 -0.24095
   0.04024  0.02687 -0.22602
   0.03771  0.02615 -0.21391
   0.03531  0.02543 -0.20591
   0.03305  0.02471 -0.18115
   0.03089  0.02399 -0.15110
   0.02884  0.02329 -0.12744
   0.02688  0.02260 -0.11183
   0.02502  0.02195 -0.10987
   0.02326  0.02131 -0.10802
   0.02159  0.02067 -0.10666
   0.02000  0.02005 -0.10060
   0.01849  0.01942 -0.08982
   0.01706  0.01880 -0.07169
   0.01569  0.01817 -0.04521
   0.01439  0.01754 -0.02291
   0.01314  0.01692  0.00037
   0.01194  0.01630  0.02075
   0.01080  0.01568  0.03989
   0.00971  0.01507  0.05801
   0.00867  0.01445  0.08281
   0.00767  0.01383  0.09987
   0.00672  0.01321  0.12366
   0.00581  0.01258  0.14330
   0.00495  0.01194  0.17332
   0.00414  0.01128  0.19599
   0.00338  0.01061  0.22295
   0.00268  0.00990  0.25549
   0.00207  0.00914  0.36405
   0.00154  0.00835  0.45252
   0.00111  0.00752  0.56946
   0.00078  0.00665  0.69919
   0.00053  0.00577  0.80309
   0.00035  0.00489  0.87777
   0.00022  0.00400  0.92780
   0.00012  0.00312  0.96386
   0.00005  0.00224  0.98492
   0.00001  0.00137  0.99663
  -0.00000  0.00051  0.99996
   0.00001 -0.00034  0.99577
   0.00004 -0.00120  0.98425
   0.00010 -0.00206  0.96502
   0.00020 -0.00292  0.94905
   0.00027 -0.00380  0.90519
   0.00039 -0.00468  0.87218
   0.00054 -0.00556  0.82395
   0.00072 -0.00645  0.76523
   0.00092 -0.00735  0.70017
   0.00115 -0.00824  0.62374
   0.00142 -0.00914  0.52653
   0.00173 -0.01004  0.41874
   0.00207 -0.01094  0.29593
   0.00247 -0.01182  0.12276
   0.00292 -0.01269  0.04204
   0.00342 -0.01356 -0.30004
   0.00402 -0.01437 -0.36280
   0.00470 -0.01514 -0.47115
   0.00546 -0.01587 -0.50710
   0.00629 -0.01657 -0.53708
   0.00717 -0.01724 -0.54903
   0.00811 -0.01789 -0.56503
   0.00910 -0.01851 -0.56388
   0.01015 -0.01912 -0.56033
   0.01125 -0.01971 -0.56064
   0.01240 -0.02029 -0.55340
   0.01361 -0.02086 -0.54764
   0.01488 -0.02142 -0.54033
   0.01621 -0.02198 -0.52583
   0.01761 -0.02253 -0.51806
   0.01908 -0.02307 -0.50244
   0.02063 -0.02362 -0.49749
   0.02226 -0.02417 -0.48472
   0.02397 -0.02472 -0.46970
   0.02579 -0.02528 -0.46243
   0.02770 -0.02584 -0.45207
   0.02973 -0.02641 -0.44432
   0.03189 -0.02700 -0.43662
   0.03419 -0.02759 -0.43025
   0.03663 -0.02820 -0.41957
   0.03924 -0.02882 -0.41305
   0.04203 -0.02945 -0.40231
   0.04502 -0.03011 -0.39569
   0.04822 -0.03078 -0.38991
   0.05165 -0.03148 -0.38660
   0.05533 -0.03220 -0.38218
   0.05925 -0.03293 -0.37913
   0.06344 -0.03368 -0.37440
   0.06789 -0.03445 -0.37236
   0.07262 -0.03522 -0.36759
   0.07761 -0.03600 -0.36615
   0.08288 -0.03679 -0.36282
   0.08842 -0.03758 -0.35958
   0.09419 -0.03836 -0.35658
   0.10019 -0.03914 -0.35457
   0.10638 -0.03991 -0.35373
   0.11276 -0.04065 -0.35279
   0.11929 -0.04138 -0.35204
   0.12594 -0.04208 -0.35071
   0.13272 -0.04276 -0.34966
   0.13959 -0.04340 -0.34823
   0.14656 -0.04401 -0.34514
   0.15362 -0.04460 -0.34343
   0.16075 -0.04515 -0.33952
   0.16794 -0.04567 -0.33725
   0.17519 -0.04616 -0.33388
   0.18248 -0.04663 -0.33186
   0.18981 -0.04706 -0.32966
   0.19717 -0.04747 -0.32825
   0.20456 -0.04785 -0.32404
   0.21197 -0.04820 -0.32315
   0.21942 -0.04852 -0.31901
   0.22690 -0.04882 -0.31639
   0.23441 -0.04909 -0.31164
   0.24195 -0.04934 -0.30949
   0.24951 -0.04956 -0.30741
   0.25708 -0.04977 -0.30412
   0.26468 -0.04995 -0.30279
   0.27229 -0.05011 -0.29851
   0.27991 -0.05024 -0.29704
   0.28756 -0.05036 -0.29360
   0.29522 -0.05046 -0.29163
   0.30289 -0.05054 -0.28974
   0.31057 -0.05060 -0.28761
   0.31825 -0.05064 -0.28539
   0.32595 -0.05066 -0.28377
   0.33364 -0.05066 -0.28224
   0.34135 -0.05065 -0.28040
   0.34906 -0.05061 -0.27868
   0.35677 -0.05056 -0.27685
   0.36448 -0.05048 -0.27520
   0.37219 -0.05039 -0.27365
   0.37990 -0.05028 -0.27161
   0.38761 -0.05015 -0.27029
   0.39532 -0.05001 -0.26895
   0.40302 -0.04984 -0.26759
   0.41072 -0.04966 -0.26552
   0.41842 -0.04945 -0.26491
   0.42610 -0.04923 -0.26355
   0.43378 -0.04899 -0.26283
   0.44144 -0.04873 -0.26071
   0.44910 -0.04845 -0.26016
   0.45674 -0.04815 -0.25863
   0.46437 -0.04783 -0.25792
   0.47199 -0.04749 -0.25624
   0.47960 -0.04713 -0.25439
   0.48720 -0.04674 -0.25309
   0.49478 -0.04634 -0.25138
   0.50235 -0.04590 -0.24901
   0.50991 -0.04545 -0.24780
   0.51745 -0.04497 -0.24517
   0.52498 -0.04447 -0.24277
   0.53250 -0.04395 -0.24066
   0.54000 -0.04340 -0.23811
   0.54749 -0.04282 -0.23528
   0.55497 -0.04222 -0.23216
   0.56243 -0.04159 -0.22853
   0.56987 -0.04093 -0.22520
   0.57730 -0.04025 -0.22153
   0.58471 -0.03954 -0.21742
   0.59210 -0.03881 -0.21324
   0.59948 -0.03804 -0.20883
   0.60683 -0.03724 -0.20424
   0.61417 -0.03642 -0.19802
   0.62149 -0.03556 -0.19332
   0.62879 -0.03468 -0.18607
   0.63608 -0.03376 -0.18040
   0.64335 -0.03281 -0.17228
   0.65061 -0.03183 -0.16520
   0.65786 -0.03081 -0.15666
   0.66510 -0.02976 -0.14777
   0.67232 -0.02867 -0.13802
   0.67954 -0.02755 -0.12794
   0.68676 -0.02640 -0.11739
   0.69397 -0.02520 -0.10621
   0.70117 -0.02398 -0.09347
   0.70838 -0.02271 -0.08078
   0.71559 -0.02141 -0.06729
   0.72281 -0.02007 -0.05295
   0.73004 -0.01870 -0.03822
   0.73728 -0.01729 -0.02213
   0.74453 -0.01584 -0.00460
   0.75180 -0.01436  0.01172
   0.75910 -0.01284  0.03169
   0.76642 -0.01128  0.04974
   0.77378 -0.00969  0.07151
   0.78118 -0.00807  0.09034
   0.78863 -0.00642  0.11379
   0.79611 -0.00475  0.13462
   0.80361 -0.00306  0.15901
   0.81108 -0.00138  0.18190
   0.81847  0.00029  0.20488
   0.82574  0.00191  0.22862
   0.83289  0.00348  0.25061
   0.83991  0.00499  0.27112
   0.84680  0.00644  0.29079
   0.85358  0.00782  0.31020
   0.86023  0.00913  0.32648
   0.86676  0.01036  0.34504
   0.87316  0.01151  0.35918
   0.87944  0.01258  0.37560
   0.88561  0.01356  0.38742
   0.89167  0.01445  0.39963
   0.89763  0.01526  0.41041
   0.90349  0.01599  0.41996
   0.90927  0.01663  0.42776
   0.91493  0.01718  0.43739
   0.92047  0.01765  0.44327
   0.92588  0.01803  0.45151
   0.93120  0.01832  0.45511
   0.93644  0.01853  0.45593
   0.94160  0.01868  0.45884
   0.94662  0.01876  0.46579
   0.95140  0.01879  0.48116
   0.95595  0.01872  0.49083
   0.96030  0.01853  0.49591
   0.96456  0.01820  0.48098
   0.96881  0.01775  0.45341
   0.97308  0.01723  0.42632
   0.97733  0.01672  0.41413
   0.98147  0.01621  0.42729
   0.98549  0.01562  0.43422
   0.98945  0.01488  0.38898
   0.99342  0.01406  0.32429
   0.99738  0.01325  0.29898
   1.00000  0.01271  0.25419
