GRUMMAN K-2 AIRFOIL                             
 Alfa =  -1.27450 Re =        0.000 Xflap,Yflap =     0.000000    0.000000
#    x        y        Cp  
   1.00000  0.01371  0.25222
   0.99739  0.01444  0.09669
   0.99327  0.01550  0.06266
   0.98886  0.01658  0.04424
   0.98418  0.01773  0.00253
   0.97923  0.01891 -0.02701
   0.97401  0.02013 -0.05706
   0.96856  0.02137 -0.08495
   0.96293  0.02261 -0.11277
   0.95713  0.02384 -0.13586
   0.95115  0.02505 -0.15459
   0.94501  0.02623 -0.16981
   0.93873  0.02739 -0.18343
   0.93231  0.02852 -0.19443
   0.92575  0.02962 -0.20179
   0.91905  0.03069 -0.20750
   0.91224  0.03174 -0.21475
   0.90536  0.03277 -0.22340
   0.89842  0.03376 -0.23088
   0.89145  0.03472 -0.23871
   0.88446  0.03564 -0.24408
   0.87741  0.03652 -0.24815
   0.87030  0.03736 -0.24866
   0.86310  0.03817 -0.24862
   0.85580  0.03897 -0.24822
   0.84840  0.03974 -0.24741
   0.84093  0.04049 -0.24753
   0.83341  0.04123 -0.24798
   0.82588  0.04195 -0.25258
   0.81837  0.04265 -0.25854
   0.81087  0.04332 -0.26113
   0.80338  0.04396 -0.26440
   0.79590  0.04457 -0.26692
   0.78841  0.04515 -0.26794
   0.78092  0.04570 -0.26951
   0.77342  0.04622 -0.26920
   0.76591  0.04671 -0.26924
   0.75838  0.04717 -0.26805
   0.75082  0.04761 -0.26679
   0.74324  0.04802 -0.26291
   0.73562  0.04841 -0.26160
   0.72798  0.04878 -0.25827
   0.72030  0.04913 -0.25608
   0.71260  0.04946 -0.25327
   0.70486  0.04978 -0.25068
   0.69710  0.05008 -0.24795
   0.68932  0.05037 -0.24574
   0.68152  0.05064 -0.24342
   0.67370  0.05090 -0.24246
   0.66588  0.05114 -0.23968
   0.65804  0.05138 -0.23857
   0.65020  0.05160 -0.23678
   0.64235  0.05180 -0.23515
   0.63449  0.05200 -0.23428
   0.62662  0.05218 -0.23202
   0.61875  0.05235 -0.23087
   0.61086  0.05251 -0.22926
   0.60297  0.05266 -0.22745
   0.59508  0.05280 -0.22678
   0.58718  0.05293 -0.22589
   0.57928  0.05305 -0.22450
   0.57138  0.05316 -0.22338
   0.56347  0.05325 -0.22249
   0.55556  0.05334 -0.22193
   0.54765  0.05342 -0.22060
   0.53974  0.05348 -0.21949
   0.53183  0.05354 -0.21863
   0.52391  0.05358 -0.21833
   0.51600  0.05362 -0.21680
   0.50808  0.05365 -0.21659
   0.50017  0.05366 -0.21556
   0.49225  0.05367 -0.21446
   0.48434  0.05366 -0.21440
   0.47642  0.05365 -0.21351
   0.46852  0.05363 -0.21302
   0.46062  0.05360 -0.21194
   0.45272  0.05355 -0.21246
   0.44483  0.05350 -0.21075
   0.43695  0.05344 -0.21033
   0.42908  0.05336 -0.20947
   0.42122  0.05328 -0.20960
   0.41340  0.05319 -0.20884
   0.40562  0.05309 -0.20991
   0.39791  0.05299 -0.20962
   0.39026  0.05286 -0.20991
   0.38268  0.05273 -0.20745
   0.37518  0.05259 -0.20393
   0.36779  0.05245 -0.20492
   0.36056  0.05233 -0.21283
   0.35355  0.05219 -0.22452
   0.34675  0.05202 -0.23130
   0.34015  0.05179 -0.21640
   0.33367  0.05152 -0.18811
   0.32729  0.05126 -0.16276
   0.32094  0.05107 -0.15571
   0.31459  0.05095 -0.17875
   0.30818  0.05086 -0.20910
   0.30168  0.05074 -0.23072
   0.29501  0.05055 -0.22684
   0.28812  0.05029 -0.21341
   0.28102  0.05002 -0.20403
   0.27376  0.04974 -0.20594
   0.26640  0.04946 -0.20877
   0.25896  0.04915 -0.20969
   0.25145  0.04883 -0.20946
   0.24388  0.04848 -0.20915
   0.23629  0.04812 -0.20983
   0.22868  0.04775 -0.21047
   0.22107  0.04735 -0.21152
   0.21346  0.04694 -0.21191
   0.20588  0.04651 -0.21307
   0.19832  0.04606 -0.21384
   0.19079  0.04559 -0.21527
   0.18331  0.04510 -0.21729
   0.17587  0.04459 -0.21691
   0.16848  0.04405 -0.21975
   0.16116  0.04350 -0.22007
   0.15392  0.04292 -0.22098
   0.14676  0.04231 -0.22365
   0.13969  0.04168 -0.22264
   0.13274  0.04103 -0.22475
   0.12592  0.04036 -0.22441
   0.11925  0.03966 -0.22506
   0.11274  0.03895 -0.22459
   0.10643  0.03821 -0.22437
   0.10032  0.03747 -0.22497
   0.09446  0.03673 -0.22438
   0.08886  0.03598 -0.22636
   0.08353  0.03523 -0.22683
   0.07849  0.03450 -0.22968
   0.07373  0.03377 -0.23468
   0.06927  0.03305 -0.23615
   0.06509  0.03235 -0.24816
   0.06115  0.03165 -0.25267
   0.05745  0.03095 -0.25967
   0.05396  0.03023 -0.26346
   0.05068  0.02952 -0.25862
   0.04758  0.02879 -0.25023
   0.04465  0.02805 -0.23938
   0.04187  0.02732 -0.22742
   0.03925  0.02659 -0.21278
   0.03676  0.02587 -0.20361
   0.03441  0.02515 -0.18873
   0.03218  0.02442 -0.16123
   0.03006  0.02371 -0.13320
   0.02804  0.02301 -0.11009
   0.02612  0.02234 -0.10203
   0.02429  0.02168 -0.10043
   0.02256  0.02105 -0.09687
   0.02092  0.02042 -0.09516
   0.01936  0.01979 -0.08759
   0.01788  0.01916 -0.07235
   0.01648  0.01853 -0.05077
   0.01513  0.01790 -0.02492
   0.01385  0.01728 -0.00190
   0.01262  0.01665  0.02265
   0.01145  0.01603  0.03785
   0.01032  0.01542  0.05824
   0.00925  0.01480  0.08342
   0.00822  0.01418  0.09939
   0.00724  0.01356  0.12680
   0.00631  0.01293  0.14519
   0.00542  0.01229  0.16795
   0.00458  0.01164  0.19946
   0.00379  0.01098  0.22124
   0.00305  0.01029  0.25448
   0.00239  0.00956  0.29935
   0.00182  0.00878  0.44008
   0.00133  0.00797  0.50651
   0.00094  0.00712  0.64713
   0.00065  0.00624  0.76029
   0.00044  0.00536  0.84992
   0.00028  0.00447  0.90872
   0.00016  0.00358  0.95165
   0.00008  0.00270  0.97731
   0.00003  0.00182  0.99321
   0.00000  0.00095  0.99973
  -0.00000  0.00009  0.99803
   0.00003 -0.00076  0.98981
   0.00006 -0.00163  0.97186
   0.00015 -0.00249  0.95562
   0.00023 -0.00336  0.92338
   0.00032 -0.00424  0.88382
   0.00047 -0.00512  0.84247
   0.00063 -0.00601  0.78818
   0.00082 -0.00691  0.72528
   0.00104 -0.00781  0.65323
   0.00129 -0.00871  0.56227
   0.00157 -0.00961  0.46054
   0.00190 -0.01051  0.34419
   0.00227 -0.01140  0.19219
   0.00270 -0.01228  0.06380
   0.00318 -0.01315 -0.14456
   0.00373 -0.01400 -0.37457
   0.00438 -0.01479 -0.44755
   0.00511 -0.01554 -0.51585
   0.00590 -0.01626 -0.54292
   0.00676 -0.01694 -0.56288
   0.00768 -0.01760 -0.57505
   0.00865 -0.01823 -0.57974
   0.00967 -0.01885 -0.58583
   0.01075 -0.01945 -0.57097
   0.01188 -0.02004 -0.57602
   0.01307 -0.02061 -0.56320
   0.01432 -0.02118 -0.55717
   0.01563 -0.02174 -0.54852
   0.01700 -0.02229 -0.53115
   0.01845 -0.02284 -0.52191
   0.01996 -0.02339 -0.51192
   0.02156 -0.02394 -0.50023
   0.02324 -0.02449 -0.48713
   0.02502 -0.02504 -0.47635
   0.02690 -0.02561 -0.46756
   0.02888 -0.02618 -0.45673
   0.03099 -0.02676 -0.44824
   0.03324 -0.02735 -0.44172
   0.03563 -0.02795 -0.43219
   0.03818 -0.02857 -0.42395
   0.04090 -0.02920 -0.41485
   0.04382 -0.02985 -0.40620
   0.04694 -0.03052 -0.39884
   0.05029 -0.03121 -0.39627
   0.05388 -0.03192 -0.38992
   0.05772 -0.03265 -0.38728
   0.06181 -0.03340 -0.38277
   0.06618 -0.03416 -0.37888
   0.07081 -0.03493 -0.37569
   0.07572 -0.03571 -0.37225
   0.08090 -0.03650 -0.36919
   0.08636 -0.03729 -0.36658
   0.09206 -0.03808 -0.36313
   0.09799 -0.03886 -0.35984
   0.10414 -0.03963 -0.35951
   0.11047 -0.04039 -0.35735
   0.11696 -0.04113 -0.35694
   0.12360 -0.04184 -0.35593
   0.13035 -0.04253 -0.35464
   0.13721 -0.04318 -0.35277
   0.14417 -0.04381 -0.35045
   0.15121 -0.04440 -0.34744
   0.15834 -0.04497 -0.34478
   0.16553 -0.04550 -0.34195
   0.17278 -0.04600 -0.33893
   0.18008 -0.04648 -0.33584
   0.18742 -0.04692 -0.33434
   0.19479 -0.04734 -0.33156
   0.20219 -0.04773 -0.32949
   0.20962 -0.04809 -0.32572
   0.21707 -0.04842 -0.32388
   0.22456 -0.04873 -0.31995
   0.23208 -0.04901 -0.31645
   0.23964 -0.04926 -0.31279
   0.24721 -0.04950 -0.31084
   0.25481 -0.04971 -0.30818
   0.26241 -0.04990 -0.30552
   0.27004 -0.05006 -0.30257
   0.27768 -0.05021 -0.30024
   0.28534 -0.05033 -0.29704
   0.29302 -0.05043 -0.29477
   0.30071 -0.05052 -0.29251
   0.30841 -0.05058 -0.29056
   0.31611 -0.05063 -0.28890
   0.32382 -0.05066 -0.28674
   0.33154 -0.05066 -0.28436
   0.33927 -0.05065 -0.28339
   0.34699 -0.05062 -0.28081
   0.35472 -0.05057 -0.27951
   0.36246 -0.05051 -0.27787
   0.37019 -0.05042 -0.27635
   0.37793 -0.05031 -0.27392
   0.38566 -0.05019 -0.27309
   0.39339 -0.05004 -0.27115
   0.40111 -0.04988 -0.26961
   0.40883 -0.04970 -0.26794
   0.41655 -0.04951 -0.26706
   0.42426 -0.04929 -0.26563
   0.43196 -0.04905 -0.26465
   0.43965 -0.04880 -0.26314
   0.44733 -0.04852 -0.26208
   0.45499 -0.04823 -0.26091
   0.46265 -0.04791 -0.25920
   0.47029 -0.04757 -0.25831
   0.47793 -0.04721 -0.25645
   0.48555 -0.04683 -0.25483
   0.49315 -0.04642 -0.25319
   0.50075 -0.04600 -0.25163
   0.50833 -0.04555 -0.24905
   0.51589 -0.04507 -0.24745
   0.52345 -0.04458 -0.24463
   0.53099 -0.04405 -0.24271
   0.53851 -0.04351 -0.23962
   0.54603 -0.04293 -0.23716
   0.55353 -0.04234 -0.23450
   0.56101 -0.04171 -0.23035
   0.56848 -0.04106 -0.22742
   0.57593 -0.04038 -0.22339
   0.58337 -0.03967 -0.21948
   0.59078 -0.03894 -0.21547
   0.59818 -0.03818 -0.21056
   0.60556 -0.03738 -0.20597
   0.61292 -0.03656 -0.20076
   0.62026 -0.03571 -0.19482
   0.62759 -0.03483 -0.18891
   0.63490 -0.03391 -0.18134
   0.64220 -0.03296 -0.17534
   0.64948 -0.03198 -0.16719
   0.65674 -0.03097 -0.15918
   0.66400 -0.02992 -0.14992
   0.67125 -0.02883 -0.14040
   0.67849 -0.02772 -0.13072
   0.68572 -0.02656 -0.11951
   0.69295 -0.02537 -0.10874
   0.70018 -0.02415 -0.09573
   0.70741 -0.02288 -0.08345
   0.71464 -0.02159 -0.07010
   0.72188 -0.02025 -0.05515
   0.72912 -0.01888 -0.04112
   0.73638 -0.01747 -0.02420
   0.74365 -0.01602 -0.00854
   0.75094 -0.01453  0.01008
   0.75826 -0.01301  0.02802
   0.76560 -0.01146  0.04766
   0.77297 -0.00987  0.06728
   0.78039 -0.00825  0.08881
   0.78785 -0.00659  0.10993
   0.79535 -0.00492  0.13307
   0.80287 -0.00323  0.15590
   0.81037 -0.00154  0.17820
   0.81778  0.00013  0.20337
   0.82509  0.00176  0.22650
   0.83227  0.00334  0.24800
   0.83932  0.00486  0.26872
   0.84624  0.00632  0.28913
   0.85304  0.00771  0.30752
   0.85972  0.00903  0.32643
   0.86628  0.01027  0.34262
   0.87271  0.01143  0.35866
   0.87902  0.01251  0.37368
   0.88521  0.01350  0.38639
   0.89129  0.01440  0.39918
   0.89727  0.01522  0.40895
   0.90316  0.01595  0.41945
   0.90895  0.01659  0.42829
   0.91464  0.01715  0.43566
   0.92020  0.01763  0.44403
   0.92564  0.01802  0.44984
   0.93097  0.01831  0.45443
   0.93623  0.01853  0.45753
   0.94141  0.01867  0.45705
   0.94645  0.01876  0.46728
   0.95125  0.01879  0.47894
   0.95581  0.01873  0.49157
   0.96019  0.01854  0.49566
   0.96446  0.01821  0.48061
   0.96872  0.01776  0.45442
   0.97300  0.01724  0.42588
   0.97726  0.01672  0.41556
   0.98142  0.01621  0.42816
   0.98545  0.01563  0.43248
   0.98942  0.01489  0.38729
   0.99340  0.01406  0.32683
   0.99738  0.01325  0.29815
   1.00000  0.01271  0.25222
