GRUMMAN K-2 AIRFOIL                             
 Alfa =  -1.32820 Re =        0.000 Xflap,Yflap =     0.000000    0.000000
#    x        y        Cp  
   1.00000  0.01371  0.25218
   0.99739  0.01444  0.09676
   0.99327  0.01550  0.06277
   0.98886  0.01658  0.04442
   0.98418  0.01773  0.00276
   0.97923  0.01891 -0.02677
   0.97401  0.02013 -0.05679
   0.96856  0.02137 -0.08460
   0.96293  0.02261 -0.11241
   0.95713  0.02384 -0.13543
   0.95115  0.02505 -0.15413
   0.94501  0.02623 -0.16932
   0.93873  0.02739 -0.18289
   0.93231  0.02852 -0.19385
   0.92575  0.02962 -0.20119
   0.91905  0.03069 -0.20687
   0.91224  0.03174 -0.21407
   0.90536  0.03277 -0.22269
   0.89842  0.03376 -0.23013
   0.89145  0.03472 -0.23794
   0.88446  0.03564 -0.24327
   0.87741  0.03652 -0.24731
   0.87030  0.03736 -0.24779
   0.86310  0.03817 -0.24771
   0.85580  0.03897 -0.24729
   0.84840  0.03974 -0.24646
   0.84093  0.04049 -0.24654
   0.83341  0.04123 -0.24696
   0.82588  0.04195 -0.25152
   0.81837  0.04265 -0.25746
   0.81087  0.04332 -0.26001
   0.80338  0.04396 -0.26326
   0.79590  0.04457 -0.26574
   0.78841  0.04515 -0.26674
   0.78092  0.04570 -0.26827
   0.77342  0.04622 -0.26795
   0.76591  0.04671 -0.26795
   0.75838  0.04717 -0.26674
   0.75082  0.04761 -0.26545
   0.74324  0.04802 -0.26154
   0.73562  0.04841 -0.26021
   0.72798  0.04878 -0.25685
   0.72030  0.04913 -0.25465
   0.71260  0.04946 -0.25180
   0.70486  0.04978 -0.24919
   0.69710  0.05008 -0.24643
   0.68932  0.05037 -0.24420
   0.68152  0.05064 -0.24185
   0.67370  0.05090 -0.24087
   0.66588  0.05114 -0.23805
   0.65804  0.05138 -0.23692
   0.65020  0.05160 -0.23511
   0.64235  0.05180 -0.23344
   0.63449  0.05200 -0.23255
   0.62662  0.05218 -0.23026
   0.61875  0.05235 -0.22908
   0.61086  0.05251 -0.22745
   0.60297  0.05266 -0.22560
   0.59508  0.05280 -0.22491
   0.58718  0.05293 -0.22398
   0.57928  0.05305 -0.22257
   0.57138  0.05316 -0.22141
   0.56347  0.05325 -0.22050
   0.55556  0.05334 -0.21991
   0.54765  0.05342 -0.21854
   0.53974  0.05348 -0.21741
   0.53183  0.05354 -0.21651
   0.52391  0.05358 -0.21618
   0.51600  0.05362 -0.21461
   0.50808  0.05365 -0.21437
   0.50017  0.05366 -0.21331
   0.49225  0.05367 -0.21217
   0.48434  0.05366 -0.21208
   0.47642  0.05365 -0.21115
   0.46852  0.05363 -0.21063
   0.46062  0.05360 -0.20951
   0.45272  0.05355 -0.21000
   0.44483  0.05350 -0.20825
   0.43695  0.05344 -0.20778
   0.42908  0.05336 -0.20688
   0.42122  0.05328 -0.20698
   0.41340  0.05319 -0.20618
   0.40562  0.05309 -0.20720
   0.39791  0.05299 -0.20687
   0.39026  0.05286 -0.20711
   0.38268  0.05273 -0.20461
   0.37518  0.05259 -0.20106
   0.36779  0.05245 -0.20200
   0.36056  0.05233 -0.20984
   0.35355  0.05219 -0.22145
   0.34675  0.05202 -0.22817
   0.34015  0.05179 -0.21327
   0.33367  0.05152 -0.18500
   0.32729  0.05126 -0.15968
   0.32094  0.05107 -0.15261
   0.31459  0.05095 -0.17554
   0.30818  0.05086 -0.20575
   0.30168  0.05074 -0.22726
   0.29501  0.05055 -0.22334
   0.28812  0.05029 -0.20989
   0.28102  0.05002 -0.20048
   0.27376  0.04974 -0.20231
   0.26640  0.04946 -0.20507
   0.25896  0.04915 -0.20591
   0.25145  0.04883 -0.20562
   0.24388  0.04848 -0.20523
   0.23629  0.04812 -0.20582
   0.22868  0.04775 -0.20638
   0.22107  0.04735 -0.20733
   0.21346  0.04694 -0.20763
   0.20588  0.04651 -0.20868
   0.19832  0.04606 -0.20935
   0.19079  0.04559 -0.21066
   0.18331  0.04510 -0.21257
   0.17587  0.04459 -0.21207
   0.16848  0.04405 -0.21478
   0.16116  0.04350 -0.21496
   0.15392  0.04292 -0.21573
   0.14676  0.04231 -0.21824
   0.13969  0.04168 -0.21708
   0.13274  0.04103 -0.21901
   0.12592  0.04036 -0.21851
   0.11925  0.03966 -0.21897
   0.11274  0.03895 -0.21831
   0.10643  0.03821 -0.21789
   0.10032  0.03747 -0.21827
   0.09446  0.03673 -0.21746
   0.08886  0.03598 -0.21920
   0.08353  0.03523 -0.21943
   0.07849  0.03450 -0.22200
   0.07373  0.03377 -0.22671
   0.06927  0.03305 -0.22792
   0.06509  0.03235 -0.23956
   0.06115  0.03165 -0.24377
   0.05745  0.03095 -0.25040
   0.05396  0.03023 -0.25387
   0.05068  0.02952 -0.24873
   0.04758  0.02879 -0.24009
   0.04465  0.02805 -0.22898
   0.04187  0.02732 -0.21677
   0.03925  0.02659 -0.20190
   0.03676  0.02587 -0.19245
   0.03441  0.02515 -0.17732
   0.03218  0.02442 -0.14971
   0.03006  0.02371 -0.12157
   0.02804  0.02301 -0.09829
   0.02612  0.02234 -0.08991
   0.02429  0.02168 -0.08789
   0.02256  0.02105 -0.08391
   0.02092  0.02042 -0.08175
   0.01936  0.01979 -0.07376
   0.01788  0.01916 -0.05817
   0.01648  0.01853 -0.03633
   0.01513  0.01790 -0.01025
   0.01385  0.01728  0.01304
   0.01262  0.01665  0.03789
   0.01145  0.01603  0.05351
   0.01032  0.01542  0.07429
   0.00925  0.01480  0.09986
   0.00822  0.01418  0.11634
   0.00724  0.01356  0.14421
   0.00631  0.01293  0.16325
   0.00542  0.01229  0.18667
   0.00458  0.01164  0.21878
   0.00379  0.01098  0.24152
   0.00305  0.01029  0.27565
   0.00239  0.00956  0.32127
   0.00182  0.00878  0.45974
   0.00133  0.00797  0.52617
   0.00094  0.00712  0.66342
   0.00065  0.00624  0.77334
   0.00044  0.00536  0.85984
   0.00028  0.00447  0.91619
   0.00016  0.00358  0.95692
   0.00008  0.00270  0.98080
   0.00003  0.00182  0.99502
   0.00000  0.00095  0.99998
  -0.00000  0.00009  0.99685
   0.00003 -0.00076  0.98740
   0.00006 -0.00163  0.96773
   0.00015 -0.00249  0.95092
   0.00023 -0.00336  0.91697
   0.00032 -0.00424  0.87582
   0.00047 -0.00512  0.83338
   0.00063 -0.00601  0.77756
   0.00082 -0.00691  0.71317
   0.00104 -0.00781  0.63958
   0.00129 -0.00871  0.54685
   0.00157 -0.00961  0.44322
   0.00190 -0.01051  0.32498
   0.00227 -0.01140  0.17046
   0.00270 -0.01228  0.04058
   0.00318 -0.01315 -0.17091
   0.00373 -0.01400 -0.40395
   0.00438 -0.01479 -0.47641
   0.00511 -0.01554 -0.54424
   0.00590 -0.01626 -0.57020
   0.00676 -0.01694 -0.58905
   0.00768 -0.01760 -0.60011
   0.00865 -0.01823 -0.60376
   0.00967 -0.01885 -0.60880
   0.01075 -0.01945 -0.59287
   0.01188 -0.02004 -0.59706
   0.01307 -0.02061 -0.58332
   0.01432 -0.02118 -0.57646
   0.01563 -0.02174 -0.56701
   0.01700 -0.02229 -0.54884
   0.01845 -0.02284 -0.53889
   0.01996 -0.02339 -0.52825
   0.02156 -0.02394 -0.51591
   0.02324 -0.02449 -0.50219
   0.02502 -0.02504 -0.49083
   0.02690 -0.02561 -0.48151
   0.02888 -0.02618 -0.47016
   0.03099 -0.02676 -0.46119
   0.03324 -0.02735 -0.45421
   0.03563 -0.02795 -0.44423
   0.03818 -0.02857 -0.43555
   0.04090 -0.02920 -0.42602
   0.04382 -0.02985 -0.41695
   0.04694 -0.03052 -0.40921
   0.05029 -0.03121 -0.40629
   0.05388 -0.03192 -0.39959
   0.05772 -0.03265 -0.39661
   0.06181 -0.03340 -0.39178
   0.06618 -0.03416 -0.38757
   0.07081 -0.03493 -0.38407
   0.07572 -0.03571 -0.38034
   0.08090 -0.03650 -0.37700
   0.08636 -0.03729 -0.37413
   0.09206 -0.03808 -0.37041
   0.09799 -0.03886 -0.36688
   0.10414 -0.03963 -0.36633
   0.11047 -0.04039 -0.36395
   0.11696 -0.04113 -0.36334
   0.12360 -0.04184 -0.36213
   0.13035 -0.04253 -0.36066
   0.13721 -0.04318 -0.35862
   0.14417 -0.04381 -0.35612
   0.15121 -0.04440 -0.35296
   0.15834 -0.04497 -0.35014
   0.16553 -0.04550 -0.34716
   0.17278 -0.04600 -0.34400
   0.18008 -0.04648 -0.34078
   0.18742 -0.04692 -0.33916
   0.19479 -0.04734 -0.33625
   0.20219 -0.04773 -0.33407
   0.20962 -0.04809 -0.33019
   0.21707 -0.04842 -0.32825
   0.22456 -0.04873 -0.32422
   0.23208 -0.04901 -0.32061
   0.23964 -0.04926 -0.31686
   0.24721 -0.04950 -0.31483
   0.25481 -0.04971 -0.31208
   0.26241 -0.04990 -0.30934
   0.27004 -0.05006 -0.30630
   0.27768 -0.05021 -0.30389
   0.28534 -0.05033 -0.30062
   0.29302 -0.05043 -0.29827
   0.30071 -0.05052 -0.29594
   0.30841 -0.05058 -0.29393
   0.31611 -0.05063 -0.29220
   0.32382 -0.05066 -0.28997
   0.33154 -0.05066 -0.28754
   0.33927 -0.05065 -0.28651
   0.34699 -0.05062 -0.28388
   0.35472 -0.05057 -0.28251
   0.36246 -0.05051 -0.28082
   0.37019 -0.05042 -0.27925
   0.37793 -0.05031 -0.27677
   0.38566 -0.05019 -0.27588
   0.39339 -0.05004 -0.27389
   0.40111 -0.04988 -0.27231
   0.40883 -0.04970 -0.27058
   0.41655 -0.04951 -0.26966
   0.42426 -0.04929 -0.26820
   0.43196 -0.04905 -0.26716
   0.43965 -0.04880 -0.26561
   0.44733 -0.04852 -0.26452
   0.45499 -0.04823 -0.26330
   0.46265 -0.04791 -0.26155
   0.47029 -0.04757 -0.26061
   0.47793 -0.04721 -0.25872
   0.48555 -0.04683 -0.25707
   0.49315 -0.04642 -0.25538
   0.50075 -0.04600 -0.25379
   0.50833 -0.04555 -0.25117
   0.51589 -0.04507 -0.24953
   0.52345 -0.04458 -0.24668
   0.53099 -0.04405 -0.24472
   0.53851 -0.04351 -0.24159
   0.54603 -0.04293 -0.23910
   0.55353 -0.04234 -0.23640
   0.56101 -0.04171 -0.23221
   0.56848 -0.04106 -0.22924
   0.57593 -0.04038 -0.22518
   0.58337 -0.03967 -0.22124
   0.59078 -0.03894 -0.21720
   0.59818 -0.03818 -0.21226
   0.60556 -0.03738 -0.20762
   0.61292 -0.03656 -0.20238
   0.62026 -0.03571 -0.19641
   0.62759 -0.03483 -0.19046
   0.63490 -0.03391 -0.18284
   0.64220 -0.03296 -0.17682
   0.64948 -0.03198 -0.16864
   0.65674 -0.03097 -0.16059
   0.66400 -0.02992 -0.15128
   0.67125 -0.02883 -0.14175
   0.67849 -0.02772 -0.13203
   0.68572 -0.02656 -0.12077
   0.69295 -0.02537 -0.10998
   0.70018 -0.02415 -0.09693
   0.70741 -0.02288 -0.08461
   0.71464 -0.02159 -0.07122
   0.72188 -0.02025 -0.05623
   0.72912 -0.01888 -0.04217
   0.73638 -0.01747 -0.02521
   0.74365 -0.01602 -0.00952
   0.75094 -0.01453  0.00914
   0.75826 -0.01301  0.02712
   0.76560 -0.01146  0.04680
   0.77297 -0.00987  0.06645
   0.78039 -0.00825  0.08803
   0.78785 -0.00659  0.10917
   0.79535 -0.00492  0.13236
   0.80287 -0.00323  0.15522
   0.81037 -0.00154  0.17756
   0.81778  0.00013  0.20276
   0.82509  0.00176  0.22593
   0.83227  0.00334  0.24746
   0.83932  0.00486  0.26821
   0.84624  0.00632  0.28864
   0.85304  0.00771  0.30706
   0.85972  0.00903  0.32600
   0.86628  0.01027  0.34220
   0.87271  0.01143  0.35828
   0.87902  0.01251  0.37330
   0.88521  0.01350  0.38603
   0.89129  0.01440  0.39884
   0.89727  0.01522  0.40864
   0.90316  0.01595  0.41914
   0.90895  0.01659  0.42800
   0.91464  0.01715  0.43538
   0.92020  0.01763  0.44377
   0.92564  0.01802  0.44957
   0.93097  0.01831  0.45419
   0.93623  0.01853  0.45731
   0.94141  0.01867  0.45681
   0.94645  0.01876  0.46707
   0.95125  0.01879  0.47875
   0.95581  0.01873  0.49138
   0.96019  0.01854  0.49549
   0.96446  0.01821  0.48045
   0.96872  0.01776  0.45425
   0.97300  0.01724  0.42570
   0.97726  0.01672  0.41541
   0.98142  0.01621  0.42801
   0.98545  0.01563  0.43238
   0.98942  0.01489  0.38717
   0.99340  0.01406  0.32672
   0.99738  0.01325  0.29806
   1.00000  0.01271  0.25218
