GRUMMAN K-2 AIRFOIL                             
 Alfa =  -1.30790 Re =        0.000 Xflap,Yflap =     0.000000    0.000000
#    x        y        Cp  
   1.00000  0.01371  0.25219
   0.99739  0.01444  0.09673
   0.99327  0.01550  0.06273
   0.98886  0.01658  0.04435
   0.98418  0.01773  0.00267
   0.97923  0.01891 -0.02686
   0.97401  0.02013 -0.05689
   0.96856  0.02137 -0.08473
   0.96293  0.02261 -0.11255
   0.95713  0.02384 -0.13559
   0.95115  0.02505 -0.15430
   0.94501  0.02623 -0.16951
   0.93873  0.02739 -0.18309
   0.93231  0.02852 -0.19407
   0.92575  0.02962 -0.20141
   0.91905  0.03069 -0.20711
   0.91224  0.03174 -0.21433
   0.90536  0.03277 -0.22296
   0.89842  0.03376 -0.23042
   0.89145  0.03472 -0.23823
   0.88446  0.03564 -0.24357
   0.87741  0.03652 -0.24763
   0.87030  0.03736 -0.24812
   0.86310  0.03817 -0.24806
   0.85580  0.03897 -0.24764
   0.84840  0.03974 -0.24682
   0.84093  0.04049 -0.24691
   0.83341  0.04123 -0.24735
   0.82588  0.04195 -0.25192
   0.81837  0.04265 -0.25787
   0.81087  0.04332 -0.26043
   0.80338  0.04396 -0.26369
   0.79590  0.04457 -0.26618
   0.78841  0.04515 -0.26719
   0.78092  0.04570 -0.26874
   0.77342  0.04622 -0.26842
   0.76591  0.04671 -0.26844
   0.75838  0.04717 -0.26724
   0.75082  0.04761 -0.26595
   0.74324  0.04802 -0.26206
   0.73562  0.04841 -0.26074
   0.72798  0.04878 -0.25739
   0.72030  0.04913 -0.25519
   0.71260  0.04946 -0.25236
   0.70486  0.04978 -0.24975
   0.69710  0.05008 -0.24701
   0.68932  0.05037 -0.24478
   0.68152  0.05064 -0.24244
   0.67370  0.05090 -0.24147
   0.66588  0.05114 -0.23867
   0.65804  0.05138 -0.23755
   0.65020  0.05160 -0.23574
   0.64235  0.05180 -0.23409
   0.63449  0.05200 -0.23320
   0.62662  0.05218 -0.23092
   0.61875  0.05235 -0.22976
   0.61086  0.05251 -0.22813
   0.60297  0.05266 -0.22630
   0.59508  0.05280 -0.22562
   0.58718  0.05293 -0.22470
   0.57928  0.05305 -0.22330
   0.57138  0.05316 -0.22216
   0.56347  0.05325 -0.22125
   0.55556  0.05334 -0.22067
   0.54765  0.05342 -0.21932
   0.53974  0.05348 -0.21820
   0.53183  0.05354 -0.21732
   0.52391  0.05358 -0.21699
   0.51600  0.05362 -0.21544
   0.50808  0.05365 -0.21521
   0.50017  0.05366 -0.21416
   0.49225  0.05367 -0.21304
   0.48434  0.05366 -0.21296
   0.47642  0.05365 -0.21204
   0.46852  0.05363 -0.21153
   0.46062  0.05360 -0.21043
   0.45272  0.05355 -0.21093
   0.44483  0.05350 -0.20919
   0.43695  0.05344 -0.20875
   0.42908  0.05336 -0.20786
   0.42122  0.05328 -0.20797
   0.41340  0.05319 -0.20718
   0.40562  0.05309 -0.20823
   0.39791  0.05299 -0.20791
   0.39026  0.05286 -0.20817
   0.38268  0.05273 -0.20569
   0.37518  0.05259 -0.20214
   0.36779  0.05245 -0.20310
   0.36056  0.05233 -0.21097
   0.35355  0.05219 -0.22261
   0.34675  0.05202 -0.22935
   0.34015  0.05179 -0.21445
   0.33367  0.05152 -0.18618
   0.32729  0.05126 -0.16085
   0.32094  0.05107 -0.15378
   0.31459  0.05095 -0.17675
   0.30818  0.05086 -0.20702
   0.30168  0.05074 -0.22857
   0.29501  0.05055 -0.22466
   0.28812  0.05029 -0.21122
   0.28102  0.05002 -0.20182
   0.27376  0.04974 -0.20368
   0.26640  0.04946 -0.20647
   0.25896  0.04915 -0.20734
   0.25145  0.04883 -0.20707
   0.24388  0.04848 -0.20671
   0.23629  0.04812 -0.20733
   0.22868  0.04775 -0.20792
   0.22107  0.04735 -0.20891
   0.21346  0.04694 -0.20924
   0.20588  0.04651 -0.21034
   0.19832  0.04606 -0.21105
   0.19079  0.04559 -0.21240
   0.18331  0.04510 -0.21436
   0.17587  0.04459 -0.21389
   0.16848  0.04405 -0.21666
   0.16116  0.04350 -0.21689
   0.15392  0.04292 -0.21771
   0.14676  0.04231 -0.22028
   0.13969  0.04168 -0.21918
   0.13274  0.04103 -0.22118
   0.12592  0.04036 -0.22074
   0.11925  0.03966 -0.22127
   0.11274  0.03895 -0.22068
   0.10643  0.03821 -0.22034
   0.10032  0.03747 -0.22080
   0.09446  0.03673 -0.22008
   0.08886  0.03598 -0.22190
   0.08353  0.03523 -0.22222
   0.07849  0.03450 -0.22490
   0.07373  0.03377 -0.22972
   0.06927  0.03305 -0.23103
   0.06509  0.03235 -0.24281
   0.06115  0.03165 -0.24713
   0.05745  0.03095 -0.25390
   0.05396  0.03023 -0.25749
   0.05068  0.02952 -0.25247
   0.04758  0.02879 -0.24392
   0.04465  0.02805 -0.23291
   0.04187  0.02732 -0.22079
   0.03925  0.02659 -0.20601
   0.03676  0.02587 -0.19666
   0.03441  0.02515 -0.18163
   0.03218  0.02442 -0.15406
   0.03006  0.02371 -0.12596
   0.02804  0.02301 -0.10275
   0.02612  0.02234 -0.09448
   0.02429  0.02168 -0.09263
   0.02256  0.02105 -0.08880
   0.02092  0.02042 -0.08681
   0.01936  0.01979 -0.07898
   0.01788  0.01916 -0.06352
   0.01648  0.01853 -0.04178
   0.01513  0.01790 -0.01578
   0.01385  0.01728  0.00740
   0.01262  0.01665  0.03215
   0.01145  0.01603  0.04761
   0.01032  0.01542  0.06824
   0.00925  0.01480  0.09366
   0.00822  0.01418  0.10995
   0.00724  0.01356  0.13765
   0.00631  0.01293  0.15644
   0.00542  0.01229  0.17962
   0.00458  0.01164  0.21150
   0.00379  0.01098  0.23388
   0.00305  0.01029  0.26769
   0.00239  0.00956  0.31303
   0.00182  0.00878  0.45235
   0.00133  0.00797  0.51878
   0.00094  0.00712  0.65731
   0.00065  0.00624  0.76845
   0.00044  0.00536  0.85613
   0.00028  0.00447  0.91340
   0.00016  0.00358  0.95496
   0.00008  0.00270  0.97951
   0.00003  0.00182  0.99437
   0.00000  0.00095  0.99992
  -0.00000  0.00009  0.99733
   0.00003 -0.00076  0.98834
   0.00006 -0.00163  0.96933
   0.00015 -0.00249  0.95273
   0.00023 -0.00336  0.91943
   0.00032 -0.00424  0.87888
   0.00047 -0.00512  0.83685
   0.00063 -0.00601  0.78160
   0.00082 -0.00691  0.71778
   0.00104 -0.00781  0.64477
   0.00129 -0.00871  0.55271
   0.00157 -0.00961  0.44980
   0.00190 -0.01051  0.33228
   0.00227 -0.01140  0.17871
   0.00270 -0.01228  0.04939
   0.00318 -0.01315 -0.16091
   0.00373 -0.01400 -0.39281
   0.00438 -0.01479 -0.46546
   0.00511 -0.01554 -0.53348
   0.00590 -0.01626 -0.55986
   0.00676 -0.01694 -0.57913
   0.00768 -0.01760 -0.59061
   0.00865 -0.01823 -0.59466
   0.00967 -0.01885 -0.60009
   0.01075 -0.01945 -0.58457
   0.01188 -0.02004 -0.58909
   0.01307 -0.02061 -0.57570
   0.01432 -0.02118 -0.56916
   0.01563 -0.02174 -0.56001
   0.01700 -0.02229 -0.54214
   0.01845 -0.02284 -0.53246
   0.01996 -0.02339 -0.52207
   0.02156 -0.02394 -0.50997
   0.02324 -0.02449 -0.49648
   0.02502 -0.02504 -0.48534
   0.02690 -0.02561 -0.47623
   0.02888 -0.02618 -0.46508
   0.03099 -0.02676 -0.45629
   0.03324 -0.02735 -0.44948
   0.03563 -0.02795 -0.43967
   0.03818 -0.02857 -0.43116
   0.04090 -0.02920 -0.42179
   0.04382 -0.02985 -0.41288
   0.04694 -0.03052 -0.40528
   0.05029 -0.03121 -0.40250
   0.05388 -0.03192 -0.39593
   0.05772 -0.03265 -0.39308
   0.06181 -0.03340 -0.38837
   0.06618 -0.03416 -0.38428
   0.07081 -0.03493 -0.38090
   0.07572 -0.03571 -0.37728
   0.08090 -0.03650 -0.37405
   0.08636 -0.03729 -0.37127
   0.09206 -0.03808 -0.36766
   0.09799 -0.03886 -0.36422
   0.10414 -0.03963 -0.36375
   0.11047 -0.04039 -0.36145
   0.11696 -0.04113 -0.36092
   0.12360 -0.04184 -0.35979
   0.13035 -0.04253 -0.35839
   0.13721 -0.04318 -0.35641
   0.14417 -0.04381 -0.35398
   0.15121 -0.04440 -0.35087
   0.15834 -0.04497 -0.34811
   0.16553 -0.04550 -0.34519
   0.17278 -0.04600 -0.34209
   0.18008 -0.04648 -0.33891
   0.18742 -0.04692 -0.33733
   0.19479 -0.04734 -0.33448
   0.20219 -0.04773 -0.33234
   0.20962 -0.04809 -0.32850
   0.21707 -0.04842 -0.32660
   0.22456 -0.04873 -0.32260
   0.23208 -0.04901 -0.31904
   0.23964 -0.04926 -0.31532
   0.24721 -0.04950 -0.31332
   0.25481 -0.04971 -0.31060
   0.26241 -0.04990 -0.30790
   0.27004 -0.05006 -0.30489
   0.27768 -0.05021 -0.30251
   0.28534 -0.05033 -0.29927
   0.29302 -0.05043 -0.29695
   0.30071 -0.05052 -0.29464
   0.30841 -0.05058 -0.29266
   0.31611 -0.05063 -0.29096
   0.32382 -0.05066 -0.28875
   0.33154 -0.05066 -0.28633
   0.33927 -0.05065 -0.28533
   0.34699 -0.05062 -0.28272
   0.35472 -0.05057 -0.28138
   0.36246 -0.05051 -0.27970
   0.37019 -0.05042 -0.27815
   0.37793 -0.05031 -0.27570
   0.38566 -0.05019 -0.27482
   0.39339 -0.05004 -0.27285
   0.40111 -0.04988 -0.27129
   0.40883 -0.04970 -0.26958
   0.41655 -0.04951 -0.26868
   0.42426 -0.04929 -0.26723
   0.43196 -0.04905 -0.26621
   0.43965 -0.04880 -0.26468
   0.44733 -0.04852 -0.26360
   0.45499 -0.04823 -0.26240
   0.46265 -0.04791 -0.26066
   0.47029 -0.04757 -0.25974
   0.47793 -0.04721 -0.25786
   0.48555 -0.04683 -0.25622
   0.49315 -0.04642 -0.25455
   0.50075 -0.04600 -0.25297
   0.50833 -0.04555 -0.25037
   0.51589 -0.04507 -0.24874
   0.52345 -0.04458 -0.24591
   0.53099 -0.04405 -0.24396
   0.53851 -0.04351 -0.24085
   0.54603 -0.04293 -0.23837
   0.55353 -0.04234 -0.23568
   0.56101 -0.04171 -0.23151
   0.56848 -0.04106 -0.22855
   0.57593 -0.04038 -0.22450
   0.58337 -0.03967 -0.22058
   0.59078 -0.03894 -0.21654
   0.59818 -0.03818 -0.21162
   0.60556 -0.03738 -0.20699
   0.61292 -0.03656 -0.20177
   0.62026 -0.03571 -0.19581
   0.62759 -0.03483 -0.18988
   0.63490 -0.03391 -0.18228
   0.64220 -0.03296 -0.17626
   0.64948 -0.03198 -0.16809
   0.65674 -0.03097 -0.16006
   0.66400 -0.02992 -0.15077
   0.67125 -0.02883 -0.14124
   0.67849 -0.02772 -0.13154
   0.68572 -0.02656 -0.12029
   0.69295 -0.02537 -0.10951
   0.70018 -0.02415 -0.09648
   0.70741 -0.02288 -0.08417
   0.71464 -0.02159 -0.07080
   0.72188 -0.02025 -0.05582
   0.72912 -0.01888 -0.04178
   0.73638 -0.01747 -0.02483
   0.74365 -0.01602 -0.00915
   0.75094 -0.01453  0.00950
   0.75826 -0.01301  0.02746
   0.76560 -0.01146  0.04713
   0.77297 -0.00987  0.06676
   0.78039 -0.00825  0.08832
   0.78785 -0.00659  0.10946
   0.79535 -0.00492  0.13262
   0.80287 -0.00323  0.15548
   0.81037 -0.00154  0.17780
   0.81778  0.00013  0.20299
   0.82509  0.00176  0.22614
   0.83227  0.00334  0.24767
   0.83932  0.00486  0.26840
   0.84624  0.00632  0.28882
   0.85304  0.00771  0.30724
   0.85972  0.00903  0.32616
   0.86628  0.01027  0.34236
   0.87271  0.01143  0.35842
   0.87902  0.01251  0.37344
   0.88521  0.01350  0.38617
   0.89129  0.01440  0.39896
   0.89727  0.01522  0.40876
   0.90316  0.01595  0.41926
   0.90895  0.01659  0.42811
   0.91464  0.01715  0.43548
   0.92020  0.01763  0.44387
   0.92564  0.01802  0.44968
   0.93097  0.01831  0.45428
   0.93623  0.01853  0.45739
   0.94141  0.01867  0.45690
   0.94645  0.01876  0.46715
   0.95125  0.01879  0.47883
   0.95581  0.01873  0.49145
   0.96019  0.01854  0.49556
   0.96446  0.01821  0.48051
   0.96872  0.01776  0.45431
   0.97300  0.01724  0.42577
   0.97726  0.01672  0.41546
   0.98142  0.01621  0.42807
   0.98545  0.01563  0.43242
   0.98942  0.01489  0.38722
   0.99340  0.01406  0.32676
   0.99738  0.01325  0.29809
   1.00000  0.01271  0.25219
