GRUMMAN K-2 AIRFOIL                             
 Alfa =  -1.32510 Re =        0.000 Xflap,Yflap =     0.000000    0.000000
#    x        y        Cp  
   1.00000  0.01371  0.25218
   0.99739  0.01444  0.09676
   0.99327  0.01550  0.06276
   0.98886  0.01658  0.04441
   0.98418  0.01773  0.00274
   0.97923  0.01891 -0.02678
   0.97401  0.02013 -0.05680
   0.96856  0.02137 -0.08462
   0.96293  0.02261 -0.11243
   0.95713  0.02384 -0.13545
   0.95115  0.02505 -0.15416
   0.94501  0.02623 -0.16935
   0.93873  0.02739 -0.18292
   0.93231  0.02852 -0.19388
   0.92575  0.02962 -0.20122
   0.91905  0.03069 -0.20690
   0.91224  0.03174 -0.21411
   0.90536  0.03277 -0.22273
   0.89842  0.03376 -0.23018
   0.89145  0.03472 -0.23799
   0.88446  0.03564 -0.24331
   0.87741  0.03652 -0.24736
   0.87030  0.03736 -0.24784
   0.86310  0.03817 -0.24777
   0.85580  0.03897 -0.24734
   0.84840  0.03974 -0.24651
   0.84093  0.04049 -0.24660
   0.83341  0.04123 -0.24702
   0.82588  0.04195 -0.25158
   0.81837  0.04265 -0.25752
   0.81087  0.04332 -0.26008
   0.80338  0.04396 -0.26332
   0.79590  0.04457 -0.26581
   0.78841  0.04515 -0.26681
   0.78092  0.04570 -0.26834
   0.77342  0.04622 -0.26802
   0.76591  0.04671 -0.26803
   0.75838  0.04717 -0.26681
   0.75082  0.04761 -0.26552
   0.74324  0.04802 -0.26162
   0.73562  0.04841 -0.26029
   0.72798  0.04878 -0.25693
   0.72030  0.04913 -0.25473
   0.71260  0.04946 -0.25189
   0.70486  0.04978 -0.24927
   0.69710  0.05008 -0.24652
   0.68932  0.05037 -0.24428
   0.68152  0.05064 -0.24194
   0.67370  0.05090 -0.24096
   0.66588  0.05114 -0.23815
   0.65804  0.05138 -0.23702
   0.65020  0.05160 -0.23520
   0.64235  0.05180 -0.23354
   0.63449  0.05200 -0.23265
   0.62662  0.05218 -0.23036
   0.61875  0.05235 -0.22919
   0.61086  0.05251 -0.22755
   0.60297  0.05266 -0.22571
   0.59508  0.05280 -0.22502
   0.58718  0.05293 -0.22409
   0.57928  0.05305 -0.22268
   0.57138  0.05316 -0.22153
   0.56347  0.05325 -0.22061
   0.55556  0.05334 -0.22003
   0.54765  0.05342 -0.21866
   0.53974  0.05348 -0.21753
   0.53183  0.05354 -0.21664
   0.52391  0.05358 -0.21630
   0.51600  0.05362 -0.21474
   0.50808  0.05365 -0.21450
   0.50017  0.05366 -0.21344
   0.49225  0.05367 -0.21230
   0.48434  0.05366 -0.21221
   0.47642  0.05365 -0.21128
   0.46852  0.05363 -0.21077
   0.46062  0.05360 -0.20965
   0.45272  0.05355 -0.21014
   0.44483  0.05350 -0.20839
   0.43695  0.05344 -0.20793
   0.42908  0.05336 -0.20703
   0.42122  0.05328 -0.20713
   0.41340  0.05319 -0.20633
   0.40562  0.05309 -0.20736
   0.39791  0.05299 -0.20703
   0.39026  0.05286 -0.20727
   0.38268  0.05273 -0.20478
   0.37518  0.05259 -0.20122
   0.36779  0.05245 -0.20217
   0.36056  0.05233 -0.21002
   0.35355  0.05219 -0.22163
   0.34675  0.05202 -0.22835
   0.34015  0.05179 -0.21345
   0.33367  0.05152 -0.18518
   0.32729  0.05126 -0.15986
   0.32094  0.05107 -0.15279
   0.31459  0.05095 -0.17572
   0.30818  0.05086 -0.20595
   0.30168  0.05074 -0.22746
   0.29501  0.05055 -0.22354
   0.28812  0.05029 -0.21009
   0.28102  0.05002 -0.20068
   0.27376  0.04974 -0.20252
   0.26640  0.04946 -0.20529
   0.25896  0.04915 -0.20613
   0.25145  0.04883 -0.20584
   0.24388  0.04848 -0.20545
   0.23629  0.04812 -0.20605
   0.22868  0.04775 -0.20661
   0.22107  0.04735 -0.20757
   0.21346  0.04694 -0.20787
   0.20588  0.04651 -0.20894
   0.19832  0.04606 -0.20961
   0.19079  0.04559 -0.21093
   0.18331  0.04510 -0.21285
   0.17587  0.04459 -0.21234
   0.16848  0.04405 -0.21506
   0.16116  0.04350 -0.21525
   0.15392  0.04292 -0.21603
   0.14676  0.04231 -0.21855
   0.13969  0.04168 -0.21740
   0.13274  0.04103 -0.21934
   0.12592  0.04036 -0.21885
   0.11925  0.03966 -0.21932
   0.11274  0.03895 -0.21867
   0.10643  0.03821 -0.21826
   0.10032  0.03747 -0.21865
   0.09446  0.03673 -0.21786
   0.08886  0.03598 -0.21961
   0.08353  0.03523 -0.21985
   0.07849  0.03450 -0.22245
   0.07373  0.03377 -0.22717
   0.06927  0.03305 -0.22839
   0.06509  0.03235 -0.24006
   0.06115  0.03165 -0.24428
   0.05745  0.03095 -0.25094
   0.05396  0.03023 -0.25442
   0.05068  0.02952 -0.24930
   0.04758  0.02879 -0.24067
   0.04465  0.02805 -0.22958
   0.04187  0.02732 -0.21739
   0.03925  0.02659 -0.20253
   0.03676  0.02587 -0.19309
   0.03441  0.02515 -0.17798
   0.03218  0.02442 -0.15037
   0.03006  0.02371 -0.12224
   0.02804  0.02301 -0.09897
   0.02612  0.02234 -0.09060
   0.02429  0.02168 -0.08862
   0.02256  0.02105 -0.08465
   0.02092  0.02042 -0.08252
   0.01936  0.01979 -0.07456
   0.01788  0.01916 -0.05899
   0.01648  0.01853 -0.03716
   0.01513  0.01790 -0.01109
   0.01385  0.01728  0.01218
   0.01262  0.01665  0.03702
   0.01145  0.01603  0.05261
   0.01032  0.01542  0.07337
   0.00925  0.01480  0.09891
   0.00822  0.01418  0.11537
   0.00724  0.01356  0.14321
   0.00631  0.01293  0.16221
   0.00542  0.01229  0.18559
   0.00458  0.01164  0.21767
   0.00379  0.01098  0.24035
   0.00305  0.01029  0.27444
   0.00239  0.00956  0.32002
   0.00182  0.00878  0.45862
   0.00133  0.00797  0.52504
   0.00094  0.00712  0.66249
   0.00065  0.00624  0.77260
   0.00044  0.00536  0.85927
   0.00028  0.00447  0.91576
   0.00016  0.00358  0.95662
   0.00008  0.00270  0.98060
   0.00003  0.00182  0.99493
   0.00000  0.00095  0.99997
  -0.00000  0.00009  0.99693
   0.00003 -0.00076  0.98755
   0.00006 -0.00163  0.96798
   0.00015 -0.00249  0.95120
   0.00023 -0.00336  0.91735
   0.00032 -0.00424  0.87629
   0.00047 -0.00512  0.83391
   0.00063 -0.00601  0.77818
   0.00082 -0.00691  0.71388
   0.00104 -0.00781  0.64037
   0.00129 -0.00871  0.54775
   0.00157 -0.00961  0.44423
   0.00190 -0.01051  0.32610
   0.00227 -0.01140  0.17173
   0.00270 -0.01228  0.04193
   0.00318 -0.01315 -0.16938
   0.00373 -0.01400 -0.40225
   0.00438 -0.01479 -0.47473
   0.00511 -0.01554 -0.54259
   0.00590 -0.01626 -0.56862
   0.00676 -0.01694 -0.58753
   0.00768 -0.01760 -0.59865
   0.00865 -0.01823 -0.60237
   0.00967 -0.01885 -0.60747
   0.01075 -0.01945 -0.59160
   0.01188 -0.02004 -0.59584
   0.01307 -0.02061 -0.58216
   0.01432 -0.02118 -0.57535
   0.01563 -0.02174 -0.56594
   0.01700 -0.02229 -0.54781
   0.01845 -0.02284 -0.53791
   0.01996 -0.02339 -0.52730
   0.02156 -0.02394 -0.51500
   0.02324 -0.02449 -0.50131
   0.02502 -0.02504 -0.48999
   0.02690 -0.02561 -0.48070
   0.02888 -0.02618 -0.46938
   0.03099 -0.02676 -0.46044
   0.03324 -0.02735 -0.45349
   0.03563 -0.02795 -0.44353
   0.03818 -0.02857 -0.43488
   0.04090 -0.02920 -0.42537
   0.04382 -0.02985 -0.41633
   0.04694 -0.03052 -0.40861
   0.05029 -0.03121 -0.40571
   0.05388 -0.03192 -0.39903
   0.05772 -0.03265 -0.39607
   0.06181 -0.03340 -0.39126
   0.06618 -0.03416 -0.38707
   0.07081 -0.03493 -0.38359
   0.07572 -0.03571 -0.37987
   0.08090 -0.03650 -0.37655
   0.08636 -0.03729 -0.37369
   0.09206 -0.03808 -0.36999
   0.09799 -0.03886 -0.36647
   0.10414 -0.03963 -0.36593
   0.11047 -0.04039 -0.36357
   0.11696 -0.04113 -0.36297
   0.12360 -0.04184 -0.36177
   0.13035 -0.04253 -0.36031
   0.13721 -0.04318 -0.35828
   0.14417 -0.04381 -0.35579
   0.15121 -0.04440 -0.35264
   0.15834 -0.04497 -0.34983
   0.16553 -0.04550 -0.34686
   0.17278 -0.04600 -0.34371
   0.18008 -0.04648 -0.34049
   0.18742 -0.04692 -0.33888
   0.19479 -0.04734 -0.33598
   0.20219 -0.04773 -0.33381
   0.20962 -0.04809 -0.32993
   0.21707 -0.04842 -0.32800
   0.22456 -0.04873 -0.32397
   0.23208 -0.04901 -0.32037
   0.23964 -0.04926 -0.31663
   0.24721 -0.04950 -0.31460
   0.25481 -0.04971 -0.31185
   0.26241 -0.04990 -0.30912
   0.27004 -0.05006 -0.30608
   0.27768 -0.05021 -0.30368
   0.28534 -0.05033 -0.30041
   0.29302 -0.05043 -0.29807
   0.30071 -0.05052 -0.29574
   0.30841 -0.05058 -0.29373
   0.31611 -0.05063 -0.29201
   0.32382 -0.05066 -0.28979
   0.33154 -0.05066 -0.28735
   0.33927 -0.05065 -0.28633
   0.34699 -0.05062 -0.28370
   0.35472 -0.05057 -0.28234
   0.36246 -0.05051 -0.28065
   0.37019 -0.05042 -0.27908
   0.37793 -0.05031 -0.27661
   0.38566 -0.05019 -0.27572
   0.39339 -0.05004 -0.27373
   0.40111 -0.04988 -0.27216
   0.40883 -0.04970 -0.27043
   0.41655 -0.04951 -0.26951
   0.42426 -0.04929 -0.26805
   0.43196 -0.04905 -0.26702
   0.43965 -0.04880 -0.26547
   0.44733 -0.04852 -0.26438
   0.45499 -0.04823 -0.26317
   0.46265 -0.04791 -0.26141
   0.47029 -0.04757 -0.26048
   0.47793 -0.04721 -0.25859
   0.48555 -0.04683 -0.25694
   0.49315 -0.04642 -0.25526
   0.50075 -0.04600 -0.25366
   0.50833 -0.04555 -0.25105
   0.51589 -0.04507 -0.24941
   0.52345 -0.04458 -0.24656
   0.53099 -0.04405 -0.24461
   0.53851 -0.04351 -0.24148
   0.54603 -0.04293 -0.23899
   0.55353 -0.04234 -0.23629
   0.56101 -0.04171 -0.23211
   0.56848 -0.04106 -0.22914
   0.57593 -0.04038 -0.22508
   0.58337 -0.03967 -0.22114
   0.59078 -0.03894 -0.21710
   0.59818 -0.03818 -0.21216
   0.60556 -0.03738 -0.20752
   0.61292 -0.03656 -0.20229
   0.62026 -0.03571 -0.19632
   0.62759 -0.03483 -0.19037
   0.63490 -0.03391 -0.18276
   0.64220 -0.03296 -0.17673
   0.64948 -0.03198 -0.16856
   0.65674 -0.03097 -0.16051
   0.66400 -0.02992 -0.15120
   0.67125 -0.02883 -0.14167
   0.67849 -0.02772 -0.13195
   0.68572 -0.02656 -0.12069
   0.69295 -0.02537 -0.10991
   0.70018 -0.02415 -0.09686
   0.70741 -0.02288 -0.08454
   0.71464 -0.02159 -0.07115
   0.72188 -0.02025 -0.05617
   0.72912 -0.01888 -0.04211
   0.73638 -0.01747 -0.02515
   0.74365 -0.01602 -0.00946
   0.75094 -0.01453  0.00920
   0.75826 -0.01301  0.02717
   0.76560 -0.01146  0.04685
   0.77297 -0.00987  0.06650
   0.78039 -0.00825  0.08808
   0.78785 -0.00659  0.10921
   0.79535 -0.00492  0.13240
   0.80287 -0.00323  0.15526
   0.81037 -0.00154  0.17759
   0.81778  0.00013  0.20279
   0.82509  0.00176  0.22596
   0.83227  0.00334  0.24749
   0.83932  0.00486  0.26824
   0.84624  0.00632  0.28866
   0.85304  0.00771  0.30709
   0.85972  0.00903  0.32602
   0.86628  0.01027  0.34222
   0.87271  0.01143  0.35830
   0.87902  0.01251  0.37332
   0.88521  0.01350  0.38605
   0.89129  0.01440  0.39886
   0.89727  0.01522  0.40865
   0.90316  0.01595  0.41916
   0.90895  0.01659  0.42802
   0.91464  0.01715  0.43539
   0.92020  0.01763  0.44379
   0.92564  0.01802  0.44959
   0.93097  0.01831  0.45420
   0.93623  0.01853  0.45732
   0.94141  0.01867  0.45683
   0.94645  0.01876  0.46709
   0.95125  0.01879  0.47877
   0.95581  0.01873  0.49139
   0.96019  0.01854  0.49550
   0.96446  0.01821  0.48046
   0.96872  0.01776  0.45426
   0.97300  0.01724  0.42571
   0.97726  0.01672  0.41542
   0.98142  0.01621  0.42802
   0.98545  0.01563  0.43238
   0.98942  0.01489  0.38718
   0.99340  0.01406  0.32672
   0.99738  0.01325  0.29806
   1.00000  0.01271  0.25218
