GRUMMAN K-2 AIRFOIL                             
 Alfa =  -1.26340 Re =        0.000 Xflap,Yflap =     0.000000    0.000000
#    x        y        Cp  
   1.00000  0.01371  0.25223
   0.99739  0.01444  0.09667
   0.99327  0.01550  0.06264
   0.98886  0.01658  0.04420
   0.98418  0.01773  0.00249
   0.97923  0.01891 -0.02706
   0.97401  0.02013 -0.05712
   0.96856  0.02137 -0.08502
   0.96293  0.02261 -0.11285
   0.95713  0.02384 -0.13595
   0.95115  0.02505 -0.15468
   0.94501  0.02623 -0.16991
   0.93873  0.02739 -0.18354
   0.93231  0.02852 -0.19455
   0.92575  0.02962 -0.20191
   0.91905  0.03069 -0.20763
   0.91224  0.03174 -0.21489
   0.90536  0.03277 -0.22355
   0.89842  0.03376 -0.23104
   0.89145  0.03472 -0.23887
   0.88446  0.03564 -0.24425
   0.87741  0.03652 -0.24832
   0.87030  0.03736 -0.24884
   0.86310  0.03817 -0.24881
   0.85580  0.03897 -0.24841
   0.84840  0.03974 -0.24761
   0.84093  0.04049 -0.24773
   0.83341  0.04123 -0.24819
   0.82588  0.04195 -0.25279
   0.81837  0.04265 -0.25876
   0.81087  0.04332 -0.26136
   0.80338  0.04396 -0.26464
   0.79590  0.04457 -0.26716
   0.78841  0.04515 -0.26819
   0.78092  0.04570 -0.26977
   0.77342  0.04622 -0.26946
   0.76591  0.04671 -0.26951
   0.75838  0.04717 -0.26832
   0.75082  0.04761 -0.26706
   0.74324  0.04802 -0.26320
   0.73562  0.04841 -0.26189
   0.72798  0.04878 -0.25857
   0.72030  0.04913 -0.25638
   0.71260  0.04946 -0.25358
   0.70486  0.04978 -0.25099
   0.69710  0.05008 -0.24826
   0.68932  0.05037 -0.24606
   0.68152  0.05064 -0.24375
   0.67370  0.05090 -0.24279
   0.66588  0.05114 -0.24002
   0.65804  0.05138 -0.23891
   0.65020  0.05160 -0.23713
   0.64235  0.05180 -0.23550
   0.63449  0.05200 -0.23464
   0.62662  0.05218 -0.23238
   0.61875  0.05235 -0.23124
   0.61086  0.05251 -0.22963
   0.60297  0.05266 -0.22783
   0.59508  0.05280 -0.22717
   0.58718  0.05293 -0.22628
   0.57928  0.05305 -0.22490
   0.57138  0.05316 -0.22378
   0.56347  0.05325 -0.22291
   0.55556  0.05334 -0.22234
   0.54765  0.05342 -0.22102
   0.53974  0.05348 -0.21992
   0.53183  0.05354 -0.21907
   0.52391  0.05358 -0.21877
   0.51600  0.05362 -0.21725
   0.50808  0.05365 -0.21705
   0.50017  0.05366 -0.21602
   0.49225  0.05367 -0.21493
   0.48434  0.05366 -0.21487
   0.47642  0.05365 -0.21399
   0.46852  0.05363 -0.21352
   0.46062  0.05360 -0.21244
   0.45272  0.05355 -0.21298
   0.44483  0.05350 -0.21127
   0.43695  0.05344 -0.21085
   0.42908  0.05336 -0.21000
   0.42122  0.05328 -0.21014
   0.41340  0.05319 -0.20939
   0.40562  0.05309 -0.21047
   0.39791  0.05299 -0.21019
   0.39026  0.05286 -0.21048
   0.38268  0.05273 -0.20804
   0.37518  0.05259 -0.20453
   0.36779  0.05245 -0.20552
   0.36056  0.05233 -0.21345
   0.35355  0.05219 -0.22515
   0.34675  0.05202 -0.23194
   0.34015  0.05179 -0.21704
   0.33367  0.05152 -0.18875
   0.32729  0.05126 -0.16340
   0.32094  0.05107 -0.15635
   0.31459  0.05095 -0.17942
   0.30818  0.05086 -0.20979
   0.30168  0.05074 -0.23144
   0.29501  0.05055 -0.22757
   0.28812  0.05029 -0.21414
   0.28102  0.05002 -0.20476
   0.27376  0.04974 -0.20669
   0.26640  0.04946 -0.20954
   0.25896  0.04915 -0.21047
   0.25145  0.04883 -0.21026
   0.24388  0.04848 -0.20996
   0.23629  0.04812 -0.21066
   0.22868  0.04775 -0.21132
   0.22107  0.04735 -0.21238
   0.21346  0.04694 -0.21279
   0.20588  0.04651 -0.21397
   0.19832  0.04606 -0.21477
   0.19079  0.04559 -0.21622
   0.18331  0.04510 -0.21827
   0.17587  0.04459 -0.21791
   0.16848  0.04405 -0.22078
   0.16116  0.04350 -0.22113
   0.15392  0.04292 -0.22207
   0.14676  0.04231 -0.22477
   0.13969  0.04168 -0.22379
   0.13274  0.04103 -0.22593
   0.12592  0.04036 -0.22564
   0.11925  0.03966 -0.22632
   0.11274  0.03895 -0.22589
   0.10643  0.03821 -0.22571
   0.10032  0.03747 -0.22635
   0.09446  0.03673 -0.22581
   0.08886  0.03598 -0.22784
   0.08353  0.03523 -0.22836
   0.07849  0.03450 -0.23126
   0.07373  0.03377 -0.23632
   0.06927  0.03305 -0.23786
   0.06509  0.03235 -0.24994
   0.06115  0.03165 -0.25452
   0.05745  0.03095 -0.26159
   0.05396  0.03023 -0.26545
   0.05068  0.02952 -0.26067
   0.04758  0.02879 -0.25234
   0.04465  0.02805 -0.24153
   0.04187  0.02732 -0.22962
   0.03925  0.02659 -0.21504
   0.03676  0.02587 -0.20592
   0.03441  0.02515 -0.19110
   0.03218  0.02442 -0.16362
   0.03006  0.02371 -0.13562
   0.02804  0.02301 -0.11254
   0.02612  0.02234 -0.10455
   0.02429  0.02168 -0.10303
   0.02256  0.02105 -0.09956
   0.02092  0.02042 -0.09794
   0.01936  0.01979 -0.09046
   0.01788  0.01916 -0.07529
   0.01648  0.01853 -0.05377
   0.01513  0.01790 -0.02796
   0.01385  0.01728 -0.00500
   0.01262  0.01665  0.01949
   0.01145  0.01603  0.03460
   0.01032  0.01542  0.05490
   0.00925  0.01480  0.08001
   0.00822  0.01418  0.09586
   0.00724  0.01356  0.12318
   0.00631  0.01293  0.14143
   0.00542  0.01229  0.16406
   0.00458  0.01164  0.19543
   0.00379  0.01098  0.21701
   0.00305  0.01029  0.25006
   0.00239  0.00956  0.29477
   0.00182  0.00878  0.43598
   0.00133  0.00797  0.50239
   0.00094  0.00712  0.64372
   0.00065  0.00624  0.75755
   0.00044  0.00536  0.84782
   0.00028  0.00447  0.90713
   0.00016  0.00358  0.95052
   0.00008  0.00270  0.97655
   0.00003  0.00182  0.99280
   0.00000  0.00095  0.99964
  -0.00000  0.00009  0.99824
   0.00003 -0.00076  0.99028
   0.00006 -0.00163  0.97268
   0.00015 -0.00249  0.95657
   0.00023 -0.00336  0.92468
   0.00032 -0.00424  0.88544
   0.00047 -0.00512  0.84431
   0.00063 -0.00601  0.79034
   0.00082 -0.00691  0.72775
   0.00104 -0.00781  0.65601
   0.00129 -0.00871  0.56543
   0.00157 -0.00961  0.46408
   0.00190 -0.01051  0.34813
   0.00227 -0.01140  0.19664
   0.00270 -0.01228  0.06856
   0.00318 -0.01315 -0.13915
   0.00373 -0.01400 -0.36853
   0.00438 -0.01479 -0.44162
   0.00511 -0.01554 -0.51002
   0.00590 -0.01626 -0.53731
   0.00676 -0.01694 -0.55750
   0.00768 -0.01760 -0.56989
   0.00865 -0.01823 -0.57480
   0.00967 -0.01885 -0.58110
   0.01075 -0.01945 -0.56646
   0.01188 -0.02004 -0.57169
   0.01307 -0.02061 -0.55905
   0.01432 -0.02118 -0.55319
   0.01563 -0.02174 -0.54471
   0.01700 -0.02229 -0.52751
   0.01845 -0.02284 -0.51841
   0.01996 -0.02339 -0.50856
   0.02156 -0.02394 -0.49700
   0.02324 -0.02449 -0.48402
   0.02502 -0.02504 -0.47336
   0.02690 -0.02561 -0.46468
   0.02888 -0.02618 -0.45396
   0.03099 -0.02676 -0.44557
   0.03324 -0.02735 -0.43914
   0.03563 -0.02795 -0.42971
   0.03818 -0.02857 -0.42156
   0.04090 -0.02920 -0.41254
   0.04382 -0.02985 -0.40398
   0.04694 -0.03052 -0.39670
   0.05029 -0.03121 -0.39420
   0.05388 -0.03192 -0.38793
   0.05772 -0.03265 -0.38536
   0.06181 -0.03340 -0.38092
   0.06618 -0.03416 -0.37709
   0.07081 -0.03493 -0.37396
   0.07572 -0.03571 -0.37058
   0.08090 -0.03650 -0.36758
   0.08636 -0.03729 -0.36503
   0.09206 -0.03808 -0.36163
   0.09799 -0.03886 -0.35839
   0.10414 -0.03963 -0.35810
   0.11047 -0.04039 -0.35599
   0.11696 -0.04113 -0.35562
   0.12360 -0.04184 -0.35465
   0.13035 -0.04253 -0.35340
   0.13721 -0.04318 -0.35156
   0.14417 -0.04381 -0.34928
   0.15121 -0.04440 -0.34631
   0.15834 -0.04497 -0.34367
   0.16553 -0.04550 -0.34087
   0.17278 -0.04600 -0.33788
   0.18008 -0.04648 -0.33482
   0.18742 -0.04692 -0.33334
   0.19479 -0.04734 -0.33059
   0.20219 -0.04773 -0.32854
   0.20962 -0.04809 -0.32480
   0.21707 -0.04842 -0.32298
   0.22456 -0.04873 -0.31907
   0.23208 -0.04901 -0.31559
   0.23964 -0.04926 -0.31195
   0.24721 -0.04950 -0.31002
   0.25481 -0.04971 -0.30738
   0.26241 -0.04990 -0.30474
   0.27004 -0.05006 -0.30180
   0.27768 -0.05021 -0.29948
   0.28534 -0.05033 -0.29630
   0.29302 -0.05043 -0.29404
   0.30071 -0.05052 -0.29180
   0.30841 -0.05058 -0.28987
   0.31611 -0.05063 -0.28822
   0.32382 -0.05066 -0.28607
   0.33154 -0.05066 -0.28370
   0.33927 -0.05065 -0.28275
   0.34699 -0.05062 -0.28018
   0.35472 -0.05057 -0.27889
   0.36246 -0.05051 -0.27726
   0.37019 -0.05042 -0.27575
   0.37793 -0.05031 -0.27334
   0.38566 -0.05019 -0.27251
   0.39339 -0.05004 -0.27058
   0.40111 -0.04988 -0.26906
   0.40883 -0.04970 -0.26739
   0.41655 -0.04951 -0.26653
   0.42426 -0.04929 -0.26510
   0.43196 -0.04905 -0.26413
   0.43965 -0.04880 -0.26263
   0.44733 -0.04852 -0.26158
   0.45499 -0.04823 -0.26042
   0.46265 -0.04791 -0.25871
   0.47029 -0.04757 -0.25783
   0.47793 -0.04721 -0.25598
   0.48555 -0.04683 -0.25437
   0.49315 -0.04642 -0.25274
   0.50075 -0.04600 -0.25119
   0.50833 -0.04555 -0.24861
   0.51589 -0.04507 -0.24702
   0.52345 -0.04458 -0.24421
   0.53099 -0.04405 -0.24230
   0.53851 -0.04351 -0.23921
   0.54603 -0.04293 -0.23676
   0.55353 -0.04234 -0.23411
   0.56101 -0.04171 -0.22996
   0.56848 -0.04106 -0.22704
   0.57593 -0.04038 -0.22302
   0.58337 -0.03967 -0.21912
   0.59078 -0.03894 -0.21511
   0.59818 -0.03818 -0.21021
   0.60556 -0.03738 -0.20563
   0.61292 -0.03656 -0.20043
   0.62026 -0.03571 -0.19449
   0.62759 -0.03483 -0.18859
   0.63490 -0.03391 -0.18103
   0.64220 -0.03296 -0.17503
   0.64948 -0.03198 -0.16689
   0.65674 -0.03097 -0.15889
   0.66400 -0.02992 -0.14963
   0.67125 -0.02883 -0.14013
   0.67849 -0.02772 -0.13045
   0.68572 -0.02656 -0.11924
   0.69295 -0.02537 -0.10849
   0.70018 -0.02415 -0.09549
   0.70741 -0.02288 -0.08321
   0.71464 -0.02159 -0.06986
   0.72188 -0.02025 -0.05493
   0.72912 -0.01888 -0.04091
   0.73638 -0.01747 -0.02400
   0.74365 -0.01602 -0.00834
   0.75094 -0.01453  0.01028
   0.75826 -0.01301  0.02821
   0.76560 -0.01146  0.04784
   0.77297 -0.00987  0.06745
   0.78039 -0.00825  0.08897
   0.78785 -0.00659  0.11008
   0.79535 -0.00492  0.13321
   0.80287 -0.00323  0.15604
   0.81037 -0.00154  0.17833
   0.81778  0.00013  0.20350
   0.82509  0.00176  0.22662
   0.83227  0.00334  0.24812
   0.83932  0.00486  0.26883
   0.84624  0.00632  0.28923
   0.85304  0.00771  0.30762
   0.85972  0.00903  0.32652
   0.86628  0.01027  0.34270
   0.87271  0.01143  0.35874
   0.87902  0.01251  0.37376
   0.88521  0.01350  0.38646
   0.89129  0.01440  0.39925
   0.89727  0.01522  0.40902
   0.90316  0.01595  0.41951
   0.90895  0.01659  0.42835
   0.91464  0.01715  0.43571
   0.92020  0.01763  0.44409
   0.92564  0.01802  0.44990
   0.93097  0.01831  0.45448
   0.93623  0.01853  0.45758
   0.94141  0.01867  0.45710
   0.94645  0.01876  0.46733
   0.95125  0.01879  0.47898
   0.95581  0.01873  0.49161
   0.96019  0.01854  0.49570
   0.96446  0.01821  0.48065
   0.96872  0.01776  0.45445
   0.97300  0.01724  0.42592
   0.97726  0.01672  0.41559
   0.98142  0.01621  0.42820
   0.98545  0.01563  0.43250
   0.98942  0.01489  0.38732
   0.99340  0.01406  0.32685
   0.99738  0.01325  0.29816
   1.00000  0.01271  0.25223
