GRUMMAN K-2 AIRFOIL                             
 Alfa =  -1.31460 Re =        0.000 Xflap,Yflap =     0.000000    0.000000
#    x        y        Cp  
   1.00000  0.01371  0.25219
   0.99739  0.01444  0.09674
   0.99327  0.01550  0.06274
   0.98886  0.01658  0.04437
   0.98418  0.01773  0.00270
   0.97923  0.01891 -0.02683
   0.97401  0.02013 -0.05686
   0.96856  0.02137 -0.08469
   0.96293  0.02261 -0.11251
   0.95713  0.02384 -0.13554
   0.95115  0.02505 -0.15425
   0.94501  0.02623 -0.16945
   0.93873  0.02739 -0.18303
   0.93231  0.02852 -0.19400
   0.92575  0.02962 -0.20134
   0.91905  0.03069 -0.20703
   0.91224  0.03174 -0.21424
   0.90536  0.03277 -0.22287
   0.89842  0.03376 -0.23032
   0.89145  0.03472 -0.23814
   0.88446  0.03564 -0.24347
   0.87741  0.03652 -0.24752
   0.87030  0.03736 -0.24801
   0.86310  0.03817 -0.24794
   0.85580  0.03897 -0.24752
   0.84840  0.03974 -0.24670
   0.84093  0.04049 -0.24679
   0.83341  0.04123 -0.24722
   0.82588  0.04195 -0.25179
   0.81837  0.04265 -0.25773
   0.81087  0.04332 -0.26029
   0.80338  0.04396 -0.26355
   0.79590  0.04457 -0.26604
   0.78841  0.04515 -0.26705
   0.78092  0.04570 -0.26858
   0.77342  0.04622 -0.26826
   0.76591  0.04671 -0.26828
   0.75838  0.04717 -0.26707
   0.75082  0.04761 -0.26579
   0.74324  0.04802 -0.26189
   0.73562  0.04841 -0.26056
   0.72798  0.04878 -0.25721
   0.72030  0.04913 -0.25501
   0.71260  0.04946 -0.25217
   0.70486  0.04978 -0.24956
   0.69710  0.05008 -0.24682
   0.68932  0.05037 -0.24459
   0.68152  0.05064 -0.24225
   0.67370  0.05090 -0.24127
   0.66588  0.05114 -0.23847
   0.65804  0.05138 -0.23734
   0.65020  0.05160 -0.23553
   0.64235  0.05180 -0.23387
   0.63449  0.05200 -0.23299
   0.62662  0.05218 -0.23070
   0.61875  0.05235 -0.22954
   0.61086  0.05251 -0.22791
   0.60297  0.05266 -0.22607
   0.59508  0.05280 -0.22539
   0.58718  0.05293 -0.22446
   0.57928  0.05305 -0.22306
   0.57138  0.05316 -0.22191
   0.56347  0.05325 -0.22100
   0.55556  0.05334 -0.22042
   0.54765  0.05342 -0.21906
   0.53974  0.05348 -0.21794
   0.53183  0.05354 -0.21705
   0.52391  0.05358 -0.21672
   0.51600  0.05362 -0.21517
   0.50808  0.05365 -0.21494
   0.50017  0.05366 -0.21388
   0.49225  0.05367 -0.21275
   0.48434  0.05366 -0.21267
   0.47642  0.05365 -0.21174
   0.46852  0.05363 -0.21124
   0.46062  0.05360 -0.21013
   0.45272  0.05355 -0.21062
   0.44483  0.05350 -0.20888
   0.43695  0.05344 -0.20843
   0.42908  0.05336 -0.20754
   0.42122  0.05328 -0.20764
   0.41340  0.05319 -0.20685
   0.40562  0.05309 -0.20789
   0.39791  0.05299 -0.20756
   0.39026  0.05286 -0.20782
   0.38268  0.05273 -0.20533
   0.37518  0.05259 -0.20178
   0.36779  0.05245 -0.20274
   0.36056  0.05233 -0.21060
   0.35355  0.05219 -0.22223
   0.34675  0.05202 -0.22896
   0.34015  0.05179 -0.21406
   0.33367  0.05152 -0.18579
   0.32729  0.05126 -0.16046
   0.32094  0.05107 -0.15340
   0.31459  0.05095 -0.17635
   0.30818  0.05086 -0.20660
   0.30168  0.05074 -0.22814
   0.29501  0.05055 -0.22423
   0.28812  0.05029 -0.21078
   0.28102  0.05002 -0.20138
   0.27376  0.04974 -0.20323
   0.26640  0.04946 -0.20601
   0.25896  0.04915 -0.20687
   0.25145  0.04883 -0.20659
   0.24388  0.04848 -0.20622
   0.23629  0.04812 -0.20683
   0.22868  0.04775 -0.20741
   0.22107  0.04735 -0.20839
   0.21346  0.04694 -0.20871
   0.20588  0.04651 -0.20979
   0.19832  0.04606 -0.21049
   0.19079  0.04559 -0.21183
   0.18331  0.04510 -0.21377
   0.17587  0.04459 -0.21329
   0.16848  0.04405 -0.21604
   0.16116  0.04350 -0.21625
   0.15392  0.04292 -0.21706
   0.14676  0.04231 -0.21961
   0.13969  0.04168 -0.21849
   0.13274  0.04103 -0.22046
   0.12592  0.04036 -0.22000
   0.11925  0.03966 -0.22051
   0.11274  0.03895 -0.21990
   0.10643  0.03821 -0.21953
   0.10032  0.03747 -0.21996
   0.09446  0.03673 -0.21921
   0.08886  0.03598 -0.22101
   0.08353  0.03523 -0.22130
   0.07849  0.03450 -0.22394
   0.07373  0.03377 -0.22873
   0.06927  0.03305 -0.23000
   0.06509  0.03235 -0.24174
   0.06115  0.03165 -0.24602
   0.05745  0.03095 -0.25275
   0.05396  0.03023 -0.25630
   0.05068  0.02952 -0.25124
   0.04758  0.02879 -0.24265
   0.04465  0.02805 -0.23161
   0.04187  0.02732 -0.21946
   0.03925  0.02659 -0.20465
   0.03676  0.02587 -0.19527
   0.03441  0.02515 -0.18021
   0.03218  0.02442 -0.15262
   0.03006  0.02371 -0.12451
   0.02804  0.02301 -0.10128
   0.02612  0.02234 -0.09297
   0.02429  0.02168 -0.09106
   0.02256  0.02105 -0.08718
   0.02092  0.02042 -0.08514
   0.01936  0.01979 -0.07725
   0.01788  0.01916 -0.06175
   0.01648  0.01853 -0.03998
   0.01513  0.01790 -0.01395
   0.01385  0.01728  0.00927
   0.01262  0.01665  0.03405
   0.01145  0.01603  0.04956
   0.01032  0.01542  0.07024
   0.00925  0.01480  0.09571
   0.00822  0.01418  0.11207
   0.00724  0.01356  0.13982
   0.00631  0.01293  0.15869
   0.00542  0.01229  0.18195
   0.00458  0.01164  0.21391
   0.00379  0.01098  0.23641
   0.00305  0.01029  0.27032
   0.00239  0.00956  0.31575
   0.00182  0.00878  0.45480
   0.00133  0.00797  0.52123
   0.00094  0.00712  0.65933
   0.00065  0.00624  0.77007
   0.00044  0.00536  0.85736
   0.00028  0.00447  0.91432
   0.00016  0.00358  0.95561
   0.00008  0.00270  0.97994
   0.00003  0.00182  0.99459
   0.00000  0.00095  0.99994
  -0.00000  0.00009  0.99718
   0.00003 -0.00076  0.98804
   0.00006 -0.00163  0.96880
   0.00015 -0.00249  0.95213
   0.00023 -0.00336  0.91862
   0.00032 -0.00424  0.87787
   0.00047 -0.00512  0.83571
   0.00063 -0.00601  0.78027
   0.00082 -0.00691  0.71626
   0.00104 -0.00781  0.64306
   0.00129 -0.00871  0.55078
   0.00157 -0.00961  0.44763
   0.00190 -0.01051  0.32988
   0.00227 -0.01140  0.17599
   0.00270 -0.01228  0.04649
   0.00318 -0.01315 -0.16421
   0.00373 -0.01400 -0.39648
   0.00438 -0.01479 -0.46907
   0.00511 -0.01554 -0.53703
   0.00590 -0.01626 -0.56327
   0.00676 -0.01694 -0.58240
   0.00768 -0.01760 -0.59374
   0.00865 -0.01823 -0.59766
   0.00967 -0.01885 -0.60296
   0.01075 -0.01945 -0.58731
   0.01188 -0.02004 -0.59172
   0.01307 -0.02061 -0.57821
   0.01432 -0.02118 -0.57157
   0.01563 -0.02174 -0.56232
   0.01700 -0.02229 -0.54435
   0.01845 -0.02284 -0.53458
   0.01996 -0.02339 -0.52411
   0.02156 -0.02394 -0.51193
   0.02324 -0.02449 -0.49836
   0.02502 -0.02504 -0.48715
   0.02690 -0.02561 -0.47797
   0.02888 -0.02618 -0.46675
   0.03099 -0.02676 -0.45790
   0.03324 -0.02735 -0.45104
   0.03563 -0.02795 -0.44117
   0.03818 -0.02857 -0.43261
   0.04090 -0.02920 -0.42318
   0.04382 -0.02985 -0.41423
   0.04694 -0.03052 -0.40658
   0.05029 -0.03121 -0.40375
   0.05388 -0.03192 -0.39714
   0.05772 -0.03265 -0.39425
   0.06181 -0.03340 -0.38950
   0.06618 -0.03416 -0.38537
   0.07081 -0.03493 -0.38195
   0.07572 -0.03571 -0.37829
   0.08090 -0.03650 -0.37502
   0.08636 -0.03729 -0.37221
   0.09206 -0.03808 -0.36857
   0.09799 -0.03886 -0.36510
   0.10414 -0.03963 -0.36460
   0.11047 -0.04039 -0.36228
   0.11696 -0.04113 -0.36172
   0.12360 -0.04184 -0.36056
   0.13035 -0.04253 -0.35914
   0.13721 -0.04318 -0.35714
   0.14417 -0.04381 -0.35468
   0.15121 -0.04440 -0.35156
   0.15834 -0.04497 -0.34878
   0.16553 -0.04550 -0.34584
   0.17278 -0.04600 -0.34272
   0.18008 -0.04648 -0.33953
   0.18742 -0.04692 -0.33794
   0.19479 -0.04734 -0.33506
   0.20219 -0.04773 -0.33291
   0.20962 -0.04809 -0.32906
   0.21707 -0.04842 -0.32715
   0.22456 -0.04873 -0.32314
   0.23208 -0.04901 -0.31955
   0.23964 -0.04926 -0.31583
   0.24721 -0.04950 -0.31382
   0.25481 -0.04971 -0.31109
   0.26241 -0.04990 -0.30837
   0.27004 -0.05006 -0.30536
   0.27768 -0.05021 -0.30297
   0.28534 -0.05033 -0.29971
   0.29302 -0.05043 -0.29739
   0.30071 -0.05052 -0.29507
   0.30841 -0.05058 -0.29308
   0.31611 -0.05063 -0.29137
   0.32382 -0.05066 -0.28915
   0.33154 -0.05066 -0.28673
   0.33927 -0.05065 -0.28572
   0.34699 -0.05062 -0.28310
   0.35472 -0.05057 -0.28175
   0.36246 -0.05051 -0.28007
   0.37019 -0.05042 -0.27851
   0.37793 -0.05031 -0.27605
   0.38566 -0.05019 -0.27517
   0.39339 -0.05004 -0.27320
   0.40111 -0.04988 -0.27163
   0.40883 -0.04970 -0.26991
   0.41655 -0.04951 -0.26901
   0.42426 -0.04929 -0.26755
   0.43196 -0.04905 -0.26652
   0.43965 -0.04880 -0.26498
   0.44733 -0.04852 -0.26390
   0.45499 -0.04823 -0.26270
   0.46265 -0.04791 -0.26095
   0.47029 -0.04757 -0.26003
   0.47793 -0.04721 -0.25815
   0.48555 -0.04683 -0.25650
   0.49315 -0.04642 -0.25483
   0.50075 -0.04600 -0.25324
   0.50833 -0.04555 -0.25063
   0.51589 -0.04507 -0.24900
   0.52345 -0.04458 -0.24616
   0.53099 -0.04405 -0.24421
   0.53851 -0.04351 -0.24109
   0.54603 -0.04293 -0.23861
   0.55353 -0.04234 -0.23592
   0.56101 -0.04171 -0.23174
   0.56848 -0.04106 -0.22878
   0.57593 -0.04038 -0.22473
   0.58337 -0.03967 -0.22079
   0.59078 -0.03894 -0.21676
   0.59818 -0.03818 -0.21183
   0.60556 -0.03738 -0.20720
   0.61292 -0.03656 -0.20197
   0.62026 -0.03571 -0.19601
   0.62759 -0.03483 -0.19007
   0.63490 -0.03391 -0.18246
   0.64220 -0.03296 -0.17645
   0.64948 -0.03198 -0.16827
   0.65674 -0.03097 -0.16024
   0.66400 -0.02992 -0.15094
   0.67125 -0.02883 -0.14141
   0.67849 -0.02772 -0.13170
   0.68572 -0.02656 -0.12045
   0.69295 -0.02537 -0.10967
   0.70018 -0.02415 -0.09663
   0.70741 -0.02288 -0.08432
   0.71464 -0.02159 -0.07094
   0.72188 -0.02025 -0.05596
   0.72912 -0.01888 -0.04191
   0.73638 -0.01747 -0.02496
   0.74365 -0.01602 -0.00927
   0.75094 -0.01453  0.00938
   0.75826 -0.01301  0.02735
   0.76560 -0.01146  0.04702
   0.77297 -0.00987  0.06666
   0.78039 -0.00825  0.08823
   0.78785 -0.00659  0.10936
   0.79535 -0.00492  0.13254
   0.80287 -0.00323  0.15540
   0.81037 -0.00154  0.17772
   0.81778  0.00013  0.20291
   0.82509  0.00176  0.22607
   0.83227  0.00334  0.24760
   0.83932  0.00486  0.26834
   0.84624  0.00632  0.28876
   0.85304  0.00771  0.30718
   0.85972  0.00903  0.32611
   0.86628  0.01027  0.34230
   0.87271  0.01143  0.35837
   0.87902  0.01251  0.37339
   0.88521  0.01350  0.38612
   0.89129  0.01440  0.39892
   0.89727  0.01522  0.40872
   0.90316  0.01595  0.41922
   0.90895  0.01659  0.42807
   0.91464  0.01715  0.43545
   0.92020  0.01763  0.44384
   0.92564  0.01802  0.44964
   0.93097  0.01831  0.45425
   0.93623  0.01853  0.45737
   0.94141  0.01867  0.45687
   0.94645  0.01876  0.46713
   0.95125  0.01879  0.47880
   0.95581  0.01873  0.49142
   0.96019  0.01854  0.49553
   0.96446  0.01821  0.48049
   0.96872  0.01776  0.45429
   0.97300  0.01724  0.42574
   0.97726  0.01672  0.41545
   0.98142  0.01621  0.42805
   0.98545  0.01563  0.43240
   0.98942  0.01489  0.38720
   0.99340  0.01406  0.32675
   0.99738  0.01325  0.29808
   1.00000  0.01271  0.25219
