GRUMMAN K-2 AIRFOIL                             
 Alfa =  -1.28220 Re =        0.000 Xflap,Yflap =     0.000000    0.000000
#    x        y        Cp  
   1.00000  0.01371  0.25221
   0.99739  0.01444  0.09670
   0.99327  0.01550  0.06268
   0.98886  0.01658  0.04427
   0.98418  0.01773  0.00256
   0.97923  0.01891 -0.02698
   0.97401  0.02013 -0.05702
   0.96856  0.02137 -0.08490
   0.96293  0.02261 -0.11272
   0.95713  0.02384 -0.13580
   0.95115  0.02505 -0.15452
   0.94501  0.02623 -0.16974
   0.93873  0.02739 -0.18335
   0.93231  0.02852 -0.19435
   0.92575  0.02962 -0.20170
   0.91905  0.03069 -0.20741
   0.91224  0.03174 -0.21465
   0.90536  0.03277 -0.22330
   0.89842  0.03376 -0.23078
   0.89145  0.03472 -0.23860
   0.88446  0.03564 -0.24396
   0.87741  0.03652 -0.24803
   0.87030  0.03736 -0.24853
   0.86310  0.03817 -0.24849
   0.85580  0.03897 -0.24808
   0.84840  0.03974 -0.24728
   0.84093  0.04049 -0.24739
   0.83341  0.04123 -0.24783
   0.82588  0.04195 -0.25243
   0.81837  0.04265 -0.25838
   0.81087  0.04332 -0.26097
   0.80338  0.04396 -0.26424
   0.79590  0.04457 -0.26675
   0.78841  0.04515 -0.26777
   0.78092  0.04570 -0.26934
   0.77342  0.04622 -0.26902
   0.76591  0.04671 -0.26906
   0.75838  0.04717 -0.26786
   0.75082  0.04761 -0.26659
   0.74324  0.04802 -0.26272
   0.73562  0.04841 -0.26140
   0.72798  0.04878 -0.25807
   0.72030  0.04913 -0.25588
   0.71260  0.04946 -0.25306
   0.70486  0.04978 -0.25046
   0.69710  0.05008 -0.24773
   0.68932  0.05037 -0.24552
   0.68152  0.05064 -0.24320
   0.67370  0.05090 -0.24223
   0.66588  0.05114 -0.23945
   0.65804  0.05138 -0.23833
   0.65020  0.05160 -0.23654
   0.64235  0.05180 -0.23490
   0.63449  0.05200 -0.23403
   0.62662  0.05218 -0.23176
   0.61875  0.05235 -0.23062
   0.61086  0.05251 -0.22900
   0.60297  0.05266 -0.22719
   0.59508  0.05280 -0.22651
   0.58718  0.05293 -0.22561
   0.57928  0.05305 -0.22422
   0.57138  0.05316 -0.22310
   0.56347  0.05325 -0.22221
   0.55556  0.05334 -0.22164
   0.54765  0.05342 -0.22030
   0.53974  0.05348 -0.21919
   0.53183  0.05354 -0.21833
   0.52391  0.05358 -0.21802
   0.51600  0.05362 -0.21649
   0.50808  0.05365 -0.21628
   0.50017  0.05366 -0.21523
   0.49225  0.05367 -0.21413
   0.48434  0.05366 -0.21406
   0.47642  0.05365 -0.21317
   0.46852  0.05363 -0.21268
   0.46062  0.05360 -0.21159
   0.45272  0.05355 -0.21211
   0.44483  0.05350 -0.21039
   0.43695  0.05344 -0.20996
   0.42908  0.05336 -0.20910
   0.42122  0.05328 -0.20922
   0.41340  0.05319 -0.20846
   0.40562  0.05309 -0.20952
   0.39791  0.05299 -0.20923
   0.39026  0.05286 -0.20951
   0.38268  0.05273 -0.20705
   0.37518  0.05259 -0.20352
   0.36779  0.05245 -0.20450
   0.36056  0.05233 -0.21240
   0.35355  0.05219 -0.22408
   0.34675  0.05202 -0.23085
   0.34015  0.05179 -0.21595
   0.33367  0.05152 -0.18766
   0.32729  0.05126 -0.16232
   0.32094  0.05107 -0.15527
   0.31459  0.05095 -0.17829
   0.30818  0.05086 -0.20862
   0.30168  0.05074 -0.23022
   0.29501  0.05055 -0.22634
   0.28812  0.05029 -0.21291
   0.28102  0.05002 -0.20352
   0.27376  0.04974 -0.20542
   0.26640  0.04946 -0.20824
   0.25896  0.04915 -0.20914
   0.25145  0.04883 -0.20891
   0.24388  0.04848 -0.20859
   0.23629  0.04812 -0.20925
   0.22868  0.04775 -0.20989
   0.22107  0.04735 -0.21092
   0.21346  0.04694 -0.21129
   0.20588  0.04651 -0.21244
   0.19832  0.04606 -0.21320
   0.19079  0.04559 -0.21461
   0.18331  0.04510 -0.21662
   0.17587  0.04459 -0.21621
   0.16848  0.04405 -0.21904
   0.16116  0.04350 -0.21934
   0.15392  0.04292 -0.22023
   0.14676  0.04231 -0.22287
   0.13969  0.04168 -0.22184
   0.13274  0.04103 -0.22392
   0.12592  0.04036 -0.22357
   0.11925  0.03966 -0.22418
   0.11274  0.03895 -0.22369
   0.10643  0.03821 -0.22344
   0.10032  0.03747 -0.22400
   0.09446  0.03673 -0.22339
   0.08886  0.03598 -0.22533
   0.08353  0.03523 -0.22577
   0.07849  0.03450 -0.22857
   0.07373  0.03377 -0.23353
   0.06927  0.03305 -0.23497
   0.06509  0.03235 -0.24693
   0.06115  0.03165 -0.25140
   0.05745  0.03095 -0.25834
   0.05396  0.03023 -0.26209
   0.05068  0.02952 -0.25720
   0.04758  0.02879 -0.24878
   0.04465  0.02805 -0.23789
   0.04187  0.02732 -0.22589
   0.03925  0.02659 -0.21122
   0.03676  0.02587 -0.20201
   0.03441  0.02515 -0.18709
   0.03218  0.02442 -0.15958
   0.03006  0.02371 -0.13153
   0.02804  0.02301 -0.10840
   0.02612  0.02234 -0.10029
   0.02429  0.02168 -0.09863
   0.02256  0.02105 -0.09501
   0.02092  0.02042 -0.09323
   0.01936  0.01979 -0.08560
   0.01788  0.01916 -0.07031
   0.01648  0.01853 -0.04870
   0.01513  0.01790 -0.02281
   0.01385  0.01728  0.00025
   0.01262  0.01665  0.02485
   0.01145  0.01603  0.04011
   0.01032  0.01542  0.06055
   0.00925  0.01480  0.08579
   0.00822  0.01418  0.10183
   0.00724  0.01356  0.12931
   0.00631  0.01293  0.14779
   0.00542  0.01229  0.17065
   0.00458  0.01164  0.20224
   0.00379  0.01098  0.22416
   0.00305  0.01029  0.25753
   0.00239  0.00956  0.30251
   0.00182  0.00878  0.44293
   0.00133  0.00797  0.50935
   0.00094  0.00712  0.64949
   0.00065  0.00624  0.76219
   0.00044  0.00536  0.85136
   0.00028  0.00447  0.90981
   0.00016  0.00358  0.95242
   0.00008  0.00270  0.97782
   0.00003  0.00182  0.99349
   0.00000  0.00095  0.99978
  -0.00000  0.00009  0.99788
   0.00003 -0.00076  0.98948
   0.00006 -0.00163  0.97129
   0.00015 -0.00249  0.95496
   0.00023 -0.00336  0.92248
   0.00032 -0.00424  0.88269
   0.00047 -0.00512  0.84118
   0.00063 -0.00601  0.78667
   0.00082 -0.00691  0.72356
   0.00104 -0.00781  0.65128
   0.00129 -0.00871  0.56008
   0.00157 -0.00961  0.45807
   0.00190 -0.01051  0.34146
   0.00227 -0.01140  0.18909
   0.00270 -0.01228  0.06049
   0.00318 -0.01315 -0.14832
   0.00373 -0.01400 -0.37876
   0.00438 -0.01479 -0.45167
   0.00511 -0.01554 -0.51991
   0.00590 -0.01626 -0.54682
   0.00676 -0.01694 -0.56662
   0.00768 -0.01760 -0.57863
   0.00865 -0.01823 -0.58318
   0.00967 -0.01885 -0.58911
   0.01075 -0.01945 -0.57410
   0.01188 -0.02004 -0.57903
   0.01307 -0.02061 -0.56607
   0.01432 -0.02118 -0.55993
   0.01563 -0.02174 -0.55116
   0.01700 -0.02229 -0.53368
   0.01845 -0.02284 -0.52434
   0.01996 -0.02339 -0.51426
   0.02156 -0.02394 -0.50247
   0.02324 -0.02449 -0.48928
   0.02502 -0.02504 -0.47842
   0.02690 -0.02561 -0.46955
   0.02888 -0.02618 -0.45865
   0.03099 -0.02676 -0.45009
   0.03324 -0.02735 -0.44351
   0.03563 -0.02795 -0.43391
   0.03818 -0.02857 -0.42562
   0.04090 -0.02920 -0.41645
   0.04382 -0.02985 -0.40774
   0.04694 -0.03052 -0.40032
   0.05029 -0.03121 -0.39770
   0.05388 -0.03192 -0.39131
   0.05772 -0.03265 -0.38862
   0.06181 -0.03340 -0.38406
   0.06618 -0.03416 -0.38013
   0.07081 -0.03493 -0.37689
   0.07572 -0.03571 -0.37341
   0.08090 -0.03650 -0.37031
   0.08636 -0.03729 -0.36766
   0.09206 -0.03808 -0.36417
   0.09799 -0.03886 -0.36085
   0.10414 -0.03963 -0.36049
   0.11047 -0.04039 -0.35830
   0.11696 -0.04113 -0.35786
   0.12360 -0.04184 -0.35682
   0.13035 -0.04253 -0.35550
   0.13721 -0.04318 -0.35361
   0.14417 -0.04381 -0.35126
   0.15121 -0.04440 -0.34823
   0.15834 -0.04497 -0.34555
   0.16553 -0.04550 -0.34270
   0.17278 -0.04600 -0.33966
   0.18008 -0.04648 -0.33655
   0.18742 -0.04692 -0.33503
   0.19479 -0.04734 -0.33223
   0.20219 -0.04773 -0.33014
   0.20962 -0.04809 -0.32636
   0.21707 -0.04842 -0.32451
   0.22456 -0.04873 -0.32056
   0.23208 -0.04901 -0.31704
   0.23964 -0.04926 -0.31338
   0.24721 -0.04950 -0.31141
   0.25481 -0.04971 -0.30874
   0.26241 -0.04990 -0.30607
   0.27004 -0.05006 -0.30311
   0.27768 -0.05021 -0.30076
   0.28534 -0.05033 -0.29756
   0.29302 -0.05043 -0.29527
   0.30071 -0.05052 -0.29300
   0.30841 -0.05058 -0.29104
   0.31611 -0.05063 -0.28938
   0.32382 -0.05066 -0.28720
   0.33154 -0.05066 -0.28481
   0.33927 -0.05065 -0.28384
   0.34699 -0.05062 -0.28125
   0.35472 -0.05057 -0.27994
   0.36246 -0.05051 -0.27829
   0.37019 -0.05042 -0.27677
   0.37793 -0.05031 -0.27433
   0.38566 -0.05019 -0.27349
   0.39339 -0.05004 -0.27154
   0.40111 -0.04988 -0.27000
   0.40883 -0.04970 -0.26832
   0.41655 -0.04951 -0.26744
   0.42426 -0.04929 -0.26600
   0.43196 -0.04905 -0.26501
   0.43965 -0.04880 -0.26349
   0.44733 -0.04852 -0.26243
   0.45499 -0.04823 -0.26126
   0.46265 -0.04791 -0.25954
   0.47029 -0.04757 -0.25864
   0.47793 -0.04721 -0.25678
   0.48555 -0.04683 -0.25515
   0.49315 -0.04642 -0.25351
   0.50075 -0.04600 -0.25194
   0.50833 -0.04555 -0.24935
   0.51589 -0.04507 -0.24775
   0.52345 -0.04458 -0.24493
   0.53099 -0.04405 -0.24300
   0.53851 -0.04351 -0.23990
   0.54603 -0.04293 -0.23744
   0.55353 -0.04234 -0.23477
   0.56101 -0.04171 -0.23061
   0.56848 -0.04106 -0.22768
   0.57593 -0.04038 -0.22365
   0.58337 -0.03967 -0.21973
   0.59078 -0.03894 -0.21572
   0.59818 -0.03818 -0.21081
   0.60556 -0.03738 -0.20620
   0.61292 -0.03656 -0.20100
   0.62026 -0.03571 -0.19505
   0.62759 -0.03483 -0.18913
   0.63490 -0.03391 -0.18155
   0.64220 -0.03296 -0.17555
   0.64948 -0.03198 -0.16740
   0.65674 -0.03097 -0.15938
   0.66400 -0.02992 -0.15011
   0.67125 -0.02883 -0.14060
   0.67849 -0.02772 -0.13091
   0.68572 -0.02656 -0.11969
   0.69295 -0.02537 -0.10892
   0.70018 -0.02415 -0.09591
   0.70741 -0.02288 -0.08362
   0.71464 -0.02159 -0.07026
   0.72188 -0.02025 -0.05531
   0.72912 -0.01888 -0.04127
   0.73638 -0.01747 -0.02435
   0.74365 -0.01602 -0.00868
   0.75094 -0.01453  0.00995
   0.75826 -0.01301  0.02789
   0.76560 -0.01146  0.04754
   0.77297 -0.00987  0.06716
   0.78039 -0.00825  0.08870
   0.78785 -0.00659  0.10982
   0.79535 -0.00492  0.13296
   0.80287 -0.00323  0.15581
   0.81037 -0.00154  0.17810
   0.81778  0.00013  0.20328
   0.82509  0.00176  0.22642
   0.83227  0.00334  0.24792
   0.83932  0.00486  0.26865
   0.84624  0.00632  0.28906
   0.85304  0.00771  0.30746
   0.85972  0.00903  0.32637
   0.86628  0.01027  0.34256
   0.87271  0.01143  0.35861
   0.87902  0.01251  0.37362
   0.88521  0.01350  0.38634
   0.89129  0.01440  0.39913
   0.89727  0.01522  0.40891
   0.90316  0.01595  0.41940
   0.90895  0.01659  0.42825
   0.91464  0.01715  0.43562
   0.92020  0.01763  0.44400
   0.92564  0.01802  0.44980
   0.93097  0.01831  0.45439
   0.93623  0.01853  0.45750
   0.94141  0.01867  0.45702
   0.94645  0.01876  0.46725
   0.95125  0.01879  0.47892
   0.95581  0.01873  0.49154
   0.96019  0.01854  0.49564
   0.96446  0.01821  0.48059
   0.96872  0.01776  0.45439
   0.97300  0.01724  0.42585
   0.97726  0.01672  0.41553
   0.98142  0.01621  0.42814
   0.98545  0.01563  0.43247
   0.98942  0.01489  0.38727
   0.99340  0.01406  0.32681
   0.99738  0.01325  0.29813
   1.00000  0.01271  0.25221
