GRUMMAN K-2 AIRFOIL                             
 Alfa =  -1.32000 Re =        0.000 Xflap,Yflap =     0.000000    0.000000
#    x        y        Cp  
   1.00000  0.01371  0.25219
   0.99739  0.01444  0.09675
   0.99327  0.01550  0.06275
   0.98886  0.01658  0.04439
   0.98418  0.01773  0.00272
   0.97923  0.01891 -0.02680
   0.97401  0.02013 -0.05683
   0.96856  0.02137 -0.08465
   0.96293  0.02261 -0.11247
   0.95713  0.02384 -0.13549
   0.95115  0.02505 -0.15420
   0.94501  0.02623 -0.16940
   0.93873  0.02739 -0.18297
   0.93231  0.02852 -0.19394
   0.92575  0.02962 -0.20128
   0.91905  0.03069 -0.20696
   0.91224  0.03174 -0.21417
   0.90536  0.03277 -0.22280
   0.89842  0.03376 -0.23025
   0.89145  0.03472 -0.23806
   0.88446  0.03564 -0.24339
   0.87741  0.03652 -0.24744
   0.87030  0.03736 -0.24792
   0.86310  0.03817 -0.24785
   0.85580  0.03897 -0.24743
   0.84840  0.03974 -0.24660
   0.84093  0.04049 -0.24669
   0.83341  0.04123 -0.24712
   0.82588  0.04195 -0.25168
   0.81837  0.04265 -0.25762
   0.81087  0.04332 -0.26018
   0.80338  0.04396 -0.26343
   0.79590  0.04457 -0.26592
   0.78841  0.04515 -0.26693
   0.78092  0.04570 -0.26846
   0.77342  0.04622 -0.26814
   0.76591  0.04671 -0.26815
   0.75838  0.04717 -0.26694
   0.75082  0.04761 -0.26565
   0.74324  0.04802 -0.26175
   0.73562  0.04841 -0.26042
   0.72798  0.04878 -0.25707
   0.72030  0.04913 -0.25487
   0.71260  0.04946 -0.25203
   0.70486  0.04978 -0.24941
   0.69710  0.05008 -0.24666
   0.68932  0.05037 -0.24443
   0.68152  0.05064 -0.24209
   0.67370  0.05090 -0.24111
   0.66588  0.05114 -0.23830
   0.65804  0.05138 -0.23717
   0.65020  0.05160 -0.23536
   0.64235  0.05180 -0.23370
   0.63449  0.05200 -0.23281
   0.62662  0.05218 -0.23052
   0.61875  0.05235 -0.22936
   0.61086  0.05251 -0.22772
   0.60297  0.05266 -0.22588
   0.59508  0.05280 -0.22520
   0.58718  0.05293 -0.22427
   0.57928  0.05305 -0.22286
   0.57138  0.05316 -0.22171
   0.56347  0.05325 -0.22080
   0.55556  0.05334 -0.22022
   0.54765  0.05342 -0.21885
   0.53974  0.05348 -0.21773
   0.53183  0.05354 -0.21684
   0.52391  0.05358 -0.21651
   0.51600  0.05362 -0.21495
   0.50808  0.05365 -0.21471
   0.50017  0.05366 -0.21365
   0.49225  0.05367 -0.21252
   0.48434  0.05366 -0.21243
   0.47642  0.05365 -0.21151
   0.46852  0.05363 -0.21099
   0.46062  0.05360 -0.20988
   0.45272  0.05355 -0.21037
   0.44483  0.05350 -0.20863
   0.43695  0.05344 -0.20817
   0.42908  0.05336 -0.20728
   0.42122  0.05328 -0.20738
   0.41340  0.05319 -0.20658
   0.40562  0.05309 -0.20761
   0.39791  0.05299 -0.20729
   0.39026  0.05286 -0.20754
   0.38268  0.05273 -0.20505
   0.37518  0.05259 -0.20149
   0.36779  0.05245 -0.20244
   0.36056  0.05233 -0.21030
   0.35355  0.05219 -0.22192
   0.34675  0.05202 -0.22865
   0.34015  0.05179 -0.21375
   0.33367  0.05152 -0.18548
   0.32729  0.05126 -0.16015
   0.32094  0.05107 -0.15308
   0.31459  0.05095 -0.17603
   0.30818  0.05086 -0.20626
   0.30168  0.05074 -0.22779
   0.29501  0.05055 -0.22388
   0.28812  0.05029 -0.21043
   0.28102  0.05002 -0.20102
   0.27376  0.04974 -0.20287
   0.26640  0.04946 -0.20564
   0.25896  0.04915 -0.20649
   0.25145  0.04883 -0.20620
   0.24388  0.04848 -0.20583
   0.23629  0.04812 -0.20643
   0.22868  0.04775 -0.20700
   0.22107  0.04735 -0.20797
   0.21346  0.04694 -0.20828
   0.20588  0.04651 -0.20935
   0.19832  0.04606 -0.21004
   0.19079  0.04559 -0.21137
   0.18331  0.04510 -0.21329
   0.17587  0.04459 -0.21280
   0.16848  0.04405 -0.21554
   0.16116  0.04350 -0.21574
   0.15392  0.04292 -0.21653
   0.14676  0.04231 -0.21906
   0.13969  0.04168 -0.21793
   0.13274  0.04103 -0.21989
   0.12592  0.04036 -0.21941
   0.11925  0.03966 -0.21990
   0.11274  0.03895 -0.21926
   0.10643  0.03821 -0.21888
   0.10032  0.03747 -0.21929
   0.09446  0.03673 -0.21852
   0.08886  0.03598 -0.22029
   0.08353  0.03523 -0.22056
   0.07849  0.03450 -0.22317
   0.07373  0.03377 -0.22793
   0.06927  0.03305 -0.22917
   0.06509  0.03235 -0.24088
   0.06115  0.03165 -0.24512
   0.05745  0.03095 -0.25182
   0.05396  0.03023 -0.25533
   0.05068  0.02952 -0.25024
   0.04758  0.02879 -0.24163
   0.04465  0.02805 -0.23057
   0.04187  0.02732 -0.21840
   0.03925  0.02659 -0.20356
   0.03676  0.02587 -0.19415
   0.03441  0.02515 -0.17906
   0.03218  0.02442 -0.15147
   0.03006  0.02371 -0.12334
   0.02804  0.02301 -0.10009
   0.02612  0.02234 -0.09175
   0.02429  0.02168 -0.08981
   0.02256  0.02105 -0.08588
   0.02092  0.02042 -0.08379
   0.01936  0.01979 -0.07587
   0.01788  0.01916 -0.06033
   0.01648  0.01853 -0.03853
   0.01513  0.01790 -0.01248
   0.01385  0.01728  0.01076
   0.01262  0.01665  0.03557
   0.01145  0.01603  0.05113
   0.01032  0.01542  0.07185
   0.00925  0.01480  0.09736
   0.00822  0.01418  0.11377
   0.00724  0.01356  0.14157
   0.00631  0.01293  0.16050
   0.00542  0.01229  0.18382
   0.00458  0.01164  0.21585
   0.00379  0.01098  0.23844
   0.00305  0.01029  0.27244
   0.00239  0.00956  0.31795
   0.00182  0.00878  0.45676
   0.00133  0.00797  0.52319
   0.00094  0.00712  0.66096
   0.00065  0.00624  0.77137
   0.00044  0.00536  0.85834
   0.00028  0.00447  0.91507
   0.00016  0.00358  0.95613
   0.00008  0.00270  0.98028
   0.00003  0.00182  0.99476
   0.00000  0.00095  0.99996
  -0.00000  0.00009  0.99705
   0.00003 -0.00076  0.98779
   0.00006 -0.00163  0.96838
   0.00015 -0.00249  0.95165
   0.00023 -0.00336  0.91797
   0.00032 -0.00424  0.87706
   0.00047 -0.00512  0.83479
   0.00063 -0.00601  0.77919
   0.00082 -0.00691  0.71504
   0.00104 -0.00781  0.64168
   0.00129 -0.00871  0.54922
   0.00157 -0.00961  0.44588
   0.00190 -0.01051  0.32794
   0.00227 -0.01140  0.17380
   0.00270 -0.01228  0.04414
   0.00318 -0.01315 -0.16687
   0.00373 -0.01400 -0.39945
   0.00438 -0.01479 -0.47198
   0.00511 -0.01554 -0.53989
   0.00590 -0.01626 -0.56602
   0.00676 -0.01694 -0.58504
   0.00768 -0.01760 -0.59627
   0.00865 -0.01823 -0.60008
   0.00967 -0.01885 -0.60528
   0.01075 -0.01945 -0.58952
   0.01188 -0.02004 -0.59384
   0.01307 -0.02061 -0.58024
   0.01432 -0.02118 -0.57351
   0.01563 -0.02174 -0.56418
   0.01700 -0.02229 -0.54613
   0.01845 -0.02284 -0.53629
   0.01996 -0.02339 -0.52575
   0.02156 -0.02394 -0.51351
   0.02324 -0.02449 -0.49988
   0.02502 -0.02504 -0.48861
   0.02690 -0.02561 -0.47937
   0.02888 -0.02618 -0.46811
   0.03099 -0.02676 -0.45921
   0.03324 -0.02735 -0.45230
   0.03563 -0.02795 -0.44238
   0.03818 -0.02857 -0.43378
   0.04090 -0.02920 -0.42431
   0.04382 -0.02985 -0.41531
   0.04694 -0.03052 -0.40762
   0.05029 -0.03121 -0.40476
   0.05388 -0.03192 -0.39811
   0.05772 -0.03265 -0.39519
   0.06181 -0.03340 -0.39040
   0.06618 -0.03416 -0.38624
   0.07081 -0.03493 -0.38279
   0.07572 -0.03571 -0.37910
   0.08090 -0.03650 -0.37581
   0.08636 -0.03729 -0.37297
   0.09206 -0.03808 -0.36930
   0.09799 -0.03886 -0.36580
   0.10414 -0.03963 -0.36528
   0.11047 -0.04039 -0.36294
   0.11696 -0.04113 -0.36236
   0.12360 -0.04184 -0.36118
   0.13035 -0.04253 -0.35974
   0.13721 -0.04318 -0.35772
   0.14417 -0.04381 -0.35526
   0.15121 -0.04440 -0.35212
   0.15834 -0.04497 -0.34932
   0.16553 -0.04550 -0.34637
   0.17278 -0.04600 -0.34323
   0.18008 -0.04648 -0.34002
   0.18742 -0.04692 -0.33842
   0.19479 -0.04734 -0.33554
   0.20219 -0.04773 -0.33337
   0.20962 -0.04809 -0.32951
   0.21707 -0.04842 -0.32759
   0.22456 -0.04873 -0.32357
   0.23208 -0.04901 -0.31997
   0.23964 -0.04926 -0.31624
   0.24721 -0.04950 -0.31422
   0.25481 -0.04971 -0.31148
   0.26241 -0.04990 -0.30876
   0.27004 -0.05006 -0.30573
   0.27768 -0.05021 -0.30333
   0.28534 -0.05033 -0.30007
   0.29302 -0.05043 -0.29774
   0.30071 -0.05052 -0.29541
   0.30841 -0.05058 -0.29341
   0.31611 -0.05063 -0.29170
   0.32382 -0.05066 -0.28948
   0.33154 -0.05066 -0.28705
   0.33927 -0.05065 -0.28603
   0.34699 -0.05062 -0.28341
   0.35472 -0.05057 -0.28205
   0.36246 -0.05051 -0.28037
   0.37019 -0.05042 -0.27880
   0.37793 -0.05031 -0.27634
   0.38566 -0.05019 -0.27545
   0.39339 -0.05004 -0.27347
   0.40111 -0.04988 -0.27190
   0.40883 -0.04970 -0.27018
   0.41655 -0.04951 -0.26927
   0.42426 -0.04929 -0.26780
   0.43196 -0.04905 -0.26678
   0.43965 -0.04880 -0.26523
   0.44733 -0.04852 -0.26414
   0.45499 -0.04823 -0.26294
   0.46265 -0.04791 -0.26119
   0.47029 -0.04757 -0.26026
   0.47793 -0.04721 -0.25838
   0.48555 -0.04683 -0.25673
   0.49315 -0.04642 -0.25505
   0.50075 -0.04600 -0.25346
   0.50833 -0.04555 -0.25085
   0.51589 -0.04507 -0.24921
   0.52345 -0.04458 -0.24637
   0.53099 -0.04405 -0.24441
   0.53851 -0.04351 -0.24129
   0.54603 -0.04293 -0.23881
   0.55353 -0.04234 -0.23611
   0.56101 -0.04171 -0.23193
   0.56848 -0.04106 -0.22896
   0.57593 -0.04038 -0.22491
   0.58337 -0.03967 -0.22097
   0.59078 -0.03894 -0.21693
   0.59818 -0.03818 -0.21200
   0.60556 -0.03738 -0.20737
   0.61292 -0.03656 -0.20214
   0.62026 -0.03571 -0.19617
   0.62759 -0.03483 -0.19023
   0.63490 -0.03391 -0.18261
   0.64220 -0.03296 -0.17659
   0.64948 -0.03198 -0.16842
   0.65674 -0.03097 -0.16038
   0.66400 -0.02992 -0.15107
   0.67125 -0.02883 -0.14155
   0.67849 -0.02772 -0.13183
   0.68572 -0.02656 -0.12057
   0.69295 -0.02537 -0.10979
   0.70018 -0.02415 -0.09675
   0.70741 -0.02288 -0.08443
   0.71464 -0.02159 -0.07105
   0.72188 -0.02025 -0.05607
   0.72912 -0.01888 -0.04201
   0.73638 -0.01747 -0.02506
   0.74365 -0.01602 -0.00937
   0.75094 -0.01453  0.00929
   0.75826 -0.01301  0.02726
   0.76560 -0.01146  0.04693
   0.77297 -0.00987  0.06658
   0.78039 -0.00825  0.08815
   0.78785 -0.00659  0.10928
   0.79535 -0.00492  0.13246
   0.80287 -0.00323  0.15533
   0.81037 -0.00154  0.17765
   0.81778  0.00013  0.20285
   0.82509  0.00176  0.22601
   0.83227  0.00334  0.24754
   0.83932  0.00486  0.26829
   0.84624  0.00632  0.28871
   0.85304  0.00771  0.30713
   0.85972  0.00903  0.32606
   0.86628  0.01027  0.34226
   0.87271  0.01143  0.35834
   0.87902  0.01251  0.37336
   0.88521  0.01350  0.38609
   0.89129  0.01440  0.39889
   0.89727  0.01522  0.40868
   0.90316  0.01595  0.41919
   0.90895  0.01659  0.42804
   0.91464  0.01715  0.43542
   0.92020  0.01763  0.44381
   0.92564  0.01802  0.44962
   0.93097  0.01831  0.45422
   0.93623  0.01853  0.45735
   0.94141  0.01867  0.45685
   0.94645  0.01876  0.46711
   0.95125  0.01879  0.47878
   0.95581  0.01873  0.49141
   0.96019  0.01854  0.49552
   0.96446  0.01821  0.48047
   0.96872  0.01776  0.45427
   0.97300  0.01724  0.42572
   0.97726  0.01672  0.41543
   0.98142  0.01621  0.42803
   0.98545  0.01563  0.43239
   0.98942  0.01489  0.38719
   0.99340  0.01406  0.32674
   0.99738  0.01325  0.29807
   1.00000  0.01271  0.25219
