GRUMMAN K-2 AIRFOIL                             
 Alfa =  -1.32450 Re =        0.000 Xflap,Yflap =     0.000000    0.000000
#    x        y        Cp  
   1.00000  0.01371  0.25218
   0.99739  0.01444  0.09676
   0.99327  0.01550  0.06276
   0.98886  0.01658  0.04441
   0.98418  0.01773  0.00274
   0.97923  0.01891 -0.02678
   0.97401  0.02013 -0.05681
   0.96856  0.02137 -0.08462
   0.96293  0.02261 -0.11244
   0.95713  0.02384 -0.13546
   0.95115  0.02505 -0.15416
   0.94501  0.02623 -0.16936
   0.93873  0.02739 -0.18293
   0.93231  0.02852 -0.19389
   0.92575  0.02962 -0.20123
   0.91905  0.03069 -0.20691
   0.91224  0.03174 -0.21412
   0.90536  0.03277 -0.22274
   0.89842  0.03376 -0.23018
   0.89145  0.03472 -0.23799
   0.88446  0.03564 -0.24332
   0.87741  0.03652 -0.24737
   0.87030  0.03736 -0.24785
   0.86310  0.03817 -0.24778
   0.85580  0.03897 -0.24735
   0.84840  0.03974 -0.24652
   0.84093  0.04049 -0.24661
   0.83341  0.04123 -0.24703
   0.82588  0.04195 -0.25160
   0.81837  0.04265 -0.25753
   0.81087  0.04332 -0.26009
   0.80338  0.04396 -0.26334
   0.79590  0.04457 -0.26582
   0.78841  0.04515 -0.26682
   0.78092  0.04570 -0.26836
   0.77342  0.04622 -0.26803
   0.76591  0.04671 -0.26804
   0.75838  0.04717 -0.26683
   0.75082  0.04761 -0.26554
   0.74324  0.04802 -0.26164
   0.73562  0.04841 -0.26031
   0.72798  0.04878 -0.25695
   0.72030  0.04913 -0.25475
   0.71260  0.04946 -0.25190
   0.70486  0.04978 -0.24929
   0.69710  0.05008 -0.24654
   0.68932  0.05037 -0.24430
   0.68152  0.05064 -0.24195
   0.67370  0.05090 -0.24098
   0.66588  0.05114 -0.23816
   0.65804  0.05138 -0.23703
   0.65020  0.05160 -0.23522
   0.64235  0.05180 -0.23356
   0.63449  0.05200 -0.23267
   0.62662  0.05218 -0.23038
   0.61875  0.05235 -0.22921
   0.61086  0.05251 -0.22757
   0.60297  0.05266 -0.22573
   0.59508  0.05280 -0.22504
   0.58718  0.05293 -0.22411
   0.57928  0.05305 -0.22270
   0.57138  0.05316 -0.22155
   0.56347  0.05325 -0.22063
   0.55556  0.05334 -0.22005
   0.54765  0.05342 -0.21868
   0.53974  0.05348 -0.21755
   0.53183  0.05354 -0.21666
   0.52391  0.05358 -0.21633
   0.51600  0.05362 -0.21476
   0.50808  0.05365 -0.21453
   0.50017  0.05366 -0.21346
   0.49225  0.05367 -0.21233
   0.48434  0.05366 -0.21224
   0.47642  0.05365 -0.21131
   0.46852  0.05363 -0.21079
   0.46062  0.05360 -0.20968
   0.45272  0.05355 -0.21017
   0.44483  0.05350 -0.20842
   0.43695  0.05344 -0.20796
   0.42908  0.05336 -0.20706
   0.42122  0.05328 -0.20716
   0.41340  0.05319 -0.20636
   0.40562  0.05309 -0.20739
   0.39791  0.05299 -0.20706
   0.39026  0.05286 -0.20730
   0.38268  0.05273 -0.20481
   0.37518  0.05259 -0.20125
   0.36779  0.05245 -0.20220
   0.36056  0.05233 -0.21005
   0.35355  0.05219 -0.22166
   0.34675  0.05202 -0.22839
   0.34015  0.05179 -0.21348
   0.33367  0.05152 -0.18522
   0.32729  0.05126 -0.15989
   0.32094  0.05107 -0.15282
   0.31459  0.05095 -0.17576
   0.30818  0.05086 -0.20598
   0.30168  0.05074 -0.22750
   0.29501  0.05055 -0.22358
   0.28812  0.05029 -0.21013
   0.28102  0.05002 -0.20072
   0.27376  0.04974 -0.20256
   0.26640  0.04946 -0.20533
   0.25896  0.04915 -0.20617
   0.25145  0.04883 -0.20588
   0.24388  0.04848 -0.20550
   0.23629  0.04812 -0.20610
   0.22868  0.04775 -0.20666
   0.22107  0.04735 -0.20762
   0.21346  0.04694 -0.20792
   0.20588  0.04651 -0.20898
   0.19832  0.04606 -0.20966
   0.19079  0.04559 -0.21098
   0.18331  0.04510 -0.21290
   0.17587  0.04459 -0.21240
   0.16848  0.04405 -0.21512
   0.16116  0.04350 -0.21531
   0.15392  0.04292 -0.21609
   0.14676  0.04231 -0.21861
   0.13969  0.04168 -0.21746
   0.13274  0.04103 -0.21941
   0.12592  0.04036 -0.21891
   0.11925  0.03966 -0.21938
   0.11274  0.03895 -0.21874
   0.10643  0.03821 -0.21833
   0.10032  0.03747 -0.21873
   0.09446  0.03673 -0.21794
   0.08886  0.03598 -0.21969
   0.08353  0.03523 -0.21994
   0.07849  0.03450 -0.22253
   0.07373  0.03377 -0.22726
   0.06927  0.03305 -0.22848
   0.06509  0.03235 -0.24016
   0.06115  0.03165 -0.24438
   0.05745  0.03095 -0.25104
   0.05396  0.03023 -0.25453
   0.05068  0.02952 -0.24941
   0.04758  0.02879 -0.24078
   0.04465  0.02805 -0.22970
   0.04187  0.02732 -0.21750
   0.03925  0.02659 -0.20265
   0.03676  0.02587 -0.19321
   0.03441  0.02515 -0.17811
   0.03218  0.02442 -0.15050
   0.03006  0.02371 -0.12237
   0.02804  0.02301 -0.09910
   0.02612  0.02234 -0.09074
   0.02429  0.02168 -0.08876
   0.02256  0.02105 -0.08480
   0.02092  0.02042 -0.08267
   0.01936  0.01979 -0.07471
   0.01788  0.01916 -0.05914
   0.01648  0.01853 -0.03732
   0.01513  0.01790 -0.01125
   0.01385  0.01728  0.01201
   0.01262  0.01665  0.03685
   0.01145  0.01603  0.05244
   0.01032  0.01542  0.07319
   0.00925  0.01480  0.09873
   0.00822  0.01418  0.11518
   0.00724  0.01356  0.14302
   0.00631  0.01293  0.16201
   0.00542  0.01229  0.18539
   0.00458  0.01164  0.21746
   0.00379  0.01098  0.24013
   0.00305  0.01029  0.27421
   0.00239  0.00956  0.31977
   0.00182  0.00878  0.45840
   0.00133  0.00797  0.52483
   0.00094  0.00712  0.66231
   0.00065  0.00624  0.77245
   0.00044  0.00536  0.85916
   0.00028  0.00447  0.91568
   0.00016  0.00358  0.95656
   0.00008  0.00270  0.98057
   0.00003  0.00182  0.99491
   0.00000  0.00095  0.99997
  -0.00000  0.00009  0.99694
   0.00003 -0.00076  0.98758
   0.00006 -0.00163  0.96803
   0.00015 -0.00249  0.95125
   0.00023 -0.00336  0.91742
   0.00032 -0.00424  0.87638
   0.00047 -0.00512  0.83402
   0.00063 -0.00601  0.77830
   0.00082 -0.00691  0.71401
   0.00104 -0.00781  0.64053
   0.00129 -0.00871  0.54792
   0.00157 -0.00961  0.44442
   0.00190 -0.01051  0.32632
   0.00227 -0.01140  0.17197
   0.00270 -0.01228  0.04219
   0.00318 -0.01315 -0.16908
   0.00373 -0.01400 -0.40192
   0.00438 -0.01479 -0.47441
   0.00511 -0.01554 -0.54228
   0.00590 -0.01626 -0.56831
   0.00676 -0.01694 -0.58724
   0.00768 -0.01760 -0.59837
   0.00865 -0.01823 -0.60210
   0.00967 -0.01885 -0.60721
   0.01075 -0.01945 -0.59136
   0.01188 -0.02004 -0.59561
   0.01307 -0.02061 -0.58193
   0.01432 -0.02118 -0.57513
   0.01563 -0.02174 -0.56573
   0.01700 -0.02229 -0.54761
   0.01845 -0.02284 -0.53772
   0.01996 -0.02339 -0.52712
   0.02156 -0.02394 -0.51483
   0.02324 -0.02449 -0.50115
   0.02502 -0.02504 -0.48983
   0.02690 -0.02561 -0.48054
   0.02888 -0.02618 -0.46923
   0.03099 -0.02676 -0.46029
   0.03324 -0.02735 -0.45335
   0.03563 -0.02795 -0.44339
   0.03818 -0.02857 -0.43475
   0.04090 -0.02920 -0.42524
   0.04382 -0.02985 -0.41621
   0.04694 -0.03052 -0.40849
   0.05029 -0.03121 -0.40560
   0.05388 -0.03192 -0.39892
   0.05772 -0.03265 -0.39597
   0.06181 -0.03340 -0.39116
   0.06618 -0.03416 -0.38697
   0.07081 -0.03493 -0.38349
   0.07572 -0.03571 -0.37978
   0.08090 -0.03650 -0.37646
   0.08636 -0.03729 -0.37361
   0.09206 -0.03808 -0.36991
   0.09799 -0.03886 -0.36639
   0.10414 -0.03963 -0.36586
   0.11047 -0.04039 -0.36349
   0.11696 -0.04113 -0.36290
   0.12360 -0.04184 -0.36170
   0.13035 -0.04253 -0.36025
   0.13721 -0.04318 -0.35821
   0.14417 -0.04381 -0.35573
   0.15121 -0.04440 -0.35258
   0.15834 -0.04497 -0.34977
   0.16553 -0.04550 -0.34680
   0.17278 -0.04600 -0.34365
   0.18008 -0.04648 -0.34044
   0.18742 -0.04692 -0.33882
   0.19479 -0.04734 -0.33593
   0.20219 -0.04773 -0.33376
   0.20962 -0.04809 -0.32988
   0.21707 -0.04842 -0.32795
   0.22456 -0.04873 -0.32392
   0.23208 -0.04901 -0.32032
   0.23964 -0.04926 -0.31658
   0.24721 -0.04950 -0.31455
   0.25481 -0.04971 -0.31181
   0.26241 -0.04990 -0.30908
   0.27004 -0.05006 -0.30604
   0.27768 -0.05021 -0.30364
   0.28534 -0.05033 -0.30037
   0.29302 -0.05043 -0.29803
   0.30071 -0.05052 -0.29570
   0.30841 -0.05058 -0.29370
   0.31611 -0.05063 -0.29198
   0.32382 -0.05066 -0.28975
   0.33154 -0.05066 -0.28732
   0.33927 -0.05065 -0.28630
   0.34699 -0.05062 -0.28366
   0.35472 -0.05057 -0.28231
   0.36246 -0.05051 -0.28061
   0.37019 -0.05042 -0.27905
   0.37793 -0.05031 -0.27658
   0.38566 -0.05019 -0.27569
   0.39339 -0.05004 -0.27370
   0.40111 -0.04988 -0.27213
   0.40883 -0.04970 -0.27040
   0.41655 -0.04951 -0.26949
   0.42426 -0.04929 -0.26802
   0.43196 -0.04905 -0.26699
   0.43965 -0.04880 -0.26544
   0.44733 -0.04852 -0.26435
   0.45499 -0.04823 -0.26314
   0.46265 -0.04791 -0.26139
   0.47029 -0.04757 -0.26046
   0.47793 -0.04721 -0.25857
   0.48555 -0.04683 -0.25691
   0.49315 -0.04642 -0.25523
   0.50075 -0.04600 -0.25364
   0.50833 -0.04555 -0.25102
   0.51589 -0.04507 -0.24938
   0.52345 -0.04458 -0.24654
   0.53099 -0.04405 -0.24458
   0.53851 -0.04351 -0.24145
   0.54603 -0.04293 -0.23897
   0.55353 -0.04234 -0.23627
   0.56101 -0.04171 -0.23208
   0.56848 -0.04106 -0.22912
   0.57593 -0.04038 -0.22506
   0.58337 -0.03967 -0.22112
   0.59078 -0.03894 -0.21708
   0.59818 -0.03818 -0.21214
   0.60556 -0.03738 -0.20750
   0.61292 -0.03656 -0.20227
   0.62026 -0.03571 -0.19630
   0.62759 -0.03483 -0.19036
   0.63490 -0.03391 -0.18274
   0.64220 -0.03296 -0.17672
   0.64948 -0.03198 -0.16854
   0.65674 -0.03097 -0.16050
   0.66400 -0.02992 -0.15119
   0.67125 -0.02883 -0.14166
   0.67849 -0.02772 -0.13194
   0.68572 -0.02656 -0.12068
   0.69295 -0.02537 -0.10989
   0.70018 -0.02415 -0.09685
   0.70741 -0.02288 -0.08453
   0.71464 -0.02159 -0.07114
   0.72188 -0.02025 -0.05616
   0.72912 -0.01888 -0.04210
   0.73638 -0.01747 -0.02514
   0.74365 -0.01602 -0.00945
   0.75094 -0.01453  0.00921
   0.75826 -0.01301  0.02718
   0.76560 -0.01146  0.04686
   0.77297 -0.00987  0.06651
   0.78039 -0.00825  0.08808
   0.78785 -0.00659  0.10922
   0.79535 -0.00492  0.13241
   0.80287 -0.00323  0.15527
   0.81037 -0.00154  0.17760
   0.81778  0.00013  0.20280
   0.82509  0.00176  0.22597
   0.83227  0.00334  0.24750
   0.83932  0.00486  0.26825
   0.84624  0.00632  0.28867
   0.85304  0.00771  0.30710
   0.85972  0.00903  0.32603
   0.86628  0.01027  0.34223
   0.87271  0.01143  0.35830
   0.87902  0.01251  0.37333
   0.88521  0.01350  0.38606
   0.89129  0.01440  0.39886
   0.89727  0.01522  0.40866
   0.90316  0.01595  0.41916
   0.90895  0.01659  0.42802
   0.91464  0.01715  0.43540
   0.92020  0.01763  0.44379
   0.92564  0.01802  0.44959
   0.93097  0.01831  0.45420
   0.93623  0.01853  0.45733
   0.94141  0.01867  0.45683
   0.94645  0.01876  0.46709
   0.95125  0.01879  0.47877
   0.95581  0.01873  0.49139
   0.96019  0.01854  0.49550
   0.96446  0.01821  0.48046
   0.96872  0.01776  0.45426
   0.97300  0.01724  0.42571
   0.97726  0.01672  0.41542
   0.98142  0.01621  0.42802
   0.98545  0.01563  0.43238
   0.98942  0.01489  0.38718
   0.99340  0.01406  0.32673
   0.99738  0.01325  0.29807
   1.00000  0.01271  0.25218
