GRUMMAN K-2 AIRFOIL                             
 Alfa =  -1.30470 Re =        0.000 Xflap,Yflap =     0.000000    0.000000
#    x        y        Cp  
   1.00000  0.01371  0.25220
   0.99739  0.01444  0.09673
   0.99327  0.01550  0.06272
   0.98886  0.01658  0.04434
   0.98418  0.01773  0.00266
   0.97923  0.01891 -0.02687
   0.97401  0.02013 -0.05691
   0.96856  0.02137 -0.08475
   0.96293  0.02261 -0.11257
   0.95713  0.02384 -0.13562
   0.95115  0.02505 -0.15433
   0.94501  0.02623 -0.16954
   0.93873  0.02739 -0.18313
   0.93231  0.02852 -0.19410
   0.92575  0.02962 -0.20145
   0.91905  0.03069 -0.20714
   0.91224  0.03174 -0.21437
   0.90536  0.03277 -0.22300
   0.89842  0.03376 -0.23046
   0.89145  0.03472 -0.23828
   0.88446  0.03564 -0.24362
   0.87741  0.03652 -0.24768
   0.87030  0.03736 -0.24817
   0.86310  0.03817 -0.24811
   0.85580  0.03897 -0.24769
   0.84840  0.03974 -0.24687
   0.84093  0.04049 -0.24697
   0.83341  0.04123 -0.24741
   0.82588  0.04195 -0.25198
   0.81837  0.04265 -0.25793
   0.81087  0.04332 -0.26050
   0.80338  0.04396 -0.26376
   0.79590  0.04457 -0.26625
   0.78841  0.04515 -0.26727
   0.78092  0.04570 -0.26881
   0.77342  0.04622 -0.26850
   0.76591  0.04671 -0.26852
   0.75838  0.04717 -0.26731
   0.75082  0.04761 -0.26603
   0.74324  0.04802 -0.26214
   0.73562  0.04841 -0.26082
   0.72798  0.04878 -0.25747
   0.72030  0.04913 -0.25528
   0.71260  0.04946 -0.25245
   0.70486  0.04978 -0.24984
   0.69710  0.05008 -0.24710
   0.68932  0.05037 -0.24487
   0.68152  0.05064 -0.24254
   0.67370  0.05090 -0.24157
   0.66588  0.05114 -0.23877
   0.65804  0.05138 -0.23764
   0.65020  0.05160 -0.23584
   0.64235  0.05180 -0.23419
   0.63449  0.05200 -0.23330
   0.62662  0.05218 -0.23103
   0.61875  0.05235 -0.22987
   0.61086  0.05251 -0.22824
   0.60297  0.05266 -0.22641
   0.59508  0.05280 -0.22573
   0.58718  0.05293 -0.22481
   0.57928  0.05305 -0.22341
   0.57138  0.05316 -0.22227
   0.56347  0.05325 -0.22137
   0.55556  0.05334 -0.22079
   0.54765  0.05342 -0.21944
   0.53974  0.05348 -0.21832
   0.53183  0.05354 -0.21744
   0.52391  0.05358 -0.21712
   0.51600  0.05362 -0.21557
   0.50808  0.05365 -0.21535
   0.50017  0.05366 -0.21429
   0.49225  0.05367 -0.21317
   0.48434  0.05366 -0.21309
   0.47642  0.05365 -0.21218
   0.46852  0.05363 -0.21168
   0.46062  0.05360 -0.21058
   0.45272  0.05355 -0.21108
   0.44483  0.05350 -0.20934
   0.43695  0.05344 -0.20890
   0.42908  0.05336 -0.20801
   0.42122  0.05328 -0.20812
   0.41340  0.05319 -0.20734
   0.40562  0.05309 -0.20839
   0.39791  0.05299 -0.20807
   0.39026  0.05286 -0.20833
   0.38268  0.05273 -0.20585
   0.37518  0.05259 -0.20231
   0.36779  0.05245 -0.20328
   0.36056  0.05233 -0.21115
   0.35355  0.05219 -0.22279
   0.34675  0.05202 -0.22954
   0.34015  0.05179 -0.21464
   0.33367  0.05152 -0.18636
   0.32729  0.05126 -0.16103
   0.32094  0.05107 -0.15397
   0.31459  0.05095 -0.17695
   0.30818  0.05086 -0.20722
   0.30168  0.05074 -0.22877
   0.29501  0.05055 -0.22487
   0.28812  0.05029 -0.21143
   0.28102  0.05002 -0.20203
   0.27376  0.04974 -0.20390
   0.26640  0.04946 -0.20669
   0.25896  0.04915 -0.20756
   0.25145  0.04883 -0.20730
   0.24388  0.04848 -0.20695
   0.23629  0.04812 -0.20757
   0.22868  0.04775 -0.20817
   0.22107  0.04735 -0.20916
   0.21346  0.04694 -0.20950
   0.20588  0.04651 -0.21060
   0.19832  0.04606 -0.21131
   0.19079  0.04559 -0.21268
   0.18331  0.04510 -0.21464
   0.17587  0.04459 -0.21418
   0.16848  0.04405 -0.21695
   0.16116  0.04350 -0.21719
   0.15392  0.04292 -0.21803
   0.14676  0.04231 -0.22060
   0.13969  0.04168 -0.21951
   0.13274  0.04103 -0.22152
   0.12592  0.04036 -0.22109
   0.11925  0.03966 -0.22163
   0.11274  0.03895 -0.22105
   0.10643  0.03821 -0.22072
   0.10032  0.03747 -0.22120
   0.09446  0.03673 -0.22049
   0.08886  0.03598 -0.22233
   0.08353  0.03523 -0.22266
   0.07849  0.03450 -0.22536
   0.07373  0.03377 -0.23020
   0.06927  0.03305 -0.23152
   0.06509  0.03235 -0.24332
   0.06115  0.03165 -0.24766
   0.05745  0.03095 -0.25446
   0.05396  0.03023 -0.25806
   0.05068  0.02952 -0.25306
   0.04758  0.02879 -0.24452
   0.04465  0.02805 -0.23353
   0.04187  0.02732 -0.22143
   0.03925  0.02659 -0.20666
   0.03676  0.02587 -0.19733
   0.03441  0.02515 -0.18231
   0.03218  0.02442 -0.15475
   0.03006  0.02371 -0.12665
   0.02804  0.02301 -0.10345
   0.02612  0.02234 -0.09520
   0.02429  0.02168 -0.09337
   0.02256  0.02105 -0.08957
   0.02092  0.02042 -0.08761
   0.01936  0.01979 -0.07980
   0.01788  0.01916 -0.06436
   0.01648  0.01853 -0.04264
   0.01513  0.01790 -0.01665
   0.01385  0.01728  0.00652
   0.01262  0.01665  0.03124
   0.01145  0.01603  0.04667
   0.01032  0.01542  0.06728
   0.00925  0.01480  0.09268
   0.00822  0.01418  0.10894
   0.00724  0.01356  0.13661
   0.00631  0.01293  0.15537
   0.00542  0.01229  0.17850
   0.00458  0.01164  0.21035
   0.00379  0.01098  0.23267
   0.00305  0.01029  0.26643
   0.00239  0.00956  0.31172
   0.00182  0.00878  0.45118
   0.00133  0.00797  0.51761
   0.00094  0.00712  0.65634
   0.00065  0.00624  0.76768
   0.00044  0.00536  0.85554
   0.00028  0.00447  0.91296
   0.00016  0.00358  0.95465
   0.00008  0.00270  0.97931
   0.00003  0.00182  0.99426
   0.00000  0.00095  0.99990
  -0.00000  0.00009  0.99740
   0.00003 -0.00076  0.98849
   0.00006 -0.00163  0.96957
   0.00015 -0.00249  0.95301
   0.00023 -0.00336  0.91981
   0.00032 -0.00424  0.87936
   0.00047 -0.00512  0.83739
   0.00063 -0.00601  0.78224
   0.00082 -0.00691  0.71850
   0.00104 -0.00781  0.64558
   0.00129 -0.00871  0.55363
   0.00157 -0.00961  0.45083
   0.00190 -0.01051  0.33342
   0.00227 -0.01140  0.18001
   0.00270 -0.01228  0.05077
   0.00318 -0.01315 -0.15934
   0.00373 -0.01400 -0.39106
   0.00438 -0.01479 -0.46374
   0.00511 -0.01554 -0.53179
   0.00590 -0.01626 -0.55823
   0.00676 -0.01694 -0.57757
   0.00768 -0.01760 -0.58911
   0.00865 -0.01823 -0.59323
   0.00967 -0.01885 -0.59872
   0.01075 -0.01945 -0.58327
   0.01188 -0.02004 -0.58784
   0.01307 -0.02061 -0.57450
   0.01432 -0.02118 -0.56800
   0.01563 -0.02174 -0.55890
   0.01700 -0.02229 -0.54108
   0.01845 -0.02284 -0.53145
   0.01996 -0.02339 -0.52109
   0.02156 -0.02394 -0.50904
   0.02324 -0.02449 -0.49559
   0.02502 -0.02504 -0.48448
   0.02690 -0.02561 -0.47539
   0.02888 -0.02618 -0.46428
   0.03099 -0.02676 -0.45551
   0.03324 -0.02735 -0.44874
   0.03563 -0.02795 -0.43895
   0.03818 -0.02857 -0.43047
   0.04090 -0.02920 -0.42112
   0.04382 -0.02985 -0.41224
   0.04694 -0.03052 -0.40467
   0.05029 -0.03121 -0.40190
   0.05388 -0.03192 -0.39536
   0.05772 -0.03265 -0.39253
   0.06181 -0.03340 -0.38783
   0.06618 -0.03416 -0.38376
   0.07081 -0.03493 -0.38040
   0.07572 -0.03571 -0.37679
   0.08090 -0.03650 -0.37358
   0.08636 -0.03729 -0.37082
   0.09206 -0.03808 -0.36722
   0.09799 -0.03886 -0.36380
   0.10414 -0.03963 -0.36334
   0.11047 -0.04039 -0.36106
   0.11696 -0.04113 -0.36054
   0.12360 -0.04184 -0.35942
   0.13035 -0.04253 -0.35803
   0.13721 -0.04318 -0.35606
   0.14417 -0.04381 -0.35364
   0.15121 -0.04440 -0.35054
   0.15834 -0.04497 -0.34779
   0.16553 -0.04550 -0.34488
   0.17278 -0.04600 -0.34178
   0.18008 -0.04648 -0.33862
   0.18742 -0.04692 -0.33705
   0.19479 -0.04734 -0.33420
   0.20219 -0.04773 -0.33206
   0.20962 -0.04809 -0.32823
   0.21707 -0.04842 -0.32634
   0.22456 -0.04873 -0.32235
   0.23208 -0.04901 -0.31879
   0.23964 -0.04926 -0.31508
   0.24721 -0.04950 -0.31308
   0.25481 -0.04971 -0.31037
   0.26241 -0.04990 -0.30767
   0.27004 -0.05006 -0.30467
   0.27768 -0.05021 -0.30229
   0.28534 -0.05033 -0.29905
   0.29302 -0.05043 -0.29674
   0.30071 -0.05052 -0.29444
   0.30841 -0.05058 -0.29245
   0.31611 -0.05063 -0.29076
   0.32382 -0.05066 -0.28856
   0.33154 -0.05066 -0.28615
   0.33927 -0.05065 -0.28515
   0.34699 -0.05062 -0.28254
   0.35472 -0.05057 -0.28120
   0.36246 -0.05051 -0.27953
   0.37019 -0.05042 -0.27798
   0.37793 -0.05031 -0.27553
   0.38566 -0.05019 -0.27466
   0.39339 -0.05004 -0.27269
   0.40111 -0.04988 -0.27113
   0.40883 -0.04970 -0.26943
   0.41655 -0.04951 -0.26853
   0.42426 -0.04929 -0.26707
   0.43196 -0.04905 -0.26606
   0.43965 -0.04880 -0.26453
   0.44733 -0.04852 -0.26345
   0.45499 -0.04823 -0.26226
   0.46265 -0.04791 -0.26052
   0.47029 -0.04757 -0.25961
   0.47793 -0.04721 -0.25773
   0.48555 -0.04683 -0.25609
   0.49315 -0.04642 -0.25442
   0.50075 -0.04600 -0.25284
   0.50833 -0.04555 -0.25024
   0.51589 -0.04507 -0.24862
   0.52345 -0.04458 -0.24578
   0.53099 -0.04405 -0.24384
   0.53851 -0.04351 -0.24073
   0.54603 -0.04293 -0.23825
   0.55353 -0.04234 -0.23557
   0.56101 -0.04171 -0.23140
   0.56848 -0.04106 -0.22844
   0.57593 -0.04038 -0.22440
   0.58337 -0.03967 -0.22047
   0.59078 -0.03894 -0.21644
   0.59818 -0.03818 -0.21151
   0.60556 -0.03738 -0.20690
   0.61292 -0.03656 -0.20167
   0.62026 -0.03571 -0.19571
   0.62759 -0.03483 -0.18978
   0.63490 -0.03391 -0.18219
   0.64220 -0.03296 -0.17617
   0.64948 -0.03198 -0.16801
   0.65674 -0.03097 -0.15998
   0.66400 -0.02992 -0.15069
   0.67125 -0.02883 -0.14116
   0.67849 -0.02772 -0.13146
   0.68572 -0.02656 -0.12021
   0.69295 -0.02537 -0.10944
   0.70018 -0.02415 -0.09641
   0.70741 -0.02288 -0.08410
   0.71464 -0.02159 -0.07073
   0.72188 -0.02025 -0.05576
   0.72912 -0.01888 -0.04171
   0.73638 -0.01747 -0.02477
   0.74365 -0.01602 -0.00909
   0.75094 -0.01453  0.00955
   0.75826 -0.01301  0.02752
   0.76560 -0.01146  0.04718
   0.77297 -0.00987  0.06681
   0.78039 -0.00825  0.08837
   0.78785 -0.00659  0.10950
   0.79535 -0.00492  0.13267
   0.80287 -0.00323  0.15552
   0.81037 -0.00154  0.17784
   0.81778  0.00013  0.20303
   0.82509  0.00176  0.22618
   0.83227  0.00334  0.24770
   0.83932  0.00486  0.26843
   0.84624  0.00632  0.28885
   0.85304  0.00771  0.30726
   0.85972  0.00903  0.32619
   0.86628  0.01027  0.34238
   0.87271  0.01143  0.35844
   0.87902  0.01251  0.37346
   0.88521  0.01350  0.38619
   0.89129  0.01440  0.39898
   0.89727  0.01522  0.40877
   0.90316  0.01595  0.41927
   0.90895  0.01659  0.42813
   0.91464  0.01715  0.43550
   0.92020  0.01763  0.44389
   0.92564  0.01802  0.44969
   0.93097  0.01831  0.45429
   0.93623  0.01853  0.45741
   0.94141  0.01867  0.45692
   0.94645  0.01876  0.46716
   0.95125  0.01879  0.47884
   0.95581  0.01873  0.49146
   0.96019  0.01854  0.49557
   0.96446  0.01821  0.48052
   0.96872  0.01776  0.45432
   0.97300  0.01724  0.42578
   0.97726  0.01672  0.41547
   0.98142  0.01621  0.42808
   0.98545  0.01563  0.43242
   0.98942  0.01489  0.38722
   0.99340  0.01406  0.32677
   0.99738  0.01325  0.29810
   1.00000  0.01271  0.25220
