GRUMMAN K-2 AIRFOIL                             
 Alfa =  -1.32340 Re =        0.000 Xflap,Yflap =     0.000000    0.000000
#    x        y        Cp  
   1.00000  0.01371  0.25218
   0.99739  0.01444  0.09675
   0.99327  0.01550  0.06276
   0.98886  0.01658  0.04440
   0.98418  0.01773  0.00274
   0.97923  0.01891 -0.02679
   0.97401  0.02013 -0.05681
   0.96856  0.02137 -0.08463
   0.96293  0.02261 -0.11245
   0.95713  0.02384 -0.13547
   0.95115  0.02505 -0.15417
   0.94501  0.02623 -0.16937
   0.93873  0.02739 -0.18294
   0.93231  0.02852 -0.19390
   0.92575  0.02962 -0.20124
   0.91905  0.03069 -0.20692
   0.91224  0.03174 -0.21413
   0.90536  0.03277 -0.22275
   0.89842  0.03376 -0.23020
   0.89145  0.03472 -0.23801
   0.88446  0.03564 -0.24334
   0.87741  0.03652 -0.24738
   0.87030  0.03736 -0.24787
   0.86310  0.03817 -0.24779
   0.85580  0.03897 -0.24737
   0.84840  0.03974 -0.24654
   0.84093  0.04049 -0.24663
   0.83341  0.04123 -0.24705
   0.82588  0.04195 -0.25162
   0.81837  0.04265 -0.25756
   0.81087  0.04332 -0.26011
   0.80338  0.04396 -0.26336
   0.79590  0.04457 -0.26584
   0.78841  0.04515 -0.26685
   0.78092  0.04570 -0.26838
   0.77342  0.04622 -0.26806
   0.76591  0.04671 -0.26807
   0.75838  0.04717 -0.26686
   0.75082  0.04761 -0.26557
   0.74324  0.04802 -0.26166
   0.73562  0.04841 -0.26034
   0.72798  0.04878 -0.25698
   0.72030  0.04913 -0.25478
   0.71260  0.04946 -0.25193
   0.70486  0.04978 -0.24932
   0.69710  0.05008 -0.24657
   0.68932  0.05037 -0.24433
   0.68152  0.05064 -0.24199
   0.67370  0.05090 -0.24101
   0.66588  0.05114 -0.23820
   0.65804  0.05138 -0.23707
   0.65020  0.05160 -0.23526
   0.64235  0.05180 -0.23359
   0.63449  0.05200 -0.23270
   0.62662  0.05218 -0.23041
   0.61875  0.05235 -0.22924
   0.61086  0.05251 -0.22761
   0.60297  0.05266 -0.22576
   0.59508  0.05280 -0.22508
   0.58718  0.05293 -0.22415
   0.57928  0.05305 -0.22274
   0.57138  0.05316 -0.22159
   0.56347  0.05325 -0.22067
   0.55556  0.05334 -0.22009
   0.54765  0.05342 -0.21872
   0.53974  0.05348 -0.21760
   0.53183  0.05354 -0.21670
   0.52391  0.05358 -0.21637
   0.51600  0.05362 -0.21481
   0.50808  0.05365 -0.21457
   0.50017  0.05366 -0.21351
   0.49225  0.05367 -0.21238
   0.48434  0.05366 -0.21229
   0.47642  0.05365 -0.21136
   0.46852  0.05363 -0.21084
   0.46062  0.05360 -0.20973
   0.45272  0.05355 -0.21022
   0.44483  0.05350 -0.20847
   0.43695  0.05344 -0.20801
   0.42908  0.05336 -0.20711
   0.42122  0.05328 -0.20721
   0.41340  0.05319 -0.20641
   0.40562  0.05309 -0.20744
   0.39791  0.05299 -0.20711
   0.39026  0.05286 -0.20736
   0.38268  0.05273 -0.20487
   0.37518  0.05259 -0.20131
   0.36779  0.05245 -0.20226
   0.36056  0.05233 -0.21011
   0.35355  0.05219 -0.22173
   0.34675  0.05202 -0.22845
   0.34015  0.05179 -0.21355
   0.33367  0.05152 -0.18528
   0.32729  0.05126 -0.15996
   0.32094  0.05107 -0.15289
   0.31459  0.05095 -0.17583
   0.30818  0.05086 -0.20605
   0.30168  0.05074 -0.22757
   0.29501  0.05055 -0.22365
   0.28812  0.05029 -0.21021
   0.28102  0.05002 -0.20079
   0.27376  0.04974 -0.20264
   0.26640  0.04946 -0.20540
   0.25896  0.04915 -0.20625
   0.25145  0.04883 -0.20596
   0.24388  0.04848 -0.20558
   0.23629  0.04812 -0.20618
   0.22868  0.04775 -0.20674
   0.22107  0.04735 -0.20771
   0.21346  0.04694 -0.20801
   0.20588  0.04651 -0.20907
   0.19832  0.04606 -0.20975
   0.19079  0.04559 -0.21108
   0.18331  0.04510 -0.21299
   0.17587  0.04459 -0.21250
   0.16848  0.04405 -0.21522
   0.16116  0.04350 -0.21542
   0.15392  0.04292 -0.21620
   0.14676  0.04231 -0.21872
   0.13969  0.04168 -0.21758
   0.13274  0.04103 -0.21952
   0.12592  0.04036 -0.21904
   0.11925  0.03966 -0.21951
   0.11274  0.03895 -0.21887
   0.10643  0.03821 -0.21847
   0.10032  0.03747 -0.21887
   0.09446  0.03673 -0.21808
   0.08886  0.03598 -0.21984
   0.08353  0.03523 -0.22009
   0.07849  0.03450 -0.22269
   0.07373  0.03377 -0.22742
   0.06927  0.03305 -0.22865
   0.06509  0.03235 -0.24033
   0.06115  0.03165 -0.24456
   0.05745  0.03095 -0.25123
   0.05396  0.03023 -0.25472
   0.05068  0.02952 -0.24962
   0.04758  0.02879 -0.24099
   0.04465  0.02805 -0.22991
   0.04187  0.02732 -0.21772
   0.03925  0.02659 -0.20287
   0.03676  0.02587 -0.19344
   0.03441  0.02515 -0.17834
   0.03218  0.02442 -0.15074
   0.03006  0.02371 -0.12260
   0.02804  0.02301 -0.09935
   0.02612  0.02234 -0.09099
   0.02429  0.02168 -0.08901
   0.02256  0.02105 -0.08506
   0.02092  0.02042 -0.08294
   0.01936  0.01979 -0.07499
   0.01788  0.01916 -0.05943
   0.01648  0.01853 -0.03762
   0.01513  0.01790 -0.01155
   0.01385  0.01728  0.01171
   0.01262  0.01665  0.03654
   0.01145  0.01603  0.05212
   0.01032  0.01542  0.07286
   0.00925  0.01480  0.09839
   0.00822  0.01418  0.11484
   0.00724  0.01356  0.14266
   0.00631  0.01293  0.16164
   0.00542  0.01229  0.18500
   0.00458  0.01164  0.21706
   0.00379  0.01098  0.23972
   0.00305  0.01029  0.27377
   0.00239  0.00956  0.31933
   0.00182  0.00878  0.45800
   0.00133  0.00797  0.52443
   0.00094  0.00712  0.66198
   0.00065  0.00624  0.77219
   0.00044  0.00536  0.85896
   0.00028  0.00447  0.91553
   0.00016  0.00358  0.95646
   0.00008  0.00270  0.98050
   0.00003  0.00182  0.99487
   0.00000  0.00095  0.99997
  -0.00000  0.00009  0.99697
   0.00003 -0.00076  0.98763
   0.00006 -0.00163  0.96811
   0.00015 -0.00249  0.95135
   0.00023 -0.00336  0.91755
   0.00032 -0.00424  0.87655
   0.00047 -0.00512  0.83420
   0.00063 -0.00601  0.77852
   0.00082 -0.00691  0.71426
   0.00104 -0.00781  0.64081
   0.00129 -0.00871  0.54824
   0.00157 -0.00961  0.44478
   0.00190 -0.01051  0.32671
   0.00227 -0.01140  0.17242
   0.00270 -0.01228  0.04267
   0.00318 -0.01315 -0.16854
   0.00373 -0.01400 -0.40132
   0.00438 -0.01479 -0.47382
   0.00511 -0.01554 -0.54169
   0.00590 -0.01626 -0.56775
   0.00676 -0.01694 -0.58670
   0.00768 -0.01760 -0.59786
   0.00865 -0.01823 -0.60161
   0.00967 -0.01885 -0.60674
   0.01075 -0.01945 -0.59091
   0.01188 -0.02004 -0.59518
   0.01307 -0.02061 -0.58152
   0.01432 -0.02118 -0.57473
   0.01563 -0.02174 -0.56535
   0.01700 -0.02229 -0.54725
   0.01845 -0.02284 -0.53737
   0.01996 -0.02339 -0.52679
   0.02156 -0.02394 -0.51451
   0.02324 -0.02449 -0.50084
   0.02502 -0.02504 -0.48953
   0.02690 -0.02561 -0.48026
   0.02888 -0.02618 -0.46896
   0.03099 -0.02676 -0.46003
   0.03324 -0.02735 -0.45309
   0.03563 -0.02795 -0.44315
   0.03818 -0.02857 -0.43452
   0.04090 -0.02920 -0.42502
   0.04382 -0.02985 -0.41599
   0.04694 -0.03052 -0.40828
   0.05029 -0.03121 -0.40539
   0.05388 -0.03192 -0.39872
   0.05772 -0.03265 -0.39578
   0.06181 -0.03340 -0.39097
   0.06618 -0.03416 -0.38679
   0.07081 -0.03493 -0.38332
   0.07572 -0.03571 -0.37961
   0.08090 -0.03650 -0.37630
   0.08636 -0.03729 -0.37345
   0.09206 -0.03808 -0.36976
   0.09799 -0.03886 -0.36625
   0.10414 -0.03963 -0.36572
   0.11047 -0.04039 -0.36336
   0.11696 -0.04113 -0.36277
   0.12360 -0.04184 -0.36158
   0.13035 -0.04253 -0.36012
   0.13721 -0.04318 -0.35809
   0.14417 -0.04381 -0.35561
   0.15121 -0.04440 -0.35247
   0.15834 -0.04497 -0.34966
   0.16553 -0.04550 -0.34670
   0.17278 -0.04600 -0.34355
   0.18008 -0.04648 -0.34034
   0.18742 -0.04692 -0.33873
   0.19479 -0.04734 -0.33583
   0.20219 -0.04773 -0.33366
   0.20962 -0.04809 -0.32979
   0.21707 -0.04842 -0.32786
   0.22456 -0.04873 -0.32384
   0.23208 -0.04901 -0.32024
   0.23964 -0.04926 -0.31650
   0.24721 -0.04950 -0.31447
   0.25481 -0.04971 -0.31173
   0.26241 -0.04990 -0.30900
   0.27004 -0.05006 -0.30597
   0.27768 -0.05021 -0.30356
   0.28534 -0.05033 -0.30030
   0.29302 -0.05043 -0.29796
   0.30071 -0.05052 -0.29563
   0.30841 -0.05058 -0.29363
   0.31611 -0.05063 -0.29191
   0.32382 -0.05066 -0.28968
   0.33154 -0.05066 -0.28725
   0.33927 -0.05065 -0.28623
   0.34699 -0.05062 -0.28360
   0.35472 -0.05057 -0.28224
   0.36246 -0.05051 -0.28055
   0.37019 -0.05042 -0.27899
   0.37793 -0.05031 -0.27652
   0.38566 -0.05019 -0.27563
   0.39339 -0.05004 -0.27364
   0.40111 -0.04988 -0.27207
   0.40883 -0.04970 -0.27035
   0.41655 -0.04951 -0.26943
   0.42426 -0.04929 -0.26797
   0.43196 -0.04905 -0.26694
   0.43965 -0.04880 -0.26539
   0.44733 -0.04852 -0.26430
   0.45499 -0.04823 -0.26309
   0.46265 -0.04791 -0.26134
   0.47029 -0.04757 -0.26041
   0.47793 -0.04721 -0.25852
   0.48555 -0.04683 -0.25687
   0.49315 -0.04642 -0.25519
   0.50075 -0.04600 -0.25359
   0.50833 -0.04555 -0.25098
   0.51589 -0.04507 -0.24934
   0.52345 -0.04458 -0.24650
   0.53099 -0.04405 -0.24454
   0.53851 -0.04351 -0.24141
   0.54603 -0.04293 -0.23893
   0.55353 -0.04234 -0.23623
   0.56101 -0.04171 -0.23205
   0.56848 -0.04106 -0.22908
   0.57593 -0.04038 -0.22502
   0.58337 -0.03967 -0.22108
   0.59078 -0.03894 -0.21704
   0.59818 -0.03818 -0.21210
   0.60556 -0.03738 -0.20747
   0.61292 -0.03656 -0.20224
   0.62026 -0.03571 -0.19627
   0.62759 -0.03483 -0.19032
   0.63490 -0.03391 -0.18271
   0.64220 -0.03296 -0.17669
   0.64948 -0.03198 -0.16851
   0.65674 -0.03097 -0.16047
   0.66400 -0.02992 -0.15116
   0.67125 -0.02883 -0.14163
   0.67849 -0.02772 -0.13191
   0.68572 -0.02656 -0.12065
   0.69295 -0.02537 -0.10987
   0.70018 -0.02415 -0.09682
   0.70741 -0.02288 -0.08451
   0.71464 -0.02159 -0.07112
   0.72188 -0.02025 -0.05614
   0.72912 -0.01888 -0.04208
   0.73638 -0.01747 -0.02512
   0.74365 -0.01602 -0.00943
   0.75094 -0.01453  0.00923
   0.75826 -0.01301  0.02720
   0.76560 -0.01146  0.04688
   0.77297 -0.00987  0.06652
   0.78039 -0.00825  0.08810
   0.78785 -0.00659  0.10924
   0.79535 -0.00492  0.13242
   0.80287 -0.00323  0.15528
   0.81037 -0.00154  0.17761
   0.81778  0.00013  0.20281
   0.82509  0.00176  0.22598
   0.83227  0.00334  0.24751
   0.83932  0.00486  0.26826
   0.84624  0.00632  0.28868
   0.85304  0.00771  0.30710
   0.85972  0.00903  0.32603
   0.86628  0.01027  0.34223
   0.87271  0.01143  0.35831
   0.87902  0.01251  0.37333
   0.88521  0.01350  0.38606
   0.89129  0.01440  0.39887
   0.89727  0.01522  0.40866
   0.90316  0.01595  0.41917
   0.90895  0.01659  0.42802
   0.91464  0.01715  0.43540
   0.92020  0.01763  0.44380
   0.92564  0.01802  0.44960
   0.93097  0.01831  0.45421
   0.93623  0.01853  0.45733
   0.94141  0.01867  0.45684
   0.94645  0.01876  0.46709
   0.95125  0.01879  0.47877
   0.95581  0.01873  0.49139
   0.96019  0.01854  0.49551
   0.96446  0.01821  0.48046
   0.96872  0.01776  0.45426
   0.97300  0.01724  0.42571
   0.97726  0.01672  0.41542
   0.98142  0.01621  0.42802
   0.98545  0.01563  0.43239
   0.98942  0.01489  0.38718
   0.99340  0.01406  0.32673
   0.99738  0.01325  0.29807
   1.00000  0.01271  0.25218
