GRUMMAN K-2 AIRFOIL                             
 Alfa =  -1.29090 Re =        0.000 Xflap,Yflap =     0.000000    0.000000
#    x        y        Cp  
   1.00000  0.01371  0.25221
   0.99739  0.01444  0.09671
   0.99327  0.01550  0.06269
   0.98886  0.01658  0.04429
   0.98418  0.01773  0.00260
   0.97923  0.01891 -0.02694
   0.97401  0.02013 -0.05698
   0.96856  0.02137 -0.08484
   0.96293  0.02261 -0.11266
   0.95713  0.02384 -0.13573
   0.95115  0.02505 -0.15445
   0.94501  0.02623 -0.16966
   0.93873  0.02739 -0.18326
   0.93231  0.02852 -0.19425
   0.92575  0.02962 -0.20160
   0.91905  0.03069 -0.20730
   0.91224  0.03174 -0.21454
   0.90536  0.03277 -0.22318
   0.89842  0.03376 -0.23065
   0.89145  0.03472 -0.23847
   0.88446  0.03564 -0.24383
   0.87741  0.03652 -0.24789
   0.87030  0.03736 -0.24839
   0.86310  0.03817 -0.24834
   0.85580  0.03897 -0.24793
   0.84840  0.03974 -0.24712
   0.84093  0.04049 -0.24723
   0.83341  0.04123 -0.24767
   0.82588  0.04195 -0.25226
   0.81837  0.04265 -0.25821
   0.81087  0.04332 -0.26079
   0.80338  0.04396 -0.26405
   0.79590  0.04457 -0.26656
   0.78841  0.04515 -0.26757
   0.78092  0.04570 -0.26913
   0.77342  0.04622 -0.26882
   0.76591  0.04671 -0.26885
   0.75838  0.04717 -0.26765
   0.75082  0.04761 -0.26638
   0.74324  0.04802 -0.26250
   0.73562  0.04841 -0.26118
   0.72798  0.04878 -0.25784
   0.72030  0.04913 -0.25565
   0.71260  0.04946 -0.25282
   0.70486  0.04978 -0.25022
   0.69710  0.05008 -0.24749
   0.68932  0.05037 -0.24527
   0.68152  0.05064 -0.24294
   0.67370  0.05090 -0.24198
   0.66588  0.05114 -0.23918
   0.65804  0.05138 -0.23807
   0.65020  0.05160 -0.23627
   0.64235  0.05180 -0.23463
   0.63449  0.05200 -0.23375
   0.62662  0.05218 -0.23148
   0.61875  0.05235 -0.23033
   0.61086  0.05251 -0.22870
   0.60297  0.05266 -0.22689
   0.59508  0.05280 -0.22621
   0.58718  0.05293 -0.22530
   0.57928  0.05305 -0.22391
   0.57138  0.05316 -0.22278
   0.56347  0.05325 -0.22188
   0.55556  0.05334 -0.22131
   0.54765  0.05342 -0.21997
   0.53974  0.05348 -0.21886
   0.53183  0.05354 -0.21799
   0.52391  0.05358 -0.21767
   0.51600  0.05362 -0.21613
   0.50808  0.05365 -0.21592
   0.50017  0.05366 -0.21487
   0.49225  0.05367 -0.21376
   0.48434  0.05366 -0.21369
   0.47642  0.05365 -0.21279
   0.46852  0.05363 -0.21229
   0.46062  0.05360 -0.21120
   0.45272  0.05355 -0.21171
   0.44483  0.05350 -0.20999
   0.43695  0.05344 -0.20955
   0.42908  0.05336 -0.20868
   0.42122  0.05328 -0.20880
   0.41340  0.05319 -0.20803
   0.40562  0.05309 -0.20908
   0.39791  0.05299 -0.20878
   0.39026  0.05286 -0.20905
   0.38268  0.05273 -0.20659
   0.37518  0.05259 -0.20305
   0.36779  0.05245 -0.20403
   0.36056  0.05233 -0.21192
   0.35355  0.05219 -0.22358
   0.34675  0.05202 -0.23034
   0.34015  0.05179 -0.21544
   0.33367  0.05152 -0.18716
   0.32729  0.05126 -0.16182
   0.32094  0.05107 -0.15477
   0.31459  0.05095 -0.17777
   0.30818  0.05086 -0.20808
   0.30168  0.05074 -0.22966
   0.29501  0.05055 -0.22577
   0.28812  0.05029 -0.21234
   0.28102  0.05002 -0.20294
   0.27376  0.04974 -0.20483
   0.26640  0.04946 -0.20764
   0.25896  0.04915 -0.20853
   0.25145  0.04883 -0.20829
   0.24388  0.04848 -0.20795
   0.23629  0.04812 -0.20860
   0.22868  0.04775 -0.20922
   0.22107  0.04735 -0.21024
   0.21346  0.04694 -0.21060
   0.20588  0.04651 -0.21173
   0.19832  0.04606 -0.21247
   0.19079  0.04559 -0.21386
   0.18331  0.04510 -0.21585
   0.17587  0.04459 -0.21543
   0.16848  0.04405 -0.21823
   0.16116  0.04350 -0.21851
   0.15392  0.04292 -0.21938
   0.14676  0.04231 -0.22200
   0.13969  0.04168 -0.22094
   0.13274  0.04103 -0.22299
   0.12592  0.04036 -0.22261
   0.11925  0.03966 -0.22320
   0.11274  0.03895 -0.22267
   0.10643  0.03821 -0.22239
   0.10032  0.03747 -0.22292
   0.09446  0.03673 -0.22227
   0.08886  0.03598 -0.22417
   0.08353  0.03523 -0.22457
   0.07849  0.03450 -0.22733
   0.07373  0.03377 -0.23224
   0.06927  0.03305 -0.23363
   0.06509  0.03235 -0.24553
   0.06115  0.03165 -0.24995
   0.05745  0.03095 -0.25684
   0.05396  0.03023 -0.26053
   0.05068  0.02952 -0.25560
   0.04758  0.02879 -0.24713
   0.04465  0.02805 -0.23620
   0.04187  0.02732 -0.22416
   0.03925  0.02659 -0.20946
   0.03676  0.02587 -0.20020
   0.03441  0.02515 -0.18524
   0.03218  0.02442 -0.15771
   0.03006  0.02371 -0.12964
   0.02804  0.02301 -0.10648
   0.02612  0.02234 -0.09832
   0.02429  0.02168 -0.09660
   0.02256  0.02105 -0.09291
   0.02092  0.02042 -0.09106
   0.01936  0.01979 -0.08336
   0.01788  0.01916 -0.06801
   0.01648  0.01853 -0.04635
   0.01513  0.01790 -0.02042
   0.01385  0.01728  0.00268
   0.01262  0.01665  0.02732
   0.01145  0.01603  0.04265
   0.01032  0.01542  0.06315
   0.00925  0.01480  0.08846
   0.00822  0.01418  0.10458
   0.00724  0.01356  0.13214
   0.00631  0.01293  0.15072
   0.00542  0.01229  0.17369
   0.00458  0.01164  0.20538
   0.00379  0.01098  0.22746
   0.00305  0.01029  0.26098
   0.00239  0.00956  0.30608
   0.00182  0.00878  0.44613
   0.00133  0.00797  0.51255
   0.00094  0.00712  0.65215
   0.00065  0.00624  0.76432
   0.00044  0.00536  0.85298
   0.00028  0.00447  0.91103
   0.00016  0.00358  0.95329
   0.00008  0.00270  0.97840
   0.00003  0.00182  0.99379
   0.00000  0.00095  0.99983
  -0.00000  0.00009  0.99770
   0.00003 -0.00076  0.98910
   0.00006 -0.00163  0.97063
   0.00015 -0.00249  0.95421
   0.00023 -0.00336  0.92145
   0.00032 -0.00424  0.88141
   0.00047 -0.00512  0.83972
   0.00063 -0.00601  0.78496
   0.00082 -0.00691  0.72161
   0.00104 -0.00781  0.64909
   0.00129 -0.00871  0.55759
   0.00157 -0.00961  0.45528
   0.00190 -0.01051  0.33836
   0.00227 -0.01140  0.18558
   0.00270 -0.01228  0.05674
   0.00318 -0.01315 -0.15258
   0.00373 -0.01400 -0.38351
   0.00438 -0.01479 -0.45633
   0.00511 -0.01554 -0.52450
   0.00590 -0.01626 -0.55123
   0.00676 -0.01694 -0.57085
   0.00768 -0.01760 -0.58268
   0.00865 -0.01823 -0.58706
   0.00967 -0.01885 -0.59282
   0.01075 -0.01945 -0.57764
   0.01188 -0.02004 -0.58243
   0.01307 -0.02061 -0.56933
   0.01432 -0.02118 -0.56305
   0.01563 -0.02174 -0.55415
   0.01700 -0.02229 -0.53654
   0.01845 -0.02284 -0.52708
   0.01996 -0.02339 -0.51690
   0.02156 -0.02394 -0.50501
   0.02324 -0.02449 -0.49172
   0.02502 -0.02504 -0.48076
   0.02690 -0.02561 -0.47181
   0.02888 -0.02618 -0.46082
   0.03099 -0.02676 -0.45219
   0.03324 -0.02735 -0.44553
   0.03563 -0.02795 -0.43586
   0.03818 -0.02857 -0.42749
   0.04090 -0.02920 -0.41825
   0.04382 -0.02985 -0.40948
   0.04694 -0.03052 -0.40200
   0.05029 -0.03121 -0.39933
   0.05388 -0.03192 -0.39287
   0.05772 -0.03265 -0.39013
   0.06181 -0.03340 -0.38552
   0.06618 -0.03416 -0.38153
   0.07081 -0.03493 -0.37825
   0.07572 -0.03571 -0.37472
   0.08090 -0.03650 -0.37157
   0.08636 -0.03729 -0.36889
   0.09206 -0.03808 -0.36535
   0.09799 -0.03886 -0.36199
   0.10414 -0.03963 -0.36159
   0.11047 -0.04039 -0.35936
   0.11696 -0.04113 -0.35889
   0.12360 -0.04184 -0.35782
   0.13035 -0.04253 -0.35648
   0.13721 -0.04318 -0.35456
   0.14417 -0.04381 -0.35218
   0.15121 -0.04440 -0.34913
   0.15834 -0.04497 -0.34641
   0.16553 -0.04550 -0.34354
   0.17278 -0.04600 -0.34048
   0.18008 -0.04648 -0.33735
   0.18742 -0.04692 -0.33581
   0.19479 -0.04734 -0.33299
   0.20219 -0.04773 -0.33089
   0.20962 -0.04809 -0.32708
   0.21707 -0.04842 -0.32522
   0.22456 -0.04873 -0.32125
   0.23208 -0.04901 -0.31772
   0.23964 -0.04926 -0.31404
   0.24721 -0.04950 -0.31206
   0.25481 -0.04971 -0.30937
   0.26241 -0.04990 -0.30669
   0.27004 -0.05006 -0.30371
   0.27768 -0.05021 -0.30135
   0.28534 -0.05033 -0.29813
   0.29302 -0.05043 -0.29584
   0.30071 -0.05052 -0.29355
   0.30841 -0.05058 -0.29159
   0.31611 -0.05063 -0.28991
   0.32382 -0.05066 -0.28772
   0.33154 -0.05066 -0.28533
   0.33927 -0.05065 -0.28434
   0.34699 -0.05062 -0.28175
   0.35472 -0.05057 -0.28043
   0.36246 -0.05051 -0.27877
   0.37019 -0.05042 -0.27724
   0.37793 -0.05031 -0.27479
   0.38566 -0.05019 -0.27394
   0.39339 -0.05004 -0.27198
   0.40111 -0.04988 -0.27044
   0.40883 -0.04970 -0.26874
   0.41655 -0.04951 -0.26786
   0.42426 -0.04929 -0.26642
   0.43196 -0.04905 -0.26542
   0.43965 -0.04880 -0.26389
   0.44733 -0.04852 -0.26282
   0.45499 -0.04823 -0.26164
   0.46265 -0.04791 -0.25992
   0.47029 -0.04757 -0.25901
   0.47793 -0.04721 -0.25715
   0.48555 -0.04683 -0.25551
   0.49315 -0.04642 -0.25386
   0.50075 -0.04600 -0.25229
   0.50833 -0.04555 -0.24970
   0.51589 -0.04507 -0.24808
   0.52345 -0.04458 -0.24526
   0.53099 -0.04405 -0.24333
   0.53851 -0.04351 -0.24022
   0.54603 -0.04293 -0.23776
   0.55353 -0.04234 -0.23508
   0.56101 -0.04171 -0.23092
   0.56848 -0.04106 -0.22797
   0.57593 -0.04038 -0.22394
   0.58337 -0.03967 -0.22002
   0.59078 -0.03894 -0.21600
   0.59818 -0.03818 -0.21108
   0.60556 -0.03738 -0.20647
   0.61292 -0.03656 -0.20126
   0.62026 -0.03571 -0.19530
   0.62759 -0.03483 -0.18938
   0.63490 -0.03391 -0.18180
   0.64220 -0.03296 -0.17579
   0.64948 -0.03198 -0.16763
   0.65674 -0.03097 -0.15961
   0.66400 -0.02992 -0.15033
   0.67125 -0.02883 -0.14082
   0.67849 -0.02772 -0.13112
   0.68572 -0.02656 -0.11989
   0.69295 -0.02537 -0.10912
   0.70018 -0.02415 -0.09610
   0.70741 -0.02288 -0.08380
   0.71464 -0.02159 -0.07044
   0.72188 -0.02025 -0.05548
   0.72912 -0.01888 -0.04144
   0.73638 -0.01747 -0.02451
   0.74365 -0.01602 -0.00884
   0.75094 -0.01453  0.00980
   0.75826 -0.01301  0.02775
   0.76560 -0.01146  0.04740
   0.77297 -0.00987  0.06703
   0.78039 -0.00825  0.08857
   0.78785 -0.00659  0.10970
   0.79535 -0.00492  0.13285
   0.80287 -0.00323  0.15570
   0.81037 -0.00154  0.17800
   0.81778  0.00013  0.20318
   0.82509  0.00176  0.22632
   0.83227  0.00334  0.24784
   0.83932  0.00486  0.26856
   0.84624  0.00632  0.28898
   0.85304  0.00771  0.30738
   0.85972  0.00903  0.32630
   0.86628  0.01027  0.34249
   0.87271  0.01143  0.35854
   0.87902  0.01251  0.37356
   0.88521  0.01350  0.38628
   0.89129  0.01440  0.39907
   0.89727  0.01522  0.40886
   0.90316  0.01595  0.41935
   0.90895  0.01659  0.42820
   0.91464  0.01715  0.43557
   0.92020  0.01763  0.44396
   0.92564  0.01802  0.44976
   0.93097  0.01831  0.45435
   0.93623  0.01853  0.45746
   0.94141  0.01867  0.45698
   0.94645  0.01876  0.46722
   0.95125  0.01879  0.47889
   0.95581  0.01873  0.49151
   0.96019  0.01854  0.49561
   0.96446  0.01821  0.48056
   0.96872  0.01776  0.45436
   0.97300  0.01724  0.42582
   0.97726  0.01672  0.41551
   0.98142  0.01621  0.42812
   0.98545  0.01563  0.43245
   0.98942  0.01489  0.38725
   0.99340  0.01406  0.32680
   0.99738  0.01325  0.29812
   1.00000  0.01271  0.25221
