GRUMMAN K-2 AIRFOIL                             
 Alfa =  -1.27560 Re =        0.000 Xflap,Yflap =     0.000000    0.000000
#    x        y        Cp  
   1.00000  0.01371  0.25222
   0.99739  0.01444  0.09669
   0.99327  0.01550  0.06266
   0.98886  0.01658  0.04424
   0.98418  0.01773  0.00254
   0.97923  0.01891 -0.02701
   0.97401  0.02013 -0.05706
   0.96856  0.02137 -0.08494
   0.96293  0.02261 -0.11277
   0.95713  0.02384 -0.13585
   0.95115  0.02505 -0.15458
   0.94501  0.02623 -0.16980
   0.93873  0.02739 -0.18342
   0.93231  0.02852 -0.19442
   0.92575  0.02962 -0.20177
   0.91905  0.03069 -0.20748
   0.91224  0.03174 -0.21473
   0.90536  0.03277 -0.22339
   0.89842  0.03376 -0.23087
   0.89145  0.03472 -0.23869
   0.88446  0.03564 -0.24406
   0.87741  0.03652 -0.24813
   0.87030  0.03736 -0.24864
   0.86310  0.03817 -0.24860
   0.85580  0.03897 -0.24820
   0.84840  0.03974 -0.24739
   0.84093  0.04049 -0.24751
   0.83341  0.04123 -0.24796
   0.82588  0.04195 -0.25255
   0.81837  0.04265 -0.25851
   0.81087  0.04332 -0.26111
   0.80338  0.04396 -0.26438
   0.79590  0.04457 -0.26689
   0.78841  0.04515 -0.26791
   0.78092  0.04570 -0.26949
   0.77342  0.04622 -0.26918
   0.76591  0.04671 -0.26922
   0.75838  0.04717 -0.26803
   0.75082  0.04761 -0.26676
   0.74324  0.04802 -0.26289
   0.73562  0.04841 -0.26157
   0.72798  0.04878 -0.25824
   0.72030  0.04913 -0.25606
   0.71260  0.04946 -0.25324
   0.70486  0.04978 -0.25065
   0.69710  0.05008 -0.24792
   0.68932  0.05037 -0.24571
   0.68152  0.05064 -0.24339
   0.67370  0.05090 -0.24243
   0.66588  0.05114 -0.23965
   0.65804  0.05138 -0.23854
   0.65020  0.05160 -0.23675
   0.64235  0.05180 -0.23511
   0.63449  0.05200 -0.23424
   0.62662  0.05218 -0.23198
   0.61875  0.05235 -0.23083
   0.61086  0.05251 -0.22922
   0.60297  0.05266 -0.22741
   0.59508  0.05280 -0.22674
   0.58718  0.05293 -0.22585
   0.57928  0.05305 -0.22446
   0.57138  0.05316 -0.22334
   0.56347  0.05325 -0.22245
   0.55556  0.05334 -0.22189
   0.54765  0.05342 -0.22055
   0.53974  0.05348 -0.21945
   0.53183  0.05354 -0.21859
   0.52391  0.05358 -0.21828
   0.51600  0.05362 -0.21676
   0.50808  0.05365 -0.21655
   0.50017  0.05366 -0.21551
   0.49225  0.05367 -0.21441
   0.48434  0.05366 -0.21435
   0.47642  0.05365 -0.21346
   0.46852  0.05363 -0.21297
   0.46062  0.05360 -0.21189
   0.45272  0.05355 -0.21241
   0.44483  0.05350 -0.21070
   0.43695  0.05344 -0.21028
   0.42908  0.05336 -0.20941
   0.42122  0.05328 -0.20955
   0.41340  0.05319 -0.20878
   0.40562  0.05309 -0.20986
   0.39791  0.05299 -0.20956
   0.39026  0.05286 -0.20985
   0.38268  0.05273 -0.20739
   0.37518  0.05259 -0.20387
   0.36779  0.05245 -0.20486
   0.36056  0.05233 -0.21277
   0.35355  0.05219 -0.22445
   0.34675  0.05202 -0.23123
   0.34015  0.05179 -0.21633
   0.33367  0.05152 -0.18805
   0.32729  0.05126 -0.16270
   0.32094  0.05107 -0.15565
   0.31459  0.05095 -0.17869
   0.30818  0.05086 -0.20903
   0.30168  0.05074 -0.23065
   0.29501  0.05055 -0.22677
   0.28812  0.05029 -0.21334
   0.28102  0.05002 -0.20396
   0.27376  0.04974 -0.20586
   0.26640  0.04946 -0.20870
   0.25896  0.04915 -0.20961
   0.25145  0.04883 -0.20938
   0.24388  0.04848 -0.20907
   0.23629  0.04812 -0.20974
   0.22868  0.04775 -0.21039
   0.22107  0.04735 -0.21143
   0.21346  0.04694 -0.21182
   0.20588  0.04651 -0.21298
   0.19832  0.04606 -0.21375
   0.19079  0.04559 -0.21517
   0.18331  0.04510 -0.21720
   0.17587  0.04459 -0.21681
   0.16848  0.04405 -0.21965
   0.16116  0.04350 -0.21996
   0.15392  0.04292 -0.22087
   0.14676  0.04231 -0.22354
   0.13969  0.04168 -0.22253
   0.13274  0.04103 -0.22463
   0.12592  0.04036 -0.22429
   0.11925  0.03966 -0.22493
   0.11274  0.03895 -0.22446
   0.10643  0.03821 -0.22424
   0.10032  0.03747 -0.22483
   0.09446  0.03673 -0.22424
   0.08886  0.03598 -0.22621
   0.08353  0.03523 -0.22668
   0.07849  0.03450 -0.22952
   0.07373  0.03377 -0.23451
   0.06927  0.03305 -0.23598
   0.06509  0.03235 -0.24799
   0.06115  0.03165 -0.25249
   0.05745  0.03095 -0.25948
   0.05396  0.03023 -0.26327
   0.05068  0.02952 -0.25842
   0.04758  0.02879 -0.25003
   0.04465  0.02805 -0.23917
   0.04187  0.02732 -0.22720
   0.03925  0.02659 -0.21256
   0.03676  0.02587 -0.20338
   0.03441  0.02515 -0.18850
   0.03218  0.02442 -0.16100
   0.03006  0.02371 -0.13296
   0.02804  0.02301 -0.10985
   0.02612  0.02234 -0.10178
   0.02429  0.02168 -0.10018
   0.02256  0.02105 -0.09661
   0.02092  0.02042 -0.09489
   0.01936  0.01979 -0.08731
   0.01788  0.01916 -0.07206
   0.01648  0.01853 -0.05048
   0.01513  0.01790 -0.02461
   0.01385  0.01728 -0.00159
   0.01262  0.01665  0.02297
   0.01145  0.01603  0.03818
   0.01032  0.01542  0.05857
   0.00925  0.01480  0.08376
   0.00822  0.01418  0.09974
   0.00724  0.01356  0.12716
   0.00631  0.01293  0.14556
   0.00542  0.01229  0.16834
   0.00458  0.01164  0.19986
   0.00379  0.01098  0.22165
   0.00305  0.01029  0.25492
   0.00239  0.00956  0.29980
   0.00182  0.00878  0.44049
   0.00133  0.00797  0.50691
   0.00094  0.00712  0.64747
   0.00065  0.00624  0.76056
   0.00044  0.00536  0.85012
   0.00028  0.00447  0.90887
   0.00016  0.00358  0.95176
   0.00008  0.00270  0.97738
   0.00003  0.00182  0.99325
   0.00000  0.00095  0.99974
  -0.00000  0.00009  0.99801
   0.00003 -0.00076  0.98977
   0.00006 -0.00163  0.97178
   0.00015 -0.00249  0.95553
   0.00023 -0.00336  0.92326
   0.00032 -0.00424  0.88366
   0.00047 -0.00512  0.84228
   0.00063 -0.00601  0.78796
   0.00082 -0.00691  0.72504
   0.00104 -0.00781  0.65295
   0.00129 -0.00871  0.56196
   0.00157 -0.00961  0.46019
   0.00190 -0.01051  0.34380
   0.00227 -0.01140  0.19175
   0.00270 -0.01228  0.06332
   0.00318 -0.01315 -0.14510
   0.00373 -0.01400 -0.37517
   0.00438 -0.01479 -0.44813
   0.00511 -0.01554 -0.51643
   0.00590 -0.01626 -0.54348
   0.00676 -0.01694 -0.56342
   0.00768 -0.01760 -0.57556
   0.00865 -0.01823 -0.58024
   0.00967 -0.01885 -0.58629
   0.01075 -0.01945 -0.57141
   0.01188 -0.02004 -0.57645
   0.01307 -0.02061 -0.56361
   0.01432 -0.02118 -0.55756
   0.01563 -0.02174 -0.54889
   0.01700 -0.02229 -0.53151
   0.01845 -0.02284 -0.52225
   0.01996 -0.02339 -0.51226
   0.02156 -0.02394 -0.50055
   0.02324 -0.02449 -0.48743
   0.02502 -0.02504 -0.47664
   0.02690 -0.02561 -0.46784
   0.02888 -0.02618 -0.45700
   0.03099 -0.02676 -0.44850
   0.03324 -0.02735 -0.44198
   0.03563 -0.02795 -0.43244
   0.03818 -0.02857 -0.42419
   0.04090 -0.02920 -0.41507
   0.04382 -0.02985 -0.40642
   0.04694 -0.03052 -0.39905
   0.05029 -0.03121 -0.39648
   0.05388 -0.03192 -0.39012
   0.05772 -0.03265 -0.38747
   0.06181 -0.03340 -0.38296
   0.06618 -0.03416 -0.37906
   0.07081 -0.03493 -0.37586
   0.07572 -0.03571 -0.37241
   0.08090 -0.03650 -0.36935
   0.08636 -0.03729 -0.36674
   0.09206 -0.03808 -0.36328
   0.09799 -0.03886 -0.35999
   0.10414 -0.03963 -0.35965
   0.11047 -0.04039 -0.35749
   0.11696 -0.04113 -0.35707
   0.12360 -0.04184 -0.35606
   0.13035 -0.04253 -0.35476
   0.13721 -0.04318 -0.35289
   0.14417 -0.04381 -0.35056
   0.15121 -0.04440 -0.34756
   0.15834 -0.04497 -0.34489
   0.16553 -0.04550 -0.34206
   0.17278 -0.04600 -0.33904
   0.18008 -0.04648 -0.33594
   0.18742 -0.04692 -0.33444
   0.19479 -0.04734 -0.33165
   0.20219 -0.04773 -0.32958
   0.20962 -0.04809 -0.32581
   0.21707 -0.04842 -0.32397
   0.22456 -0.04873 -0.32004
   0.23208 -0.04901 -0.31653
   0.23964 -0.04926 -0.31288
   0.24721 -0.04950 -0.31093
   0.25481 -0.04971 -0.30826
   0.26241 -0.04990 -0.30560
   0.27004 -0.05006 -0.30265
   0.27768 -0.05021 -0.30031
   0.28534 -0.05033 -0.29712
   0.29302 -0.05043 -0.29484
   0.30071 -0.05052 -0.29258
   0.30841 -0.05058 -0.29063
   0.31611 -0.05063 -0.28897
   0.32382 -0.05066 -0.28680
   0.33154 -0.05066 -0.28442
   0.33927 -0.05065 -0.28345
   0.34699 -0.05062 -0.28088
   0.35472 -0.05057 -0.27957
   0.36246 -0.05051 -0.27793
   0.37019 -0.05042 -0.27641
   0.37793 -0.05031 -0.27398
   0.38566 -0.05019 -0.27314
   0.39339 -0.05004 -0.27120
   0.40111 -0.04988 -0.26967
   0.40883 -0.04970 -0.26799
   0.41655 -0.04951 -0.26712
   0.42426 -0.04929 -0.26568
   0.43196 -0.04905 -0.26470
   0.43965 -0.04880 -0.26319
   0.44733 -0.04852 -0.26213
   0.45499 -0.04823 -0.26096
   0.46265 -0.04791 -0.25925
   0.47029 -0.04757 -0.25836
   0.47793 -0.04721 -0.25650
   0.48555 -0.04683 -0.25488
   0.49315 -0.04642 -0.25324
   0.50075 -0.04600 -0.25168
   0.50833 -0.04555 -0.24909
   0.51589 -0.04507 -0.24749
   0.52345 -0.04458 -0.24468
   0.53099 -0.04405 -0.24275
   0.53851 -0.04351 -0.23966
   0.54603 -0.04293 -0.23720
   0.55353 -0.04234 -0.23454
   0.56101 -0.04171 -0.23038
   0.56848 -0.04106 -0.22745
   0.57593 -0.04038 -0.22342
   0.58337 -0.03967 -0.21952
   0.59078 -0.03894 -0.21550
   0.59818 -0.03818 -0.21060
   0.60556 -0.03738 -0.20600
   0.61292 -0.03656 -0.20080
   0.62026 -0.03571 -0.19485
   0.62759 -0.03483 -0.18894
   0.63490 -0.03391 -0.18137
   0.64220 -0.03296 -0.17537
   0.64948 -0.03198 -0.16722
   0.65674 -0.03097 -0.15921
   0.66400 -0.02992 -0.14995
   0.67125 -0.02883 -0.14043
   0.67849 -0.02772 -0.13075
   0.68572 -0.02656 -0.11953
   0.69295 -0.02537 -0.10877
   0.70018 -0.02415 -0.09576
   0.70741 -0.02288 -0.08347
   0.71464 -0.02159 -0.07012
   0.72188 -0.02025 -0.05518
   0.72912 -0.01888 -0.04114
   0.73638 -0.01747 -0.02422
   0.74365 -0.01602 -0.00856
   0.75094 -0.01453  0.01006
   0.75826 -0.01301  0.02801
   0.76560 -0.01146  0.04765
   0.77297 -0.00987  0.06726
   0.78039 -0.00825  0.08879
   0.78785 -0.00659  0.10991
   0.79535 -0.00492  0.13305
   0.80287 -0.00323  0.15589
   0.81037 -0.00154  0.17818
   0.81778  0.00013  0.20336
   0.82509  0.00176  0.22649
   0.83227  0.00334  0.24799
   0.83932  0.00486  0.26871
   0.84624  0.00632  0.28912
   0.85304  0.00771  0.30751
   0.85972  0.00903  0.32642
   0.86628  0.01027  0.34261
   0.87271  0.01143  0.35865
   0.87902  0.01251  0.37367
   0.88521  0.01350  0.38638
   0.89129  0.01440  0.39917
   0.89727  0.01522  0.40895
   0.90316  0.01595  0.41944
   0.90895  0.01659  0.42828
   0.91464  0.01715  0.43565
   0.92020  0.01763  0.44403
   0.92564  0.01802  0.44984
   0.93097  0.01831  0.45442
   0.93623  0.01853  0.45753
   0.94141  0.01867  0.45705
   0.94645  0.01876  0.46728
   0.95125  0.01879  0.47894
   0.95581  0.01873  0.49157
   0.96019  0.01854  0.49566
   0.96446  0.01821  0.48061
   0.96872  0.01776  0.45441
   0.97300  0.01724  0.42588
   0.97726  0.01672  0.41555
   0.98142  0.01621  0.42816
   0.98545  0.01563  0.43248
   0.98942  0.01489  0.38729
   0.99340  0.01406  0.32683
   0.99738  0.01325  0.29814
   1.00000  0.01271  0.25222
