GRUMMAN K-2 AIRFOIL                             
 Alfa =  -1.29290 Re =        0.000 Xflap,Yflap =     0.000000    0.000000
#    x        y        Cp  
   1.00000  0.01371  0.25221
   0.99739  0.01444  0.09671
   0.99327  0.01550  0.06270
   0.98886  0.01658  0.04430
   0.98418  0.01773  0.00261
   0.97923  0.01891 -0.02693
   0.97401  0.02013 -0.05697
   0.96856  0.02137 -0.08483
   0.96293  0.02261 -0.11265
   0.95713  0.02384 -0.13571
   0.95115  0.02505 -0.15443
   0.94501  0.02623 -0.16964
   0.93873  0.02739 -0.18324
   0.93231  0.02852 -0.19423
   0.92575  0.02962 -0.20158
   0.91905  0.03069 -0.20728
   0.91224  0.03174 -0.21452
   0.90536  0.03277 -0.22316
   0.89842  0.03376 -0.23063
   0.89145  0.03472 -0.23845
   0.88446  0.03564 -0.24380
   0.87741  0.03652 -0.24786
   0.87030  0.03736 -0.24836
   0.86310  0.03817 -0.24831
   0.85580  0.03897 -0.24790
   0.84840  0.03974 -0.24709
   0.84093  0.04049 -0.24719
   0.83341  0.04123 -0.24763
   0.82588  0.04195 -0.25222
   0.81837  0.04265 -0.25817
   0.81087  0.04332 -0.26075
   0.80338  0.04396 -0.26401
   0.79590  0.04457 -0.26651
   0.78841  0.04515 -0.26753
   0.78092  0.04570 -0.26909
   0.77342  0.04622 -0.26877
   0.76591  0.04671 -0.26880
   0.75838  0.04717 -0.26760
   0.75082  0.04761 -0.26633
   0.74324  0.04802 -0.26244
   0.73562  0.04841 -0.26113
   0.72798  0.04878 -0.25779
   0.72030  0.04913 -0.25559
   0.71260  0.04946 -0.25277
   0.70486  0.04978 -0.25017
   0.69710  0.05008 -0.24743
   0.68932  0.05037 -0.24521
   0.68152  0.05064 -0.24288
   0.67370  0.05090 -0.24192
   0.66588  0.05114 -0.23912
   0.65804  0.05138 -0.23801
   0.65020  0.05160 -0.23621
   0.64235  0.05180 -0.23456
   0.63449  0.05200 -0.23369
   0.62662  0.05218 -0.23141
   0.61875  0.05235 -0.23026
   0.61086  0.05251 -0.22864
   0.60297  0.05266 -0.22682
   0.59508  0.05280 -0.22614
   0.58718  0.05293 -0.22523
   0.57928  0.05305 -0.22384
   0.57138  0.05316 -0.22271
   0.56347  0.05325 -0.22181
   0.55556  0.05334 -0.22124
   0.54765  0.05342 -0.21989
   0.53974  0.05348 -0.21878
   0.53183  0.05354 -0.21791
   0.52391  0.05358 -0.21759
   0.51600  0.05362 -0.21605
   0.50808  0.05365 -0.21583
   0.50017  0.05366 -0.21479
   0.49225  0.05367 -0.21368
   0.48434  0.05366 -0.21360
   0.47642  0.05365 -0.21270
   0.46852  0.05363 -0.21220
   0.46062  0.05360 -0.21111
   0.45272  0.05355 -0.21162
   0.44483  0.05350 -0.20989
   0.43695  0.05344 -0.20946
   0.42908  0.05336 -0.20858
   0.42122  0.05328 -0.20870
   0.41340  0.05319 -0.20793
   0.40562  0.05309 -0.20898
   0.39791  0.05299 -0.20868
   0.39026  0.05286 -0.20895
   0.38268  0.05273 -0.20648
   0.37518  0.05259 -0.20295
   0.36779  0.05245 -0.20392
   0.36056  0.05233 -0.21181
   0.35355  0.05219 -0.22347
   0.34675  0.05202 -0.23022
   0.34015  0.05179 -0.21532
   0.33367  0.05152 -0.18704
   0.32729  0.05126 -0.16171
   0.32094  0.05107 -0.15465
   0.31459  0.05095 -0.17765
   0.30818  0.05086 -0.20795
   0.30168  0.05074 -0.22953
   0.29501  0.05055 -0.22564
   0.28812  0.05029 -0.21221
   0.28102  0.05002 -0.20281
   0.27376  0.04974 -0.20470
   0.26640  0.04946 -0.20751
   0.25896  0.04915 -0.20839
   0.25145  0.04883 -0.20814
   0.24388  0.04848 -0.20781
   0.23629  0.04812 -0.20845
   0.22868  0.04775 -0.20907
   0.22107  0.04735 -0.21008
   0.21346  0.04694 -0.21044
   0.20588  0.04651 -0.21156
   0.19832  0.04606 -0.21230
   0.19079  0.04559 -0.21369
   0.18331  0.04510 -0.21568
   0.17587  0.04459 -0.21525
   0.16848  0.04405 -0.21805
   0.16116  0.04350 -0.21832
   0.15392  0.04292 -0.21918
   0.14676  0.04231 -0.22179
   0.13969  0.04168 -0.22073
   0.13274  0.04103 -0.22278
   0.12592  0.04036 -0.22239
   0.11925  0.03966 -0.22297
   0.11274  0.03895 -0.22243
   0.10643  0.03821 -0.22215
   0.10032  0.03747 -0.22267
   0.09446  0.03673 -0.22201
   0.08886  0.03598 -0.22390
   0.08353  0.03523 -0.22429
   0.07849  0.03450 -0.22704
   0.07373  0.03377 -0.23194
   0.06927  0.03305 -0.23333
   0.06509  0.03235 -0.24521
   0.06115  0.03165 -0.24962
   0.05745  0.03095 -0.25649
   0.05396  0.03023 -0.26017
   0.05068  0.02952 -0.25523
   0.04758  0.02879 -0.24675
   0.04465  0.02805 -0.23581
   0.04187  0.02732 -0.22376
   0.03925  0.02659 -0.20905
   0.03676  0.02587 -0.19978
   0.03441  0.02515 -0.18482
   0.03218  0.02442 -0.15728
   0.03006  0.02371 -0.12921
   0.02804  0.02301 -0.10604
   0.02612  0.02234 -0.09787
   0.02429  0.02168 -0.09613
   0.02256  0.02105 -0.09242
   0.02092  0.02042 -0.09056
   0.01936  0.01979 -0.08284
   0.01788  0.01916 -0.06748
   0.01648  0.01853 -0.04581
   0.01513  0.01790 -0.01988
   0.01385  0.01728  0.00323
   0.01262  0.01665  0.02789
   0.01145  0.01603  0.04323
   0.01032  0.01542  0.06375
   0.00925  0.01480  0.08907
   0.00822  0.01418  0.10522
   0.00724  0.01356  0.13279
   0.00631  0.01293  0.15140
   0.00542  0.01229  0.17439
   0.00458  0.01164  0.20611
   0.00379  0.01098  0.22822
   0.00305  0.01029  0.26177
   0.00239  0.00956  0.30690
   0.00182  0.00878  0.44686
   0.00133  0.00797  0.51329
   0.00094  0.00712  0.65276
   0.00065  0.00624  0.76480
   0.00044  0.00536  0.85335
   0.00028  0.00447  0.91131
   0.00016  0.00358  0.95349
   0.00008  0.00270  0.97854
   0.00003  0.00182  0.99386
   0.00000  0.00095  0.99985
  -0.00000  0.00009  0.99766
   0.00003 -0.00076  0.98902
   0.00006 -0.00163  0.97048
   0.00015 -0.00249  0.95404
   0.00023 -0.00336  0.92122
   0.00032 -0.00424  0.88111
   0.00047 -0.00512  0.83938
   0.00063 -0.00601  0.78457
   0.00082 -0.00691  0.72116
   0.00104 -0.00781  0.64858
   0.00129 -0.00871  0.55702
   0.00157 -0.00961  0.45464
   0.00190 -0.01051  0.33764
   0.00227 -0.01140  0.18478
   0.00270 -0.01228  0.05587
   0.00318 -0.01315 -0.15355
   0.00373 -0.01400 -0.38460
   0.00438 -0.01479 -0.45740
   0.00511 -0.01554 -0.52555
   0.00590 -0.01626 -0.55224
   0.00676 -0.01694 -0.57182
   0.00768 -0.01760 -0.58361
   0.00865 -0.01823 -0.58795
   0.00967 -0.01885 -0.59368
   0.01075 -0.01945 -0.57846
   0.01188 -0.02004 -0.58322
   0.01307 -0.02061 -0.57008
   0.01432 -0.02118 -0.56377
   0.01563 -0.02174 -0.55484
   0.01700 -0.02229 -0.53720
   0.01845 -0.02284 -0.52772
   0.01996 -0.02339 -0.51751
   0.02156 -0.02394 -0.50559
   0.02324 -0.02449 -0.49228
   0.02502 -0.02504 -0.48130
   0.02690 -0.02561 -0.47233
   0.02888 -0.02618 -0.46133
   0.03099 -0.02676 -0.45267
   0.03324 -0.02735 -0.44599
   0.03563 -0.02795 -0.43631
   0.03818 -0.02857 -0.42792
   0.04090 -0.02920 -0.41867
   0.04382 -0.02985 -0.40988
   0.04694 -0.03052 -0.40239
   0.05029 -0.03121 -0.39970
   0.05388 -0.03192 -0.39323
   0.05772 -0.03265 -0.39048
   0.06181 -0.03340 -0.38586
   0.06618 -0.03416 -0.38186
   0.07081 -0.03493 -0.37856
   0.07572 -0.03571 -0.37502
   0.08090 -0.03650 -0.37186
   0.08636 -0.03729 -0.36917
   0.09206 -0.03808 -0.36562
   0.09799 -0.03886 -0.36225
   0.10414 -0.03963 -0.36184
   0.11047 -0.04039 -0.35961
   0.11696 -0.04113 -0.35913
   0.12360 -0.04184 -0.35805
   0.13035 -0.04253 -0.35670
   0.13721 -0.04318 -0.35477
   0.14417 -0.04381 -0.35239
   0.15121 -0.04440 -0.34933
   0.15834 -0.04497 -0.34661
   0.16553 -0.04550 -0.34374
   0.17278 -0.04600 -0.34067
   0.18008 -0.04648 -0.33753
   0.18742 -0.04692 -0.33599
   0.19479 -0.04734 -0.33316
   0.20219 -0.04773 -0.33106
   0.20962 -0.04809 -0.32725
   0.21707 -0.04842 -0.32538
   0.22456 -0.04873 -0.32141
   0.23208 -0.04901 -0.31787
   0.23964 -0.04926 -0.31419
   0.24721 -0.04950 -0.31221
   0.25481 -0.04971 -0.30952
   0.26241 -0.04990 -0.30683
   0.27004 -0.05006 -0.30385
   0.27768 -0.05021 -0.30149
   0.28534 -0.05033 -0.29827
   0.29302 -0.05043 -0.29597
   0.30071 -0.05052 -0.29368
   0.30841 -0.05058 -0.29172
   0.31611 -0.05063 -0.29003
   0.32382 -0.05066 -0.28785
   0.33154 -0.05066 -0.28545
   0.33927 -0.05065 -0.28446
   0.34699 -0.05062 -0.28186
   0.35472 -0.05057 -0.28054
   0.36246 -0.05051 -0.27888
   0.37019 -0.05042 -0.27734
   0.37793 -0.05031 -0.27490
   0.38566 -0.05019 -0.27404
   0.39339 -0.05004 -0.27209
   0.40111 -0.04988 -0.27054
   0.40883 -0.04970 -0.26884
   0.41655 -0.04951 -0.26796
   0.42426 -0.04929 -0.26651
   0.43196 -0.04905 -0.26551
   0.43965 -0.04880 -0.26398
   0.44733 -0.04852 -0.26291
   0.45499 -0.04823 -0.26173
   0.46265 -0.04791 -0.26000
   0.47029 -0.04757 -0.25910
   0.47793 -0.04721 -0.25723
   0.48555 -0.04683 -0.25560
   0.49315 -0.04642 -0.25394
   0.50075 -0.04600 -0.25237
   0.50833 -0.04555 -0.24977
   0.51589 -0.04507 -0.24816
   0.52345 -0.04458 -0.24533
   0.53099 -0.04405 -0.24340
   0.53851 -0.04351 -0.24029
   0.54603 -0.04293 -0.23783
   0.55353 -0.04234 -0.23515
   0.56101 -0.04171 -0.23099
   0.56848 -0.04106 -0.22804
   0.57593 -0.04038 -0.22400
   0.58337 -0.03967 -0.22008
   0.59078 -0.03894 -0.21606
   0.59818 -0.03818 -0.21114
   0.60556 -0.03738 -0.20653
   0.61292 -0.03656 -0.20132
   0.62026 -0.03571 -0.19536
   0.62759 -0.03483 -0.18944
   0.63490 -0.03391 -0.18185
   0.64220 -0.03296 -0.17585
   0.64948 -0.03198 -0.16769
   0.65674 -0.03097 -0.15966
   0.66400 -0.02992 -0.15039
   0.67125 -0.02883 -0.14087
   0.67849 -0.02772 -0.13117
   0.68572 -0.02656 -0.11994
   0.69295 -0.02537 -0.10917
   0.70018 -0.02415 -0.09614
   0.70741 -0.02288 -0.08385
   0.71464 -0.02159 -0.07048
   0.72188 -0.02025 -0.05552
   0.72912 -0.01888 -0.04148
   0.73638 -0.01747 -0.02455
   0.74365 -0.01602 -0.00888
   0.75094 -0.01453  0.00976
   0.75826 -0.01301  0.02771
   0.76560 -0.01146  0.04737
   0.77297 -0.00987  0.06700
   0.78039 -0.00825  0.08854
   0.78785 -0.00659  0.10967
   0.79535 -0.00492  0.13282
   0.80287 -0.00323  0.15567
   0.81037 -0.00154  0.17798
   0.81778  0.00013  0.20316
   0.82509  0.00176  0.22630
   0.83227  0.00334  0.24782
   0.83932  0.00486  0.26855
   0.84624  0.00632  0.28896
   0.85304  0.00771  0.30737
   0.85972  0.00903  0.32628
   0.86628  0.01027  0.34247
   0.87271  0.01143  0.35853
   0.87902  0.01251  0.37355
   0.88521  0.01350  0.38627
   0.89129  0.01440  0.39906
   0.89727  0.01522  0.40884
   0.90316  0.01595  0.41934
   0.90895  0.01659  0.42819
   0.91464  0.01715  0.43556
   0.92020  0.01763  0.44395
   0.92564  0.01802  0.44975
   0.93097  0.01831  0.45434
   0.93623  0.01853  0.45746
   0.94141  0.01867  0.45697
   0.94645  0.01876  0.46721
   0.95125  0.01879  0.47888
   0.95581  0.01873  0.49150
   0.96019  0.01854  0.49560
   0.96446  0.01821  0.48056
   0.96872  0.01776  0.45436
   0.97300  0.01724  0.42582
   0.97726  0.01672  0.41550
   0.98142  0.01621  0.42811
   0.98545  0.01563  0.43244
   0.98942  0.01489  0.38725
   0.99340  0.01406  0.32679
   0.99738  0.01325  0.29812
   1.00000  0.01271  0.25221
