GRUMMAN K-2 AIRFOIL                             
 Alfa =  -1.31520 Re =        0.000 Xflap,Yflap =     0.000000    0.000000
#    x        y        Cp  
   1.00000  0.01371  0.25219
   0.99739  0.01444  0.09674
   0.99327  0.01550  0.06274
   0.98886  0.01658  0.04437
   0.98418  0.01773  0.00270
   0.97923  0.01891 -0.02682
   0.97401  0.02013 -0.05685
   0.96856  0.02137 -0.08468
   0.96293  0.02261 -0.11250
   0.95713  0.02384 -0.13553
   0.95115  0.02505 -0.15424
   0.94501  0.02623 -0.16944
   0.93873  0.02739 -0.18302
   0.93231  0.02852 -0.19399
   0.92575  0.02962 -0.20133
   0.91905  0.03069 -0.20702
   0.91224  0.03174 -0.21423
   0.90536  0.03277 -0.22286
   0.89842  0.03376 -0.23031
   0.89145  0.03472 -0.23813
   0.88446  0.03564 -0.24346
   0.87741  0.03652 -0.24751
   0.87030  0.03736 -0.24800
   0.86310  0.03817 -0.24793
   0.85580  0.03897 -0.24751
   0.84840  0.03974 -0.24669
   0.84093  0.04049 -0.24678
   0.83341  0.04123 -0.24721
   0.82588  0.04195 -0.25178
   0.81837  0.04265 -0.25772
   0.81087  0.04332 -0.26028
   0.80338  0.04396 -0.26354
   0.79590  0.04457 -0.26602
   0.78841  0.04515 -0.26703
   0.78092  0.04570 -0.26857
   0.77342  0.04622 -0.26825
   0.76591  0.04671 -0.26826
   0.75838  0.04717 -0.26706
   0.75082  0.04761 -0.26577
   0.74324  0.04802 -0.26187
   0.73562  0.04841 -0.26055
   0.72798  0.04878 -0.25720
   0.72030  0.04913 -0.25500
   0.71260  0.04946 -0.25216
   0.70486  0.04978 -0.24955
   0.69710  0.05008 -0.24680
   0.68932  0.05037 -0.24457
   0.68152  0.05064 -0.24223
   0.67370  0.05090 -0.24126
   0.66588  0.05114 -0.23845
   0.65804  0.05138 -0.23732
   0.65020  0.05160 -0.23551
   0.64235  0.05180 -0.23385
   0.63449  0.05200 -0.23297
   0.62662  0.05218 -0.23068
   0.61875  0.05235 -0.22952
   0.61086  0.05251 -0.22789
   0.60297  0.05266 -0.22605
   0.59508  0.05280 -0.22537
   0.58718  0.05293 -0.22444
   0.57928  0.05305 -0.22304
   0.57138  0.05316 -0.22189
   0.56347  0.05325 -0.22098
   0.55556  0.05334 -0.22040
   0.54765  0.05342 -0.21904
   0.53974  0.05348 -0.21791
   0.53183  0.05354 -0.21703
   0.52391  0.05358 -0.21670
   0.51600  0.05362 -0.21514
   0.50808  0.05365 -0.21491
   0.50017  0.05366 -0.21385
   0.49225  0.05367 -0.21273
   0.48434  0.05366 -0.21264
   0.47642  0.05365 -0.21172
   0.46852  0.05363 -0.21121
   0.46062  0.05360 -0.21010
   0.45272  0.05355 -0.21059
   0.44483  0.05350 -0.20885
   0.43695  0.05344 -0.20840
   0.42908  0.05336 -0.20751
   0.42122  0.05328 -0.20761
   0.41340  0.05319 -0.20682
   0.40562  0.05309 -0.20786
   0.39791  0.05299 -0.20753
   0.39026  0.05286 -0.20779
   0.38268  0.05273 -0.20530
   0.37518  0.05259 -0.20175
   0.36779  0.05245 -0.20270
   0.36056  0.05233 -0.21057
   0.35355  0.05219 -0.22219
   0.34675  0.05202 -0.22893
   0.34015  0.05179 -0.21402
   0.33367  0.05152 -0.18575
   0.32729  0.05126 -0.16043
   0.32094  0.05107 -0.15336
   0.31459  0.05095 -0.17632
   0.30818  0.05086 -0.20656
   0.30168  0.05074 -0.22810
   0.29501  0.05055 -0.22419
   0.28812  0.05029 -0.21074
   0.28102  0.05002 -0.20134
   0.27376  0.04974 -0.20319
   0.26640  0.04946 -0.20597
   0.25896  0.04915 -0.20682
   0.25145  0.04883 -0.20655
   0.24388  0.04848 -0.20618
   0.23629  0.04812 -0.20679
   0.22868  0.04775 -0.20737
   0.22107  0.04735 -0.20834
   0.21346  0.04694 -0.20866
   0.20588  0.04651 -0.20974
   0.19832  0.04606 -0.21044
   0.19079  0.04559 -0.21178
   0.18331  0.04510 -0.21372
   0.17587  0.04459 -0.21324
   0.16848  0.04405 -0.21598
   0.16116  0.04350 -0.21620
   0.15392  0.04292 -0.21700
   0.14676  0.04231 -0.21955
   0.13969  0.04168 -0.21843
   0.13274  0.04103 -0.22040
   0.12592  0.04036 -0.21994
   0.11925  0.03966 -0.22044
   0.11274  0.03895 -0.21983
   0.10643  0.03821 -0.21946
   0.10032  0.03747 -0.21989
   0.09446  0.03673 -0.21914
   0.08886  0.03598 -0.22093
   0.08353  0.03523 -0.22122
   0.07849  0.03450 -0.22386
   0.07373  0.03377 -0.22864
   0.06927  0.03305 -0.22991
   0.06509  0.03235 -0.24164
   0.06115  0.03165 -0.24592
   0.05745  0.03095 -0.25264
   0.05396  0.03023 -0.25619
   0.05068  0.02952 -0.25112
   0.04758  0.02879 -0.24254
   0.04465  0.02805 -0.23149
   0.04187  0.02732 -0.21935
   0.03925  0.02659 -0.20453
   0.03676  0.02587 -0.19515
   0.03441  0.02515 -0.18008
   0.03218  0.02442 -0.15249
   0.03006  0.02371 -0.12438
   0.02804  0.02301 -0.10114
   0.02612  0.02234 -0.09284
   0.02429  0.02168 -0.09092
   0.02256  0.02105 -0.08704
   0.02092  0.02042 -0.08499
   0.01936  0.01979 -0.07710
   0.01788  0.01916 -0.06159
   0.01648  0.01853 -0.03982
   0.01513  0.01790 -0.01379
   0.01385  0.01728  0.00943
   0.01262  0.01665  0.03422
   0.01145  0.01603  0.04973
   0.01032  0.01542  0.07042
   0.00925  0.01480  0.09589
   0.00822  0.01418  0.11225
   0.00724  0.01356  0.14001
   0.00631  0.01293  0.15889
   0.00542  0.01229  0.18216
   0.00458  0.01164  0.21413
   0.00379  0.01098  0.23663
   0.00305  0.01029  0.27056
   0.00239  0.00956  0.31600
   0.00182  0.00878  0.45502
   0.00133  0.00797  0.52144
   0.00094  0.00712  0.65951
   0.00065  0.00624  0.77021
   0.00044  0.00536  0.85747
   0.00028  0.00447  0.91441
   0.00016  0.00358  0.95567
   0.00008  0.00270  0.97998
   0.00003  0.00182  0.99461
   0.00000  0.00095  0.99994
  -0.00000  0.00009  0.99716
   0.00003 -0.00076  0.98801
   0.00006 -0.00163  0.96876
   0.00015 -0.00249  0.95208
   0.00023 -0.00336  0.91855
   0.00032 -0.00424  0.87778
   0.00047 -0.00512  0.83560
   0.00063 -0.00601  0.78015
   0.00082 -0.00691  0.71613
   0.00104 -0.00781  0.64291
   0.00129 -0.00871  0.55061
   0.00157 -0.00961  0.44744
   0.00190 -0.01051  0.32966
   0.00227 -0.01140  0.17575
   0.00270 -0.01228  0.04623
   0.00318 -0.01315 -0.16450
   0.00373 -0.01400 -0.39681
   0.00438 -0.01479 -0.46940
   0.00511 -0.01554 -0.53734
   0.00590 -0.01626 -0.56357
   0.00676 -0.01694 -0.58269
   0.00768 -0.01760 -0.59402
   0.00865 -0.01823 -0.59793
   0.00967 -0.01885 -0.60322
   0.01075 -0.01945 -0.58756
   0.01188 -0.02004 -0.59196
   0.01307 -0.02061 -0.57844
   0.01432 -0.02118 -0.57178
   0.01563 -0.02174 -0.56252
   0.01700 -0.02229 -0.54455
   0.01845 -0.02284 -0.53477
   0.01996 -0.02339 -0.52429
   0.02156 -0.02394 -0.51211
   0.02324 -0.02449 -0.49853
   0.02502 -0.02504 -0.48731
   0.02690 -0.02561 -0.47812
   0.02888 -0.02618 -0.46690
   0.03099 -0.02676 -0.45805
   0.03324 -0.02735 -0.45118
   0.03563 -0.02795 -0.44131
   0.03818 -0.02857 -0.43274
   0.04090 -0.02920 -0.42331
   0.04382 -0.02985 -0.41435
   0.04694 -0.03052 -0.40670
   0.05029 -0.03121 -0.40386
   0.05388 -0.03192 -0.39725
   0.05772 -0.03265 -0.39435
   0.06181 -0.03340 -0.38960
   0.06618 -0.03416 -0.38546
   0.07081 -0.03493 -0.38204
   0.07572 -0.03571 -0.37838
   0.08090 -0.03650 -0.37511
   0.08636 -0.03729 -0.37230
   0.09206 -0.03808 -0.36865
   0.09799 -0.03886 -0.36518
   0.10414 -0.03963 -0.36467
   0.11047 -0.04039 -0.36235
   0.11696 -0.04113 -0.36179
   0.12360 -0.04184 -0.36063
   0.13035 -0.04253 -0.35920
   0.13721 -0.04318 -0.35720
   0.14417 -0.04381 -0.35475
   0.15121 -0.04440 -0.35162
   0.15834 -0.04497 -0.34884
   0.16553 -0.04550 -0.34590
   0.17278 -0.04600 -0.34278
   0.18008 -0.04648 -0.33958
   0.18742 -0.04692 -0.33799
   0.19479 -0.04734 -0.33512
   0.20219 -0.04773 -0.33296
   0.20962 -0.04809 -0.32911
   0.21707 -0.04842 -0.32720
   0.22456 -0.04873 -0.32318
   0.23208 -0.04901 -0.31960
   0.23964 -0.04926 -0.31588
   0.24721 -0.04950 -0.31386
   0.25481 -0.04971 -0.31113
   0.26241 -0.04990 -0.30842
   0.27004 -0.05006 -0.30540
   0.27768 -0.05021 -0.30301
   0.28534 -0.05033 -0.29975
   0.29302 -0.05043 -0.29743
   0.30071 -0.05052 -0.29511
   0.30841 -0.05058 -0.29311
   0.31611 -0.05063 -0.29141
   0.32382 -0.05066 -0.28919
   0.33154 -0.05066 -0.28677
   0.33927 -0.05065 -0.28576
   0.34699 -0.05062 -0.28313
   0.35472 -0.05057 -0.28179
   0.36246 -0.05051 -0.28010
   0.37019 -0.05042 -0.27855
   0.37793 -0.05031 -0.27608
   0.38566 -0.05019 -0.27520
   0.39339 -0.05004 -0.27323
   0.40111 -0.04988 -0.27166
   0.40883 -0.04970 -0.26994
   0.41655 -0.04951 -0.26904
   0.42426 -0.04929 -0.26758
   0.43196 -0.04905 -0.26655
   0.43965 -0.04880 -0.26501
   0.44733 -0.04852 -0.26393
   0.45499 -0.04823 -0.26273
   0.46265 -0.04791 -0.26098
   0.47029 -0.04757 -0.26006
   0.47793 -0.04721 -0.25817
   0.48555 -0.04683 -0.25653
   0.49315 -0.04642 -0.25485
   0.50075 -0.04600 -0.25327
   0.50833 -0.04555 -0.25066
   0.51589 -0.04507 -0.24902
   0.52345 -0.04458 -0.24618
   0.53099 -0.04405 -0.24424
   0.53851 -0.04351 -0.24111
   0.54603 -0.04293 -0.23863
   0.55353 -0.04234 -0.23594
   0.56101 -0.04171 -0.23176
   0.56848 -0.04106 -0.22880
   0.57593 -0.04038 -0.22475
   0.58337 -0.03967 -0.22081
   0.59078 -0.03894 -0.21678
   0.59818 -0.03818 -0.21185
   0.60556 -0.03738 -0.20722
   0.61292 -0.03656 -0.20199
   0.62026 -0.03571 -0.19602
   0.62759 -0.03483 -0.19009
   0.63490 -0.03391 -0.18248
   0.64220 -0.03296 -0.17646
   0.64948 -0.03198 -0.16829
   0.65674 -0.03097 -0.16025
   0.66400 -0.02992 -0.15095
   0.67125 -0.02883 -0.14142
   0.67849 -0.02772 -0.13171
   0.68572 -0.02656 -0.12046
   0.69295 -0.02537 -0.10968
   0.70018 -0.02415 -0.09664
   0.70741 -0.02288 -0.08433
   0.71464 -0.02159 -0.07095
   0.72188 -0.02025 -0.05597
   0.72912 -0.01888 -0.04192
   0.73638 -0.01747 -0.02497
   0.74365 -0.01602 -0.00928
   0.75094 -0.01453  0.00937
   0.75826 -0.01301  0.02734
   0.76560 -0.01146  0.04701
   0.77297 -0.00987  0.06665
   0.78039 -0.00825  0.08822
   0.78785 -0.00659  0.10935
   0.79535 -0.00492  0.13253
   0.80287 -0.00323  0.15539
   0.81037 -0.00154  0.17771
   0.81778  0.00013  0.20291
   0.82509  0.00176  0.22607
   0.83227  0.00334  0.24759
   0.83932  0.00486  0.26833
   0.84624  0.00632  0.28876
   0.85304  0.00771  0.30717
   0.85972  0.00903  0.32610
   0.86628  0.01027  0.34230
   0.87271  0.01143  0.35837
   0.87902  0.01251  0.37339
   0.88521  0.01350  0.38612
   0.89129  0.01440  0.39892
   0.89727  0.01522  0.40871
   0.90316  0.01595  0.41921
   0.90895  0.01659  0.42807
   0.91464  0.01715  0.43544
   0.92020  0.01763  0.44384
   0.92564  0.01802  0.44964
   0.93097  0.01831  0.45424
   0.93623  0.01853  0.45736
   0.94141  0.01867  0.45687
   0.94645  0.01876  0.46712
   0.95125  0.01879  0.47880
   0.95581  0.01873  0.49142
   0.96019  0.01854  0.49553
   0.96446  0.01821  0.48049
   0.96872  0.01776  0.45429
   0.97300  0.01724  0.42574
   0.97726  0.01672  0.41544
   0.98142  0.01621  0.42804
   0.98545  0.01563  0.43240
   0.98942  0.01489  0.38720
   0.99340  0.01406  0.32675
   0.99738  0.01325  0.29808
   1.00000  0.01271  0.25219
