GRUMMAN K-2 AIRFOIL                             
 Alfa =  -1.32770 Re =        0.000 Xflap,Yflap =     0.000000    0.000000
#    x        y        Cp  
   1.00000  0.01371  0.25218
   0.99739  0.01444  0.09676
   0.99327  0.01550  0.06277
   0.98886  0.01658  0.04442
   0.98418  0.01773  0.00275
   0.97923  0.01891 -0.02677
   0.97401  0.02013 -0.05679
   0.96856  0.02137 -0.08460
   0.96293  0.02261 -0.11242
   0.95713  0.02384 -0.13543
   0.95115  0.02505 -0.15413
   0.94501  0.02623 -0.16933
   0.93873  0.02739 -0.18290
   0.93231  0.02852 -0.19385
   0.92575  0.02962 -0.20119
   0.91905  0.03069 -0.20687
   0.91224  0.03174 -0.21408
   0.90536  0.03277 -0.22269
   0.89842  0.03376 -0.23014
   0.89145  0.03472 -0.23795
   0.88446  0.03564 -0.24327
   0.87741  0.03652 -0.24732
   0.87030  0.03736 -0.24780
   0.86310  0.03817 -0.24772
   0.85580  0.03897 -0.24730
   0.84840  0.03974 -0.24647
   0.84093  0.04049 -0.24655
   0.83341  0.04123 -0.24697
   0.82588  0.04195 -0.25153
   0.81837  0.04265 -0.25747
   0.81087  0.04332 -0.26002
   0.80338  0.04396 -0.26327
   0.79590  0.04457 -0.26575
   0.78841  0.04515 -0.26675
   0.78092  0.04570 -0.26828
   0.77342  0.04622 -0.26796
   0.76591  0.04671 -0.26796
   0.75838  0.04717 -0.26675
   0.75082  0.04761 -0.26546
   0.74324  0.04802 -0.26155
   0.73562  0.04841 -0.26022
   0.72798  0.04878 -0.25686
   0.72030  0.04913 -0.25466
   0.71260  0.04946 -0.25182
   0.70486  0.04978 -0.24920
   0.69710  0.05008 -0.24645
   0.68932  0.05037 -0.24421
   0.68152  0.05064 -0.24186
   0.67370  0.05090 -0.24089
   0.66588  0.05114 -0.23807
   0.65804  0.05138 -0.23694
   0.65020  0.05160 -0.23512
   0.64235  0.05180 -0.23346
   0.63449  0.05200 -0.23256
   0.62662  0.05218 -0.23027
   0.61875  0.05235 -0.22910
   0.61086  0.05251 -0.22747
   0.60297  0.05266 -0.22562
   0.59508  0.05280 -0.22493
   0.58718  0.05293 -0.22400
   0.57928  0.05305 -0.22259
   0.57138  0.05316 -0.22143
   0.56347  0.05325 -0.22051
   0.55556  0.05334 -0.21993
   0.54765  0.05342 -0.21856
   0.53974  0.05348 -0.21743
   0.53183  0.05354 -0.21653
   0.52391  0.05358 -0.21620
   0.51600  0.05362 -0.21463
   0.50808  0.05365 -0.21439
   0.50017  0.05366 -0.21333
   0.49225  0.05367 -0.21219
   0.48434  0.05366 -0.21210
   0.47642  0.05365 -0.21117
   0.46852  0.05363 -0.21065
   0.46062  0.05360 -0.20954
   0.45272  0.05355 -0.21002
   0.44483  0.05350 -0.20827
   0.43695  0.05344 -0.20781
   0.42908  0.05336 -0.20691
   0.42122  0.05328 -0.20700
   0.41340  0.05319 -0.20620
   0.40562  0.05309 -0.20723
   0.39791  0.05299 -0.20689
   0.39026  0.05286 -0.20714
   0.38268  0.05273 -0.20464
   0.37518  0.05259 -0.20108
   0.36779  0.05245 -0.20203
   0.36056  0.05233 -0.20987
   0.35355  0.05219 -0.22148
   0.34675  0.05202 -0.22820
   0.34015  0.05179 -0.21330
   0.33367  0.05152 -0.18503
   0.32729  0.05126 -0.15971
   0.32094  0.05107 -0.15264
   0.31459  0.05095 -0.17557
   0.30818  0.05086 -0.20578
   0.30168  0.05074 -0.22729
   0.29501  0.05055 -0.22337
   0.28812  0.05029 -0.20992
   0.28102  0.05002 -0.20051
   0.27376  0.04974 -0.20235
   0.26640  0.04946 -0.20511
   0.25896  0.04915 -0.20594
   0.25145  0.04883 -0.20565
   0.24388  0.04848 -0.20527
   0.23629  0.04812 -0.20586
   0.22868  0.04775 -0.20641
   0.22107  0.04735 -0.20737
   0.21346  0.04694 -0.20767
   0.20588  0.04651 -0.20872
   0.19832  0.04606 -0.20939
   0.19079  0.04559 -0.21071
   0.18331  0.04510 -0.21262
   0.17587  0.04459 -0.21211
   0.16848  0.04405 -0.21482
   0.16116  0.04350 -0.21501
   0.15392  0.04292 -0.21578
   0.14676  0.04231 -0.21829
   0.13969  0.04168 -0.21713
   0.13274  0.04103 -0.21907
   0.12592  0.04036 -0.21856
   0.11925  0.03966 -0.21902
   0.11274  0.03895 -0.21836
   0.10643  0.03821 -0.21795
   0.10032  0.03747 -0.21833
   0.09446  0.03673 -0.21753
   0.08886  0.03598 -0.21926
   0.08353  0.03523 -0.21950
   0.07849  0.03450 -0.22207
   0.07373  0.03377 -0.22679
   0.06927  0.03305 -0.22799
   0.06509  0.03235 -0.23964
   0.06115  0.03165 -0.24385
   0.05745  0.03095 -0.25049
   0.05396  0.03023 -0.25396
   0.05068  0.02952 -0.24883
   0.04758  0.02879 -0.24018
   0.04465  0.02805 -0.22908
   0.04187  0.02732 -0.21687
   0.03925  0.02659 -0.20200
   0.03676  0.02587 -0.19255
   0.03441  0.02515 -0.17743
   0.03218  0.02442 -0.14982
   0.03006  0.02371 -0.12167
   0.02804  0.02301 -0.09840
   0.02612  0.02234 -0.09002
   0.02429  0.02168 -0.08801
   0.02256  0.02105 -0.08403
   0.02092  0.02042 -0.08187
   0.01936  0.01979 -0.07389
   0.01788  0.01916 -0.05830
   0.01648  0.01853 -0.03647
   0.01513  0.01790 -0.01038
   0.01385  0.01728  0.01290
   0.01262  0.01665  0.03775
   0.01145  0.01603  0.05336
   0.01032  0.01542  0.07414
   0.00925  0.01480  0.09971
   0.00822  0.01418  0.11619
   0.00724  0.01356  0.14405
   0.00631  0.01293  0.16308
   0.00542  0.01229  0.18650
   0.00458  0.01164  0.21860
   0.00379  0.01098  0.24133
   0.00305  0.01029  0.27546
   0.00239  0.00956  0.32107
   0.00182  0.00878  0.45956
   0.00133  0.00797  0.52599
   0.00094  0.00712  0.66327
   0.00065  0.00624  0.77322
   0.00044  0.00536  0.85975
   0.00028  0.00447  0.91612
   0.00016  0.00358  0.95687
   0.00008  0.00270  0.98077
   0.00003  0.00182  0.99501
   0.00000  0.00095  0.99998
  -0.00000  0.00009  0.99687
   0.00003 -0.00076  0.98742
   0.00006 -0.00163  0.96777
   0.00015 -0.00249  0.95097
   0.00023 -0.00336  0.91703
   0.00032 -0.00424  0.87590
   0.00047 -0.00512  0.83347
   0.00063 -0.00601  0.77766
   0.00082 -0.00691  0.71328
   0.00104 -0.00781  0.63971
   0.00129 -0.00871  0.54700
   0.00157 -0.00961  0.44338
   0.00190 -0.01051  0.32516
   0.00227 -0.01140  0.17067
   0.00270 -0.01228  0.04080
   0.00318 -0.01315 -0.17066
   0.00373 -0.01400 -0.40368
   0.00438 -0.01479 -0.47614
   0.00511 -0.01554 -0.54397
   0.00590 -0.01626 -0.56994
   0.00676 -0.01694 -0.58880
   0.00768 -0.01760 -0.59987
   0.00865 -0.01823 -0.60354
   0.00967 -0.01885 -0.60858
   0.01075 -0.01945 -0.59267
   0.01188 -0.02004 -0.59687
   0.01307 -0.02061 -0.58313
   0.01432 -0.02118 -0.57628
   0.01563 -0.02174 -0.56684
   0.01700 -0.02229 -0.54867
   0.01845 -0.02284 -0.53873
   0.01996 -0.02339 -0.52810
   0.02156 -0.02394 -0.51576
   0.02324 -0.02449 -0.50205
   0.02502 -0.02504 -0.49069
   0.02690 -0.02561 -0.48138
   0.02888 -0.02618 -0.47004
   0.03099 -0.02676 -0.46107
   0.03324 -0.02735 -0.45409
   0.03563 -0.02795 -0.44411
   0.03818 -0.02857 -0.43545
   0.04090 -0.02920 -0.42591
   0.04382 -0.02985 -0.41685
   0.04694 -0.03052 -0.40911
   0.05029 -0.03121 -0.40620
   0.05388 -0.03192 -0.39950
   0.05772 -0.03265 -0.39653
   0.06181 -0.03340 -0.39169
   0.06618 -0.03416 -0.38749
   0.07081 -0.03493 -0.38399
   0.07572 -0.03571 -0.38026
   0.08090 -0.03650 -0.37693
   0.08636 -0.03729 -0.37406
   0.09206 -0.03808 -0.37035
   0.09799 -0.03886 -0.36681
   0.10414 -0.03963 -0.36626
   0.11047 -0.04039 -0.36389
   0.11696 -0.04113 -0.36328
   0.12360 -0.04184 -0.36208
   0.13035 -0.04253 -0.36061
   0.13721 -0.04318 -0.35856
   0.14417 -0.04381 -0.35607
   0.15121 -0.04440 -0.35291
   0.15834 -0.04497 -0.35009
   0.16553 -0.04550 -0.34711
   0.17278 -0.04600 -0.34396
   0.18008 -0.04648 -0.34073
   0.18742 -0.04692 -0.33911
   0.19479 -0.04734 -0.33621
   0.20219 -0.04773 -0.33403
   0.20962 -0.04809 -0.33015
   0.21707 -0.04842 -0.32821
   0.22456 -0.04873 -0.32418
   0.23208 -0.04901 -0.32057
   0.23964 -0.04926 -0.31682
   0.24721 -0.04950 -0.31479
   0.25481 -0.04971 -0.31204
   0.26241 -0.04990 -0.30930
   0.27004 -0.05006 -0.30626
   0.27768 -0.05021 -0.30386
   0.28534 -0.05033 -0.30058
   0.29302 -0.05043 -0.29824
   0.30071 -0.05052 -0.29591
   0.30841 -0.05058 -0.29390
   0.31611 -0.05063 -0.29217
   0.32382 -0.05066 -0.28994
   0.33154 -0.05066 -0.28751
   0.33927 -0.05065 -0.28648
   0.34699 -0.05062 -0.28385
   0.35472 -0.05057 -0.28248
   0.36246 -0.05051 -0.28079
   0.37019 -0.05042 -0.27922
   0.37793 -0.05031 -0.27675
   0.38566 -0.05019 -0.27585
   0.39339 -0.05004 -0.27386
   0.40111 -0.04988 -0.27229
   0.40883 -0.04970 -0.27056
   0.41655 -0.04951 -0.26964
   0.42426 -0.04929 -0.26817
   0.43196 -0.04905 -0.26714
   0.43965 -0.04880 -0.26559
   0.44733 -0.04852 -0.26449
   0.45499 -0.04823 -0.26328
   0.46265 -0.04791 -0.26153
   0.47029 -0.04757 -0.26059
   0.47793 -0.04721 -0.25870
   0.48555 -0.04683 -0.25705
   0.49315 -0.04642 -0.25536
   0.50075 -0.04600 -0.25377
   0.50833 -0.04555 -0.25115
   0.51589 -0.04507 -0.24951
   0.52345 -0.04458 -0.24666
   0.53099 -0.04405 -0.24470
   0.53851 -0.04351 -0.24157
   0.54603 -0.04293 -0.23909
   0.55353 -0.04234 -0.23638
   0.56101 -0.04171 -0.23220
   0.56848 -0.04106 -0.22922
   0.57593 -0.04038 -0.22517
   0.58337 -0.03967 -0.22122
   0.59078 -0.03894 -0.21718
   0.59818 -0.03818 -0.21224
   0.60556 -0.03738 -0.20760
   0.61292 -0.03656 -0.20237
   0.62026 -0.03571 -0.19639
   0.62759 -0.03483 -0.19045
   0.63490 -0.03391 -0.18283
   0.64220 -0.03296 -0.17681
   0.64948 -0.03198 -0.16863
   0.65674 -0.03097 -0.16058
   0.66400 -0.02992 -0.15127
   0.67125 -0.02883 -0.14174
   0.67849 -0.02772 -0.13202
   0.68572 -0.02656 -0.12075
   0.69295 -0.02537 -0.10997
   0.70018 -0.02415 -0.09692
   0.70741 -0.02288 -0.08460
   0.71464 -0.02159 -0.07121
   0.72188 -0.02025 -0.05622
   0.72912 -0.01888 -0.04216
   0.73638 -0.01747 -0.02520
   0.74365 -0.01602 -0.00951
   0.75094 -0.01453  0.00915
   0.75826 -0.01301  0.02713
   0.76560 -0.01146  0.04681
   0.77297 -0.00987  0.06646
   0.78039 -0.00825  0.08804
   0.78785 -0.00659  0.10918
   0.79535 -0.00492  0.13236
   0.80287 -0.00323  0.15523
   0.81037 -0.00154  0.17756
   0.81778  0.00013  0.20276
   0.82509  0.00176  0.22593
   0.83227  0.00334  0.24747
   0.83932  0.00486  0.26822
   0.84624  0.00632  0.28864
   0.85304  0.00771  0.30707
   0.85972  0.00903  0.32600
   0.86628  0.01027  0.34220
   0.87271  0.01143  0.35828
   0.87902  0.01251  0.37330
   0.88521  0.01350  0.38603
   0.89129  0.01440  0.39884
   0.89727  0.01522  0.40864
   0.90316  0.01595  0.41914
   0.90895  0.01659  0.42800
   0.91464  0.01715  0.43538
   0.92020  0.01763  0.44378
   0.92564  0.01802  0.44958
   0.93097  0.01831  0.45419
   0.93623  0.01853  0.45731
   0.94141  0.01867  0.45682
   0.94645  0.01876  0.46708
   0.95125  0.01879  0.47876
   0.95581  0.01873  0.49138
   0.96019  0.01854  0.49549
   0.96446  0.01821  0.48045
   0.96872  0.01776  0.45425
   0.97300  0.01724  0.42570
   0.97726  0.01672  0.41541
   0.98142  0.01621  0.42801
   0.98545  0.01563  0.43238
   0.98942  0.01489  0.38717
   0.99340  0.01406  0.32672
   0.99738  0.01325  0.29806
   1.00000  0.01271  0.25218
