GRUMMAN K-2 AIRFOIL                             
 Alfa =  -1.26500 Re =        0.000 Xflap,Yflap =     0.000000    0.000000
#    x        y        Cp  
   1.00000  0.01371  0.25223
   0.99739  0.01444  0.09667
   0.99327  0.01550  0.06264
   0.98886  0.01658  0.04421
   0.98418  0.01773  0.00249
   0.97923  0.01891 -0.02705
   0.97401  0.02013 -0.05711
   0.96856  0.02137 -0.08501
   0.96293  0.02261 -0.11284
   0.95713  0.02384 -0.13593
   0.95115  0.02505 -0.15467
   0.94501  0.02623 -0.16989
   0.93873  0.02739 -0.18352
   0.93231  0.02852 -0.19453
   0.92575  0.02962 -0.20189
   0.91905  0.03069 -0.20761
   0.91224  0.03174 -0.21487
   0.90536  0.03277 -0.22353
   0.89842  0.03376 -0.23102
   0.89145  0.03472 -0.23884
   0.88446  0.03564 -0.24423
   0.87741  0.03652 -0.24830
   0.87030  0.03736 -0.24881
   0.86310  0.03817 -0.24878
   0.85580  0.03897 -0.24838
   0.84840  0.03974 -0.24758
   0.84093  0.04049 -0.24770
   0.83341  0.04123 -0.24816
   0.82588  0.04195 -0.25276
   0.81837  0.04265 -0.25873
   0.81087  0.04332 -0.26133
   0.80338  0.04396 -0.26460
   0.79590  0.04457 -0.26712
   0.78841  0.04515 -0.26815
   0.78092  0.04570 -0.26973
   0.77342  0.04622 -0.26943
   0.76591  0.04671 -0.26947
   0.75838  0.04717 -0.26829
   0.75082  0.04761 -0.26702
   0.74324  0.04802 -0.26316
   0.73562  0.04841 -0.26185
   0.72798  0.04878 -0.25852
   0.72030  0.04913 -0.25634
   0.71260  0.04946 -0.25353
   0.70486  0.04978 -0.25094
   0.69710  0.05008 -0.24822
   0.68932  0.05037 -0.24601
   0.68152  0.05064 -0.24370
   0.67370  0.05090 -0.24274
   0.66588  0.05114 -0.23997
   0.65804  0.05138 -0.23886
   0.65020  0.05160 -0.23708
   0.64235  0.05180 -0.23545
   0.63449  0.05200 -0.23458
   0.62662  0.05218 -0.23233
   0.61875  0.05235 -0.23119
   0.61086  0.05251 -0.22958
   0.60297  0.05266 -0.22778
   0.59508  0.05280 -0.22711
   0.58718  0.05293 -0.22622
   0.57928  0.05305 -0.22484
   0.57138  0.05316 -0.22373
   0.56347  0.05325 -0.22285
   0.55556  0.05334 -0.22228
   0.54765  0.05342 -0.22096
   0.53974  0.05348 -0.21986
   0.53183  0.05354 -0.21901
   0.52391  0.05358 -0.21871
   0.51600  0.05362 -0.21719
   0.50808  0.05365 -0.21699
   0.50017  0.05366 -0.21595
   0.49225  0.05367 -0.21486
   0.48434  0.05366 -0.21481
   0.47642  0.05365 -0.21392
   0.46852  0.05363 -0.21345
   0.46062  0.05360 -0.21237
   0.45272  0.05355 -0.21290
   0.44483  0.05350 -0.21120
   0.43695  0.05344 -0.21078
   0.42908  0.05336 -0.20992
   0.42122  0.05328 -0.21007
   0.41340  0.05319 -0.20931
   0.40562  0.05309 -0.21039
   0.39791  0.05299 -0.21011
   0.39026  0.05286 -0.21040
   0.38268  0.05273 -0.20796
   0.37518  0.05259 -0.20444
   0.36779  0.05245 -0.20543
   0.36056  0.05233 -0.21336
   0.35355  0.05219 -0.22506
   0.34675  0.05202 -0.23185
   0.34015  0.05179 -0.21695
   0.33367  0.05152 -0.18866
   0.32729  0.05126 -0.16331
   0.32094  0.05107 -0.15626
   0.31459  0.05095 -0.17932
   0.30818  0.05086 -0.20969
   0.30168  0.05074 -0.23133
   0.29501  0.05055 -0.22746
   0.28812  0.05029 -0.21404
   0.28102  0.05002 -0.20466
   0.27376  0.04974 -0.20658
   0.26640  0.04946 -0.20943
   0.25896  0.04915 -0.21035
   0.25145  0.04883 -0.21014
   0.24388  0.04848 -0.20985
   0.23629  0.04812 -0.21054
   0.22868  0.04775 -0.21120
   0.22107  0.04735 -0.21226
   0.21346  0.04694 -0.21267
   0.20588  0.04651 -0.21384
   0.19832  0.04606 -0.21463
   0.19079  0.04559 -0.21608
   0.18331  0.04510 -0.21813
   0.17587  0.04459 -0.21776
   0.16848  0.04405 -0.22063
   0.16116  0.04350 -0.22097
   0.15392  0.04292 -0.22191
   0.14676  0.04231 -0.22461
   0.13969  0.04168 -0.22363
   0.13274  0.04103 -0.22576
   0.12592  0.04036 -0.22546
   0.11925  0.03966 -0.22614
   0.11274  0.03895 -0.22570
   0.10643  0.03821 -0.22552
   0.10032  0.03747 -0.22615
   0.09446  0.03673 -0.22561
   0.08886  0.03598 -0.22763
   0.08353  0.03523 -0.22814
   0.07849  0.03450 -0.23104
   0.07373  0.03377 -0.23609
   0.06927  0.03305 -0.23761
   0.06509  0.03235 -0.24969
   0.06115  0.03165 -0.25425
   0.05745  0.03095 -0.26131
   0.05396  0.03023 -0.26517
   0.05068  0.02952 -0.26037
   0.04758  0.02879 -0.25203
   0.04465  0.02805 -0.24122
   0.04187  0.02732 -0.22930
   0.03925  0.02659 -0.21471
   0.03676  0.02587 -0.20559
   0.03441  0.02515 -0.19075
   0.03218  0.02442 -0.16328
   0.03006  0.02371 -0.13527
   0.02804  0.02301 -0.11219
   0.02612  0.02234 -0.10418
   0.02429  0.02168 -0.10266
   0.02256  0.02105 -0.09917
   0.02092  0.02042 -0.09754
   0.01936  0.01979 -0.09005
   0.01788  0.01916 -0.07487
   0.01648  0.01853 -0.05334
   0.01513  0.01790 -0.02752
   0.01385  0.01728 -0.00455
   0.01262  0.01665  0.01994
   0.01145  0.01603  0.03507
   0.01032  0.01542  0.05538
   0.00925  0.01480  0.08050
   0.00822  0.01418  0.09637
   0.00724  0.01356  0.12370
   0.00631  0.01293  0.14197
   0.00542  0.01229  0.16462
   0.00458  0.01164  0.19602
   0.00379  0.01098  0.21762
   0.00305  0.01029  0.25070
   0.00239  0.00956  0.29543
   0.00182  0.00878  0.43657
   0.00133  0.00797  0.50299
   0.00094  0.00712  0.64421
   0.00065  0.00624  0.75795
   0.00044  0.00536  0.84813
   0.00028  0.00447  0.90736
   0.00016  0.00358  0.95068
   0.00008  0.00270  0.97666
   0.00003  0.00182  0.99286
   0.00000  0.00095  0.99966
  -0.00000  0.00009  0.99821
   0.00003 -0.00076  0.99021
   0.00006 -0.00163  0.97256
   0.00015 -0.00249  0.95643
   0.00023 -0.00336  0.92449
   0.00032 -0.00424  0.88521
   0.00047 -0.00512  0.84405
   0.00063 -0.00601  0.79003
   0.00082 -0.00691  0.72740
   0.00104 -0.00781  0.65561
   0.00129 -0.00871  0.56497
   0.00157 -0.00961  0.46357
   0.00190 -0.01051  0.34756
   0.00227 -0.01140  0.19600
   0.00270 -0.01228  0.06788
   0.00318 -0.01315 -0.13993
   0.00373 -0.01400 -0.36940
   0.00438 -0.01479 -0.44247
   0.00511 -0.01554 -0.51086
   0.00590 -0.01626 -0.53812
   0.00676 -0.01694 -0.55828
   0.00768 -0.01760 -0.57063
   0.00865 -0.01823 -0.57551
   0.00967 -0.01885 -0.58178
   0.01075 -0.01945 -0.56711
   0.01188 -0.02004 -0.57231
   0.01307 -0.02061 -0.55965
   0.01432 -0.02118 -0.55376
   0.01563 -0.02174 -0.54526
   0.01700 -0.02229 -0.52803
   0.01845 -0.02284 -0.51891
   0.01996 -0.02339 -0.50904
   0.02156 -0.02394 -0.49746
   0.02324 -0.02449 -0.48447
   0.02502 -0.02504 -0.47379
   0.02690 -0.02561 -0.46510
   0.02888 -0.02618 -0.45436
   0.03099 -0.02676 -0.44595
   0.03324 -0.02735 -0.43952
   0.03563 -0.02795 -0.43007
   0.03818 -0.02857 -0.42191
   0.04090 -0.02920 -0.41287
   0.04382 -0.02985 -0.40430
   0.04694 -0.03052 -0.39701
   0.05029 -0.03121 -0.39450
   0.05388 -0.03192 -0.38822
   0.05772 -0.03265 -0.38563
   0.06181 -0.03340 -0.38118
   0.06618 -0.03416 -0.37735
   0.07081 -0.03493 -0.37421
   0.07572 -0.03571 -0.37082
   0.08090 -0.03650 -0.36781
   0.08636 -0.03729 -0.36525
   0.09206 -0.03808 -0.36184
   0.09799 -0.03886 -0.35860
   0.10414 -0.03963 -0.35831
   0.11047 -0.04039 -0.35619
   0.11696 -0.04113 -0.35581
   0.12360 -0.04184 -0.35483
   0.13035 -0.04253 -0.35358
   0.13721 -0.04318 -0.35174
   0.14417 -0.04381 -0.34945
   0.15121 -0.04440 -0.34647
   0.15834 -0.04497 -0.34383
   0.16553 -0.04550 -0.34103
   0.17278 -0.04600 -0.33803
   0.18008 -0.04648 -0.33496
   0.18742 -0.04692 -0.33349
   0.19479 -0.04734 -0.33073
   0.20219 -0.04773 -0.32868
   0.20962 -0.04809 -0.32493
   0.21707 -0.04842 -0.32311
   0.22456 -0.04873 -0.31920
   0.23208 -0.04901 -0.31571
   0.23964 -0.04926 -0.31208
   0.24721 -0.04950 -0.31014
   0.25481 -0.04971 -0.30750
   0.26241 -0.04990 -0.30485
   0.27004 -0.05006 -0.30192
   0.27768 -0.05021 -0.29959
   0.28534 -0.05033 -0.29641
   0.29302 -0.05043 -0.29415
   0.30071 -0.05052 -0.29190
   0.30841 -0.05058 -0.28997
   0.31611 -0.05063 -0.28832
   0.32382 -0.05066 -0.28616
   0.33154 -0.05066 -0.28379
   0.33927 -0.05065 -0.28284
   0.34699 -0.05062 -0.28027
   0.35472 -0.05057 -0.27898
   0.36246 -0.05051 -0.27734
   0.37019 -0.05042 -0.27584
   0.37793 -0.05031 -0.27342
   0.38566 -0.05019 -0.27259
   0.39339 -0.05004 -0.27066
   0.40111 -0.04988 -0.26914
   0.40883 -0.04970 -0.26747
   0.41655 -0.04951 -0.26660
   0.42426 -0.04929 -0.26518
   0.43196 -0.04905 -0.26420
   0.43965 -0.04880 -0.26270
   0.44733 -0.04852 -0.26165
   0.45499 -0.04823 -0.26049
   0.46265 -0.04791 -0.25878
   0.47029 -0.04757 -0.25790
   0.47793 -0.04721 -0.25605
   0.48555 -0.04683 -0.25444
   0.49315 -0.04642 -0.25280
   0.50075 -0.04600 -0.25125
   0.50833 -0.04555 -0.24867
   0.51589 -0.04507 -0.24708
   0.52345 -0.04458 -0.24427
   0.53099 -0.04405 -0.24236
   0.53851 -0.04351 -0.23927
   0.54603 -0.04293 -0.23682
   0.55353 -0.04234 -0.23416
   0.56101 -0.04171 -0.23001
   0.56848 -0.04106 -0.22709
   0.57593 -0.04038 -0.22307
   0.58337 -0.03967 -0.21917
   0.59078 -0.03894 -0.21516
   0.59818 -0.03818 -0.21026
   0.60556 -0.03738 -0.20568
   0.61292 -0.03656 -0.20048
   0.62026 -0.03571 -0.19454
   0.62759 -0.03483 -0.18863
   0.63490 -0.03391 -0.18107
   0.64220 -0.03296 -0.17508
   0.64948 -0.03198 -0.16694
   0.65674 -0.03097 -0.15893
   0.66400 -0.02992 -0.14968
   0.67125 -0.02883 -0.14017
   0.67849 -0.02772 -0.13049
   0.68572 -0.02656 -0.11928
   0.69295 -0.02537 -0.10853
   0.70018 -0.02415 -0.09552
   0.70741 -0.02288 -0.08324
   0.71464 -0.02159 -0.06990
   0.72188 -0.02025 -0.05496
   0.72912 -0.01888 -0.04094
   0.73638 -0.01747 -0.02403
   0.74365 -0.01602 -0.00837
   0.75094 -0.01453  0.01025
   0.75826 -0.01301  0.02818
   0.76560 -0.01146  0.04781
   0.77297 -0.00987  0.06743
   0.78039 -0.00825  0.08895
   0.78785 -0.00659  0.11006
   0.79535 -0.00492  0.13319
   0.80287 -0.00323  0.15602
   0.81037 -0.00154  0.17831
   0.81778  0.00013  0.20348
   0.82509  0.00176  0.22660
   0.83227  0.00334  0.24810
   0.83932  0.00486  0.26881
   0.84624  0.00632  0.28922
   0.85304  0.00771  0.30760
   0.85972  0.00903  0.32651
   0.86628  0.01027  0.34269
   0.87271  0.01143  0.35873
   0.87902  0.01251  0.37374
   0.88521  0.01350  0.38645
   0.89129  0.01440  0.39924
   0.89727  0.01522  0.40901
   0.90316  0.01595  0.41950
   0.90895  0.01659  0.42834
   0.91464  0.01715  0.43571
   0.92020  0.01763  0.44408
   0.92564  0.01802  0.44989
   0.93097  0.01831  0.45447
   0.93623  0.01853  0.45757
   0.94141  0.01867  0.45710
   0.94645  0.01876  0.46732
   0.95125  0.01879  0.47898
   0.95581  0.01873  0.49160
   0.96019  0.01854  0.49569
   0.96446  0.01821  0.48064
   0.96872  0.01776  0.45445
   0.97300  0.01724  0.42591
   0.97726  0.01672  0.41558
   0.98142  0.01621  0.42819
   0.98545  0.01563  0.43250
   0.98942  0.01489  0.38731
   0.99340  0.01406  0.32685
   0.99738  0.01325  0.29816
   1.00000  0.01271  0.25223
