GRUMMAN K-2 AIRFOIL                             
 Alfa =  -1.28310 Re =        0.000 Xflap,Yflap =     0.000000    0.000000
#    x        y        Cp  
   1.00000  0.01371  0.25221
   0.99739  0.01444  0.09670
   0.99327  0.01550  0.06268
   0.98886  0.01658  0.04427
   0.98418  0.01773  0.00257
   0.97923  0.01891 -0.02697
   0.97401  0.02013 -0.05702
   0.96856  0.02137 -0.08489
   0.96293  0.02261 -0.11272
   0.95713  0.02384 -0.13579
   0.95115  0.02505 -0.15451
   0.94501  0.02623 -0.16973
   0.93873  0.02739 -0.18334
   0.93231  0.02852 -0.19434
   0.92575  0.02962 -0.20169
   0.91905  0.03069 -0.20740
   0.91224  0.03174 -0.21464
   0.90536  0.03277 -0.22329
   0.89842  0.03376 -0.23076
   0.89145  0.03472 -0.23859
   0.88446  0.03564 -0.24395
   0.87741  0.03652 -0.24802
   0.87030  0.03736 -0.24852
   0.86310  0.03817 -0.24848
   0.85580  0.03897 -0.24807
   0.84840  0.03974 -0.24726
   0.84093  0.04049 -0.24737
   0.83341  0.04123 -0.24781
   0.82588  0.04195 -0.25241
   0.81837  0.04265 -0.25836
   0.81087  0.04332 -0.26095
   0.80338  0.04396 -0.26422
   0.79590  0.04457 -0.26673
   0.78841  0.04515 -0.26775
   0.78092  0.04570 -0.26931
   0.77342  0.04622 -0.26900
   0.76591  0.04671 -0.26904
   0.75838  0.04717 -0.26784
   0.75082  0.04761 -0.26657
   0.74324  0.04802 -0.26269
   0.73562  0.04841 -0.26138
   0.72798  0.04878 -0.25805
   0.72030  0.04913 -0.25585
   0.71260  0.04946 -0.25304
   0.70486  0.04978 -0.25044
   0.69710  0.05008 -0.24771
   0.68932  0.05037 -0.24549
   0.68152  0.05064 -0.24317
   0.67370  0.05090 -0.24221
   0.66588  0.05114 -0.23942
   0.65804  0.05138 -0.23831
   0.65020  0.05160 -0.23651
   0.64235  0.05180 -0.23487
   0.63449  0.05200 -0.23400
   0.62662  0.05218 -0.23173
   0.61875  0.05235 -0.23059
   0.61086  0.05251 -0.22897
   0.60297  0.05266 -0.22715
   0.59508  0.05280 -0.22648
   0.58718  0.05293 -0.22558
   0.57928  0.05305 -0.22419
   0.57138  0.05316 -0.22306
   0.56347  0.05325 -0.22217
   0.55556  0.05334 -0.22160
   0.54765  0.05342 -0.22027
   0.53974  0.05348 -0.21916
   0.53183  0.05354 -0.21829
   0.52391  0.05358 -0.21798
   0.51600  0.05362 -0.21645
   0.50808  0.05365 -0.21624
   0.50017  0.05366 -0.21520
   0.49225  0.05367 -0.21409
   0.48434  0.05366 -0.21402
   0.47642  0.05365 -0.21313
   0.46852  0.05363 -0.21264
   0.46062  0.05360 -0.21155
   0.45272  0.05355 -0.21207
   0.44483  0.05350 -0.21035
   0.43695  0.05344 -0.20992
   0.42908  0.05336 -0.20905
   0.42122  0.05328 -0.20918
   0.41340  0.05319 -0.20841
   0.40562  0.05309 -0.20948
   0.39791  0.05299 -0.20918
   0.39026  0.05286 -0.20946
   0.38268  0.05273 -0.20700
   0.37518  0.05259 -0.20347
   0.36779  0.05245 -0.20445
   0.36056  0.05233 -0.21235
   0.35355  0.05219 -0.22403
   0.34675  0.05202 -0.23079
   0.34015  0.05179 -0.21590
   0.33367  0.05152 -0.18761
   0.32729  0.05126 -0.16227
   0.32094  0.05107 -0.15522
   0.31459  0.05095 -0.17824
   0.30818  0.05086 -0.20856
   0.30168  0.05074 -0.23017
   0.29501  0.05055 -0.22628
   0.28812  0.05029 -0.21285
   0.28102  0.05002 -0.20346
   0.27376  0.04974 -0.20536
   0.26640  0.04946 -0.20818
   0.25896  0.04915 -0.20908
   0.25145  0.04883 -0.20884
   0.24388  0.04848 -0.20852
   0.23629  0.04812 -0.20918
   0.22868  0.04775 -0.20982
   0.22107  0.04735 -0.21085
   0.21346  0.04694 -0.21122
   0.20588  0.04651 -0.21236
   0.19832  0.04606 -0.21312
   0.19079  0.04559 -0.21453
   0.18331  0.04510 -0.21654
   0.17587  0.04459 -0.21613
   0.16848  0.04405 -0.21896
   0.16116  0.04350 -0.21925
   0.15392  0.04292 -0.22014
   0.14676  0.04231 -0.22278
   0.13969  0.04168 -0.22175
   0.13274  0.04103 -0.22383
   0.12592  0.04036 -0.22347
   0.11925  0.03966 -0.22408
   0.11274  0.03895 -0.22358
   0.10643  0.03821 -0.22333
   0.10032  0.03747 -0.22389
   0.09446  0.03673 -0.22327
   0.08886  0.03598 -0.22521
   0.08353  0.03523 -0.22564
   0.07849  0.03450 -0.22845
   0.07373  0.03377 -0.23340
   0.06927  0.03305 -0.23483
   0.06509  0.03235 -0.24678
   0.06115  0.03165 -0.25125
   0.05745  0.03095 -0.25819
   0.05396  0.03023 -0.26193
   0.05068  0.02952 -0.25704
   0.04758  0.02879 -0.24861
   0.04465  0.02805 -0.23771
   0.04187  0.02732 -0.22571
   0.03925  0.02659 -0.21104
   0.03676  0.02587 -0.20182
   0.03441  0.02515 -0.18690
   0.03218  0.02442 -0.15938
   0.03006  0.02371 -0.13134
   0.02804  0.02301 -0.10820
   0.02612  0.02234 -0.10009
   0.02429  0.02168 -0.09842
   0.02256  0.02105 -0.09479
   0.02092  0.02042 -0.09301
   0.01936  0.01979 -0.08537
   0.01788  0.01916 -0.07007
   0.01648  0.01853 -0.04845
   0.01513  0.01790 -0.02256
   0.01385  0.01728  0.00050
   0.01262  0.01665  0.02510
   0.01145  0.01603  0.04037
   0.01032  0.01542  0.06082
   0.00925  0.01480  0.08606
   0.00822  0.01418  0.10211
   0.00724  0.01356  0.12960
   0.00631  0.01293  0.14809
   0.00542  0.01229  0.17096
   0.00458  0.01164  0.20257
   0.00379  0.01098  0.22450
   0.00305  0.01029  0.25789
   0.00239  0.00956  0.30288
   0.00182  0.00878  0.44326
   0.00133  0.00797  0.50968
   0.00094  0.00712  0.64977
   0.00065  0.00624  0.76241
   0.00044  0.00536  0.85153
   0.00028  0.00447  0.90993
   0.00016  0.00358  0.95251
   0.00008  0.00270  0.97788
   0.00003  0.00182  0.99352
   0.00000  0.00095  0.99979
  -0.00000  0.00009  0.99786
   0.00003 -0.00076  0.98944
   0.00006 -0.00163  0.97122
   0.00015 -0.00249  0.95489
   0.00023 -0.00336  0.92238
   0.00032 -0.00424  0.88256
   0.00047 -0.00512  0.84103
   0.00063 -0.00601  0.78649
   0.00082 -0.00691  0.72336
   0.00104 -0.00781  0.65106
   0.00129 -0.00871  0.55982
   0.00157 -0.00961  0.45778
   0.00190 -0.01051  0.34114
   0.00227 -0.01140  0.18873
   0.00270 -0.01228  0.06010
   0.00318 -0.01315 -0.14876
   0.00373 -0.01400 -0.37925
   0.00438 -0.01479 -0.45215
   0.00511 -0.01554 -0.52038
   0.00590 -0.01626 -0.54727
   0.00676 -0.01694 -0.56706
   0.00768 -0.01760 -0.57905
   0.00865 -0.01823 -0.58358
   0.00967 -0.01885 -0.58949
   0.01075 -0.01945 -0.57447
   0.01188 -0.02004 -0.57938
   0.01307 -0.02061 -0.56641
   0.01432 -0.02118 -0.56025
   0.01563 -0.02174 -0.55147
   0.01700 -0.02229 -0.53397
   0.01845 -0.02284 -0.52462
   0.01996 -0.02339 -0.51453
   0.02156 -0.02394 -0.50273
   0.02324 -0.02449 -0.48953
   0.02502 -0.02504 -0.47866
   0.02690 -0.02561 -0.46979
   0.02888 -0.02618 -0.45888
   0.03099 -0.02676 -0.45031
   0.03324 -0.02735 -0.44372
   0.03563 -0.02795 -0.43411
   0.03818 -0.02857 -0.42581
   0.04090 -0.02920 -0.41663
   0.04382 -0.02985 -0.40792
   0.04694 -0.03052 -0.40050
   0.05029 -0.03121 -0.39787
   0.05388 -0.03192 -0.39147
   0.05772 -0.03265 -0.38877
   0.06181 -0.03340 -0.38421
   0.06618 -0.03416 -0.38027
   0.07081 -0.03493 -0.37703
   0.07572 -0.03571 -0.37354
   0.08090 -0.03650 -0.37044
   0.08636 -0.03729 -0.36779
   0.09206 -0.03808 -0.36430
   0.09799 -0.03886 -0.36097
   0.10414 -0.03963 -0.36060
   0.11047 -0.04039 -0.35841
   0.11696 -0.04113 -0.35797
   0.12360 -0.04184 -0.35692
   0.13035 -0.04253 -0.35561
   0.13721 -0.04318 -0.35371
   0.14417 -0.04381 -0.35136
   0.15121 -0.04440 -0.34833
   0.15834 -0.04497 -0.34564
   0.16553 -0.04550 -0.34279
   0.17278 -0.04600 -0.33974
   0.18008 -0.04648 -0.33663
   0.18742 -0.04692 -0.33511
   0.19479 -0.04734 -0.33231
   0.20219 -0.04773 -0.33022
   0.20962 -0.04809 -0.32644
   0.21707 -0.04842 -0.32458
   0.22456 -0.04873 -0.32064
   0.23208 -0.04901 -0.31711
   0.23964 -0.04926 -0.31345
   0.24721 -0.04950 -0.31148
   0.25481 -0.04971 -0.30881
   0.26241 -0.04990 -0.30614
   0.27004 -0.05006 -0.30317
   0.27768 -0.05021 -0.30082
   0.28534 -0.05033 -0.29762
   0.29302 -0.05043 -0.29533
   0.30071 -0.05052 -0.29306
   0.30841 -0.05058 -0.29110
   0.31611 -0.05063 -0.28943
   0.32382 -0.05066 -0.28725
   0.33154 -0.05066 -0.28487
   0.33927 -0.05065 -0.28389
   0.34699 -0.05062 -0.28130
   0.35472 -0.05057 -0.27999
   0.36246 -0.05051 -0.27834
   0.37019 -0.05042 -0.27682
   0.37793 -0.05031 -0.27438
   0.38566 -0.05019 -0.27353
   0.39339 -0.05004 -0.27159
   0.40111 -0.04988 -0.27005
   0.40883 -0.04970 -0.26836
   0.41655 -0.04951 -0.26748
   0.42426 -0.04929 -0.26604
   0.43196 -0.04905 -0.26505
   0.43965 -0.04880 -0.26353
   0.44733 -0.04852 -0.26247
   0.45499 -0.04823 -0.26130
   0.46265 -0.04791 -0.25958
   0.47029 -0.04757 -0.25868
   0.47793 -0.04721 -0.25682
   0.48555 -0.04683 -0.25519
   0.49315 -0.04642 -0.25354
   0.50075 -0.04600 -0.25198
   0.50833 -0.04555 -0.24939
   0.51589 -0.04507 -0.24778
   0.52345 -0.04458 -0.24496
   0.53099 -0.04405 -0.24303
   0.53851 -0.04351 -0.23993
   0.54603 -0.04293 -0.23747
   0.55353 -0.04234 -0.23480
   0.56101 -0.04171 -0.23064
   0.56848 -0.04106 -0.22771
   0.57593 -0.04038 -0.22368
   0.58337 -0.03967 -0.21976
   0.59078 -0.03894 -0.21575
   0.59818 -0.03818 -0.21083
   0.60556 -0.03738 -0.20623
   0.61292 -0.03656 -0.20102
   0.62026 -0.03571 -0.19507
   0.62759 -0.03483 -0.18916
   0.63490 -0.03391 -0.18158
   0.64220 -0.03296 -0.17558
   0.64948 -0.03198 -0.16742
   0.65674 -0.03097 -0.15941
   0.66400 -0.02992 -0.15014
   0.67125 -0.02883 -0.14062
   0.67849 -0.02772 -0.13093
   0.68572 -0.02656 -0.11971
   0.69295 -0.02537 -0.10894
   0.70018 -0.02415 -0.09593
   0.70741 -0.02288 -0.08364
   0.71464 -0.02159 -0.07028
   0.72188 -0.02025 -0.05533
   0.72912 -0.01888 -0.04129
   0.73638 -0.01747 -0.02437
   0.74365 -0.01602 -0.00870
   0.75094 -0.01453  0.00993
   0.75826 -0.01301  0.02788
   0.76560 -0.01146  0.04752
   0.77297 -0.00987  0.06715
   0.78039 -0.00825  0.08868
   0.78785 -0.00659  0.10981
   0.79535 -0.00492  0.13295
   0.80287 -0.00323  0.15579
   0.81037 -0.00154  0.17809
   0.81778  0.00013  0.20327
   0.82509  0.00176  0.22641
   0.83227  0.00334  0.24792
   0.83932  0.00486  0.26864
   0.84624  0.00632  0.28905
   0.85304  0.00771  0.30745
   0.85972  0.00903  0.32636
   0.86628  0.01027  0.34255
   0.87271  0.01143  0.35860
   0.87902  0.01251  0.37362
   0.88521  0.01350  0.38633
   0.89129  0.01440  0.39912
   0.89727  0.01522  0.40890
   0.90316  0.01595  0.41940
   0.90895  0.01659  0.42824
   0.91464  0.01715  0.43561
   0.92020  0.01763  0.44399
   0.92564  0.01802  0.44980
   0.93097  0.01831  0.45439
   0.93623  0.01853  0.45750
   0.94141  0.01867  0.45702
   0.94645  0.01876  0.46725
   0.95125  0.01879  0.47891
   0.95581  0.01873  0.49154
   0.96019  0.01854  0.49563
   0.96446  0.01821  0.48059
   0.96872  0.01776  0.45439
   0.97300  0.01724  0.42585
   0.97726  0.01672  0.41553
   0.98142  0.01621  0.42814
   0.98545  0.01563  0.43246
   0.98942  0.01489  0.38727
   0.99340  0.01406  0.32681
   0.99738  0.01325  0.29813
   1.00000  0.01271  0.25221
