GRUMMAN K-2 AIRFOIL                             
 Alfa =  -1.32570 Re =        0.000 Xflap,Yflap =     0.000000    0.000000
#    x        y        Cp  
   1.00000  0.01371  0.25218
   0.99739  0.01444  0.09676
   0.99327  0.01550  0.06276
   0.98886  0.01658  0.04441
   0.98418  0.01773  0.00274
   0.97923  0.01891 -0.02678
   0.97401  0.02013 -0.05680
   0.96856  0.02137 -0.08461
   0.96293  0.02261 -0.11243
   0.95713  0.02384 -0.13545
   0.95115  0.02505 -0.15415
   0.94501  0.02623 -0.16935
   0.93873  0.02739 -0.18292
   0.93231  0.02852 -0.19388
   0.92575  0.02962 -0.20122
   0.91905  0.03069 -0.20690
   0.91224  0.03174 -0.21410
   0.90536  0.03277 -0.22272
   0.89842  0.03376 -0.23017
   0.89145  0.03472 -0.23798
   0.88446  0.03564 -0.24330
   0.87741  0.03652 -0.24735
   0.87030  0.03736 -0.24783
   0.86310  0.03817 -0.24776
   0.85580  0.03897 -0.24733
   0.84840  0.03974 -0.24650
   0.84093  0.04049 -0.24659
   0.83341  0.04123 -0.24701
   0.82588  0.04195 -0.25157
   0.81837  0.04265 -0.25751
   0.81087  0.04332 -0.26006
   0.80338  0.04396 -0.26331
   0.79590  0.04457 -0.26579
   0.78841  0.04515 -0.26680
   0.78092  0.04570 -0.26833
   0.77342  0.04622 -0.26800
   0.76591  0.04671 -0.26801
   0.75838  0.04717 -0.26680
   0.75082  0.04761 -0.26551
   0.74324  0.04802 -0.26161
   0.73562  0.04841 -0.26028
   0.72798  0.04878 -0.25692
   0.72030  0.04913 -0.25471
   0.71260  0.04946 -0.25187
   0.70486  0.04978 -0.24926
   0.69710  0.05008 -0.24650
   0.68932  0.05037 -0.24427
   0.68152  0.05064 -0.24192
   0.67370  0.05090 -0.24094
   0.66588  0.05114 -0.23813
   0.65804  0.05138 -0.23700
   0.65020  0.05160 -0.23518
   0.64235  0.05180 -0.23352
   0.63449  0.05200 -0.23263
   0.62662  0.05218 -0.23034
   0.61875  0.05235 -0.22917
   0.61086  0.05251 -0.22753
   0.60297  0.05266 -0.22568
   0.59508  0.05280 -0.22500
   0.58718  0.05293 -0.22407
   0.57928  0.05305 -0.22266
   0.57138  0.05316 -0.22150
   0.56347  0.05325 -0.22059
   0.55556  0.05334 -0.22001
   0.54765  0.05342 -0.21863
   0.53974  0.05348 -0.21751
   0.53183  0.05354 -0.21661
   0.52391  0.05358 -0.21628
   0.51600  0.05362 -0.21472
   0.50808  0.05365 -0.21448
   0.50017  0.05366 -0.21341
   0.49225  0.05367 -0.21228
   0.48434  0.05366 -0.21219
   0.47642  0.05365 -0.21126
   0.46852  0.05363 -0.21074
   0.46062  0.05360 -0.20963
   0.45272  0.05355 -0.21011
   0.44483  0.05350 -0.20836
   0.43695  0.05344 -0.20790
   0.42908  0.05336 -0.20700
   0.42122  0.05328 -0.20710
   0.41340  0.05319 -0.20630
   0.40562  0.05309 -0.20733
   0.39791  0.05299 -0.20700
   0.39026  0.05286 -0.20724
   0.38268  0.05273 -0.20474
   0.37518  0.05259 -0.20119
   0.36779  0.05245 -0.20213
   0.36056  0.05233 -0.20998
   0.35355  0.05219 -0.22160
   0.34675  0.05202 -0.22832
   0.34015  0.05179 -0.21341
   0.33367  0.05152 -0.18515
   0.32729  0.05126 -0.15982
   0.32094  0.05107 -0.15275
   0.31459  0.05095 -0.17569
   0.30818  0.05086 -0.20591
   0.30168  0.05074 -0.22742
   0.29501  0.05055 -0.22350
   0.28812  0.05029 -0.21005
   0.28102  0.05002 -0.20064
   0.27376  0.04974 -0.20248
   0.26640  0.04946 -0.20525
   0.25896  0.04915 -0.20609
   0.25145  0.04883 -0.20579
   0.24388  0.04848 -0.20541
   0.23629  0.04812 -0.20601
   0.22868  0.04775 -0.20657
   0.22107  0.04735 -0.20753
   0.21346  0.04694 -0.20783
   0.20588  0.04651 -0.20889
   0.19832  0.04606 -0.20956
   0.19079  0.04559 -0.21088
   0.18331  0.04510 -0.21279
   0.17587  0.04459 -0.21229
   0.16848  0.04405 -0.21501
   0.16116  0.04350 -0.21520
   0.15392  0.04292 -0.21597
   0.14676  0.04231 -0.21849
   0.13969  0.04168 -0.21734
   0.13274  0.04103 -0.21928
   0.12592  0.04036 -0.21878
   0.11925  0.03966 -0.21925
   0.11274  0.03895 -0.21860
   0.10643  0.03821 -0.21819
   0.10032  0.03747 -0.21858
   0.09446  0.03673 -0.21778
   0.08886  0.03598 -0.21953
   0.08353  0.03523 -0.21977
   0.07849  0.03450 -0.22236
   0.07373  0.03377 -0.22708
   0.06927  0.03305 -0.22830
   0.06509  0.03235 -0.23996
   0.06115  0.03165 -0.24418
   0.05745  0.03095 -0.25083
   0.05396  0.03023 -0.25431
   0.05068  0.02952 -0.24919
   0.04758  0.02879 -0.24056
   0.04465  0.02805 -0.22946
   0.04187  0.02732 -0.21727
   0.03925  0.02659 -0.20241
   0.03676  0.02587 -0.19297
   0.03441  0.02515 -0.17785
   0.03218  0.02442 -0.15025
   0.03006  0.02371 -0.12211
   0.02804  0.02301 -0.09884
   0.02612  0.02234 -0.09047
   0.02429  0.02168 -0.08848
   0.02256  0.02105 -0.08451
   0.02092  0.02042 -0.08237
   0.01936  0.01979 -0.07440
   0.01788  0.01916 -0.05883
   0.01648  0.01853 -0.03700
   0.01513  0.01790 -0.01093
   0.01385  0.01728  0.01234
   0.01262  0.01665  0.03719
   0.01145  0.01603  0.05278
   0.01032  0.01542  0.07355
   0.00925  0.01480  0.09910
   0.00822  0.01418  0.11556
   0.00724  0.01356  0.14341
   0.00631  0.01293  0.16241
   0.00542  0.01229  0.18580
   0.00458  0.01164  0.21789
   0.00379  0.01098  0.24058
   0.00305  0.01029  0.27468
   0.00239  0.00956  0.32026
   0.00182  0.00878  0.45884
   0.00133  0.00797  0.52526
   0.00094  0.00712  0.66267
   0.00065  0.00624  0.77274
   0.00044  0.00536  0.85938
   0.00028  0.00447  0.91585
   0.00016  0.00358  0.95668
   0.00008  0.00270  0.98064
   0.00003  0.00182  0.99494
   0.00000  0.00095  0.99997
  -0.00000  0.00009  0.99692
   0.00003 -0.00076  0.98752
   0.00006 -0.00163  0.96793
   0.00015 -0.00249  0.95114
   0.00023 -0.00336  0.91728
   0.00032 -0.00424  0.87620
   0.00047 -0.00512  0.83381
   0.00063 -0.00601  0.77806
   0.00082 -0.00691  0.71374
   0.00104 -0.00781  0.64022
   0.00129 -0.00871  0.54758
   0.00157 -0.00961  0.44403
   0.00190 -0.01051  0.32588
   0.00227 -0.01140  0.17148
   0.00270 -0.01228  0.04167
   0.00318 -0.01315 -0.16968
   0.00373 -0.01400 -0.40258
   0.00438 -0.01479 -0.47506
   0.00511 -0.01554 -0.54291
   0.00590 -0.01626 -0.56892
   0.00676 -0.01694 -0.58782
   0.00768 -0.01760 -0.59893
   0.00865 -0.01823 -0.60264
   0.00967 -0.01885 -0.60772
   0.01075 -0.01945 -0.59185
   0.01188 -0.02004 -0.59608
   0.01307 -0.02061 -0.58238
   0.01432 -0.02118 -0.57556
   0.01563 -0.02174 -0.56615
   0.01700 -0.02229 -0.54801
   0.01845 -0.02284 -0.53810
   0.01996 -0.02339 -0.52749
   0.02156 -0.02394 -0.51518
   0.02324 -0.02449 -0.50148
   0.02502 -0.02504 -0.49015
   0.02690 -0.02561 -0.48086
   0.02888 -0.02618 -0.46953
   0.03099 -0.02676 -0.46058
   0.03324 -0.02735 -0.45363
   0.03563 -0.02795 -0.44366
   0.03818 -0.02857 -0.43501
   0.04090 -0.02920 -0.42549
   0.04382 -0.02985 -0.41645
   0.04694 -0.03052 -0.40873
   0.05029 -0.03121 -0.40582
   0.05388 -0.03192 -0.39914
   0.05772 -0.03265 -0.39618
   0.06181 -0.03340 -0.39136
   0.06618 -0.03416 -0.38716
   0.07081 -0.03493 -0.38368
   0.07572 -0.03571 -0.37996
   0.08090 -0.03650 -0.37664
   0.08636 -0.03729 -0.37377
   0.09206 -0.03808 -0.37007
   0.09799 -0.03886 -0.36655
   0.10414 -0.03963 -0.36601
   0.11047 -0.04039 -0.36364
   0.11696 -0.04113 -0.36304
   0.12360 -0.04184 -0.36184
   0.13035 -0.04253 -0.36038
   0.13721 -0.04318 -0.35835
   0.14417 -0.04381 -0.35586
   0.15121 -0.04440 -0.35270
   0.15834 -0.04497 -0.34989
   0.16553 -0.04550 -0.34692
   0.17278 -0.04600 -0.34377
   0.18008 -0.04648 -0.34055
   0.18742 -0.04692 -0.33893
   0.19479 -0.04734 -0.33603
   0.20219 -0.04773 -0.33386
   0.20962 -0.04809 -0.32998
   0.21707 -0.04842 -0.32805
   0.22456 -0.04873 -0.32402
   0.23208 -0.04901 -0.32042
   0.23964 -0.04926 -0.31667
   0.24721 -0.04950 -0.31464
   0.25481 -0.04971 -0.31190
   0.26241 -0.04990 -0.30916
   0.27004 -0.05006 -0.30613
   0.27768 -0.05021 -0.30372
   0.28534 -0.05033 -0.30045
   0.29302 -0.05043 -0.29811
   0.30071 -0.05052 -0.29578
   0.30841 -0.05058 -0.29377
   0.31611 -0.05063 -0.29205
   0.32382 -0.05066 -0.28982
   0.33154 -0.05066 -0.28739
   0.33927 -0.05065 -0.28637
   0.34699 -0.05062 -0.28373
   0.35472 -0.05057 -0.28237
   0.36246 -0.05051 -0.28068
   0.37019 -0.05042 -0.27911
   0.37793 -0.05031 -0.27664
   0.38566 -0.05019 -0.27575
   0.39339 -0.05004 -0.27376
   0.40111 -0.04988 -0.27219
   0.40883 -0.04970 -0.27046
   0.41655 -0.04951 -0.26954
   0.42426 -0.04929 -0.26808
   0.43196 -0.04905 -0.26704
   0.43965 -0.04880 -0.26550
   0.44733 -0.04852 -0.26440
   0.45499 -0.04823 -0.26319
   0.46265 -0.04791 -0.26144
   0.47029 -0.04757 -0.26051
   0.47793 -0.04721 -0.25862
   0.48555 -0.04683 -0.25696
   0.49315 -0.04642 -0.25528
   0.50075 -0.04600 -0.25369
   0.50833 -0.04555 -0.25107
   0.51589 -0.04507 -0.24943
   0.52345 -0.04458 -0.24658
   0.53099 -0.04405 -0.24463
   0.53851 -0.04351 -0.24150
   0.54603 -0.04293 -0.23901
   0.55353 -0.04234 -0.23631
   0.56101 -0.04171 -0.23213
   0.56848 -0.04106 -0.22916
   0.57593 -0.04038 -0.22510
   0.58337 -0.03967 -0.22116
   0.59078 -0.03894 -0.21712
   0.59818 -0.03818 -0.21218
   0.60556 -0.03738 -0.20754
   0.61292 -0.03656 -0.20231
   0.62026 -0.03571 -0.19633
   0.62759 -0.03483 -0.19039
   0.63490 -0.03391 -0.18277
   0.64220 -0.03296 -0.17675
   0.64948 -0.03198 -0.16857
   0.65674 -0.03097 -0.16053
   0.66400 -0.02992 -0.15122
   0.67125 -0.02883 -0.14169
   0.67849 -0.02772 -0.13197
   0.68572 -0.02656 -0.12071
   0.69295 -0.02537 -0.10992
   0.70018 -0.02415 -0.09687
   0.70741 -0.02288 -0.08456
   0.71464 -0.02159 -0.07117
   0.72188 -0.02025 -0.05618
   0.72912 -0.01888 -0.04213
   0.73638 -0.01747 -0.02516
   0.74365 -0.01602 -0.00947
   0.75094 -0.01453  0.00919
   0.75826 -0.01301  0.02716
   0.76560 -0.01146  0.04684
   0.77297 -0.00987  0.06649
   0.78039 -0.00825  0.08807
   0.78785 -0.00659  0.10920
   0.79535 -0.00492  0.13239
   0.80287 -0.00323  0.15525
   0.81037 -0.00154  0.17759
   0.81778  0.00013  0.20279
   0.82509  0.00176  0.22595
   0.83227  0.00334  0.24749
   0.83932  0.00486  0.26823
   0.84624  0.00632  0.28866
   0.85304  0.00771  0.30709
   0.85972  0.00903  0.32602
   0.86628  0.01027  0.34222
   0.87271  0.01143  0.35829
   0.87902  0.01251  0.37332
   0.88521  0.01350  0.38605
   0.89129  0.01440  0.39885
   0.89727  0.01522  0.40865
   0.90316  0.01595  0.41915
   0.90895  0.01659  0.42801
   0.91464  0.01715  0.43539
   0.92020  0.01763  0.44379
   0.92564  0.01802  0.44959
   0.93097  0.01831  0.45420
   0.93623  0.01853  0.45732
   0.94141  0.01867  0.45683
   0.94645  0.01876  0.46708
   0.95125  0.01879  0.47876
   0.95581  0.01873  0.49139
   0.96019  0.01854  0.49550
   0.96446  0.01821  0.48046
   0.96872  0.01776  0.45425
   0.97300  0.01724  0.42571
   0.97726  0.01672  0.41541
   0.98142  0.01621  0.42801
   0.98545  0.01563  0.43238
   0.98942  0.01489  0.38717
   0.99340  0.01406  0.32672
   0.99738  0.01325  0.29806
   1.00000  0.01271  0.25218
