GRUMMAN K-2 AIRFOIL                             
 Alfa =  -1.31240 Re =        0.000 Xflap,Yflap =     0.000000    0.000000
#    x        y        Cp  
   1.00000  0.01371  0.25219
   0.99739  0.01444  0.09674
   0.99327  0.01550  0.06274
   0.98886  0.01658  0.04437
   0.98418  0.01773  0.00269
   0.97923  0.01891 -0.02684
   0.97401  0.02013 -0.05687
   0.96856  0.02137 -0.08470
   0.96293  0.02261 -0.11252
   0.95713  0.02384 -0.13555
   0.95115  0.02505 -0.15426
   0.94501  0.02623 -0.16947
   0.93873  0.02739 -0.18305
   0.93231  0.02852 -0.19402
   0.92575  0.02962 -0.20136
   0.91905  0.03069 -0.20705
   0.91224  0.03174 -0.21427
   0.90536  0.03277 -0.22290
   0.89842  0.03376 -0.23035
   0.89145  0.03472 -0.23817
   0.88446  0.03564 -0.24351
   0.87741  0.03652 -0.24756
   0.87030  0.03736 -0.24804
   0.86310  0.03817 -0.24798
   0.85580  0.03897 -0.24756
   0.84840  0.03974 -0.24674
   0.84093  0.04049 -0.24683
   0.83341  0.04123 -0.24726
   0.82588  0.04195 -0.25183
   0.81837  0.04265 -0.25778
   0.81087  0.04332 -0.26034
   0.80338  0.04396 -0.26359
   0.79590  0.04457 -0.26609
   0.78841  0.04515 -0.26709
   0.78092  0.04570 -0.26864
   0.77342  0.04622 -0.26832
   0.76591  0.04671 -0.26833
   0.75838  0.04717 -0.26713
   0.75082  0.04761 -0.26584
   0.74324  0.04802 -0.26195
   0.73562  0.04841 -0.26062
   0.72798  0.04878 -0.25727
   0.72030  0.04913 -0.25507
   0.71260  0.04946 -0.25223
   0.70486  0.04978 -0.24963
   0.69710  0.05008 -0.24688
   0.68932  0.05037 -0.24465
   0.68152  0.05064 -0.24231
   0.67370  0.05090 -0.24134
   0.66588  0.05114 -0.23853
   0.65804  0.05138 -0.23741
   0.65020  0.05160 -0.23560
   0.64235  0.05180 -0.23394
   0.63449  0.05200 -0.23306
   0.62662  0.05218 -0.23077
   0.61875  0.05235 -0.22961
   0.61086  0.05251 -0.22798
   0.60297  0.05266 -0.22614
   0.59508  0.05280 -0.22546
   0.58718  0.05293 -0.22454
   0.57928  0.05305 -0.22314
   0.57138  0.05316 -0.22199
   0.56347  0.05325 -0.22108
   0.55556  0.05334 -0.22051
   0.54765  0.05342 -0.21914
   0.53974  0.05348 -0.21802
   0.53183  0.05354 -0.21714
   0.52391  0.05358 -0.21681
   0.51600  0.05362 -0.21526
   0.50808  0.05365 -0.21503
   0.50017  0.05366 -0.21397
   0.49225  0.05367 -0.21284
   0.48434  0.05366 -0.21276
   0.47642  0.05365 -0.21184
   0.46852  0.05363 -0.21133
   0.46062  0.05360 -0.21023
   0.45272  0.05355 -0.21072
   0.44483  0.05350 -0.20898
   0.43695  0.05344 -0.20853
   0.42908  0.05336 -0.20764
   0.42122  0.05328 -0.20775
   0.41340  0.05319 -0.20696
   0.40562  0.05309 -0.20800
   0.39791  0.05299 -0.20768
   0.39026  0.05286 -0.20793
   0.38268  0.05273 -0.20545
   0.37518  0.05259 -0.20190
   0.36779  0.05245 -0.20286
   0.36056  0.05233 -0.21072
   0.35355  0.05219 -0.22235
   0.34675  0.05202 -0.22909
   0.34015  0.05179 -0.21419
   0.33367  0.05152 -0.18592
   0.32729  0.05126 -0.16059
   0.32094  0.05107 -0.15352
   0.31459  0.05095 -0.17648
   0.30818  0.05086 -0.20674
   0.30168  0.05074 -0.22828
   0.29501  0.05055 -0.22437
   0.28812  0.05029 -0.21093
   0.28102  0.05002 -0.20152
   0.27376  0.04974 -0.20338
   0.26640  0.04946 -0.20616
   0.25896  0.04915 -0.20702
   0.25145  0.04883 -0.20675
   0.24388  0.04848 -0.20638
   0.23629  0.04812 -0.20700
   0.22868  0.04775 -0.20758
   0.22107  0.04735 -0.20856
   0.21346  0.04694 -0.20889
   0.20588  0.04651 -0.20997
   0.19832  0.04606 -0.21067
   0.19079  0.04559 -0.21202
   0.18331  0.04510 -0.21396
   0.17587  0.04459 -0.21349
   0.16848  0.04405 -0.21624
   0.16116  0.04350 -0.21646
   0.15392  0.04292 -0.21727
   0.14676  0.04231 -0.21983
   0.13969  0.04168 -0.21872
   0.13274  0.04103 -0.22070
   0.12592  0.04036 -0.22024
   0.11925  0.03966 -0.22076
   0.11274  0.03895 -0.22015
   0.10643  0.03821 -0.21979
   0.10032  0.03747 -0.22024
   0.09446  0.03673 -0.21950
   0.08886  0.03598 -0.22130
   0.08353  0.03523 -0.22160
   0.07849  0.03450 -0.22426
   0.07373  0.03377 -0.22905
   0.06927  0.03305 -0.23034
   0.06509  0.03235 -0.24209
   0.06115  0.03165 -0.24638
   0.05745  0.03095 -0.25313
   0.05396  0.03023 -0.25669
   0.05068  0.02952 -0.25164
   0.04758  0.02879 -0.24307
   0.04465  0.02805 -0.23204
   0.04187  0.02732 -0.21990
   0.03925  0.02659 -0.20510
   0.03676  0.02587 -0.19573
   0.03441  0.02515 -0.18067
   0.03218  0.02442 -0.15310
   0.03006  0.02371 -0.12498
   0.02804  0.02301 -0.10176
   0.02612  0.02234 -0.09347
   0.02429  0.02168 -0.09158
   0.02256  0.02105 -0.08772
   0.02092  0.02042 -0.08569
   0.01936  0.01979 -0.07782
   0.01788  0.01916 -0.06233
   0.01648  0.01853 -0.04057
   0.01513  0.01790 -0.01455
   0.01385  0.01728  0.00865
   0.01262  0.01665  0.03342
   0.01145  0.01603  0.04892
   0.01032  0.01542  0.06958
   0.00925  0.01480  0.09504
   0.00822  0.01418  0.11137
   0.00724  0.01356  0.13911
   0.00631  0.01293  0.15795
   0.00542  0.01229  0.18118
   0.00458  0.01164  0.21312
   0.00379  0.01098  0.23558
   0.00305  0.01029  0.26946
   0.00239  0.00956  0.31486
   0.00182  0.00878  0.45400
   0.00133  0.00797  0.52042
   0.00094  0.00712  0.65867
   0.00065  0.00624  0.76954
   0.00044  0.00536  0.85695
   0.00028  0.00447  0.91402
   0.00016  0.00358  0.95540
   0.00008  0.00270  0.97980
   0.00003  0.00182  0.99452
   0.00000  0.00095  0.99993
  -0.00000  0.00009  0.99723
   0.00003 -0.00076  0.98814
   0.00006 -0.00163  0.96898
   0.00015 -0.00249  0.95233
   0.00023 -0.00336  0.91888
   0.00032 -0.00424  0.87820
   0.00047 -0.00512  0.83608
   0.00063 -0.00601  0.78071
   0.00082 -0.00691  0.71676
   0.00104 -0.00781  0.64362
   0.00129 -0.00871  0.55142
   0.00157 -0.00961  0.44834
   0.00190 -0.01051  0.33066
   0.00227 -0.01140  0.17689
   0.00270 -0.01228  0.04744
   0.00318 -0.01315 -0.16313
   0.00373 -0.01400 -0.39528
   0.00438 -0.01479 -0.46789
   0.00511 -0.01554 -0.53586
   0.00590 -0.01626 -0.56215
   0.00676 -0.01694 -0.58133
   0.00768 -0.01760 -0.59271
   0.00865 -0.01823 -0.59668
   0.00967 -0.01885 -0.60202
   0.01075 -0.01945 -0.58641
   0.01188 -0.02004 -0.59086
   0.01307 -0.02061 -0.57739
   0.01432 -0.02118 -0.57077
   0.01563 -0.02174 -0.56156
   0.01700 -0.02229 -0.54362
   0.01845 -0.02284 -0.53388
   0.01996 -0.02339 -0.52344
   0.02156 -0.02394 -0.51129
   0.02324 -0.02449 -0.49775
   0.02502 -0.02504 -0.48656
   0.02690 -0.02561 -0.47740
   0.02888 -0.02618 -0.46620
   0.03099 -0.02676 -0.45737
   0.03324 -0.02735 -0.45053
   0.03563 -0.02795 -0.44068
   0.03818 -0.02857 -0.43214
   0.04090 -0.02920 -0.42273
   0.04382 -0.02985 -0.41378
   0.04694 -0.03052 -0.40615
   0.05029 -0.03121 -0.40334
   0.05388 -0.03192 -0.39674
   0.05772 -0.03265 -0.39386
   0.06181 -0.03340 -0.38913
   0.06618 -0.03416 -0.38501
   0.07081 -0.03493 -0.38160
   0.07572 -0.03571 -0.37796
   0.08090 -0.03650 -0.37470
   0.08636 -0.03729 -0.37190
   0.09206 -0.03808 -0.36827
   0.09799 -0.03886 -0.36481
   0.10414 -0.03963 -0.36432
   0.11047 -0.04039 -0.36201
   0.11696 -0.04113 -0.36146
   0.12360 -0.04184 -0.36031
   0.13035 -0.04253 -0.35889
   0.13721 -0.04318 -0.35690
   0.14417 -0.04381 -0.35445
   0.15121 -0.04440 -0.35134
   0.15834 -0.04497 -0.34856
   0.16553 -0.04550 -0.34563
   0.17278 -0.04600 -0.34251
   0.18008 -0.04648 -0.33932
   0.18742 -0.04692 -0.33774
   0.19479 -0.04734 -0.33487
   0.20219 -0.04773 -0.33272
   0.20962 -0.04809 -0.32888
   0.21707 -0.04842 -0.32697
   0.22456 -0.04873 -0.32296
   0.23208 -0.04901 -0.31938
   0.23964 -0.04926 -0.31566
   0.24721 -0.04950 -0.31365
   0.25481 -0.04971 -0.31093
   0.26241 -0.04990 -0.30822
   0.27004 -0.05006 -0.30520
   0.27768 -0.05021 -0.30282
   0.28534 -0.05033 -0.29957
   0.29302 -0.05043 -0.29724
   0.30071 -0.05052 -0.29493
   0.30841 -0.05058 -0.29294
   0.31611 -0.05063 -0.29123
   0.32382 -0.05066 -0.28902
   0.33154 -0.05066 -0.28660
   0.33927 -0.05065 -0.28559
   0.34699 -0.05062 -0.28297
   0.35472 -0.05057 -0.28163
   0.36246 -0.05051 -0.27995
   0.37019 -0.05042 -0.27839
   0.37793 -0.05031 -0.27594
   0.38566 -0.05019 -0.27506
   0.39339 -0.05004 -0.27308
   0.40111 -0.04988 -0.27152
   0.40883 -0.04970 -0.26981
   0.41655 -0.04951 -0.26890
   0.42426 -0.04929 -0.26744
   0.43196 -0.04905 -0.26642
   0.43965 -0.04880 -0.26488
   0.44733 -0.04852 -0.26380
   0.45499 -0.04823 -0.26260
   0.46265 -0.04791 -0.26086
   0.47029 -0.04757 -0.25994
   0.47793 -0.04721 -0.25805
   0.48555 -0.04683 -0.25641
   0.49315 -0.04642 -0.25474
   0.50075 -0.04600 -0.25315
   0.50833 -0.04555 -0.25054
   0.51589 -0.04507 -0.24892
   0.52345 -0.04458 -0.24608
   0.53099 -0.04405 -0.24413
   0.53851 -0.04351 -0.24101
   0.54603 -0.04293 -0.23853
   0.55353 -0.04234 -0.23584
   0.56101 -0.04171 -0.23166
   0.56848 -0.04106 -0.22870
   0.57593 -0.04038 -0.22465
   0.58337 -0.03967 -0.22072
   0.59078 -0.03894 -0.21669
   0.59818 -0.03818 -0.21176
   0.60556 -0.03738 -0.20713
   0.61292 -0.03656 -0.20191
   0.62026 -0.03571 -0.19594
   0.62759 -0.03483 -0.19001
   0.63490 -0.03391 -0.18240
   0.64220 -0.03296 -0.17638
   0.64948 -0.03198 -0.16821
   0.65674 -0.03097 -0.16018
   0.66400 -0.02992 -0.15088
   0.67125 -0.02883 -0.14135
   0.67849 -0.02772 -0.13165
   0.68572 -0.02656 -0.12040
   0.69295 -0.02537 -0.10962
   0.70018 -0.02415 -0.09658
   0.70741 -0.02288 -0.08427
   0.71464 -0.02159 -0.07089
   0.72188 -0.02025 -0.05591
   0.72912 -0.01888 -0.04186
   0.73638 -0.01747 -0.02492
   0.74365 -0.01602 -0.00923
   0.75094 -0.01453  0.00942
   0.75826 -0.01301  0.02739
   0.76560 -0.01146  0.04706
   0.77297 -0.00987  0.06669
   0.78039 -0.00825  0.08826
   0.78785 -0.00659  0.10939
   0.79535 -0.00492  0.13256
   0.80287 -0.00323  0.15542
   0.81037 -0.00154  0.17774
   0.81778  0.00013  0.20294
   0.82509  0.00176  0.22610
   0.83227  0.00334  0.24762
   0.83932  0.00486  0.26836
   0.84624  0.00632  0.28878
   0.85304  0.00771  0.30720
   0.85972  0.00903  0.32612
   0.86628  0.01027  0.34232
   0.87271  0.01143  0.35839
   0.87902  0.01251  0.37341
   0.88521  0.01350  0.38614
   0.89129  0.01440  0.39894
   0.89727  0.01522  0.40873
   0.90316  0.01595  0.41923
   0.90895  0.01659  0.42808
   0.91464  0.01715  0.43546
   0.92020  0.01763  0.44385
   0.92564  0.01802  0.44965
   0.93097  0.01831  0.45426
   0.93623  0.01853  0.45738
   0.94141  0.01867  0.45688
   0.94645  0.01876  0.46713
   0.95125  0.01879  0.47881
   0.95581  0.01873  0.49143
   0.96019  0.01854  0.49554
   0.96446  0.01821  0.48050
   0.96872  0.01776  0.45430
   0.97300  0.01724  0.42575
   0.97726  0.01672  0.41545
   0.98142  0.01621  0.42805
   0.98545  0.01563  0.43241
   0.98942  0.01489  0.38720
   0.99340  0.01406  0.32675
   0.99738  0.01325  0.29808
   1.00000  0.01271  0.25219
