GRUMMAN K-2 AIRFOIL                             
 Alfa =  -1.31490 Re =        0.000 Xflap,Yflap =     0.000000    0.000000
#    x        y        Cp  
   1.00000  0.01371  0.25219
   0.99739  0.01444  0.09674
   0.99327  0.01550  0.06274
   0.98886  0.01658  0.04437
   0.98418  0.01773  0.00270
   0.97923  0.01891 -0.02683
   0.97401  0.02013 -0.05686
   0.96856  0.02137 -0.08468
   0.96293  0.02261 -0.11250
   0.95713  0.02384 -0.13553
   0.95115  0.02505 -0.15424
   0.94501  0.02623 -0.16944
   0.93873  0.02739 -0.18302
   0.93231  0.02852 -0.19399
   0.92575  0.02962 -0.20134
   0.91905  0.03069 -0.20702
   0.91224  0.03174 -0.21424
   0.90536  0.03277 -0.22286
   0.89842  0.03376 -0.23032
   0.89145  0.03472 -0.23813
   0.88446  0.03564 -0.24347
   0.87741  0.03652 -0.24752
   0.87030  0.03736 -0.24800
   0.86310  0.03817 -0.24794
   0.85580  0.03897 -0.24752
   0.84840  0.03974 -0.24669
   0.84093  0.04049 -0.24678
   0.83341  0.04123 -0.24721
   0.82588  0.04195 -0.25178
   0.81837  0.04265 -0.25773
   0.81087  0.04332 -0.26029
   0.80338  0.04396 -0.26354
   0.79590  0.04457 -0.26603
   0.78841  0.04515 -0.26704
   0.78092  0.04570 -0.26858
   0.77342  0.04622 -0.26826
   0.76591  0.04671 -0.26827
   0.75838  0.04717 -0.26706
   0.75082  0.04761 -0.26578
   0.74324  0.04802 -0.26188
   0.73562  0.04841 -0.26056
   0.72798  0.04878 -0.25720
   0.72030  0.04913 -0.25500
   0.71260  0.04946 -0.25217
   0.70486  0.04978 -0.24956
   0.69710  0.05008 -0.24681
   0.68932  0.05037 -0.24458
   0.68152  0.05064 -0.24224
   0.67370  0.05090 -0.24126
   0.66588  0.05114 -0.23846
   0.65804  0.05138 -0.23733
   0.65020  0.05160 -0.23552
   0.64235  0.05180 -0.23386
   0.63449  0.05200 -0.23298
   0.62662  0.05218 -0.23069
   0.61875  0.05235 -0.22953
   0.61086  0.05251 -0.22790
   0.60297  0.05266 -0.22606
   0.59508  0.05280 -0.22538
   0.58718  0.05293 -0.22445
   0.57928  0.05305 -0.22305
   0.57138  0.05316 -0.22190
   0.56347  0.05325 -0.22099
   0.55556  0.05334 -0.22041
   0.54765  0.05342 -0.21905
   0.53974  0.05348 -0.21793
   0.53183  0.05354 -0.21704
   0.52391  0.05358 -0.21671
   0.51600  0.05362 -0.21516
   0.50808  0.05365 -0.21492
   0.50017  0.05366 -0.21387
   0.49225  0.05367 -0.21274
   0.48434  0.05366 -0.21265
   0.47642  0.05365 -0.21173
   0.46852  0.05363 -0.21122
   0.46062  0.05360 -0.21011
   0.45272  0.05355 -0.21061
   0.44483  0.05350 -0.20887
   0.43695  0.05344 -0.20841
   0.42908  0.05336 -0.20752
   0.42122  0.05328 -0.20763
   0.41340  0.05319 -0.20683
   0.40562  0.05309 -0.20787
   0.39791  0.05299 -0.20755
   0.39026  0.05286 -0.20780
   0.38268  0.05273 -0.20532
   0.37518  0.05259 -0.20177
   0.36779  0.05245 -0.20272
   0.36056  0.05233 -0.21058
   0.35355  0.05219 -0.22221
   0.34675  0.05202 -0.22895
   0.34015  0.05179 -0.21404
   0.33367  0.05152 -0.18577
   0.32729  0.05126 -0.16044
   0.32094  0.05107 -0.15338
   0.31459  0.05095 -0.17633
   0.30818  0.05086 -0.20658
   0.30168  0.05074 -0.22812
   0.29501  0.05055 -0.22421
   0.28812  0.05029 -0.21076
   0.28102  0.05002 -0.20136
   0.27376  0.04974 -0.20321
   0.26640  0.04946 -0.20599
   0.25896  0.04915 -0.20684
   0.25145  0.04883 -0.20657
   0.24388  0.04848 -0.20620
   0.23629  0.04812 -0.20681
   0.22868  0.04775 -0.20739
   0.22107  0.04735 -0.20837
   0.21346  0.04694 -0.20869
   0.20588  0.04651 -0.20977
   0.19832  0.04606 -0.21046
   0.19079  0.04559 -0.21180
   0.18331  0.04510 -0.21374
   0.17587  0.04459 -0.21326
   0.16848  0.04405 -0.21601
   0.16116  0.04350 -0.21622
   0.15392  0.04292 -0.21703
   0.14676  0.04231 -0.21958
   0.13969  0.04168 -0.21846
   0.13274  0.04103 -0.22043
   0.12592  0.04036 -0.21997
   0.11925  0.03966 -0.22047
   0.11274  0.03895 -0.21986
   0.10643  0.03821 -0.21949
   0.10032  0.03747 -0.21992
   0.09446  0.03673 -0.21917
   0.08886  0.03598 -0.22097
   0.08353  0.03523 -0.22126
   0.07849  0.03450 -0.22390
   0.07373  0.03377 -0.22868
   0.06927  0.03305 -0.22995
   0.06509  0.03235 -0.24169
   0.06115  0.03165 -0.24597
   0.05745  0.03095 -0.25270
   0.05396  0.03023 -0.25624
   0.05068  0.02952 -0.25118
   0.04758  0.02879 -0.24260
   0.04465  0.02805 -0.23155
   0.04187  0.02732 -0.21940
   0.03925  0.02659 -0.20459
   0.03676  0.02587 -0.19521
   0.03441  0.02515 -0.18014
   0.03218  0.02442 -0.15256
   0.03006  0.02371 -0.12444
   0.02804  0.02301 -0.10121
   0.02612  0.02234 -0.09290
   0.02429  0.02168 -0.09099
   0.02256  0.02105 -0.08711
   0.02092  0.02042 -0.08506
   0.01936  0.01979 -0.07718
   0.01788  0.01916 -0.06167
   0.01648  0.01853 -0.03990
   0.01513  0.01790 -0.01387
   0.01385  0.01728  0.00935
   0.01262  0.01665  0.03413
   0.01145  0.01603  0.04964
   0.01032  0.01542  0.07033
   0.00925  0.01480  0.09580
   0.00822  0.01418  0.11216
   0.00724  0.01356  0.13992
   0.00631  0.01293  0.15879
   0.00542  0.01229  0.18205
   0.00458  0.01164  0.21402
   0.00379  0.01098  0.23652
   0.00305  0.01029  0.27044
   0.00239  0.00956  0.31587
   0.00182  0.00878  0.45491
   0.00133  0.00797  0.52134
   0.00094  0.00712  0.65942
   0.00065  0.00624  0.77014
   0.00044  0.00536  0.85741
   0.00028  0.00447  0.91437
   0.00016  0.00358  0.95564
   0.00008  0.00270  0.97996
   0.00003  0.00182  0.99460
   0.00000  0.00095  0.99994
  -0.00000  0.00009  0.99717
   0.00003 -0.00076  0.98802
   0.00006 -0.00163  0.96878
   0.00015 -0.00249  0.95211
   0.00023 -0.00336  0.91858
   0.00032 -0.00424  0.87783
   0.00047 -0.00512  0.83566
   0.00063 -0.00601  0.78021
   0.00082 -0.00691  0.71619
   0.00104 -0.00781  0.64298
   0.00129 -0.00871  0.55070
   0.00157 -0.00961  0.44754
   0.00190 -0.01051  0.32977
   0.00227 -0.01140  0.17587
   0.00270 -0.01228  0.04636
   0.00318 -0.01315 -0.16436
   0.00373 -0.01400 -0.39665
   0.00438 -0.01479 -0.46923
   0.00511 -0.01554 -0.53719
   0.00590 -0.01626 -0.56342
   0.00676 -0.01694 -0.58255
   0.00768 -0.01760 -0.59388
   0.00865 -0.01823 -0.59780
   0.00967 -0.01885 -0.60309
   0.01075 -0.01945 -0.58743
   0.01188 -0.02004 -0.59184
   0.01307 -0.02061 -0.57833
   0.01432 -0.02118 -0.57167
   0.01563 -0.02174 -0.56242
   0.01700 -0.02229 -0.54445
   0.01845 -0.02284 -0.53468
   0.01996 -0.02339 -0.52420
   0.02156 -0.02394 -0.51202
   0.02324 -0.02449 -0.49845
   0.02502 -0.02504 -0.48723
   0.02690 -0.02561 -0.47805
   0.02888 -0.02618 -0.46683
   0.03099 -0.02676 -0.45798
   0.03324 -0.02735 -0.45111
   0.03563 -0.02795 -0.44124
   0.03818 -0.02857 -0.43268
   0.04090 -0.02920 -0.42325
   0.04382 -0.02985 -0.41429
   0.04694 -0.03052 -0.40664
   0.05029 -0.03121 -0.40381
   0.05388 -0.03192 -0.39719
   0.05772 -0.03265 -0.39430
   0.06181 -0.03340 -0.38955
   0.06618 -0.03416 -0.38541
   0.07081 -0.03493 -0.38199
   0.07572 -0.03571 -0.37833
   0.08090 -0.03650 -0.37507
   0.08636 -0.03729 -0.37226
   0.09206 -0.03808 -0.36861
   0.09799 -0.03886 -0.36514
   0.10414 -0.03963 -0.36464
   0.11047 -0.04039 -0.36231
   0.11696 -0.04113 -0.36175
   0.12360 -0.04184 -0.36060
   0.13035 -0.04253 -0.35917
   0.13721 -0.04318 -0.35717
   0.14417 -0.04381 -0.35472
   0.15121 -0.04440 -0.35159
   0.15834 -0.04497 -0.34881
   0.16553 -0.04550 -0.34587
   0.17278 -0.04600 -0.34275
   0.18008 -0.04648 -0.33955
   0.18742 -0.04692 -0.33796
   0.19479 -0.04734 -0.33509
   0.20219 -0.04773 -0.33294
   0.20962 -0.04809 -0.32908
   0.21707 -0.04842 -0.32717
   0.22456 -0.04873 -0.32316
   0.23208 -0.04901 -0.31958
   0.23964 -0.04926 -0.31585
   0.24721 -0.04950 -0.31384
   0.25481 -0.04971 -0.31111
   0.26241 -0.04990 -0.30839
   0.27004 -0.05006 -0.30538
   0.27768 -0.05021 -0.30299
   0.28534 -0.05033 -0.29973
   0.29302 -0.05043 -0.29741
   0.30071 -0.05052 -0.29509
   0.30841 -0.05058 -0.29309
   0.31611 -0.05063 -0.29139
   0.32382 -0.05066 -0.28917
   0.33154 -0.05066 -0.28675
   0.33927 -0.05065 -0.28574
   0.34699 -0.05062 -0.28312
   0.35472 -0.05057 -0.28177
   0.36246 -0.05051 -0.28009
   0.37019 -0.05042 -0.27853
   0.37793 -0.05031 -0.27607
   0.38566 -0.05019 -0.27519
   0.39339 -0.05004 -0.27321
   0.40111 -0.04988 -0.27164
   0.40883 -0.04970 -0.26993
   0.41655 -0.04951 -0.26902
   0.42426 -0.04929 -0.26756
   0.43196 -0.04905 -0.26654
   0.43965 -0.04880 -0.26500
   0.44733 -0.04852 -0.26391
   0.45499 -0.04823 -0.26271
   0.46265 -0.04791 -0.26097
   0.47029 -0.04757 -0.26004
   0.47793 -0.04721 -0.25816
   0.48555 -0.04683 -0.25651
   0.49315 -0.04642 -0.25484
   0.50075 -0.04600 -0.25325
   0.50833 -0.04555 -0.25064
   0.51589 -0.04507 -0.24901
   0.52345 -0.04458 -0.24617
   0.53099 -0.04405 -0.24422
   0.53851 -0.04351 -0.24110
   0.54603 -0.04293 -0.23862
   0.55353 -0.04234 -0.23593
   0.56101 -0.04171 -0.23175
   0.56848 -0.04106 -0.22879
   0.57593 -0.04038 -0.22474
   0.58337 -0.03967 -0.22080
   0.59078 -0.03894 -0.21677
   0.59818 -0.03818 -0.21184
   0.60556 -0.03738 -0.20721
   0.61292 -0.03656 -0.20198
   0.62026 -0.03571 -0.19601
   0.62759 -0.03483 -0.19008
   0.63490 -0.03391 -0.18247
   0.64220 -0.03296 -0.17645
   0.64948 -0.03198 -0.16828
   0.65674 -0.03097 -0.16024
   0.66400 -0.02992 -0.15094
   0.67125 -0.02883 -0.14142
   0.67849 -0.02772 -0.13171
   0.68572 -0.02656 -0.12045
   0.69295 -0.02537 -0.10967
   0.70018 -0.02415 -0.09663
   0.70741 -0.02288 -0.08432
   0.71464 -0.02159 -0.07094
   0.72188 -0.02025 -0.05597
   0.72912 -0.01888 -0.04191
   0.73638 -0.01747 -0.02496
   0.74365 -0.01602 -0.00928
   0.75094 -0.01453  0.00938
   0.75826 -0.01301  0.02734
   0.76560 -0.01146  0.04702
   0.77297 -0.00987  0.06666
   0.78039 -0.00825  0.08822
   0.78785 -0.00659  0.10936
   0.79535 -0.00492  0.13253
   0.80287 -0.00323  0.15539
   0.81037 -0.00154  0.17771
   0.81778  0.00013  0.20291
   0.82509  0.00176  0.22607
   0.83227  0.00334  0.24759
   0.83932  0.00486  0.26834
   0.84624  0.00632  0.28876
   0.85304  0.00771  0.30718
   0.85972  0.00903  0.32610
   0.86628  0.01027  0.34230
   0.87271  0.01143  0.35837
   0.87902  0.01251  0.37339
   0.88521  0.01350  0.38612
   0.89129  0.01440  0.39892
   0.89727  0.01522  0.40871
   0.90316  0.01595  0.41921
   0.90895  0.01659  0.42807
   0.91464  0.01715  0.43545
   0.92020  0.01763  0.44384
   0.92564  0.01802  0.44964
   0.93097  0.01831  0.45425
   0.93623  0.01853  0.45737
   0.94141  0.01867  0.45687
   0.94645  0.01876  0.46713
   0.95125  0.01879  0.47880
   0.95581  0.01873  0.49142
   0.96019  0.01854  0.49553
   0.96446  0.01821  0.48049
   0.96872  0.01776  0.45429
   0.97300  0.01724  0.42574
   0.97726  0.01672  0.41544
   0.98142  0.01621  0.42805
   0.98545  0.01563  0.43240
   0.98942  0.01489  0.38720
   0.99340  0.01406  0.32675
   0.99738  0.01325  0.29808
   1.00000  0.01271  0.25219
