GRUMMAN K-2 AIRFOIL                             
 Alfa =  -1.29440 Re =        0.000 Xflap,Yflap =     0.000000    0.000000
#    x        y        Cp  
   1.00000  0.01371  0.25220
   0.99739  0.01444  0.09671
   0.99327  0.01550  0.06270
   0.98886  0.01658  0.04431
   0.98418  0.01773  0.00261
   0.97923  0.01891 -0.02692
   0.97401  0.02013 -0.05696
   0.96856  0.02137 -0.08482
   0.96293  0.02261 -0.11264
   0.95713  0.02384 -0.13570
   0.95115  0.02505 -0.15442
   0.94501  0.02623 -0.16963
   0.93873  0.02739 -0.18323
   0.93231  0.02852 -0.19421
   0.92575  0.02962 -0.20156
   0.91905  0.03069 -0.20726
   0.91224  0.03174 -0.21450
   0.90536  0.03277 -0.22314
   0.89842  0.03376 -0.23061
   0.89145  0.03472 -0.23842
   0.88446  0.03564 -0.24378
   0.87741  0.03652 -0.24784
   0.87030  0.03736 -0.24834
   0.86310  0.03817 -0.24829
   0.85580  0.03897 -0.24787
   0.84840  0.03974 -0.24706
   0.84093  0.04049 -0.24716
   0.83341  0.04123 -0.24760
   0.82588  0.04195 -0.25219
   0.81837  0.04265 -0.25814
   0.81087  0.04332 -0.26072
   0.80338  0.04396 -0.26398
   0.79590  0.04457 -0.26648
   0.78841  0.04515 -0.26750
   0.78092  0.04570 -0.26905
   0.77342  0.04622 -0.26874
   0.76591  0.04671 -0.26876
   0.75838  0.04717 -0.26757
   0.75082  0.04761 -0.26629
   0.74324  0.04802 -0.26241
   0.73562  0.04841 -0.26109
   0.72798  0.04878 -0.25775
   0.72030  0.04913 -0.25555
   0.71260  0.04946 -0.25273
   0.70486  0.04978 -0.25012
   0.69710  0.05008 -0.24739
   0.68932  0.05037 -0.24517
   0.68152  0.05064 -0.24284
   0.67370  0.05090 -0.24187
   0.66588  0.05114 -0.23908
   0.65804  0.05138 -0.23796
   0.65020  0.05160 -0.23616
   0.64235  0.05180 -0.23452
   0.63449  0.05200 -0.23364
   0.62662  0.05218 -0.23136
   0.61875  0.05235 -0.23021
   0.61086  0.05251 -0.22859
   0.60297  0.05266 -0.22676
   0.59508  0.05280 -0.22609
   0.58718  0.05293 -0.22518
   0.57928  0.05305 -0.22378
   0.57138  0.05316 -0.22265
   0.56347  0.05325 -0.22175
   0.55556  0.05334 -0.22118
   0.54765  0.05342 -0.21983
   0.53974  0.05348 -0.21872
   0.53183  0.05354 -0.21785
   0.52391  0.05358 -0.21753
   0.51600  0.05362 -0.21599
   0.50808  0.05365 -0.21577
   0.50017  0.05366 -0.21472
   0.49225  0.05367 -0.21361
   0.48434  0.05366 -0.21354
   0.47642  0.05365 -0.21263
   0.46852  0.05363 -0.21214
   0.46062  0.05360 -0.21104
   0.45272  0.05355 -0.21155
   0.44483  0.05350 -0.20982
   0.43695  0.05344 -0.20939
   0.42908  0.05336 -0.20851
   0.42122  0.05328 -0.20863
   0.41340  0.05319 -0.20785
   0.40562  0.05309 -0.20891
   0.39791  0.05299 -0.20860
   0.39026  0.05286 -0.20887
   0.38268  0.05273 -0.20640
   0.37518  0.05259 -0.20287
   0.36779  0.05245 -0.20384
   0.36056  0.05233 -0.21172
   0.35355  0.05219 -0.22338
   0.34675  0.05202 -0.23014
   0.34015  0.05179 -0.21524
   0.33367  0.05152 -0.18696
   0.32729  0.05126 -0.16162
   0.32094  0.05107 -0.15456
   0.31459  0.05095 -0.17756
   0.30818  0.05086 -0.20786
   0.30168  0.05074 -0.22944
   0.29501  0.05055 -0.22554
   0.28812  0.05029 -0.21211
   0.28102  0.05002 -0.20271
   0.27376  0.04974 -0.20459
   0.26640  0.04946 -0.20740
   0.25896  0.04915 -0.20829
   0.25145  0.04883 -0.20804
   0.24388  0.04848 -0.20770
   0.23629  0.04812 -0.20834
   0.22868  0.04775 -0.20895
   0.22107  0.04735 -0.20997
   0.21346  0.04694 -0.21032
   0.20588  0.04651 -0.21144
   0.19832  0.04606 -0.21218
   0.19079  0.04559 -0.21356
   0.18331  0.04510 -0.21554
   0.17587  0.04459 -0.21511
   0.16848  0.04405 -0.21791
   0.16116  0.04350 -0.21817
   0.15392  0.04292 -0.21903
   0.14676  0.04231 -0.22164
   0.13969  0.04168 -0.22058
   0.13274  0.04103 -0.22262
   0.12592  0.04036 -0.22222
   0.11925  0.03966 -0.22280
   0.11274  0.03895 -0.22226
   0.10643  0.03821 -0.22197
   0.10032  0.03747 -0.22248
   0.09446  0.03673 -0.22182
   0.08886  0.03598 -0.22370
   0.08353  0.03523 -0.22408
   0.07849  0.03450 -0.22683
   0.07373  0.03377 -0.23172
   0.06927  0.03305 -0.23310
   0.06509  0.03235 -0.24497
   0.06115  0.03165 -0.24937
   0.05745  0.03095 -0.25623
   0.05396  0.03023 -0.25990
   0.05068  0.02952 -0.25495
   0.04758  0.02879 -0.24647
   0.04465  0.02805 -0.23552
   0.04187  0.02732 -0.22347
   0.03925  0.02659 -0.20875
   0.03676  0.02587 -0.19947
   0.03441  0.02515 -0.18450
   0.03218  0.02442 -0.15696
   0.03006  0.02371 -0.12888
   0.02804  0.02301 -0.10571
   0.02612  0.02234 -0.09753
   0.02429  0.02168 -0.09578
   0.02256  0.02105 -0.09206
   0.02092  0.02042 -0.09018
   0.01936  0.01979 -0.08246
   0.01788  0.01916 -0.06708
   0.01648  0.01853 -0.04541
   0.01513  0.01790 -0.01947
   0.01385  0.01728  0.00365
   0.01262  0.01665  0.02831
   0.01145  0.01603  0.04367
   0.01032  0.01542  0.06420
   0.00925  0.01480  0.08953
   0.00822  0.01418  0.10569
   0.00724  0.01356  0.13327
   0.00631  0.01293  0.15190
   0.00542  0.01229  0.17491
   0.00458  0.01164  0.20665
   0.00379  0.01098  0.22878
   0.00305  0.01029  0.26236
   0.00239  0.00956  0.30751
   0.00182  0.00878  0.44741
   0.00133  0.00797  0.51384
   0.00094  0.00712  0.65321
   0.00065  0.00624  0.76517
   0.00044  0.00536  0.85363
   0.00028  0.00447  0.91152
   0.00016  0.00358  0.95363
   0.00008  0.00270  0.97863
   0.00003  0.00182  0.99391
   0.00000  0.00095  0.99985
  -0.00000  0.00009  0.99763
   0.00003 -0.00076  0.98895
   0.00006 -0.00163  0.97036
   0.00015 -0.00249  0.95391
   0.00023 -0.00336  0.92104
   0.00032 -0.00424  0.88089
   0.00047 -0.00512  0.83913
   0.00063 -0.00601  0.78427
   0.00082 -0.00691  0.72082
   0.00104 -0.00781  0.64820
   0.00129 -0.00871  0.55659
   0.00157 -0.00961  0.45415
   0.00190 -0.01051  0.33711
   0.00227 -0.01140  0.18417
   0.00270 -0.01228  0.05523
   0.00318 -0.01315 -0.15429
   0.00373 -0.01400 -0.38542
   0.00438 -0.01479 -0.45821
   0.00511 -0.01554 -0.52634
   0.00590 -0.01626 -0.55300
   0.00676 -0.01694 -0.57255
   0.00768 -0.01760 -0.58431
   0.00865 -0.01823 -0.58862
   0.00967 -0.01885 -0.59432
   0.01075 -0.01945 -0.57907
   0.01188 -0.02004 -0.58380
   0.01307 -0.02061 -0.57064
   0.01432 -0.02118 -0.56430
   0.01563 -0.02174 -0.55536
   0.01700 -0.02229 -0.53769
   0.01845 -0.02284 -0.52819
   0.01996 -0.02339 -0.51796
   0.02156 -0.02394 -0.50603
   0.02324 -0.02449 -0.49270
   0.02502 -0.02504 -0.48171
   0.02690 -0.02561 -0.47272
   0.02888 -0.02618 -0.46170
   0.03099 -0.02676 -0.45303
   0.03324 -0.02735 -0.44634
   0.03563 -0.02795 -0.43664
   0.03818 -0.02857 -0.42825
   0.04090 -0.02920 -0.41898
   0.04382 -0.02985 -0.41018
   0.04694 -0.03052 -0.40268
   0.05029 -0.03121 -0.39998
   0.05388 -0.03192 -0.39350
   0.05772 -0.03265 -0.39074
   0.06181 -0.03340 -0.38611
   0.06618 -0.03416 -0.38210
   0.07081 -0.03493 -0.37879
   0.07572 -0.03571 -0.37524
   0.08090 -0.03650 -0.37208
   0.08636 -0.03729 -0.36938
   0.09206 -0.03808 -0.36583
   0.09799 -0.03886 -0.36245
   0.10414 -0.03963 -0.36203
   0.11047 -0.04039 -0.35979
   0.11696 -0.04113 -0.35931
   0.12360 -0.04184 -0.35823
   0.13035 -0.04253 -0.35687
   0.13721 -0.04318 -0.35494
   0.14417 -0.04381 -0.35255
   0.15121 -0.04440 -0.34949
   0.15834 -0.04497 -0.34676
   0.16553 -0.04550 -0.34388
   0.17278 -0.04600 -0.34081
   0.18008 -0.04648 -0.33767
   0.18742 -0.04692 -0.33612
   0.19479 -0.04734 -0.33330
   0.20219 -0.04773 -0.33119
   0.20962 -0.04809 -0.32738
   0.21707 -0.04842 -0.32550
   0.22456 -0.04873 -0.32153
   0.23208 -0.04901 -0.31799
   0.23964 -0.04926 -0.31430
   0.24721 -0.04950 -0.31232
   0.25481 -0.04971 -0.30963
   0.26241 -0.04990 -0.30694
   0.27004 -0.05006 -0.30395
   0.27768 -0.05021 -0.30159
   0.28534 -0.05033 -0.29837
   0.29302 -0.05043 -0.29607
   0.30071 -0.05052 -0.29378
   0.30841 -0.05058 -0.29181
   0.31611 -0.05063 -0.29013
   0.32382 -0.05066 -0.28794
   0.33154 -0.05066 -0.28554
   0.33927 -0.05065 -0.28455
   0.34699 -0.05062 -0.28195
   0.35472 -0.05057 -0.28062
   0.36246 -0.05051 -0.27896
   0.37019 -0.05042 -0.27742
   0.37793 -0.05031 -0.27498
   0.38566 -0.05019 -0.27412
   0.39339 -0.05004 -0.27216
   0.40111 -0.04988 -0.27061
   0.40883 -0.04970 -0.26892
   0.41655 -0.04951 -0.26803
   0.42426 -0.04929 -0.26658
   0.43196 -0.04905 -0.26558
   0.43965 -0.04880 -0.26405
   0.44733 -0.04852 -0.26298
   0.45499 -0.04823 -0.26180
   0.46265 -0.04791 -0.26007
   0.47029 -0.04757 -0.25916
   0.47793 -0.04721 -0.25729
   0.48555 -0.04683 -0.25566
   0.49315 -0.04642 -0.25400
   0.50075 -0.04600 -0.25243
   0.50833 -0.04555 -0.24983
   0.51589 -0.04507 -0.24822
   0.52345 -0.04458 -0.24539
   0.53099 -0.04405 -0.24346
   0.53851 -0.04351 -0.24035
   0.54603 -0.04293 -0.23788
   0.55353 -0.04234 -0.23520
   0.56101 -0.04171 -0.23104
   0.56848 -0.04106 -0.22809
   0.57593 -0.04038 -0.22405
   0.58337 -0.03967 -0.22013
   0.59078 -0.03894 -0.21611
   0.59818 -0.03818 -0.21119
   0.60556 -0.03738 -0.20658
   0.61292 -0.03656 -0.20136
   0.62026 -0.03571 -0.19541
   0.62759 -0.03483 -0.18948
   0.63490 -0.03391 -0.18190
   0.64220 -0.03296 -0.17589
   0.64948 -0.03198 -0.16773
   0.65674 -0.03097 -0.15970
   0.66400 -0.02992 -0.15042
   0.67125 -0.02883 -0.14090
   0.67849 -0.02772 -0.13121
   0.68572 -0.02656 -0.11997
   0.69295 -0.02537 -0.10920
   0.70018 -0.02415 -0.09618
   0.70741 -0.02288 -0.08388
   0.71464 -0.02159 -0.07051
   0.72188 -0.02025 -0.05555
   0.72912 -0.01888 -0.04151
   0.73638 -0.01747 -0.02458
   0.74365 -0.01602 -0.00890
   0.75094 -0.01453  0.00973
   0.75826 -0.01301  0.02769
   0.76560 -0.01146  0.04734
   0.77297 -0.00987  0.06697
   0.78039 -0.00825  0.08852
   0.78785 -0.00659  0.10965
   0.79535 -0.00492  0.13280
   0.80287 -0.00323  0.15565
   0.81037 -0.00154  0.17796
   0.81778  0.00013  0.20314
   0.82509  0.00176  0.22629
   0.83227  0.00334  0.24780
   0.83932  0.00486  0.26853
   0.84624  0.00632  0.28895
   0.85304  0.00771  0.30735
   0.85972  0.00903  0.32627
   0.86628  0.01027  0.34246
   0.87271  0.01143  0.35852
   0.87902  0.01251  0.37354
   0.88521  0.01350  0.38626
   0.89129  0.01440  0.39905
   0.89727  0.01522  0.40884
   0.90316  0.01595  0.41933
   0.90895  0.01659  0.42818
   0.91464  0.01715  0.43555
   0.92020  0.01763  0.44394
   0.92564  0.01802  0.44974
   0.93097  0.01831  0.45434
   0.93623  0.01853  0.45745
   0.94141  0.01867  0.45696
   0.94645  0.01876  0.46720
   0.95125  0.01879  0.47887
   0.95581  0.01873  0.49150
   0.96019  0.01854  0.49560
   0.96446  0.01821  0.48055
   0.96872  0.01776  0.45435
   0.97300  0.01724  0.42581
   0.97726  0.01672  0.41550
   0.98142  0.01621  0.42811
   0.98545  0.01563  0.43244
   0.98942  0.01489  0.38725
   0.99340  0.01406  0.32679
   0.99738  0.01325  0.29811
   1.00000  0.01271  0.25220
