GRUMMAN K-2 AIRFOIL                             
 Alfa =  -1.29620 Re =        0.000 Xflap,Yflap =     0.000000    0.000000
#    x        y        Cp  
   1.00000  0.01371  0.25220
   0.99739  0.01444  0.09672
   0.99327  0.01550  0.06270
   0.98886  0.01658  0.04431
   0.98418  0.01773  0.00262
   0.97923  0.01891 -0.02691
   0.97401  0.02013 -0.05695
   0.96856  0.02137 -0.08481
   0.96293  0.02261 -0.11263
   0.95713  0.02384 -0.13568
   0.95115  0.02505 -0.15440
   0.94501  0.02623 -0.16961
   0.93873  0.02739 -0.18321
   0.93231  0.02852 -0.19419
   0.92575  0.02962 -0.20154
   0.91905  0.03069 -0.20724
   0.91224  0.03174 -0.21447
   0.90536  0.03277 -0.22311
   0.89842  0.03376 -0.23058
   0.89145  0.03472 -0.23840
   0.88446  0.03564 -0.24375
   0.87741  0.03652 -0.24781
   0.87030  0.03736 -0.24831
   0.86310  0.03817 -0.24825
   0.85580  0.03897 -0.24784
   0.84840  0.03974 -0.24703
   0.84093  0.04049 -0.24713
   0.83341  0.04123 -0.24757
   0.82588  0.04195 -0.25215
   0.81837  0.04265 -0.25810
   0.81087  0.04332 -0.26068
   0.80338  0.04396 -0.26394
   0.79590  0.04457 -0.26644
   0.78841  0.04515 -0.26746
   0.78092  0.04570 -0.26901
   0.77342  0.04622 -0.26870
   0.76591  0.04671 -0.26872
   0.75838  0.04717 -0.26752
   0.75082  0.04761 -0.26624
   0.74324  0.04802 -0.26236
   0.73562  0.04841 -0.26104
   0.72798  0.04878 -0.25770
   0.72030  0.04913 -0.25550
   0.71260  0.04946 -0.25268
   0.70486  0.04978 -0.25007
   0.69710  0.05008 -0.24734
   0.68932  0.05037 -0.24511
   0.68152  0.05064 -0.24279
   0.67370  0.05090 -0.24182
   0.66588  0.05114 -0.23902
   0.65804  0.05138 -0.23790
   0.65020  0.05160 -0.23610
   0.64235  0.05180 -0.23446
   0.63449  0.05200 -0.23358
   0.62662  0.05218 -0.23131
   0.61875  0.05235 -0.23015
   0.61086  0.05251 -0.22853
   0.60297  0.05266 -0.22670
   0.59508  0.05280 -0.22603
   0.58718  0.05293 -0.22511
   0.57928  0.05305 -0.22372
   0.57138  0.05316 -0.22258
   0.56347  0.05325 -0.22169
   0.55556  0.05334 -0.22111
   0.54765  0.05342 -0.21976
   0.53974  0.05348 -0.21865
   0.53183  0.05354 -0.21778
   0.52391  0.05358 -0.21746
   0.51600  0.05362 -0.21592
   0.50808  0.05365 -0.21570
   0.50017  0.05366 -0.21465
   0.49225  0.05367 -0.21353
   0.48434  0.05366 -0.21346
   0.47642  0.05365 -0.21255
   0.46852  0.05363 -0.21206
   0.46062  0.05360 -0.21096
   0.45272  0.05355 -0.21147
   0.44483  0.05350 -0.20974
   0.43695  0.05344 -0.20930
   0.42908  0.05336 -0.20842
   0.42122  0.05328 -0.20854
   0.41340  0.05319 -0.20776
   0.40562  0.05309 -0.20882
   0.39791  0.05299 -0.20851
   0.39026  0.05286 -0.20878
   0.38268  0.05273 -0.20630
   0.37518  0.05259 -0.20277
   0.36779  0.05245 -0.20374
   0.36056  0.05233 -0.21162
   0.35355  0.05219 -0.22328
   0.34675  0.05202 -0.23003
   0.34015  0.05179 -0.21513
   0.33367  0.05152 -0.18685
   0.32729  0.05126 -0.16152
   0.32094  0.05107 -0.15446
   0.31459  0.05095 -0.17745
   0.30818  0.05086 -0.20775
   0.30168  0.05074 -0.22932
   0.29501  0.05055 -0.22543
   0.28812  0.05029 -0.21199
   0.28102  0.05002 -0.20259
   0.27376  0.04974 -0.20447
   0.26640  0.04946 -0.20728
   0.25896  0.04915 -0.20816
   0.25145  0.04883 -0.20791
   0.24388  0.04848 -0.20757
   0.23629  0.04812 -0.20821
   0.22868  0.04775 -0.20882
   0.22107  0.04735 -0.20983
   0.21346  0.04694 -0.21018
   0.20588  0.04651 -0.21129
   0.19832  0.04606 -0.21203
   0.19079  0.04559 -0.21341
   0.18331  0.04510 -0.21539
   0.17587  0.04459 -0.21495
   0.16848  0.04405 -0.21774
   0.16116  0.04350 -0.21800
   0.15392  0.04292 -0.21886
   0.14676  0.04231 -0.22146
   0.13969  0.04168 -0.22039
   0.13274  0.04103 -0.22243
   0.12592  0.04036 -0.22203
   0.11925  0.03966 -0.22259
   0.11274  0.03895 -0.22205
   0.10643  0.03821 -0.22175
   0.10032  0.03747 -0.22226
   0.09446  0.03673 -0.22158
   0.08886  0.03598 -0.22346
   0.08353  0.03523 -0.22384
   0.07849  0.03450 -0.22657
   0.07373  0.03377 -0.23146
   0.06927  0.03305 -0.23282
   0.06509  0.03235 -0.24468
   0.06115  0.03165 -0.24907
   0.05745  0.03095 -0.25592
   0.05396  0.03023 -0.25958
   0.05068  0.02952 -0.25462
   0.04758  0.02879 -0.24613
   0.04465  0.02805 -0.23517
   0.04187  0.02732 -0.22311
   0.03925  0.02659 -0.20838
   0.03676  0.02587 -0.19909
   0.03441  0.02515 -0.18412
   0.03218  0.02442 -0.15657
   0.03006  0.02371 -0.12849
   0.02804  0.02301 -0.10532
   0.02612  0.02234 -0.09712
   0.02429  0.02168 -0.09536
   0.02256  0.02105 -0.09163
   0.02092  0.02042 -0.08973
   0.01936  0.01979 -0.08199
   0.01788  0.01916 -0.06661
   0.01648  0.01853 -0.04493
   0.01513  0.01790 -0.01898
   0.01385  0.01728  0.00415
   0.01262  0.01665  0.02883
   0.01145  0.01603  0.04420
   0.01032  0.01542  0.06474
   0.00925  0.01480  0.09008
   0.00822  0.01418  0.10626
   0.00724  0.01356  0.13386
   0.00631  0.01293  0.15251
   0.00542  0.01229  0.17554
   0.00458  0.01164  0.20729
   0.00379  0.01098  0.22946
   0.00305  0.01029  0.26307
   0.00239  0.00956  0.30825
   0.00182  0.00878  0.44807
   0.00133  0.00797  0.51450
   0.00094  0.00712  0.65376
   0.00065  0.00624  0.76561
   0.00044  0.00536  0.85397
   0.00028  0.00447  0.91177
   0.00016  0.00358  0.95381
   0.00008  0.00270  0.97875
   0.00003  0.00182  0.99398
   0.00000  0.00095  0.99986
  -0.00000  0.00009  0.99759
   0.00003 -0.00076  0.98887
   0.00006 -0.00163  0.97023
   0.00015 -0.00249  0.95375
   0.00023 -0.00336  0.92082
   0.00032 -0.00424  0.88062
   0.00047 -0.00512  0.83883
   0.00063 -0.00601  0.78392
   0.00082 -0.00691  0.72042
   0.00104 -0.00781  0.64774
   0.00129 -0.00871  0.55607
   0.00157 -0.00961  0.45357
   0.00190 -0.01051  0.33646
   0.00227 -0.01140  0.18344
   0.00270 -0.01228  0.05445
   0.00318 -0.01315 -0.15517
   0.00373 -0.01400 -0.38641
   0.00438 -0.01479 -0.45918
   0.00511 -0.01554 -0.52729
   0.00590 -0.01626 -0.55392
   0.00676 -0.01694 -0.57343
   0.00768 -0.01760 -0.58515
   0.00865 -0.01823 -0.58943
   0.00967 -0.01885 -0.59509
   0.01075 -0.01945 -0.57980
   0.01188 -0.02004 -0.58451
   0.01307 -0.02061 -0.57131
   0.01432 -0.02118 -0.56495
   0.01563 -0.02174 -0.55598
   0.01700 -0.02229 -0.53828
   0.01845 -0.02284 -0.52876
   0.01996 -0.02339 -0.51851
   0.02156 -0.02394 -0.50656
   0.02324 -0.02449 -0.49320
   0.02502 -0.02504 -0.48219
   0.02690 -0.02561 -0.47319
   0.02888 -0.02618 -0.46215
   0.03099 -0.02676 -0.45347
   0.03324 -0.02735 -0.44676
   0.03563 -0.02795 -0.43705
   0.03818 -0.02857 -0.42864
   0.04090 -0.02920 -0.41935
   0.04382 -0.02985 -0.41054
   0.04694 -0.03052 -0.40302
   0.05029 -0.03121 -0.40032
   0.05388 -0.03192 -0.39383
   0.05772 -0.03265 -0.39105
   0.06181 -0.03340 -0.38641
   0.06618 -0.03416 -0.38239
   0.07081 -0.03493 -0.37907
   0.07572 -0.03571 -0.37551
   0.08090 -0.03650 -0.37234
   0.08636 -0.03729 -0.36963
   0.09206 -0.03808 -0.36607
   0.09799 -0.03886 -0.36269
   0.10414 -0.03963 -0.36226
   0.11047 -0.04039 -0.36002
   0.11696 -0.04113 -0.35953
   0.12360 -0.04184 -0.35843
   0.13035 -0.04253 -0.35707
   0.13721 -0.04318 -0.35513
   0.14417 -0.04381 -0.35274
   0.15121 -0.04440 -0.34967
   0.15834 -0.04497 -0.34694
   0.16553 -0.04550 -0.34406
   0.17278 -0.04600 -0.34098
   0.18008 -0.04648 -0.33783
   0.18742 -0.04692 -0.33628
   0.19479 -0.04734 -0.33345
   0.20219 -0.04773 -0.33134
   0.20962 -0.04809 -0.32753
   0.21707 -0.04842 -0.32565
   0.22456 -0.04873 -0.32168
   0.23208 -0.04901 -0.31813
   0.23964 -0.04926 -0.31444
   0.24721 -0.04950 -0.31245
   0.25481 -0.04971 -0.30976
   0.26241 -0.04990 -0.30707
   0.27004 -0.05006 -0.30408
   0.27768 -0.05021 -0.30171
   0.28534 -0.05033 -0.29849
   0.29302 -0.05043 -0.29619
   0.30071 -0.05052 -0.29389
   0.30841 -0.05058 -0.29192
   0.31611 -0.05063 -0.29024
   0.32382 -0.05066 -0.28804
   0.33154 -0.05066 -0.28564
   0.33927 -0.05065 -0.28465
   0.34699 -0.05062 -0.28205
   0.35472 -0.05057 -0.28072
   0.36246 -0.05051 -0.27906
   0.37019 -0.05042 -0.27752
   0.37793 -0.05031 -0.27508
   0.38566 -0.05019 -0.27422
   0.39339 -0.05004 -0.27226
   0.40111 -0.04988 -0.27071
   0.40883 -0.04970 -0.26901
   0.41655 -0.04951 -0.26811
   0.42426 -0.04929 -0.26667
   0.43196 -0.04905 -0.26566
   0.43965 -0.04880 -0.26414
   0.44733 -0.04852 -0.26306
   0.45499 -0.04823 -0.26188
   0.46265 -0.04791 -0.26015
   0.47029 -0.04757 -0.25924
   0.47793 -0.04721 -0.25737
   0.48555 -0.04683 -0.25573
   0.49315 -0.04642 -0.25408
   0.50075 -0.04600 -0.25250
   0.50833 -0.04555 -0.24990
   0.51589 -0.04507 -0.24829
   0.52345 -0.04458 -0.24546
   0.53099 -0.04405 -0.24352
   0.53851 -0.04351 -0.24042
   0.54603 -0.04293 -0.23795
   0.55353 -0.04234 -0.23527
   0.56101 -0.04171 -0.23110
   0.56848 -0.04106 -0.22815
   0.57593 -0.04038 -0.22411
   0.58337 -0.03967 -0.22019
   0.59078 -0.03894 -0.21617
   0.59818 -0.03818 -0.21125
   0.60556 -0.03738 -0.20663
   0.61292 -0.03656 -0.20142
   0.62026 -0.03571 -0.19546
   0.62759 -0.03483 -0.18954
   0.63490 -0.03391 -0.18195
   0.64220 -0.03296 -0.17594
   0.64948 -0.03198 -0.16778
   0.65674 -0.03097 -0.15975
   0.66400 -0.02992 -0.15047
   0.67125 -0.02883 -0.14095
   0.67849 -0.02772 -0.13125
   0.68572 -0.02656 -0.12002
   0.69295 -0.02537 -0.10924
   0.70018 -0.02415 -0.09622
   0.70741 -0.02288 -0.08392
   0.71464 -0.02159 -0.07055
   0.72188 -0.02025 -0.05559
   0.72912 -0.01888 -0.04155
   0.73638 -0.01747 -0.02461
   0.74365 -0.01602 -0.00894
   0.75094 -0.01453  0.00970
   0.75826 -0.01301  0.02766
   0.76560 -0.01146  0.04732
   0.77297 -0.00987  0.06695
   0.78039 -0.00825  0.08849
   0.78785 -0.00659  0.10962
   0.79535 -0.00492  0.13278
   0.80287 -0.00323  0.15563
   0.81037 -0.00154  0.17794
   0.81778  0.00013  0.20312
   0.82509  0.00176  0.22627
   0.83227  0.00334  0.24778
   0.83932  0.00486  0.26851
   0.84624  0.00632  0.28893
   0.85304  0.00771  0.30734
   0.85972  0.00903  0.32626
   0.86628  0.01027  0.34245
   0.87271  0.01143  0.35851
   0.87902  0.01251  0.37352
   0.88521  0.01350  0.38624
   0.89129  0.01440  0.39904
   0.89727  0.01522  0.40883
   0.90316  0.01595  0.41932
   0.90895  0.01659  0.42817
   0.91464  0.01715  0.43554
   0.92020  0.01763  0.44393
   0.92564  0.01802  0.44973
   0.93097  0.01831  0.45433
   0.93623  0.01853  0.45744
   0.94141  0.01867  0.45696
   0.94645  0.01876  0.46720
   0.95125  0.01879  0.47887
   0.95581  0.01873  0.49149
   0.96019  0.01854  0.49559
   0.96446  0.01821  0.48055
   0.96872  0.01776  0.45435
   0.97300  0.01724  0.42581
   0.97726  0.01672  0.41550
   0.98142  0.01621  0.42810
   0.98545  0.01563  0.43244
   0.98942  0.01489  0.38724
   0.99340  0.01406  0.32679
   0.99738  0.01325  0.29811
   1.00000  0.01271  0.25220
