GRUMMAN K-2 AIRFOIL                             
 Alfa =  -1.32940 Re =        0.000 Xflap,Yflap =     0.000000    0.000000
#    x        y        Cp  
   1.00000  0.01371  0.25218
   0.99739  0.01444  0.09676
   0.99327  0.01550  0.06277
   0.98886  0.01658  0.04442
   0.98418  0.01773  0.00276
   0.97923  0.01891 -0.02676
   0.97401  0.02013 -0.05678
   0.96856  0.02137 -0.08459
   0.96293  0.02261 -0.11241
   0.95713  0.02384 -0.13542
   0.95115  0.02505 -0.15412
   0.94501  0.02623 -0.16931
   0.93873  0.02739 -0.18288
   0.93231  0.02852 -0.19384
   0.92575  0.02962 -0.20118
   0.91905  0.03069 -0.20685
   0.91224  0.03174 -0.21406
   0.90536  0.03277 -0.22267
   0.89842  0.03376 -0.23012
   0.89145  0.03472 -0.23792
   0.88446  0.03564 -0.24325
   0.87741  0.03652 -0.24729
   0.87030  0.03736 -0.24777
   0.86310  0.03817 -0.24769
   0.85580  0.03897 -0.24727
   0.84840  0.03974 -0.24644
   0.84093  0.04049 -0.24652
   0.83341  0.04123 -0.24694
   0.82588  0.04195 -0.25150
   0.81837  0.04265 -0.25744
   0.81087  0.04332 -0.25999
   0.80338  0.04396 -0.26323
   0.79590  0.04457 -0.26571
   0.78841  0.04515 -0.26672
   0.78092  0.04570 -0.26824
   0.77342  0.04622 -0.26792
   0.76591  0.04671 -0.26792
   0.75838  0.04717 -0.26671
   0.75082  0.04761 -0.26542
   0.74324  0.04802 -0.26151
   0.73562  0.04841 -0.26018
   0.72798  0.04878 -0.25682
   0.72030  0.04913 -0.25461
   0.71260  0.04946 -0.25177
   0.70486  0.04978 -0.24915
   0.69710  0.05008 -0.24640
   0.68932  0.05037 -0.24416
   0.68152  0.05064 -0.24181
   0.67370  0.05090 -0.24083
   0.66588  0.05114 -0.23802
   0.65804  0.05138 -0.23688
   0.65020  0.05160 -0.23507
   0.64235  0.05180 -0.23340
   0.63449  0.05200 -0.23251
   0.62662  0.05218 -0.23022
   0.61875  0.05235 -0.22904
   0.61086  0.05251 -0.22741
   0.60297  0.05266 -0.22556
   0.59508  0.05280 -0.22487
   0.58718  0.05293 -0.22394
   0.57928  0.05305 -0.22253
   0.57138  0.05316 -0.22137
   0.56347  0.05325 -0.22045
   0.55556  0.05334 -0.21987
   0.54765  0.05342 -0.21849
   0.53974  0.05348 -0.21736
   0.53183  0.05354 -0.21647
   0.52391  0.05358 -0.21613
   0.51600  0.05362 -0.21456
   0.50808  0.05365 -0.21432
   0.50017  0.05366 -0.21326
   0.49225  0.05367 -0.21212
   0.48434  0.05366 -0.21203
   0.47642  0.05365 -0.21109
   0.46852  0.05363 -0.21058
   0.46062  0.05360 -0.20946
   0.45272  0.05355 -0.20994
   0.44483  0.05350 -0.20819
   0.43695  0.05344 -0.20773
   0.42908  0.05336 -0.20683
   0.42122  0.05328 -0.20692
   0.41340  0.05319 -0.20612
   0.40562  0.05309 -0.20714
   0.39791  0.05299 -0.20681
   0.39026  0.05286 -0.20705
   0.38268  0.05273 -0.20455
   0.37518  0.05259 -0.20099
   0.36779  0.05245 -0.20193
   0.36056  0.05233 -0.20978
   0.35355  0.05219 -0.22138
   0.34675  0.05202 -0.22810
   0.34015  0.05179 -0.21320
   0.33367  0.05152 -0.18493
   0.32729  0.05126 -0.15961
   0.32094  0.05107 -0.15254
   0.31459  0.05095 -0.17547
   0.30818  0.05086 -0.20568
   0.30168  0.05074 -0.22718
   0.29501  0.05055 -0.22326
   0.28812  0.05029 -0.20981
   0.28102  0.05002 -0.20040
   0.27376  0.04974 -0.20223
   0.26640  0.04946 -0.20499
   0.25896  0.04915 -0.20583
   0.25145  0.04883 -0.20553
   0.24388  0.04848 -0.20514
   0.23629  0.04812 -0.20573
   0.22868  0.04775 -0.20628
   0.22107  0.04735 -0.20724
   0.21346  0.04694 -0.20753
   0.20588  0.04651 -0.20858
   0.19832  0.04606 -0.20925
   0.19079  0.04559 -0.21056
   0.18331  0.04510 -0.21247
   0.17587  0.04459 -0.21196
   0.16848  0.04405 -0.21467
   0.16116  0.04350 -0.21485
   0.15392  0.04292 -0.21561
   0.14676  0.04231 -0.21812
   0.13969  0.04168 -0.21696
   0.13274  0.04103 -0.21888
   0.12592  0.04036 -0.21838
   0.11925  0.03966 -0.21883
   0.11274  0.03895 -0.21817
   0.10643  0.03821 -0.21774
   0.10032  0.03747 -0.21812
   0.09446  0.03673 -0.21731
   0.08886  0.03598 -0.21904
   0.08353  0.03523 -0.21926
   0.07849  0.03450 -0.22183
   0.07373  0.03377 -0.22654
   0.06927  0.03305 -0.22773
   0.06509  0.03235 -0.23937
   0.06115  0.03165 -0.24357
   0.05745  0.03095 -0.25020
   0.05396  0.03023 -0.25365
   0.05068  0.02952 -0.24851
   0.04758  0.02879 -0.23986
   0.04465  0.02805 -0.22875
   0.04187  0.02732 -0.21654
   0.03925  0.02659 -0.20166
   0.03676  0.02587 -0.19220
   0.03441  0.02515 -0.17707
   0.03218  0.02442 -0.14945
   0.03006  0.02371 -0.12131
   0.02804  0.02301 -0.09803
   0.02612  0.02234 -0.08964
   0.02429  0.02168 -0.08762
   0.02256  0.02105 -0.08362
   0.02092  0.02042 -0.08145
   0.01936  0.01979 -0.07345
   0.01788  0.01916 -0.05785
   0.01648  0.01853 -0.03601
   0.01513  0.01790 -0.00992
   0.01385  0.01728  0.01337
   0.01262  0.01665  0.03823
   0.01145  0.01603  0.05386
   0.01032  0.01542  0.07465
   0.00925  0.01480  0.10022
   0.00822  0.01418  0.11672
   0.00724  0.01356  0.14460
   0.00631  0.01293  0.16365
   0.00542  0.01229  0.18708
   0.00458  0.01164  0.21921
   0.00379  0.01098  0.24197
   0.00305  0.01029  0.27612
   0.00239  0.00956  0.32176
   0.00182  0.00878  0.46018
   0.00133  0.00797  0.52660
   0.00094  0.00712  0.66378
   0.00065  0.00624  0.77363
   0.00044  0.00536  0.86005
   0.00028  0.00447  0.91635
   0.00016  0.00358  0.95703
   0.00008  0.00270  0.98087
   0.00003  0.00182  0.99506
   0.00000  0.00095  0.99998
  -0.00000  0.00009  0.99683
   0.00003 -0.00076  0.98734
   0.00006 -0.00163  0.96764
   0.00015 -0.00249  0.95081
   0.00023 -0.00336  0.91682
   0.00032 -0.00424  0.87564
   0.00047 -0.00512  0.83318
   0.00063 -0.00601  0.77732
   0.00082 -0.00691  0.71290
   0.00104 -0.00781  0.63927
   0.00129 -0.00871  0.54651
   0.00157 -0.00961  0.44283
   0.00190 -0.01051  0.32455
   0.00227 -0.01140  0.16998
   0.00270 -0.01228  0.04006
   0.00318 -0.01315 -0.17150
   0.00373 -0.01400 -0.40461
   0.00438 -0.01479 -0.47706
   0.00511 -0.01554 -0.54488
   0.00590 -0.01626 -0.57081
   0.00676 -0.01694 -0.58963
   0.00768 -0.01760 -0.60067
   0.00865 -0.01823 -0.60430
   0.00967 -0.01885 -0.60931
   0.01075 -0.01945 -0.59336
   0.01188 -0.02004 -0.59753
   0.01307 -0.02061 -0.58377
   0.01432 -0.02118 -0.57690
   0.01563 -0.02174 -0.56743
   0.01700 -0.02229 -0.54923
   0.01845 -0.02284 -0.53927
   0.01996 -0.02339 -0.52861
   0.02156 -0.02394 -0.51626
   0.02324 -0.02449 -0.50252
   0.02502 -0.02504 -0.49115
   0.02690 -0.02561 -0.48182
   0.02888 -0.02618 -0.47046
   0.03099 -0.02676 -0.46148
   0.03324 -0.02735 -0.45449
   0.03563 -0.02795 -0.44449
   0.03818 -0.02857 -0.43581
   0.04090 -0.02920 -0.42627
   0.04382 -0.02985 -0.41719
   0.04694 -0.03052 -0.40944
   0.05029 -0.03121 -0.40651
   0.05388 -0.03192 -0.39981
   0.05772 -0.03265 -0.39682
   0.06181 -0.03340 -0.39198
   0.06618 -0.03416 -0.38776
   0.07081 -0.03493 -0.38426
   0.07572 -0.03571 -0.38052
   0.08090 -0.03650 -0.37718
   0.08636 -0.03729 -0.37429
   0.09206 -0.03808 -0.37058
   0.09799 -0.03886 -0.36704
   0.10414 -0.03963 -0.36648
   0.11047 -0.04039 -0.36410
   0.11696 -0.04113 -0.36348
   0.12360 -0.04184 -0.36227
   0.13035 -0.04253 -0.36080
   0.13721 -0.04318 -0.35875
   0.14417 -0.04381 -0.35625
   0.15121 -0.04440 -0.35308
   0.15834 -0.04497 -0.35026
   0.16553 -0.04550 -0.34728
   0.17278 -0.04600 -0.34412
   0.18008 -0.04648 -0.34089
   0.18742 -0.04692 -0.33926
   0.19479 -0.04734 -0.33636
   0.20219 -0.04773 -0.33417
   0.20962 -0.04809 -0.33029
   0.21707 -0.04842 -0.32835
   0.22456 -0.04873 -0.32431
   0.23208 -0.04901 -0.32070
   0.23964 -0.04926 -0.31695
   0.24721 -0.04950 -0.31491
   0.25481 -0.04971 -0.31216
   0.26241 -0.04990 -0.30943
   0.27004 -0.05006 -0.30638
   0.27768 -0.05021 -0.30397
   0.28534 -0.05033 -0.30070
   0.29302 -0.05043 -0.29835
   0.30071 -0.05052 -0.29601
   0.30841 -0.05058 -0.29400
   0.31611 -0.05063 -0.29228
   0.32382 -0.05066 -0.29005
   0.33154 -0.05066 -0.28761
   0.33927 -0.05065 -0.28658
   0.34699 -0.05062 -0.28394
   0.35472 -0.05057 -0.28258
   0.36246 -0.05051 -0.28088
   0.37019 -0.05042 -0.27931
   0.37793 -0.05031 -0.27684
   0.38566 -0.05019 -0.27594
   0.39339 -0.05004 -0.27395
   0.40111 -0.04988 -0.27237
   0.40883 -0.04970 -0.27064
   0.41655 -0.04951 -0.26972
   0.42426 -0.04929 -0.26825
   0.43196 -0.04905 -0.26722
   0.43965 -0.04880 -0.26567
   0.44733 -0.04852 -0.26457
   0.45499 -0.04823 -0.26336
   0.46265 -0.04791 -0.26160
   0.47029 -0.04757 -0.26067
   0.47793 -0.04721 -0.25877
   0.48555 -0.04683 -0.25712
   0.49315 -0.04642 -0.25543
   0.50075 -0.04600 -0.25384
   0.50833 -0.04555 -0.25122
   0.51589 -0.04507 -0.24957
   0.52345 -0.04458 -0.24672
   0.53099 -0.04405 -0.24477
   0.53851 -0.04351 -0.24163
   0.54603 -0.04293 -0.23915
   0.55353 -0.04234 -0.23644
   0.56101 -0.04171 -0.23226
   0.56848 -0.04106 -0.22928
   0.57593 -0.04038 -0.22522
   0.58337 -0.03967 -0.22128
   0.59078 -0.03894 -0.21723
   0.59818 -0.03818 -0.21229
   0.60556 -0.03738 -0.20765
   0.61292 -0.03656 -0.20242
   0.62026 -0.03571 -0.19644
   0.62759 -0.03483 -0.19050
   0.63490 -0.03391 -0.18288
   0.64220 -0.03296 -0.17685
   0.64948 -0.03198 -0.16867
   0.65674 -0.03097 -0.16063
   0.66400 -0.02992 -0.15131
   0.67125 -0.02883 -0.14178
   0.67849 -0.02772 -0.13206
   0.68572 -0.02656 -0.12079
   0.69295 -0.02537 -0.11001
   0.70018 -0.02415 -0.09696
   0.70741 -0.02288 -0.08464
   0.71464 -0.02159 -0.07124
   0.72188 -0.02025 -0.05626
   0.72912 -0.01888 -0.04220
   0.73638 -0.01747 -0.02523
   0.74365 -0.01602 -0.00954
   0.75094 -0.01453  0.00912
   0.75826 -0.01301  0.02710
   0.76560 -0.01146  0.04678
   0.77297 -0.00987  0.06643
   0.78039 -0.00825  0.08801
   0.78785 -0.00659  0.10915
   0.79535 -0.00492  0.13234
   0.80287 -0.00323  0.15521
   0.81037 -0.00154  0.17754
   0.81778  0.00013  0.20274
   0.82509  0.00176  0.22591
   0.83227  0.00334  0.24745
   0.83932  0.00486  0.26820
   0.84624  0.00632  0.28862
   0.85304  0.00771  0.30705
   0.85972  0.00903  0.32599
   0.86628  0.01027  0.34219
   0.87271  0.01143  0.35827
   0.87902  0.01251  0.37329
   0.88521  0.01350  0.38602
   0.89129  0.01440  0.39883
   0.89727  0.01522  0.40863
   0.90316  0.01595  0.41913
   0.90895  0.01659  0.42799
   0.91464  0.01715  0.43537
   0.92020  0.01763  0.44377
   0.92564  0.01802  0.44957
   0.93097  0.01831  0.45418
   0.93623  0.01853  0.45731
   0.94141  0.01867  0.45681
   0.94645  0.01876  0.46707
   0.95125  0.01879  0.47875
   0.95581  0.01873  0.49137
   0.96019  0.01854  0.49549
   0.96446  0.01821  0.48044
   0.96872  0.01776  0.45424
   0.97300  0.01724  0.42569
   0.97726  0.01672  0.41540
   0.98142  0.01621  0.42800
   0.98545  0.01563  0.43238
   0.98942  0.01489  0.38717
   0.99340  0.01406  0.32672
   0.99738  0.01325  0.29806
   1.00000  0.01271  0.25218
