GRUMMAN K-2 AIRFOIL                             
 Alfa =  -1.30040 Re =        0.000 Xflap,Yflap =     0.000000    0.000000
#    x        y        Cp  
   1.00000  0.01371  0.25220
   0.99739  0.01444  0.09672
   0.99327  0.01550  0.06271
   0.98886  0.01658  0.04433
   0.98418  0.01773  0.00264
   0.97923  0.01891 -0.02689
   0.97401  0.02013 -0.05693
   0.96856  0.02137 -0.08478
   0.96293  0.02261 -0.11260
   0.95713  0.02384 -0.13565
   0.95115  0.02505 -0.15437
   0.94501  0.02623 -0.16958
   0.93873  0.02739 -0.18317
   0.93231  0.02852 -0.19415
   0.92575  0.02962 -0.20150
   0.91905  0.03069 -0.20719
   0.91224  0.03174 -0.21442
   0.90536  0.03277 -0.22306
   0.89842  0.03376 -0.23052
   0.89145  0.03472 -0.23834
   0.88446  0.03564 -0.24369
   0.87741  0.03652 -0.24774
   0.87030  0.03736 -0.24824
   0.86310  0.03817 -0.24818
   0.85580  0.03897 -0.24777
   0.84840  0.03974 -0.24695
   0.84093  0.04049 -0.24705
   0.83341  0.04123 -0.24749
   0.82588  0.04195 -0.25207
   0.81837  0.04265 -0.25802
   0.81087  0.04332 -0.26059
   0.80338  0.04396 -0.26385
   0.79590  0.04457 -0.26635
   0.78841  0.04515 -0.26736
   0.78092  0.04570 -0.26891
   0.77342  0.04622 -0.26860
   0.76591  0.04671 -0.26862
   0.75838  0.04717 -0.26742
   0.75082  0.04761 -0.26614
   0.74324  0.04802 -0.26225
   0.73562  0.04841 -0.26093
   0.72798  0.04878 -0.25759
   0.72030  0.04913 -0.25539
   0.71260  0.04946 -0.25256
   0.70486  0.04978 -0.24996
   0.69710  0.05008 -0.24722
   0.68932  0.05037 -0.24499
   0.68152  0.05064 -0.24266
   0.67370  0.05090 -0.24170
   0.66588  0.05114 -0.23890
   0.65804  0.05138 -0.23778
   0.65020  0.05160 -0.23597
   0.64235  0.05180 -0.23432
   0.63449  0.05200 -0.23344
   0.62662  0.05218 -0.23117
   0.61875  0.05235 -0.23001
   0.61086  0.05251 -0.22838
   0.60297  0.05266 -0.22656
   0.59508  0.05280 -0.22588
   0.58718  0.05293 -0.22497
   0.57928  0.05305 -0.22357
   0.57138  0.05316 -0.22243
   0.56347  0.05325 -0.22153
   0.55556  0.05334 -0.22096
   0.54765  0.05342 -0.21960
   0.53974  0.05348 -0.21849
   0.53183  0.05354 -0.21761
   0.52391  0.05358 -0.21729
   0.51600  0.05362 -0.21575
   0.50808  0.05365 -0.21552
   0.50017  0.05366 -0.21447
   0.49225  0.05367 -0.21336
   0.48434  0.05366 -0.21328
   0.47642  0.05365 -0.21237
   0.46852  0.05363 -0.21187
   0.46062  0.05360 -0.21077
   0.45272  0.05355 -0.21127
   0.44483  0.05350 -0.20954
   0.43695  0.05344 -0.20910
   0.42908  0.05336 -0.20822
   0.42122  0.05328 -0.20834
   0.41340  0.05319 -0.20755
   0.40562  0.05309 -0.20860
   0.39791  0.05299 -0.20829
   0.39026  0.05286 -0.20856
   0.38268  0.05273 -0.20608
   0.37518  0.05259 -0.20254
   0.36779  0.05245 -0.20351
   0.36056  0.05233 -0.21139
   0.35355  0.05219 -0.22304
   0.34675  0.05202 -0.22979
   0.34015  0.05179 -0.21489
   0.33367  0.05152 -0.18661
   0.32729  0.05126 -0.16128
   0.32094  0.05107 -0.15422
   0.31459  0.05095 -0.17720
   0.30818  0.05086 -0.20748
   0.30168  0.05074 -0.22905
   0.29501  0.05055 -0.22515
   0.28812  0.05029 -0.21171
   0.28102  0.05002 -0.20231
   0.27376  0.04974 -0.20419
   0.26640  0.04946 -0.20699
   0.25896  0.04915 -0.20786
   0.25145  0.04883 -0.20761
   0.24388  0.04848 -0.20726
   0.23629  0.04812 -0.20789
   0.22868  0.04775 -0.20850
   0.22107  0.04735 -0.20950
   0.21346  0.04694 -0.20984
   0.20588  0.04651 -0.21095
   0.19832  0.04606 -0.21167
   0.19079  0.04559 -0.21305
   0.18331  0.04510 -0.21502
   0.17587  0.04459 -0.21457
   0.16848  0.04405 -0.21735
   0.16116  0.04350 -0.21760
   0.15392  0.04292 -0.21845
   0.14676  0.04231 -0.22104
   0.13969  0.04168 -0.21996
   0.13274  0.04103 -0.22198
   0.12592  0.04036 -0.22156
   0.11925  0.03966 -0.22212
   0.11274  0.03895 -0.22156
   0.10643  0.03821 -0.22124
   0.10032  0.03747 -0.22173
   0.09446  0.03673 -0.22104
   0.08886  0.03598 -0.22290
   0.08353  0.03523 -0.22326
   0.07849  0.03450 -0.22597
   0.07373  0.03377 -0.23083
   0.06927  0.03305 -0.23218
   0.06509  0.03235 -0.24401
   0.06115  0.03165 -0.24837
   0.05745  0.03095 -0.25520
   0.05396  0.03023 -0.25883
   0.05068  0.02952 -0.25385
   0.04758  0.02879 -0.24534
   0.04465  0.02805 -0.23436
   0.04187  0.02732 -0.22228
   0.03925  0.02659 -0.20753
   0.03676  0.02587 -0.19822
   0.03441  0.02515 -0.18322
   0.03218  0.02442 -0.15567
   0.03006  0.02371 -0.12758
   0.02804  0.02301 -0.10439
   0.02612  0.02234 -0.09618
   0.02429  0.02168 -0.09438
   0.02256  0.02105 -0.09061
   0.02092  0.02042 -0.08868
   0.01936  0.01979 -0.08091
   0.01788  0.01916 -0.06550
   0.01648  0.01853 -0.04380
   0.01513  0.01790 -0.01783
   0.01385  0.01728  0.00532
   0.01262  0.01665  0.03002
   0.01145  0.01603  0.04542
   0.01032  0.01542  0.06600
   0.00925  0.01480  0.09137
   0.00822  0.01418  0.10759
   0.00724  0.01356  0.13522
   0.00631  0.01293  0.15392
   0.00542  0.01229  0.17701
   0.00458  0.01164  0.20881
   0.00379  0.01098  0.23105
   0.00305  0.01029  0.26473
   0.00239  0.00956  0.30997
   0.00182  0.00878  0.44961
   0.00133  0.00797  0.51604
   0.00094  0.00712  0.65503
   0.00065  0.00624  0.76663
   0.00044  0.00536  0.85474
   0.00028  0.00447  0.91236
   0.00016  0.00358  0.95423
   0.00008  0.00270  0.97903
   0.00003  0.00182  0.99412
   0.00000  0.00095  0.99988
  -0.00000  0.00009  0.99750
   0.00003 -0.00076  0.98868
   0.00006 -0.00163  0.96990
   0.00015 -0.00249  0.95338
   0.00023 -0.00336  0.92032
   0.00032 -0.00424  0.88000
   0.00047 -0.00512  0.83812
   0.00063 -0.00601  0.78309
   0.00082 -0.00691  0.71947
   0.00104 -0.00781  0.64668
   0.00129 -0.00871  0.55487
   0.00157 -0.00961  0.45222
   0.00190 -0.01051  0.33496
   0.00227 -0.01140  0.18175
   0.00270 -0.01228  0.05263
   0.00318 -0.01315 -0.15723
   0.00373 -0.01400 -0.38870
   0.00438 -0.01479 -0.46143
   0.00511 -0.01554 -0.52951
   0.00590 -0.01626 -0.55605
   0.00676 -0.01694 -0.57548
   0.00768 -0.01760 -0.58711
   0.00865 -0.01823 -0.59131
   0.00967 -0.01885 -0.59688
   0.01075 -0.01945 -0.58151
   0.01188 -0.02004 -0.58615
   0.01307 -0.02061 -0.57289
   0.01432 -0.02118 -0.56646
   0.01563 -0.02174 -0.55742
   0.01700 -0.02229 -0.53967
   0.01845 -0.02284 -0.53009
   0.01996 -0.02339 -0.51979
   0.02156 -0.02394 -0.50778
   0.02324 -0.02449 -0.49438
   0.02502 -0.02504 -0.48332
   0.02690 -0.02561 -0.47428
   0.02888 -0.02618 -0.46320
   0.03099 -0.02676 -0.45448
   0.03324 -0.02735 -0.44774
   0.03563 -0.02795 -0.43799
   0.03818 -0.02857 -0.42954
   0.04090 -0.02920 -0.42023
   0.04382 -0.02985 -0.41138
   0.04694 -0.03052 -0.40384
   0.05029 -0.03121 -0.40110
   0.05388 -0.03192 -0.39458
   0.05772 -0.03265 -0.39178
   0.06181 -0.03340 -0.38711
   0.06618 -0.03416 -0.38307
   0.07081 -0.03493 -0.37973
   0.07572 -0.03571 -0.37615
   0.08090 -0.03650 -0.37296
   0.08636 -0.03729 -0.37022
   0.09206 -0.03808 -0.36664
   0.09799 -0.03886 -0.36324
   0.10414 -0.03963 -0.36280
   0.11047 -0.04039 -0.36053
   0.11696 -0.04113 -0.36003
   0.12360 -0.04184 -0.35892
   0.13035 -0.04253 -0.35754
   0.13721 -0.04318 -0.35559
   0.14417 -0.04381 -0.35318
   0.15121 -0.04440 -0.35010
   0.15834 -0.04497 -0.34736
   0.16553 -0.04550 -0.34446
   0.17278 -0.04600 -0.34138
   0.18008 -0.04648 -0.33822
   0.18742 -0.04692 -0.33666
   0.19479 -0.04734 -0.33382
   0.20219 -0.04773 -0.33170
   0.20962 -0.04809 -0.32788
   0.21707 -0.04842 -0.32599
   0.22456 -0.04873 -0.32201
   0.23208 -0.04901 -0.31845
   0.23964 -0.04926 -0.31476
   0.24721 -0.04950 -0.31276
   0.25481 -0.04971 -0.31006
   0.26241 -0.04990 -0.30736
   0.27004 -0.05006 -0.30437
   0.27768 -0.05021 -0.30200
   0.28534 -0.05033 -0.29877
   0.29302 -0.05043 -0.29646
   0.30071 -0.05052 -0.29416
   0.30841 -0.05058 -0.29219
   0.31611 -0.05063 -0.29050
   0.32382 -0.05066 -0.28830
   0.33154 -0.05066 -0.28589
   0.33927 -0.05065 -0.28490
   0.34699 -0.05062 -0.28229
   0.35472 -0.05057 -0.28096
   0.36246 -0.05051 -0.27929
   0.37019 -0.05042 -0.27775
   0.37793 -0.05031 -0.27530
   0.38566 -0.05019 -0.27443
   0.39339 -0.05004 -0.27247
   0.40111 -0.04988 -0.27092
   0.40883 -0.04970 -0.26921
   0.41655 -0.04951 -0.26832
   0.42426 -0.04929 -0.26687
   0.43196 -0.04905 -0.26586
   0.43965 -0.04880 -0.26433
   0.44733 -0.04852 -0.26325
   0.45499 -0.04823 -0.26207
   0.46265 -0.04791 -0.26033
   0.47029 -0.04757 -0.25942
   0.47793 -0.04721 -0.25755
   0.48555 -0.04683 -0.25591
   0.49315 -0.04642 -0.25425
   0.50075 -0.04600 -0.25267
   0.50833 -0.04555 -0.25007
   0.51589 -0.04507 -0.24845
   0.52345 -0.04458 -0.24562
   0.53099 -0.04405 -0.24368
   0.53851 -0.04351 -0.24057
   0.54603 -0.04293 -0.23810
   0.55353 -0.04234 -0.23542
   0.56101 -0.04171 -0.23125
   0.56848 -0.04106 -0.22830
   0.57593 -0.04038 -0.22425
   0.58337 -0.03967 -0.22033
   0.59078 -0.03894 -0.21630
   0.59818 -0.03818 -0.21138
   0.60556 -0.03738 -0.20676
   0.61292 -0.03656 -0.20155
   0.62026 -0.03571 -0.19559
   0.62759 -0.03483 -0.18966
   0.63490 -0.03391 -0.18207
   0.64220 -0.03296 -0.17605
   0.64948 -0.03198 -0.16789
   0.65674 -0.03097 -0.15986
   0.66400 -0.02992 -0.15058
   0.67125 -0.02883 -0.14105
   0.67849 -0.02772 -0.13135
   0.68572 -0.02656 -0.12011
   0.69295 -0.02537 -0.10934
   0.70018 -0.02415 -0.09631
   0.70741 -0.02288 -0.08401
   0.71464 -0.02159 -0.07064
   0.72188 -0.02025 -0.05567
   0.72912 -0.01888 -0.04163
   0.73638 -0.01747 -0.02469
   0.74365 -0.01602 -0.00901
   0.75094 -0.01453  0.00963
   0.75826 -0.01301  0.02759
   0.76560 -0.01146  0.04725
   0.77297 -0.00987  0.06688
   0.78039 -0.00825  0.08843
   0.78785 -0.00659  0.10956
   0.79535 -0.00492  0.13272
   0.80287 -0.00323  0.15557
   0.81037 -0.00154  0.17789
   0.81778  0.00013  0.20308
   0.82509  0.00176  0.22622
   0.83227  0.00334  0.24774
   0.83932  0.00486  0.26847
   0.84624  0.00632  0.28889
   0.85304  0.00771  0.30730
   0.85972  0.00903  0.32622
   0.86628  0.01027  0.34241
   0.87271  0.01143  0.35848
   0.87902  0.01251  0.37349
   0.88521  0.01350  0.38622
   0.89129  0.01440  0.39901
   0.89727  0.01522  0.40880
   0.90316  0.01595  0.41930
   0.90895  0.01659  0.42815
   0.91464  0.01715  0.43552
   0.92020  0.01763  0.44391
   0.92564  0.01802  0.44971
   0.93097  0.01831  0.45431
   0.93623  0.01853  0.45743
   0.94141  0.01867  0.45694
   0.94645  0.01876  0.46718
   0.95125  0.01879  0.47885
   0.95581  0.01873  0.49148
   0.96019  0.01854  0.49558
   0.96446  0.01821  0.48053
   0.96872  0.01776  0.45433
   0.97300  0.01724  0.42579
   0.97726  0.01672  0.41548
   0.98142  0.01621  0.42809
   0.98545  0.01563  0.43243
   0.98942  0.01489  0.38723
   0.99340  0.01406  0.32678
   0.99738  0.01325  0.29810
   1.00000  0.01271  0.25220
