GRUMMAN K-2 AIRFOIL                             
 Alfa =  -1.28920 Re =        0.000 Xflap,Yflap =     0.000000    0.000000
#    x        y        Cp  
   1.00000  0.01371  0.25221
   0.99739  0.01444  0.09671
   0.99327  0.01550  0.06269
   0.98886  0.01658  0.04429
   0.98418  0.01773  0.00259
   0.97923  0.01891 -0.02694
   0.97401  0.02013 -0.05699
   0.96856  0.02137 -0.08485
   0.96293  0.02261 -0.11268
   0.95713  0.02384 -0.13574
   0.95115  0.02505 -0.15446
   0.94501  0.02623 -0.16968
   0.93873  0.02739 -0.18328
   0.93231  0.02852 -0.19427
   0.92575  0.02962 -0.20162
   0.91905  0.03069 -0.20733
   0.91224  0.03174 -0.21456
   0.90536  0.03277 -0.22321
   0.89842  0.03376 -0.23068
   0.89145  0.03472 -0.23850
   0.88446  0.03564 -0.24386
   0.87741  0.03652 -0.24792
   0.87030  0.03736 -0.24842
   0.86310  0.03817 -0.24837
   0.85580  0.03897 -0.24796
   0.84840  0.03974 -0.24715
   0.84093  0.04049 -0.24726
   0.83341  0.04123 -0.24770
   0.82588  0.04195 -0.25229
   0.81837  0.04265 -0.25824
   0.81087  0.04332 -0.26083
   0.80338  0.04396 -0.26409
   0.79590  0.04457 -0.26659
   0.78841  0.04515 -0.26761
   0.78092  0.04570 -0.26917
   0.77342  0.04622 -0.26886
   0.76591  0.04671 -0.26889
   0.75838  0.04717 -0.26769
   0.75082  0.04761 -0.26642
   0.74324  0.04802 -0.26254
   0.73562  0.04841 -0.26122
   0.72798  0.04878 -0.25788
   0.72030  0.04913 -0.25569
   0.71260  0.04946 -0.25287
   0.70486  0.04978 -0.25027
   0.69710  0.05008 -0.24753
   0.68932  0.05037 -0.24532
   0.68152  0.05064 -0.24299
   0.67370  0.05090 -0.24203
   0.66588  0.05114 -0.23924
   0.65804  0.05138 -0.23812
   0.65020  0.05160 -0.23632
   0.64235  0.05180 -0.23468
   0.63449  0.05200 -0.23380
   0.62662  0.05218 -0.23153
   0.61875  0.05235 -0.23038
   0.61086  0.05251 -0.22876
   0.60297  0.05266 -0.22694
   0.59508  0.05280 -0.22627
   0.58718  0.05293 -0.22536
   0.57928  0.05305 -0.22397
   0.57138  0.05316 -0.22284
   0.56347  0.05325 -0.22195
   0.55556  0.05334 -0.22138
   0.54765  0.05342 -0.22003
   0.53974  0.05348 -0.21892
   0.53183  0.05354 -0.21805
   0.52391  0.05358 -0.21774
   0.51600  0.05362 -0.21620
   0.50808  0.05365 -0.21599
   0.50017  0.05366 -0.21494
   0.49225  0.05367 -0.21383
   0.48434  0.05366 -0.21376
   0.47642  0.05365 -0.21286
   0.46852  0.05363 -0.21237
   0.46062  0.05360 -0.21128
   0.45272  0.05355 -0.21179
   0.44483  0.05350 -0.21007
   0.43695  0.05344 -0.20963
   0.42908  0.05336 -0.20876
   0.42122  0.05328 -0.20888
   0.41340  0.05319 -0.20811
   0.40562  0.05309 -0.20917
   0.39791  0.05299 -0.20887
   0.39026  0.05286 -0.20914
   0.38268  0.05273 -0.20668
   0.37518  0.05259 -0.20314
   0.36779  0.05245 -0.20412
   0.36056  0.05233 -0.21201
   0.35355  0.05219 -0.22368
   0.34675  0.05202 -0.23044
   0.34015  0.05179 -0.21554
   0.33367  0.05152 -0.18726
   0.32729  0.05126 -0.16192
   0.32094  0.05107 -0.15486
   0.31459  0.05095 -0.17787
   0.30818  0.05086 -0.20818
   0.30168  0.05074 -0.22977
   0.29501  0.05055 -0.22588
   0.28812  0.05029 -0.21245
   0.28102  0.05002 -0.20306
   0.27376  0.04974 -0.20495
   0.26640  0.04946 -0.20776
   0.25896  0.04915 -0.20865
   0.25145  0.04883 -0.20841
   0.24388  0.04848 -0.20808
   0.23629  0.04812 -0.20873
   0.22868  0.04775 -0.20935
   0.22107  0.04735 -0.21037
   0.21346  0.04694 -0.21074
   0.20588  0.04651 -0.21187
   0.19832  0.04606 -0.21261
   0.19079  0.04559 -0.21401
   0.18331  0.04510 -0.21600
   0.17587  0.04459 -0.21558
   0.16848  0.04405 -0.21839
   0.16116  0.04350 -0.21867
   0.15392  0.04292 -0.21954
   0.14676  0.04231 -0.22217
   0.13969  0.04168 -0.22112
   0.13274  0.04103 -0.22318
   0.12592  0.04036 -0.22280
   0.11925  0.03966 -0.22339
   0.11274  0.03895 -0.22287
   0.10643  0.03821 -0.22259
   0.10032  0.03747 -0.22313
   0.09446  0.03673 -0.22249
   0.08886  0.03598 -0.22440
   0.08353  0.03523 -0.22480
   0.07849  0.03450 -0.22757
   0.07373  0.03377 -0.23249
   0.06927  0.03305 -0.23390
   0.06509  0.03235 -0.24581
   0.06115  0.03165 -0.25023
   0.05745  0.03095 -0.25713
   0.05396  0.03023 -0.26083
   0.05068  0.02952 -0.25591
   0.04758  0.02879 -0.24745
   0.04465  0.02805 -0.23653
   0.04187  0.02732 -0.22450
   0.03925  0.02659 -0.20980
   0.03676  0.02587 -0.20055
   0.03441  0.02515 -0.18560
   0.03218  0.02442 -0.15807
   0.03006  0.02371 -0.13001
   0.02804  0.02301 -0.10686
   0.02612  0.02234 -0.09871
   0.02429  0.02168 -0.09699
   0.02256  0.02105 -0.09332
   0.02092  0.02042 -0.09148
   0.01936  0.01979 -0.08380
   0.01788  0.01916 -0.06846
   0.01648  0.01853 -0.04681
   0.01513  0.01790 -0.02089
   0.01385  0.01728  0.00220
   0.01262  0.01665  0.02684
   0.01145  0.01603  0.04215
   0.01032  0.01542  0.06264
   0.00925  0.01480  0.08794
   0.00822  0.01418  0.10405
   0.00724  0.01356  0.13158
   0.00631  0.01293  0.15015
   0.00542  0.01229  0.17310
   0.00458  0.01164  0.20477
   0.00379  0.01098  0.22681
   0.00305  0.01029  0.26031
   0.00239  0.00956  0.30538
   0.00182  0.00878  0.44550
   0.00133  0.00797  0.51193
   0.00094  0.00712  0.65163
   0.00065  0.00624  0.76390
   0.00044  0.00536  0.85267
   0.00028  0.00447  0.91079
   0.00016  0.00358  0.95312
   0.00008  0.00270  0.97829
   0.00003  0.00182  0.99373
   0.00000  0.00095  0.99983
  -0.00000  0.00009  0.99774
   0.00003 -0.00076  0.98918
   0.00006 -0.00163  0.97076
   0.00015 -0.00249  0.95436
   0.00023 -0.00336  0.92165
   0.00032 -0.00424  0.88166
   0.00047 -0.00512  0.84000
   0.00063 -0.00601  0.78530
   0.00082 -0.00691  0.72199
   0.00104 -0.00781  0.64952
   0.00129 -0.00871  0.55808
   0.00157 -0.00961  0.45583
   0.00190 -0.01051  0.33896
   0.00227 -0.01140  0.18627
   0.00270 -0.01228  0.05747
   0.00318 -0.01315 -0.15174
   0.00373 -0.01400 -0.38258
   0.00438 -0.01479 -0.45542
   0.00511 -0.01554 -0.52360
   0.00590 -0.01626 -0.55036
   0.00676 -0.01694 -0.57002
   0.00768 -0.01760 -0.58189
   0.00865 -0.01823 -0.58630
   0.00967 -0.01885 -0.59210
   0.01075 -0.01945 -0.57695
   0.01188 -0.02004 -0.58177
   0.01307 -0.02061 -0.56869
   0.01432 -0.02118 -0.56244
   0.01563 -0.02174 -0.55357
   0.01700 -0.02229 -0.53598
   0.01845 -0.02284 -0.52655
   0.01996 -0.02339 -0.51638
   0.02156 -0.02394 -0.50451
   0.02324 -0.02449 -0.49124
   0.02502 -0.02504 -0.48030
   0.02690 -0.02561 -0.47137
   0.02888 -0.02618 -0.46040
   0.03099 -0.02676 -0.45178
   0.03324 -0.02735 -0.44513
   0.03563 -0.02795 -0.43548
   0.03818 -0.02857 -0.42713
   0.04090 -0.02920 -0.41790
   0.04382 -0.02985 -0.40914
   0.04694 -0.03052 -0.40167
   0.05029 -0.03121 -0.39901
   0.05388 -0.03192 -0.39257
   0.05772 -0.03265 -0.38983
   0.06181 -0.03340 -0.38524
   0.06618 -0.03416 -0.38126
   0.07081 -0.03493 -0.37798
   0.07572 -0.03571 -0.37446
   0.08090 -0.03650 -0.37133
   0.08636 -0.03729 -0.36865
   0.09206 -0.03808 -0.36512
   0.09799 -0.03886 -0.36177
   0.10414 -0.03963 -0.36138
   0.11047 -0.04039 -0.35916
   0.11696 -0.04113 -0.35869
   0.12360 -0.04184 -0.35763
   0.13035 -0.04253 -0.35629
   0.13721 -0.04318 -0.35437
   0.14417 -0.04381 -0.35200
   0.15121 -0.04440 -0.34895
   0.15834 -0.04497 -0.34624
   0.16553 -0.04550 -0.34338
   0.17278 -0.04600 -0.34032
   0.18008 -0.04648 -0.33719
   0.18742 -0.04692 -0.33566
   0.19479 -0.04734 -0.33284
   0.20219 -0.04773 -0.33074
   0.20962 -0.04809 -0.32694
   0.21707 -0.04842 -0.32508
   0.22456 -0.04873 -0.32112
   0.23208 -0.04901 -0.31759
   0.23964 -0.04926 -0.31391
   0.24721 -0.04950 -0.31193
   0.25481 -0.04971 -0.30925
   0.26241 -0.04990 -0.30657
   0.27004 -0.05006 -0.30359
   0.27768 -0.05021 -0.30124
   0.28534 -0.05033 -0.29802
   0.29302 -0.05043 -0.29573
   0.30071 -0.05052 -0.29345
   0.30841 -0.05058 -0.29148
   0.31611 -0.05063 -0.28981
   0.32382 -0.05066 -0.28762
   0.33154 -0.05066 -0.28523
   0.33927 -0.05065 -0.28424
   0.34699 -0.05062 -0.28165
   0.35472 -0.05057 -0.28033
   0.36246 -0.05051 -0.27867
   0.37019 -0.05042 -0.27714
   0.37793 -0.05031 -0.27470
   0.38566 -0.05019 -0.27385
   0.39339 -0.05004 -0.27190
   0.40111 -0.04988 -0.27035
   0.40883 -0.04970 -0.26866
   0.41655 -0.04951 -0.26778
   0.42426 -0.04929 -0.26633
   0.43196 -0.04905 -0.26534
   0.43965 -0.04880 -0.26381
   0.44733 -0.04852 -0.26275
   0.45499 -0.04823 -0.26157
   0.46265 -0.04791 -0.25984
   0.47029 -0.04757 -0.25894
   0.47793 -0.04721 -0.25707
   0.48555 -0.04683 -0.25544
   0.49315 -0.04642 -0.25379
   0.50075 -0.04600 -0.25222
   0.50833 -0.04555 -0.24963
   0.51589 -0.04507 -0.24802
   0.52345 -0.04458 -0.24519
   0.53099 -0.04405 -0.24326
   0.53851 -0.04351 -0.24016
   0.54603 -0.04293 -0.23769
   0.55353 -0.04234 -0.23502
   0.56101 -0.04171 -0.23086
   0.56848 -0.04106 -0.22792
   0.57593 -0.04038 -0.22388
   0.58337 -0.03967 -0.21996
   0.59078 -0.03894 -0.21594
   0.59818 -0.03818 -0.21103
   0.60556 -0.03738 -0.20642
   0.61292 -0.03656 -0.20121
   0.62026 -0.03571 -0.19525
   0.62759 -0.03483 -0.18933
   0.63490 -0.03391 -0.18175
   0.64220 -0.03296 -0.17574
   0.64948 -0.03198 -0.16759
   0.65674 -0.03097 -0.15957
   0.66400 -0.02992 -0.15029
   0.67125 -0.02883 -0.14077
   0.67849 -0.02772 -0.13108
   0.68572 -0.02656 -0.11985
   0.69295 -0.02537 -0.10908
   0.70018 -0.02415 -0.09606
   0.70741 -0.02288 -0.08377
   0.71464 -0.02159 -0.07040
   0.72188 -0.02025 -0.05545
   0.72912 -0.01888 -0.04141
   0.73638 -0.01747 -0.02448
   0.74365 -0.01602 -0.00881
   0.75094 -0.01453  0.00983
   0.75826 -0.01301  0.02778
   0.76560 -0.01146  0.04743
   0.77297 -0.00987  0.06705
   0.78039 -0.00825  0.08860
   0.78785 -0.00659  0.10972
   0.79535 -0.00492  0.13287
   0.80287 -0.00323  0.15572
   0.81037 -0.00154  0.17802
   0.81778  0.00013  0.20320
   0.82509  0.00176  0.22634
   0.83227  0.00334  0.24785
   0.83932  0.00486  0.26858
   0.84624  0.00632  0.28899
   0.85304  0.00771  0.30740
   0.85972  0.00903  0.32631
   0.86628  0.01027  0.34250
   0.87271  0.01143  0.35856
   0.87902  0.01251  0.37357
   0.88521  0.01350  0.38629
   0.89129  0.01440  0.39908
   0.89727  0.01522  0.40887
   0.90316  0.01595  0.41936
   0.90895  0.01659  0.42821
   0.91464  0.01715  0.43558
   0.92020  0.01763  0.44396
   0.92564  0.01802  0.44977
   0.93097  0.01831  0.45436
   0.93623  0.01853  0.45747
   0.94141  0.01867  0.45699
   0.94645  0.01876  0.46722
   0.95125  0.01879  0.47889
   0.95581  0.01873  0.49152
   0.96019  0.01854  0.49561
   0.96446  0.01821  0.48057
   0.96872  0.01776  0.45437
   0.97300  0.01724  0.42583
   0.97726  0.01672  0.41551
   0.98142  0.01621  0.42812
   0.98545  0.01563  0.43245
   0.98942  0.01489  0.38726
   0.99340  0.01406  0.32680
   0.99738  0.01325  0.29812
   1.00000  0.01271  0.25221
