GRUMMAN K-2 AIRFOIL                             
 Alfa =  -1.30870 Re =        0.000 Xflap,Yflap =     0.000000    0.000000
#    x        y        Cp  
   1.00000  0.01371  0.25219
   0.99739  0.01444  0.09673
   0.99327  0.01550  0.06273
   0.98886  0.01658  0.04435
   0.98418  0.01773  0.00267
   0.97923  0.01891 -0.02685
   0.97401  0.02013 -0.05689
   0.96856  0.02137 -0.08472
   0.96293  0.02261 -0.11255
   0.95713  0.02384 -0.13558
   0.95115  0.02505 -0.15430
   0.94501  0.02623 -0.16950
   0.93873  0.02739 -0.18309
   0.93231  0.02852 -0.19406
   0.92575  0.02962 -0.20141
   0.91905  0.03069 -0.20710
   0.91224  0.03174 -0.21432
   0.90536  0.03277 -0.22295
   0.89842  0.03376 -0.23041
   0.89145  0.03472 -0.23822
   0.88446  0.03564 -0.24356
   0.87741  0.03652 -0.24761
   0.87030  0.03736 -0.24810
   0.86310  0.03817 -0.24804
   0.85580  0.03897 -0.24763
   0.84840  0.03974 -0.24680
   0.84093  0.04049 -0.24690
   0.83341  0.04123 -0.24733
   0.82588  0.04195 -0.25191
   0.81837  0.04265 -0.25785
   0.81087  0.04332 -0.26042
   0.80338  0.04396 -0.26367
   0.79590  0.04457 -0.26617
   0.78841  0.04515 -0.26718
   0.78092  0.04570 -0.26872
   0.77342  0.04622 -0.26840
   0.76591  0.04671 -0.26842
   0.75838  0.04717 -0.26722
   0.75082  0.04761 -0.26593
   0.74324  0.04802 -0.26204
   0.73562  0.04841 -0.26072
   0.72798  0.04878 -0.25737
   0.72030  0.04913 -0.25517
   0.71260  0.04946 -0.25234
   0.70486  0.04978 -0.24973
   0.69710  0.05008 -0.24698
   0.68932  0.05037 -0.24476
   0.68152  0.05064 -0.24242
   0.67370  0.05090 -0.24145
   0.66588  0.05114 -0.23864
   0.65804  0.05138 -0.23752
   0.65020  0.05160 -0.23571
   0.64235  0.05180 -0.23406
   0.63449  0.05200 -0.23318
   0.62662  0.05218 -0.23090
   0.61875  0.05235 -0.22973
   0.61086  0.05251 -0.22811
   0.60297  0.05266 -0.22627
   0.59508  0.05280 -0.22559
   0.58718  0.05293 -0.22467
   0.57928  0.05305 -0.22327
   0.57138  0.05316 -0.22213
   0.56347  0.05325 -0.22122
   0.55556  0.05334 -0.22064
   0.54765  0.05342 -0.21928
   0.53974  0.05348 -0.21817
   0.53183  0.05354 -0.21728
   0.52391  0.05358 -0.21696
   0.51600  0.05362 -0.21541
   0.50808  0.05365 -0.21518
   0.50017  0.05366 -0.21412
   0.49225  0.05367 -0.21300
   0.48434  0.05366 -0.21292
   0.47642  0.05365 -0.21200
   0.46852  0.05363 -0.21150
   0.46062  0.05360 -0.21039
   0.45272  0.05355 -0.21089
   0.44483  0.05350 -0.20916
   0.43695  0.05344 -0.20871
   0.42908  0.05336 -0.20782
   0.42122  0.05328 -0.20793
   0.41340  0.05319 -0.20714
   0.40562  0.05309 -0.20819
   0.39791  0.05299 -0.20787
   0.39026  0.05286 -0.20813
   0.38268  0.05273 -0.20564
   0.37518  0.05259 -0.20210
   0.36779  0.05245 -0.20306
   0.36056  0.05233 -0.21093
   0.35355  0.05219 -0.22257
   0.34675  0.05202 -0.22931
   0.34015  0.05179 -0.21440
   0.33367  0.05152 -0.18613
   0.32729  0.05126 -0.16080
   0.32094  0.05107 -0.15374
   0.31459  0.05095 -0.17671
   0.30818  0.05086 -0.20697
   0.30168  0.05074 -0.22852
   0.29501  0.05055 -0.22461
   0.28812  0.05029 -0.21117
   0.28102  0.05002 -0.20177
   0.27376  0.04974 -0.20363
   0.26640  0.04946 -0.20642
   0.25896  0.04915 -0.20728
   0.25145  0.04883 -0.20701
   0.24388  0.04848 -0.20665
   0.23629  0.04812 -0.20727
   0.22868  0.04775 -0.20786
   0.22107  0.04735 -0.20885
   0.21346  0.04694 -0.20918
   0.20588  0.04651 -0.21027
   0.19832  0.04606 -0.21098
   0.19079  0.04559 -0.21233
   0.18331  0.04510 -0.21429
   0.17587  0.04459 -0.21382
   0.16848  0.04405 -0.21658
   0.16116  0.04350 -0.21681
   0.15392  0.04292 -0.21764
   0.14676  0.04231 -0.22020
   0.13969  0.04168 -0.21910
   0.13274  0.04103 -0.22109
   0.12592  0.04036 -0.22065
   0.11925  0.03966 -0.22118
   0.11274  0.03895 -0.22059
   0.10643  0.03821 -0.22024
   0.10032  0.03747 -0.22070
   0.09446  0.03673 -0.21997
   0.08886  0.03598 -0.22179
   0.08353  0.03523 -0.22211
   0.07849  0.03450 -0.22479
   0.07373  0.03377 -0.22960
   0.06927  0.03305 -0.23090
   0.06509  0.03235 -0.24268
   0.06115  0.03165 -0.24700
   0.05745  0.03095 -0.25377
   0.05396  0.03023 -0.25735
   0.05068  0.02952 -0.25232
   0.04758  0.02879 -0.24377
   0.04465  0.02805 -0.23275
   0.04187  0.02732 -0.22063
   0.03925  0.02659 -0.20585
   0.03676  0.02587 -0.19650
   0.03441  0.02515 -0.18146
   0.03218  0.02442 -0.15389
   0.03006  0.02371 -0.12578
   0.02804  0.02301 -0.10257
   0.02612  0.02234 -0.09430
   0.02429  0.02168 -0.09244
   0.02256  0.02105 -0.08861
   0.02092  0.02042 -0.08661
   0.01936  0.01979 -0.07877
   0.01788  0.01916 -0.06331
   0.01648  0.01853 -0.04157
   0.01513  0.01790 -0.01556
   0.01385  0.01728  0.00763
   0.01262  0.01665  0.03237
   0.01145  0.01603  0.04784
   0.01032  0.01542  0.06848
   0.00925  0.01480  0.09391
   0.00822  0.01418  0.11021
   0.00724  0.01356  0.13791
   0.00631  0.01293  0.15671
   0.00542  0.01229  0.17990
   0.00458  0.01164  0.21179
   0.00379  0.01098  0.23418
   0.00305  0.01029  0.26800
   0.00239  0.00956  0.31335
   0.00182  0.00878  0.45265
   0.00133  0.00797  0.51907
   0.00094  0.00712  0.65755
   0.00065  0.00624  0.76864
   0.00044  0.00536  0.85627
   0.00028  0.00447  0.91351
   0.00016  0.00358  0.95504
   0.00008  0.00270  0.97956
   0.00003  0.00182  0.99440
   0.00000  0.00095  0.99992
  -0.00000  0.00009  0.99731
   0.00003 -0.00076  0.98831
   0.00006 -0.00163  0.96926
   0.00015 -0.00249  0.95266
   0.00023 -0.00336  0.91933
   0.00032 -0.00424  0.87876
   0.00047 -0.00512  0.83671
   0.00063 -0.00601  0.78144
   0.00082 -0.00691  0.71760
   0.00104 -0.00781  0.64456
   0.00129 -0.00871  0.55248
   0.00157 -0.00961  0.44954
   0.00190 -0.01051  0.33199
   0.00227 -0.01140  0.17839
   0.00270 -0.01228  0.04904
   0.00318 -0.01315 -0.16131
   0.00373 -0.01400 -0.39325
   0.00438 -0.01479 -0.46590
   0.00511 -0.01554 -0.53390
   0.00590 -0.01626 -0.56027
   0.00676 -0.01694 -0.57952
   0.00768 -0.01760 -0.59098
   0.00865 -0.01823 -0.59502
   0.00967 -0.01885 -0.60044
   0.01075 -0.01945 -0.58490
   0.01188 -0.02004 -0.58941
   0.01307 -0.02061 -0.57600
   0.01432 -0.02118 -0.56944
   0.01563 -0.02174 -0.56028
   0.01700 -0.02229 -0.54240
   0.01845 -0.02284 -0.53271
   0.01996 -0.02339 -0.52231
   0.02156 -0.02394 -0.51021
   0.02324 -0.02449 -0.49671
   0.02502 -0.02504 -0.48556
   0.02690 -0.02561 -0.47643
   0.02888 -0.02618 -0.46528
   0.03099 -0.02676 -0.45648
   0.03324 -0.02735 -0.44967
   0.03563 -0.02795 -0.43985
   0.03818 -0.02857 -0.43134
   0.04090 -0.02920 -0.42196
   0.04382 -0.02985 -0.41304
   0.04694 -0.03052 -0.40544
   0.05029 -0.03121 -0.40265
   0.05388 -0.03192 -0.39608
   0.05772 -0.03265 -0.39322
   0.06181 -0.03340 -0.38851
   0.06618 -0.03416 -0.38441
   0.07081 -0.03493 -0.38102
   0.07572 -0.03571 -0.37740
   0.08090 -0.03650 -0.37416
   0.08636 -0.03729 -0.37139
   0.09206 -0.03808 -0.36777
   0.09799 -0.03886 -0.36432
   0.10414 -0.03963 -0.36385
   0.11047 -0.04039 -0.36155
   0.11696 -0.04113 -0.36102
   0.12360 -0.04184 -0.35988
   0.13035 -0.04253 -0.35848
   0.13721 -0.04318 -0.35649
   0.14417 -0.04381 -0.35406
   0.15121 -0.04440 -0.35096
   0.15834 -0.04497 -0.34819
   0.16553 -0.04550 -0.34527
   0.17278 -0.04600 -0.34216
   0.18008 -0.04648 -0.33898
   0.18742 -0.04692 -0.33741
   0.19479 -0.04734 -0.33455
   0.20219 -0.04773 -0.33241
   0.20962 -0.04809 -0.32857
   0.21707 -0.04842 -0.32667
   0.22456 -0.04873 -0.32267
   0.23208 -0.04901 -0.31910
   0.23964 -0.04926 -0.31538
   0.24721 -0.04950 -0.31338
   0.25481 -0.04971 -0.31066
   0.26241 -0.04990 -0.30795
   0.27004 -0.05006 -0.30495
   0.27768 -0.05021 -0.30256
   0.28534 -0.05033 -0.29932
   0.29302 -0.05043 -0.29700
   0.30071 -0.05052 -0.29469
   0.30841 -0.05058 -0.29271
   0.31611 -0.05063 -0.29101
   0.32382 -0.05066 -0.28880
   0.33154 -0.05066 -0.28638
   0.33927 -0.05065 -0.28538
   0.34699 -0.05062 -0.28276
   0.35472 -0.05057 -0.28142
   0.36246 -0.05051 -0.27975
   0.37019 -0.05042 -0.27819
   0.37793 -0.05031 -0.27574
   0.38566 -0.05019 -0.27487
   0.39339 -0.05004 -0.27289
   0.40111 -0.04988 -0.27133
   0.40883 -0.04970 -0.26962
   0.41655 -0.04951 -0.26872
   0.42426 -0.04929 -0.26727
   0.43196 -0.04905 -0.26625
   0.43965 -0.04880 -0.26471
   0.44733 -0.04852 -0.26363
   0.45499 -0.04823 -0.26244
   0.46265 -0.04791 -0.26070
   0.47029 -0.04757 -0.25978
   0.47793 -0.04721 -0.25790
   0.48555 -0.04683 -0.25626
   0.49315 -0.04642 -0.25459
   0.50075 -0.04600 -0.25300
   0.50833 -0.04555 -0.25040
   0.51589 -0.04507 -0.24877
   0.52345 -0.04458 -0.24594
   0.53099 -0.04405 -0.24399
   0.53851 -0.04351 -0.24087
   0.54603 -0.04293 -0.23840
   0.55353 -0.04234 -0.23571
   0.56101 -0.04171 -0.23154
   0.56848 -0.04106 -0.22858
   0.57593 -0.04038 -0.22453
   0.58337 -0.03967 -0.22060
   0.59078 -0.03894 -0.21657
   0.59818 -0.03818 -0.21164
   0.60556 -0.03738 -0.20702
   0.61292 -0.03656 -0.20180
   0.62026 -0.03571 -0.19583
   0.62759 -0.03483 -0.18990
   0.63490 -0.03391 -0.18230
   0.64220 -0.03296 -0.17628
   0.64948 -0.03198 -0.16811
   0.65674 -0.03097 -0.16008
   0.66400 -0.02992 -0.15079
   0.67125 -0.02883 -0.14126
   0.67849 -0.02772 -0.13156
   0.68572 -0.02656 -0.12031
   0.69295 -0.02537 -0.10953
   0.70018 -0.02415 -0.09650
   0.70741 -0.02288 -0.08419
   0.71464 -0.02159 -0.07081
   0.72188 -0.02025 -0.05584
   0.72912 -0.01888 -0.04179
   0.73638 -0.01747 -0.02485
   0.74365 -0.01602 -0.00916
   0.75094 -0.01453  0.00948
   0.75826 -0.01301  0.02745
   0.76560 -0.01146  0.04712
   0.77297 -0.00987  0.06675
   0.78039 -0.00825  0.08831
   0.78785 -0.00659  0.10944
   0.79535 -0.00492  0.13261
   0.80287 -0.00323  0.15547
   0.81037 -0.00154  0.17779
   0.81778  0.00013  0.20298
   0.82509  0.00176  0.22613
   0.83227  0.00334  0.24766
   0.83932  0.00486  0.26840
   0.84624  0.00632  0.28881
   0.85304  0.00771  0.30723
   0.85972  0.00903  0.32615
   0.86628  0.01027  0.34235
   0.87271  0.01143  0.35842
   0.87902  0.01251  0.37344
   0.88521  0.01350  0.38616
   0.89129  0.01440  0.39896
   0.89727  0.01522  0.40875
   0.90316  0.01595  0.41925
   0.90895  0.01659  0.42810
   0.91464  0.01715  0.43548
   0.92020  0.01763  0.44387
   0.92564  0.01802  0.44967
   0.93097  0.01831  0.45427
   0.93623  0.01853  0.45739
   0.94141  0.01867  0.45690
   0.94645  0.01876  0.46715
   0.95125  0.01879  0.47882
   0.95581  0.01873  0.49145
   0.96019  0.01854  0.49555
   0.96446  0.01821  0.48051
   0.96872  0.01776  0.45431
   0.97300  0.01724  0.42576
   0.97726  0.01672  0.41546
   0.98142  0.01621  0.42806
   0.98545  0.01563  0.43241
   0.98942  0.01489  0.38721
   0.99340  0.01406  0.32676
   0.99738  0.01325  0.29809
   1.00000  0.01271  0.25219
