    1.000000      0.1371400E-01
   0.9966023      0.1465167E-01
   0.9924386      0.1570292E-01
   0.9879927      0.1679637E-01
   0.9832807      0.1794853E-01
   0.9782985      0.1913320E-01
   0.9730556      0.2035042E-01
   0.9675947      0.2158770E-01
   0.9619540      0.2282339E-01
   0.9561436      0.2404301E-01
   0.9501623      0.2524282E-01
   0.9440229      0.2641868E-01
   0.9377411      0.2756648E-01
   0.9313230      0.2868468E-01
   0.9247672      0.2977560E-01
   0.9180811      0.3084231E-01
   0.9112864      0.3188651E-01
   0.9044177      0.3290516E-01
   0.8975040      0.3389140E-01
   0.8905602      0.3484044E-01
   0.8835852      0.3574990E-01
   0.8765614      0.3662016E-01
   0.8694655      0.3745657E-01
   0.8622808      0.3826488E-01
   0.8549997      0.3904982E-01
   0.8476252      0.3981529E-01
   0.8401737      0.4056432E-01
   0.8326760      0.4129905E-01
   0.8251751      0.4201831E-01
   0.8176968      0.4271210E-01
   0.8102322      0.4337551E-01
   0.8027720      0.4400942E-01
   0.7953150      0.4461379E-01
   0.7878584      0.4518840E-01
   0.7803971      0.4573360E-01
   0.7729267      0.4624984E-01
   0.7654431      0.4673766E-01
   0.7579412      0.4719773E-01
   0.7504140      0.4763140E-01
   0.7428567      0.4804100E-01
   0.7352681      0.4842876E-01
   0.7276497      0.4879615E-01
   0.7200025      0.4914439E-01
   0.7123263      0.4947479E-01
   0.7046218      0.4978878E-01
   0.6968911      0.5008781E-01
   0.6891382      0.5037284E-01
   0.6813674      0.5064415E-01
   0.6735822      0.5090197E-01
   0.6657856      0.5114660E-01
   0.6579799      0.5137837E-01
   0.6501667      0.5159765E-01
   0.6423468      0.5180463E-01
   0.6345202      0.5199931E-01
   0.6266857      0.5218170E-01
   0.6188419      0.5235219E-01
   0.6109885      0.5251156E-01
   0.6031273      0.5266057E-01
   0.5952618      0.5279948E-01
   0.5873941      0.5292804E-01
   0.5795251      0.5304601E-01
   0.5716540      0.5315335E-01
   0.5637802      0.5325021E-01
   0.5559035      0.5333670E-01
   0.5480241      0.5341297E-01
   0.5401425      0.5347916E-01
   0.5322595      0.5353540E-01
   0.5243758      0.5358176E-01
   0.5164919      0.5361818E-01
   0.5086078      0.5364462E-01
   0.5007227      0.5366110E-01
   0.4928368      0.5366788E-01
   0.4849515      0.5366519E-01
   0.4770693      0.5365314E-01
   0.4691926      0.5363135E-01
   0.4613223      0.5359936E-01
   0.4534578      0.5355688E-01
   0.4455990      0.5350431E-01
   0.4377470      0.5344220E-01
   0.4299050      0.5337108E-01
   0.4220792      0.5329117E-01
   0.4142813      0.5320268E-01
   0.4065276      0.5310570E-01
   0.3988340      0.5299885E-01
   0.3912083      0.5288008E-01
   0.3836501      0.5274805E-01
   0.3761643      0.5260856E-01
   0.3687816      0.5247151E-01
   0.3615566      0.5234482E-01
   0.3545407      0.5221343E-01
   0.3477431      0.5204897E-01
   0.3411361      0.5182783E-01
   0.3346713      0.5156176E-01
   0.3282991      0.5130130E-01
   0.3219735      0.5109546E-01
   0.3156498      0.5096950E-01
   0.3092832      0.5088023E-01
   0.3028236      0.5077003E-01
   0.2962117      0.5058832E-01
   0.2893944      0.5034357E-01
   0.2823584      0.5006914E-01
   0.2751498      0.4979366E-01
   0.2678325      0.4951250E-01
   0.2604372      0.4921373E-01
   0.2529687      0.4889389E-01
   0.2454403      0.4855590E-01
   0.2378778      0.4820153E-01
   0.2303011      0.4783010E-01
   0.2227195      0.4744100E-01
   0.2151432      0.4703444E-01
   0.2075840      0.4660970E-01
   0.2000467      0.4616516E-01
   0.1925369      0.4570204E-01
   0.1850711      0.4522012E-01
   0.1776515      0.4471402E-01
   0.1702790      0.4418697E-01
   0.1629718      0.4363829E-01
   0.1557341      0.4306555E-01
   0.1485785      0.4247064E-01
   0.1415185      0.4185052E-01
   0.1345636      0.4120701E-01
   0.1277337      0.4054073E-01
   0.1210428      0.3985183E-01
   0.1145133      0.3914359E-01
   0.1081658      0.3841997E-01
   0.1020240      0.3768345E-01
   0.9611345E-01  0.3694104E-01
   0.9045383E-01  0.3619654E-01
   0.8506455E-01  0.3545187E-01
   0.7995569E-01  0.3471569E-01
   0.7513538E-01  0.3398836E-01
   0.7060301E-01  0.3327103E-01
   0.6634944E-01  0.3256995E-01
   0.6235509E-01  0.3186555E-01
   0.5859291E-01  0.3116737E-01
   0.5505282E-01  0.3046187E-01
   0.5172045E-01  0.2974794E-01
   0.4857369E-01  0.2902516E-01
   0.4559794E-01  0.2829722E-01
   0.4278288E-01  0.2756812E-01
   0.4011927E-01  0.2683917E-01
   0.3759741E-01  0.2611560E-01
   0.3520997E-01  0.2539703E-01
   0.3294915E-01  0.2467583E-01
   0.3080031E-01  0.2395931E-01
   0.2875372E-01  0.2325718E-01
   0.2680436E-01  0.2257774E-01
   0.2495105E-01  0.2192128E-01
   0.2319254E-01  0.2128102E-01
   0.2152488E-01  0.2065085E-01
   0.1994265E-01  0.2002569E-01
   0.1843986E-01  0.1940135E-01
   0.1701044E-01  0.1877474E-01
   0.1564782E-01  0.1814683E-01
   0.1434629E-01  0.1752069E-01
   0.1310142E-01  0.1689893E-01
   0.1191056E-01  0.1628132E-01
   0.1077170E-01  0.1566575E-01
   0.9682613E-02  0.1505047E-01
   0.8641219E-02  0.1443433E-01
   0.7645842E-02  0.1381608E-01
   0.6695503E-02  0.1319378E-01
   0.5790673E-02  0.1256404E-01
   0.4932487E-02  0.1192281E-01
   0.4121781E-02  0.1126730E-01
   0.3363441E-02  0.1059171E-01
   0.2670925E-02  0.9882635E-02
   0.2064164E-02  0.9126630E-02
   0.1534897E-02  0.8334793E-02
   0.1103262E-02  0.7505117E-02
   0.7754112E-03  0.6642279E-02
   0.5314501E-03  0.5762992E-02
   0.3500475E-03  0.4878168E-02
   0.2147651E-03  0.3993874E-02
   0.1170992E-03  0.3113025E-02
   0.5155257E-04  0.2237557E-02
   0.1278249E-04  0.1368523E-02
  -0.3695522E-05  0.5074322E-03
   0.9570583E-05 -0.3468950E-03
   0.4070645E-04 -0.1203893E-02
   0.9552043E-04 -0.2063711E-02
   0.1963608E-03 -0.2924961E-02
   0.2654942E-03 -0.3797432E-02
   0.3929235E-03 -0.4674141E-02
   0.5417247E-03 -0.5557938E-02
   0.7155715E-03 -0.6447462E-02
   0.9189928E-03 -0.7341172E-02
   0.1153050E-02 -0.8237911E-02
   0.1419213E-02 -0.9136371E-02
   0.1722690E-02 -0.1003377E-01
   0.2069185E-02 -0.1092713E-01
   0.2461181E-02 -0.1181358E-01
   0.2918092E-02 -0.1268187E-01
   0.3409380E-02 -0.1354724E-01
   0.4013063E-02 -0.1435862E-01
   0.4693825E-02 -0.1513207E-01
   0.5451767E-02 -0.1586343E-01
   0.6273584E-02 -0.1656147E-01
   0.7154747E-02 -0.1723031E-01
   0.8090370E-02 -0.1787614E-01
   0.9080059E-02 -0.1850042E-01
   0.1012346E-01 -0.1910649E-01
   0.1121996E-01 -0.1969866E-01
   0.1237106E-01 -0.2027862E-01
   0.1357891E-01 -0.2084793E-01
   0.1484630E-01 -0.2140829E-01
   0.1617641E-01 -0.2196181E-01
   0.1757273E-01 -0.2251118E-01
   0.1903912E-01 -0.2305883E-01
   0.2058087E-01 -0.2360578E-01
   0.2220412E-01 -0.2415322E-01
   0.2391574E-01 -0.2470322E-01
   0.2572311E-01 -0.2525856E-01
   0.2763453E-01 -0.2582150E-01
   0.2965973E-01 -0.2639312E-01
   0.3180950E-01 -0.2697460E-01
   0.3409593E-01 -0.2756713E-01
   0.3653242E-01 -0.2817199E-01
   0.3913355E-01 -0.2879081E-01
   0.4191471E-01 -0.2942571E-01
   0.4489172E-01 -0.3007941E-01
   0.4808076E-01 -0.3075419E-01
   0.5149777E-01 -0.3144986E-01
   0.5515656E-01 -0.3216529E-01
   0.5906776E-01 -0.3289866E-01
   0.6323867E-01 -0.3364767E-01
   0.6767426E-01 -0.3441001E-01
   0.7237999E-01 -0.3518369E-01
   0.7735991E-01 -0.3596581E-01
   0.8261150E-01 -0.3675260E-01
   0.8812450E-01 -0.3753986E-01
   0.9388171E-01 -0.3832338E-01
   0.9986157E-01 -0.3909954E-01
   0.1060420     -0.3986474E-01
   0.1124001     -0.4061381E-01
   0.1189121     -0.4134179E-01
   0.1255561     -0.4204453E-01
   0.1323150     -0.4271892E-01
   0.1391776     -0.4336331E-01
   0.1461349     -0.4397723E-01
   0.1531774     -0.4456060E-01
   0.1602949     -0.4511363E-01
   0.1674774     -0.4563686E-01
   0.1747144     -0.4613111E-01
   0.1819964     -0.4659703E-01
   0.1893151     -0.4703436E-01
   0.1966647     -0.4744298E-01
   0.2040419     -0.4782301E-01
   0.2114461     -0.4817474E-01
   0.2188795     -0.4849862E-01
   0.2263464     -0.4879572E-01
   0.2338481     -0.4906843E-01
   0.2413783     -0.4931881E-01
   0.2489286     -0.4954693E-01
   0.2564942     -0.4975234E-01
   0.2640754     -0.4993485E-01
   0.2716750     -0.5009516E-01
   0.2792938     -0.5023440E-01
   0.2869296     -0.5035357E-01
   0.2945790     -0.5045310E-01
   0.3022391     -0.5053325E-01
   0.3099081     -0.5059430E-01
   0.3175849     -0.5063638E-01
   0.3252685     -0.5065952E-01
   0.3329582     -0.5066373E-01
   0.3406527     -0.5064904E-01
   0.3483512     -0.5061549E-01
   0.3560526     -0.5056313E-01
   0.3637558     -0.5049201E-01
   0.3714597     -0.5040221E-01
   0.3791632     -0.5029380E-01
   0.3868652     -0.5016687E-01
   0.3945645     -0.5002152E-01
   0.4022599     -0.4985788E-01
   0.4099501     -0.4967605E-01
   0.4176341     -0.4947599E-01
   0.4253105     -0.4925731E-01
   0.4329784     -0.4901957E-01
   0.4406369     -0.4876235E-01
   0.4482850     -0.4848524E-01
   0.4559221     -0.4818782E-01
   0.4635476     -0.4786971E-01
   0.4711610     -0.4753051E-01
   0.4787620     -0.4716981E-01
   0.4863501     -0.4678724E-01
   0.4939254     -0.4638240E-01
   0.5014877     -0.4595490E-01
   0.5090370     -0.4550436E-01
   0.5165735     -0.4503032E-01
   0.5240970     -0.4453233E-01
   0.5316073     -0.4400991E-01
   0.5391043     -0.4346262E-01
   0.5465874     -0.4289003E-01
   0.5540562     -0.4229172E-01
   0.5615102     -0.4166729E-01
   0.5689485     -0.4101638E-01
   0.5763704     -0.4033863E-01
   0.5837750     -0.3963360E-01
   0.5911617     -0.3890075E-01
   0.5985300     -0.3813947E-01
   0.6058799     -0.3734917E-01
   0.6132116     -0.3652922E-01
   0.6205256     -0.3567895E-01
   0.6278227     -0.3479767E-01
   0.6351038     -0.3388476E-01
   0.6423700     -0.3293965E-01
   0.6496226     -0.3196177E-01
   0.6568628     -0.3095051E-01
   0.6640921     -0.2990527E-01
   0.6713118     -0.2882568E-01
   0.6785238     -0.2771133E-01
   0.6857297     -0.2656177E-01
   0.6929316     -0.2537654E-01
   0.7001316     -0.2415545E-01
   0.7073319     -0.2289831E-01
   0.7145351     -0.2160488E-01
   0.7217437     -0.2027482E-01
   0.7289604     -0.1890796E-01
   0.7361885     -0.1750425E-01
   0.7434313     -0.1606352E-01
   0.7506926     -0.1458587E-01
   0.7579768     -0.1307239E-01
   0.7652889     -0.1152432E-01
   0.7726344     -0.9942797E-02
   0.7800197     -0.8328804E-02
   0.7874500     -0.6684344E-02
   0.7949205     -0.5015312E-02
   0.8024094     -0.3331812E-02
   0.8098776     -0.1648107E-02
   0.8172748      0.1725995E-04
   0.8245622      0.1645665E-02
   0.8317220      0.3223900E-02
   0.8387532      0.4743901E-02
   0.8456609      0.6201007E-02
   0.8524475      0.7591067E-02
   0.8591128      0.8910077E-02
   0.8656545      0.1015410E-01
   0.8720718      0.1131846E-01
   0.8783670      0.1239940E-01
   0.8845460      0.1339446E-01
   0.8906163      0.1430292E-01
   0.8965860      0.1512563E-01
   0.9024627      0.1586368E-01
   0.9082458      0.1651770E-01
   0.9139238      0.1708764E-01
   0.9194796      0.1757227E-01
   0.9249104      0.1796929E-01
   0.9302354      0.1827798E-01
   0.9354855      0.1850170E-01
   0.9406607      0.1865473E-01
   0.9457031      0.1875205E-01
   0.9505282      0.1879229E-01
   0.9551096      0.1874382E-01
   0.9594923      0.1857978E-01
   0.9637575      0.1827573E-01
   0.9679968      0.1784250E-01
   0.9722558      0.1733405E-01
   0.9765105      0.1681419E-01
   0.9806785      0.1631035E-01
   0.9847155      0.1574616E-01
   0.9886693      0.1503779E-01
   0.9926288      0.1422227E-01
   0.9965973      0.1340998E-01
    1.000000      0.1271400E-01
