#  GRUMMAN K-2 AIRFOIL                             
#  alpha =  -1.2100
#  Mach  =   0.0000
#  Reyn  =   100000
#  Ncrit =   5.0000
#
#    x           cf
   0.53406E-03  0.28964E-02
   0.77928E-03  0.11534E-01
   0.11088E-02  0.16922E-01
   0.15428E-02  0.25705E-01
   0.20737E-02  0.26316E-01
   0.26829E-02  0.29947E-01
   0.33776E-02  0.29281E-01
   0.41380E-02  0.25721E-01
   0.49506E-02  0.28217E-01
   0.58109E-02  0.25629E-01
   0.67178E-02  0.27053E-01
   0.76703E-02  0.24868E-01
   0.86679E-02  0.24684E-01
   0.97117E-02  0.24270E-01
   0.10803E-01  0.24511E-01
   0.11945E-01  0.23541E-01
   0.13139E-01  0.23021E-01
   0.14387E-01  0.23028E-01
   0.15692E-01  0.23156E-01
   0.17058E-01  0.22495E-01
   0.18491E-01  0.21766E-01
   0.19998E-01  0.21370E-01
   0.21585E-01  0.19767E-01
   0.23258E-01  0.19061E-01
   0.25022E-01  0.17773E-01
   0.26881E-01  0.17180E-01
   0.28836E-01  0.17375E-01
   0.30889E-01  0.17904E-01
   0.33045E-01  0.18286E-01
   0.35314E-01  0.18637E-01
   0.37710E-01  0.17679E-01
   0.40241E-01  0.16755E-01
   0.42915E-01  0.16372E-01
   0.45741E-01  0.15736E-01
   0.48729E-01  0.15035E-01
   0.51887E-01  0.14248E-01
   0.55233E-01  0.13421E-01
   0.58788E-01  0.12420E-01
   0.62566E-01  0.11464E-01
   0.66577E-01  0.10699E-01
   0.70849E-01  0.99370E-02
   0.75402E-01  0.95865E-02
   0.80243E-01  0.92666E-02
   0.85374E-01  0.90604E-02
   0.90785E-01  0.87431E-02
   0.96466E-01  0.85415E-02
   0.10240      0.83557E-02
   0.10856      0.81109E-02
   0.11493      0.79086E-02
   0.12147      0.76982E-02
   0.12818      0.75181E-02
   0.13503      0.73097E-02
   0.14200      0.69834E-02
   0.14907      0.68410E-02
   0.15624      0.65752E-02
   0.16349      0.64791E-02
   0.17081      0.61950E-02
   0.17820      0.60616E-02
   0.18563      0.59305E-02
   0.19311      0.57223E-02
   0.20063      0.56227E-02
   0.20817      0.55057E-02
   0.21574      0.53587E-02
   0.22333      0.52757E-02
   0.23092      0.51830E-02
   0.23850      0.50895E-02
   0.24607      0.49811E-02
   0.25361      0.49465E-02
   0.26108      0.48588E-02
   0.26847      0.47558E-02
   0.27579      0.46806E-02
   0.28299      0.46552E-02
   0.29002      0.47603E-02
   0.29682      0.47502E-02
   0.30343      0.45687E-02
   0.30988      0.41395E-02
   0.31625      0.37192E-02
   0.32258      0.35433E-02
   0.32892      0.36914E-02
   0.33530      0.40418E-02
   0.34179      0.43864E-02
   0.34842      0.45182E-02
   0.35524      0.44394E-02
   0.36229      0.42491E-02
   0.36954      0.41072E-02
   0.37694      0.40505E-02
   0.38445      0.40276E-02
   0.39202      0.39963E-02
   0.39966      0.39313E-02
   0.40737      0.38986E-02
   0.41514      0.38433E-02
   0.42295      0.37947E-02
   0.43079      0.37503E-02
   0.43864      0.37173E-02
   0.44650      0.36755E-02
   0.45437      0.36475E-02
   0.46224      0.36065E-02
   0.47012      0.35768E-02
   0.47801      0.35399E-02
   0.48590      0.35051E-02
   0.49380      0.34734E-02
   0.50169      0.34435E-02
   0.50958      0.34107E-02
   0.51748      0.33785E-02
   0.52537      0.33477E-02
   0.53326      0.33230E-02
   0.54115      0.32862E-02
   0.54904      0.32628E-02
   0.55693      0.32311E-02
   0.56482      0.31980E-02
   0.57270      0.31697E-02
   0.58058      0.31365E-02
   0.58846      0.31064E-02
   0.59633      0.30705E-02
   0.60421      0.30427E-02
   0.61208      0.30186E-02
   0.61994      0.29852E-02
   0.62779      0.29567E-02
   0.63563      0.29202E-02
   0.64347      0.28881E-02
   0.65129      0.28516E-02
   0.65911      0.28184E-02
   0.66693      0.27708E-02
   0.67473      0.27358E-02
   0.68252      0.26918E-02
   0.69030      0.26450E-02
   0.69806      0.25978E-02
   0.70580      0.25458E-02
   0.71350      0.24877E-02
   0.72118      0.24290E-02
   0.72884      0.23584E-02
   0.73646      0.22800E-02
   0.74405      0.21947E-02
   0.75161      0.20840E-02
   0.75914      0.19722E-02
   0.76665      0.18399E-02
   0.77414      0.16947E-02
   0.78162      0.15411E-02
   0.78909      0.13770E-02
   0.79655      0.11992E-02
   0.80402      0.10215E-02
   0.81149      0.84136E-03
   0.81896      0.66372E-03
   0.82645      0.49265E-03
   0.83396      0.33206E-03
   0.84146      0.19408E-03
   0.84891      0.71083E-04
   0.85628     -0.35047E-04
   0.86355     -0.12420E-03
   0.87073     -0.19640E-03
   0.87782     -0.25112E-03
   0.88484     -0.28844E-03
   0.89181     -0.31068E-03
   0.89876     -0.32010E-03
   0.90568     -0.32126E-03
   0.91254     -0.31814E-03
   0.91932     -0.31132E-03
   0.92600     -0.30429E-03
   0.93253     -0.29797E-03
   0.93893     -0.29254E-03
   0.94520     -0.28798E-03
   0.95131     -0.28417E-03
   0.95727     -0.28104E-03
   0.96305     -0.27849E-03
   0.96867     -0.27642E-03
   0.97409     -0.27477E-03
   0.97929     -0.27348E-03
   0.98423     -0.27247E-03
   0.98889     -0.27169E-03
   0.99329     -0.27109E-03
   0.99740     -0.27062E-03
    1.0000     -0.21938E-03
    1.0001       0.0000    
    1.0027       0.0000    
    1.0056       0.0000    
    1.0089       0.0000    
    1.0126       0.0000    
    1.0167       0.0000    
    1.0212       0.0000    
    1.0263       0.0000    
    1.0320       0.0000    
    1.0383       0.0000    
    1.0453       0.0000    
    1.0532       0.0000    
    1.0619       0.0000    
    1.0716       0.0000    
    1.0825       0.0000    
    1.0946       0.0000    
    1.1080       0.0000    
    1.1230       0.0000    
    1.1398       0.0000    
    1.1584       0.0000    
    1.1791       0.0000    
    1.2022       0.0000    
    1.2280       0.0000    
    1.2566       0.0000    
    1.2885       0.0000    
    1.3241       0.0000    
    1.3637       0.0000    
    1.4078       0.0000    
    1.4570       0.0000    
    1.5117       0.0000    
    1.5727       0.0000    
    1.6406       0.0000    
    1.7162       0.0000    
    1.8004       0.0000    
    1.8942       0.0000    
    1.9987       0.0000    

   0.35184E-03  0.14345E-02
   0.21595E-03  0.88969E-02
   0.11783E-03  0.93477E-02
   0.51958E-04  0.17677E-01
   0.12968E-04  0.16730E-01
  -0.36747E-05  0.24028E-01
   0.94461E-05  0.23797E-01
   0.40619E-04  0.30552E-01
   0.95313E-04  0.33584E-01
   0.19630E-03  0.29061E-01
   0.26552E-03  0.45398E-01
   0.39313E-03  0.42925E-01
   0.54214E-03  0.49138E-01
   0.71625E-03  0.51847E-01
   0.92004E-03  0.58085E-01
   0.11545E-02  0.62755E-01
   0.14212E-02  0.67832E-01
   0.17253E-02  0.74071E-01
   0.20726E-02  0.85810E-01
   0.24656E-02  0.88724E-01
   0.29236E-02  0.85032E-01
   0.34163E-02  0.12054    
   0.40220E-02  0.86168E-01
   0.47047E-02  0.78264E-01
   0.54645E-02  0.60583E-01
   0.62883E-02  0.50344E-01
   0.71714E-02  0.43847E-01
   0.81091E-02  0.36730E-01
   0.91010E-02  0.31250E-01
   0.10147E-01  0.27084E-01
   0.11246E-01  0.24669E-01
   0.12399E-01  0.21322E-01
   0.13610E-01  0.18865E-01
   0.14880E-01  0.17050E-01
   0.16213E-01  0.14517E-01
   0.17613E-01  0.12991E-01
   0.19083E-01  0.11843E-01
   0.20629E-01  0.10517E-01
   0.22257E-01  0.95317E-02
   0.23973E-01  0.88090E-02
   0.25786E-01  0.80966E-02
   0.27703E-01  0.75048E-02
   0.29734E-01  0.69092E-02
   0.31891E-01  0.66034E-02
   0.34186E-01  0.63563E-02
   0.36631E-01  0.60065E-02
   0.39242E-01  0.57360E-02
   0.42034E-01  0.55692E-02
   0.45022E-01  0.53656E-02
   0.48223E-01  0.53774E-02
   0.51654E-01  0.53600E-02
   0.55327E-01  0.53992E-02
   0.59253E-01  0.54135E-02
   0.63440E-01  0.53767E-02
   0.67892E-01  0.53877E-02
   0.72616E-01  0.54552E-02
   0.77614E-01  0.53917E-02
   0.82884E-01  0.54378E-02
   0.88415E-01  0.53633E-02
   0.94191E-01  0.53582E-02
   0.10019      0.53339E-02
   0.10638      0.53217E-02
   0.11276      0.52795E-02
   0.11929      0.52796E-02
   0.12594      0.51732E-02
   0.13272      0.51518E-02
   0.13959      0.50140E-02
   0.14656      0.49180E-02
   0.15362      0.47905E-02
   0.16075      0.46480E-02
   0.16794      0.45567E-02
   0.17519      0.44162E-02
   0.18248      0.43441E-02
   0.18981      0.42350E-02
   0.19717      0.41234E-02
   0.20456      0.40434E-02
   0.21197      0.39412E-02
   0.21942      0.38469E-02
   0.22690      0.37472E-02
   0.23441      0.36486E-02
   0.24195      0.35667E-02
   0.24951      0.34998E-02
   0.25708      0.34295E-02
   0.26468      0.33652E-02
   0.27229      0.32944E-02
   0.27991      0.32535E-02
   0.28756      0.31841E-02
   0.29522      0.31436E-02
   0.30289      0.30993E-02
   0.31057      0.30619E-02
   0.31825      0.30197E-02
   0.32595      0.29910E-02
   0.33364      0.29589E-02
   0.34135      0.29195E-02
   0.34906      0.28981E-02
   0.35677      0.28624E-02
   0.36448      0.28290E-02
   0.37219      0.27992E-02
   0.37990      0.27660E-02
   0.38761      0.27359E-02
   0.39532      0.26980E-02
   0.40302      0.26708E-02
   0.41072      0.26381E-02
   0.41842      0.26044E-02
   0.42610      0.25671E-02
   0.43378      0.25389E-02
   0.44144      0.24962E-02
   0.44910      0.24618E-02
   0.45674      0.24116E-02
   0.46437      0.23662E-02
   0.47199      0.23081E-02
   0.47960      0.22526E-02
   0.48720      0.21878E-02
   0.49478      0.21205E-02
   0.50235      0.20410E-02
   0.50991      0.19659E-02
   0.51745      0.18770E-02
   0.52498      0.17823E-02
   0.53250      0.16889E-02
   0.54000      0.15825E-02
   0.54749      0.14731E-02
   0.55497      0.13547E-02
   0.56243      0.12346E-02
   0.56987      0.11068E-02
   0.57730      0.97784E-03
   0.58471      0.84557E-03
   0.59210      0.71284E-03
   0.59948      0.58019E-03
   0.60683      0.44875E-03
   0.61417      0.31920E-03
   0.62149      0.19787E-03
   0.62879      0.82155E-04
   0.63608     -0.21318E-04
   0.64335     -0.11406E-03
   0.65061     -0.19297E-03
   0.65786     -0.25730E-03
   0.66510     -0.30721E-03
   0.67232     -0.34321E-03
   0.67954     -0.36716E-03
   0.68676     -0.38045E-03
   0.69397     -0.38589E-03
   0.70117     -0.38607E-03
   0.70838     -0.38383E-03
   0.71559     -0.37823E-03
   0.72281     -0.37140E-03
   0.73004     -0.36463E-03
   0.73728     -0.35842E-03
   0.74453     -0.35282E-03
   0.75180     -0.34792E-03
   0.75910     -0.34359E-03
   0.76642     -0.33987E-03
   0.77378     -0.27315E-03
   0.78118     -0.26511E-03
   0.78863     -0.25649E-03
   0.79611     -0.24677E-03
   0.80361     -0.22767E-03
   0.81108     -0.20608E-03
   0.81847     -0.18266E-03
   0.82574     -0.15714E-03
   0.83289     -0.12939E-03
   0.83991     -0.99702E-04
   0.84680     -0.68516E-04
   0.85358     -0.36473E-04
   0.86023     -0.36741E-05
   0.86676      0.28318E-04
   0.87316      0.60294E-04
   0.87944      0.92435E-04
   0.88561      0.12581E-03
   0.89167      0.15992E-03
   0.89763      0.19563E-03
   0.90349      0.23267E-03
   0.90927      0.27140E-03
   0.91493      0.31166E-03
   0.92047      0.35423E-03
   0.92588      0.39850E-03
   0.93120      0.45071E-03
   0.93644      0.51676E-03
   0.94160      0.58788E-03
   0.94662      0.66274E-03
   0.95140      0.74000E-03
   0.95595      0.82506E-03
   0.96030      0.92484E-03
   0.96456      0.10514E-02
   0.96881      0.12097E-02
   0.97308      0.13974E-02
   0.97733      0.16021E-02
   0.98147      0.18154E-02
   0.98549      0.20656E-02
   0.98945      0.24161E-02
   0.99342      0.28844E-02
   0.99738      0.34491E-02
    1.0000      0.40092E-02
    1.0001       0.0000    
    1.0027       0.0000    
    1.0056       0.0000    
    1.0089       0.0000    
    1.0126       0.0000    
    1.0167       0.0000    
    1.0212       0.0000    
    1.0263       0.0000    
    1.0320       0.0000    
    1.0383       0.0000    
    1.0453       0.0000    
    1.0532       0.0000    
    1.0619       0.0000    
    1.0716       0.0000    
    1.0825       0.0000    
    1.0946       0.0000    
    1.1080       0.0000    
    1.1230       0.0000    
    1.1398       0.0000    
    1.1584       0.0000    
    1.1791       0.0000    
    1.2022       0.0000    
    1.2280       0.0000    
    1.2566       0.0000    
    1.2885       0.0000    
    1.3241       0.0000    
    1.3637       0.0000    
    1.4078       0.0000    
    1.4570       0.0000    
    1.5117       0.0000    
    1.5727       0.0000    
    1.6406       0.0000    
    1.7162       0.0000    
    1.8004       0.0000    
    1.8942       0.0000    
    1.9987       0.0000    

