#  GRUMMAN K-2 AIRFOIL                             
#  alpha =   2.0000
#  Mach  =   0.0000
#  Reyn  =   100000
#  Ncrit =   9.0000
#
#    x           cf
   0.26552E-03  0.27190E-02
   0.19630E-03  0.31203E-02
   0.95313E-04  0.97990E-02
   0.40619E-04  0.11526E-01
   0.94461E-05  0.17485E-01
  -0.36747E-05  0.21782E-01
   0.12968E-04  0.24776E-01
   0.51958E-04  0.30908E-01
   0.11783E-03  0.39372E-01
   0.21595E-03  0.43433E-01
   0.35184E-03  0.53845E-01
   0.53406E-03  0.65940E-01
   0.77928E-03  0.76176E-01
   0.11088E-02  0.84010E-01
   0.15428E-02  0.78448E-01
   0.20737E-02  0.68549E-01
   0.26829E-02  0.62780E-01
   0.33776E-02  0.49551E-01
   0.41380E-02  0.41521E-01
   0.49506E-02  0.36110E-01
   0.58109E-02  0.31855E-01
   0.67178E-02  0.30602E-01
   0.76703E-02  0.28383E-01
   0.86679E-02  0.27187E-01
   0.97117E-02  0.25946E-01
   0.10803E-01  0.25488E-01
   0.11945E-01  0.24310E-01
   0.13139E-01  0.23765E-01
   0.14387E-01  0.23065E-01
   0.15692E-01  0.23044E-01
   0.17058E-01  0.22421E-01
   0.18491E-01  0.21361E-01
   0.19998E-01  0.20860E-01
   0.21585E-01  0.19200E-01
   0.23258E-01  0.17296E-01
   0.25022E-01  0.16443E-01
   0.26881E-01  0.15574E-01
   0.28836E-01  0.15330E-01
   0.30889E-01  0.15912E-01
   0.33045E-01  0.16329E-01
   0.35314E-01  0.16538E-01
   0.37710E-01  0.15917E-01
   0.40241E-01  0.15466E-01
   0.42915E-01  0.14584E-01
   0.45741E-01  0.14182E-01
   0.48729E-01  0.13322E-01
   0.51887E-01  0.12339E-01
   0.55233E-01  0.11236E-01
   0.58788E-01  0.10192E-01
   0.62566E-01  0.89706E-02
   0.66577E-01  0.80196E-02
   0.70849E-01  0.72515E-02
   0.75402E-01  0.66808E-02
   0.80243E-01  0.63600E-02
   0.85374E-01  0.60667E-02
   0.90785E-01  0.58018E-02
   0.96466E-01  0.56494E-02
   0.10240      0.55377E-02
   0.10856      0.54323E-02
   0.11493      0.52724E-02
   0.12147      0.51829E-02
   0.12818      0.50910E-02
   0.13503      0.50003E-02
   0.14200      0.48147E-02
   0.14907      0.46916E-02
   0.15624      0.45543E-02
   0.16349      0.44396E-02
   0.17081      0.42597E-02
   0.17820      0.41776E-02
   0.18563      0.40854E-02
   0.19311      0.39270E-02
   0.20063      0.38779E-02
   0.20817      0.37676E-02
   0.21574      0.36787E-02
   0.22333      0.36104E-02
   0.23092      0.35550E-02
   0.23850      0.34835E-02
   0.24607      0.34243E-02
   0.25361      0.33929E-02
   0.26108      0.33360E-02
   0.26847      0.32617E-02
   0.27579      0.32245E-02
   0.28299      0.31981E-02
   0.29002      0.32690E-02
   0.29682      0.32879E-02
   0.30343      0.31455E-02
   0.30988      0.28347E-02
   0.31625      0.25171E-02
   0.32258      0.23830E-02
   0.32892      0.24866E-02
   0.33530      0.27368E-02
   0.34179      0.30059E-02
   0.34842      0.31015E-02
   0.35524      0.30727E-02
   0.36229      0.29439E-02
   0.36954      0.28508E-02
   0.37694      0.28201E-02
   0.38445      0.28019E-02
   0.39202      0.27876E-02
   0.39966      0.27471E-02
   0.40737      0.27207E-02
   0.41514      0.26818E-02
   0.42295      0.26476E-02
   0.43079      0.26163E-02
   0.43864      0.25949E-02
   0.44650      0.25652E-02
   0.45437      0.25358E-02
   0.46224      0.25139E-02
   0.47012      0.24818E-02
   0.47801      0.24553E-02
   0.48590      0.24238E-02
   0.49380      0.24001E-02
   0.50169      0.23687E-02
   0.50958      0.23454E-02
   0.51748      0.23168E-02
   0.52537      0.22862E-02
   0.53326      0.22618E-02
   0.54115      0.22306E-02
   0.54904      0.22015E-02
   0.55693      0.21734E-02
   0.56482      0.21386E-02
   0.57270      0.21104E-02
   0.58058      0.20790E-02
   0.58846      0.20450E-02
   0.59633      0.20097E-02
   0.60421      0.19774E-02
   0.61208      0.19432E-02
   0.61994      0.19072E-02
   0.62779      0.18720E-02
   0.63563      0.18313E-02
   0.64347      0.17894E-02
   0.65129      0.17473E-02
   0.65911      0.17013E-02
   0.66693      0.16494E-02
   0.67473      0.16033E-02
   0.68252      0.15453E-02
   0.69030      0.14913E-02
   0.69806      0.14290E-02
   0.70580      0.13667E-02
   0.71350      0.12979E-02
   0.72118      0.12250E-02
   0.72884      0.11450E-02
   0.73646      0.10606E-02
   0.74405      0.96908E-03
   0.75161      0.86800E-03
   0.75914      0.76305E-03
   0.76665      0.65107E-03
   0.77414      0.53442E-03
   0.78162      0.41872E-03
   0.78909      0.30207E-03
   0.79655      0.19005E-03
   0.80402      0.84418E-04
   0.81149     -0.10271E-04
   0.81896     -0.93572E-04
   0.82645     -0.16325E-03
   0.83396     -0.21798E-03
   0.84146     -0.25713E-03
   0.84891     -0.28433E-03
   0.85628     -0.30162E-03
   0.86355     -0.31080E-03
   0.87073     -0.31413E-03
   0.87782     -0.31389E-03
   0.88484     -0.31132E-03
   0.89181     -0.30597E-03
   0.89876     -0.30005E-03
   0.90568     -0.29444E-03
   0.91254     -0.28940E-03
   0.91932     -0.28504E-03
   0.92600     -0.28128E-03
   0.93253     -0.27805E-03
   0.93893     -0.27527E-03
   0.94520     -0.27290E-03
   0.95131     -0.27088E-03
   0.95727     -0.26918E-03
   0.96305     -0.26778E-03
   0.96867     -0.26662E-03
   0.97409     -0.26568E-03
   0.97929     -0.26493E-03
   0.98423     -0.26433E-03
   0.98889     -0.26385E-03
   0.99329     -0.26347E-03
   0.99740     -0.26316E-03
    1.0000     -0.23747E-03
    1.0001       0.0000    
    1.0027       0.0000    
    1.0057       0.0000    
    1.0089       0.0000    
    1.0126       0.0000    
    1.0167       0.0000    
    1.0212       0.0000    
    1.0263       0.0000    
    1.0320       0.0000    
    1.0383       0.0000    
    1.0454       0.0000    
    1.0532       0.0000    
    1.0620       0.0000    
    1.0717       0.0000    
    1.0826       0.0000    
    1.0947       0.0000    
    1.1081       0.0000    
    1.1232       0.0000    
    1.1399       0.0000    
    1.1585       0.0000    
    1.1793       0.0000    
    1.2024       0.0000    
    1.2282       0.0000    
    1.2569       0.0000    
    1.2888       0.0000    
    1.3244       0.0000    
    1.3641       0.0000    
    1.4082       0.0000    
    1.4574       0.0000    
    1.5122       0.0000    
    1.5732       0.0000    
    1.6411       0.0000    
    1.7168       0.0000    
    1.8010       0.0000    
    1.8949       0.0000    
    1.9994       0.0000    

   0.39313E-03  0.34996E-02
   0.54214E-03  0.63308E-02
   0.71625E-03  0.91896E-02
   0.92004E-03  0.17735E-01
   0.11545E-02  0.15328E-01
   0.14212E-02  0.26078E-01
   0.17253E-02  0.25857E-01
   0.20726E-02  0.39889E-01
   0.24656E-02  0.36186E-01
   0.29236E-02  0.42958E-01
   0.34163E-02  0.60430E-01
   0.40220E-02  0.49802E-01
   0.47047E-02  0.50380E-01
   0.54645E-02  0.40266E-01
   0.62883E-02  0.43149E-01
   0.71714E-02  0.38791E-01
   0.81091E-02  0.35966E-01
   0.91010E-02  0.31326E-01
   0.10147E-01  0.30498E-01
   0.11246E-01  0.29250E-01
   0.12399E-01  0.26734E-01
   0.13610E-01  0.25889E-01
   0.14880E-01  0.24702E-01
   0.16213E-01  0.22522E-01
   0.17613E-01  0.21296E-01
   0.19083E-01  0.20259E-01
   0.20629E-01  0.19141E-01
   0.22257E-01  0.18109E-01
   0.23973E-01  0.17495E-01
   0.25786E-01  0.16830E-01
   0.27703E-01  0.16424E-01
   0.29734E-01  0.15093E-01
   0.31891E-01  0.15058E-01
   0.34186E-01  0.14316E-01
   0.36631E-01  0.13791E-01
   0.39242E-01  0.13083E-01
   0.42034E-01  0.12888E-01
   0.45022E-01  0.12466E-01
   0.48223E-01  0.12110E-01
   0.51654E-01  0.11823E-01
   0.55327E-01  0.11402E-01
   0.59253E-01  0.11212E-01
   0.63440E-01  0.10814E-01
   0.67892E-01  0.10489E-01
   0.72616E-01  0.10364E-01
   0.77614E-01  0.98532E-02
   0.82884E-01  0.96782E-02
   0.88415E-01  0.93569E-02
   0.94191E-01  0.91262E-02
   0.10019      0.89110E-02
   0.10638      0.86592E-02
   0.11276      0.84380E-02
   0.11929      0.83042E-02
   0.12594      0.80530E-02
   0.13272      0.78524E-02
   0.13959      0.76323E-02
   0.14656      0.73918E-02
   0.15362      0.71863E-02
   0.16075      0.69490E-02
   0.16794      0.68124E-02
   0.17519      0.65952E-02
   0.18248      0.64726E-02
   0.18981      0.62820E-02
   0.19717      0.61386E-02
   0.20456      0.60334E-02
   0.21197      0.58509E-02
   0.21942      0.57293E-02
   0.22690      0.56092E-02
   0.23441      0.54464E-02
   0.24195      0.53428E-02
   0.24951      0.52451E-02
   0.25708      0.51295E-02
   0.26468      0.50628E-02
   0.27229      0.49379E-02
   0.27991      0.48844E-02
   0.28756      0.47998E-02
   0.29522      0.47160E-02
   0.30289      0.46666E-02
   0.31057      0.45826E-02
   0.31825      0.45354E-02
   0.32595      0.44747E-02
   0.33364      0.44159E-02
   0.34135      0.43542E-02
   0.34906      0.43204E-02
   0.35677      0.42445E-02
   0.36448      0.42054E-02
   0.37219      0.41506E-02
   0.37990      0.40835E-02
   0.38761      0.40347E-02
   0.39532      0.39839E-02
   0.40302      0.39239E-02
   0.41072      0.38760E-02
   0.41842      0.38173E-02
   0.42610      0.37720E-02
   0.43378      0.37142E-02
   0.44144      0.36494E-02
   0.44910      0.35997E-02
   0.45674      0.35230E-02
   0.46437      0.34600E-02
   0.47199      0.33745E-02
   0.47960      0.32980E-02
   0.48720      0.32001E-02
   0.49478      0.31120E-02
   0.50235      0.30017E-02
   0.50991      0.28952E-02
   0.51745      0.27728E-02
   0.52498      0.26416E-02
   0.53250      0.25066E-02
   0.54000      0.23558E-02
   0.54749      0.22026E-02
   0.55497      0.20301E-02
   0.56243      0.18554E-02
   0.56987      0.16669E-02
   0.57730      0.14743E-02
   0.58471      0.12764E-02
   0.59210      0.10713E-02
   0.59948      0.86833E-03
   0.60683      0.66434E-03
   0.61417      0.46533E-03
   0.62149      0.28211E-03
   0.62879      0.11081E-03
   0.63608     -0.37437E-04
   0.64335     -0.16180E-03
   0.65061     -0.25745E-03
   0.65786     -0.32521E-03
   0.66510     -0.36746E-03
   0.67232     -0.38818E-03
   0.67954     -0.39365E-03
   0.68676     -0.39160E-03
   0.69397     -0.38323E-03
   0.70117     -0.37323E-03
   0.70838     -0.36403E-03
   0.71559     -0.35615E-03
   0.72281     -0.34951E-03
   0.73004     -0.34398E-03
   0.73728     -0.33938E-03
   0.74453     -0.33557E-03
   0.75180     -0.33242E-03
   0.75910     -0.32983E-03
   0.76642     -0.32771E-03
   0.77378     -0.32599E-03
   0.78118     -0.32461E-03
   0.78863     -0.32351E-03
   0.79611     -0.32266E-03
   0.80361     -0.32202E-03
   0.81108     -0.32153E-03
   0.81847     -0.32117E-03
   0.82574     -0.32089E-03
   0.83289     -0.32066E-03
   0.83991     -0.32045E-03
   0.84680     -0.32023E-03
   0.85358     -0.31998E-03
   0.86023     -0.31969E-03
   0.86676     -0.31934E-03
   0.87316     -0.31893E-03
   0.87944     -0.31843E-03
   0.88561     -0.31785E-03
   0.89167     -0.31718E-03
   0.89763     -0.31641E-03
   0.90349     -0.31556E-03
   0.90927     -0.31461E-03
   0.91493     -0.31358E-03
   0.92047     -0.31247E-03
   0.92588     -0.31129E-03
   0.93120     -0.31003E-03
   0.93644     -0.30868E-03
   0.94160     -0.30729E-03
   0.94662     -0.30589E-03
   0.95140     -0.30452E-03
   0.95595     -0.30313E-03
   0.96030     -0.30168E-03
   0.96456     -0.30013E-03
   0.96881     -0.29849E-03
   0.97308     -0.29685E-03
   0.97733     -0.29532E-03
   0.98147     -0.29396E-03
   0.98549     -0.29273E-03
   0.98945     -0.29165E-03
   0.99342     -0.29090E-03
   0.99738     -0.24029E-03
    1.0000     -0.23739E-03
    1.0001       0.0000    
    1.0027       0.0000    
    1.0057       0.0000    
    1.0089       0.0000    
    1.0126       0.0000    
    1.0167       0.0000    
    1.0212       0.0000    
    1.0263       0.0000    
    1.0320       0.0000    
    1.0383       0.0000    
    1.0454       0.0000    
    1.0532       0.0000    
    1.0620       0.0000    
    1.0717       0.0000    
    1.0826       0.0000    
    1.0947       0.0000    
    1.1081       0.0000    
    1.1232       0.0000    
    1.1399       0.0000    
    1.1585       0.0000    
    1.1793       0.0000    
    1.2024       0.0000    
    1.2282       0.0000    
    1.2569       0.0000    
    1.2888       0.0000    
    1.3244       0.0000    
    1.3641       0.0000    
    1.4082       0.0000    
    1.4574       0.0000    
    1.5122       0.0000    
    1.5732       0.0000    
    1.6411       0.0000    
    1.7168       0.0000    
    1.8010       0.0000    
    1.8949       0.0000    
    1.9994       0.0000    

