#  GRUMMAN K-2 AIRFOIL                             
#  alpha =  -1.2100
#  Mach  =   0.0000
#  Reyn  =  1000000
#  Ncrit =   9.0000
#
#    x           cf
   0.51958E-04  0.23767E-04
   0.11783E-03  0.23558E-02
   0.21595E-03  0.23899E-02
   0.35184E-03  0.70508E-02
   0.53406E-03  0.64335E-02
   0.77928E-03  0.12055E-01
   0.11088E-02  0.12458E-01
   0.15428E-02  0.15156E-01
   0.20737E-02  0.13100E-01
   0.26829E-02  0.14410E-01
   0.33776E-02  0.12479E-01
   0.41380E-02  0.94427E-02
   0.49506E-02  0.10768E-01
   0.58109E-02  0.94278E-02
   0.67178E-02  0.99987E-02
   0.76703E-02  0.85698E-02
   0.86679E-02  0.87837E-02
   0.97117E-02  0.84323E-02
   0.10803E-01  0.86303E-02
   0.11945E-01  0.80072E-02
   0.13139E-01  0.78334E-02
   0.14387E-01  0.79178E-02
   0.15692E-01  0.79919E-02
   0.17058E-01  0.77153E-02
   0.18491E-01  0.73114E-02
   0.19998E-01  0.71300E-02
   0.21585E-01  0.63072E-02
   0.23258E-01  0.59866E-02
   0.25022E-01  0.54268E-02
   0.26881E-01  0.51940E-02
   0.28836E-01  0.55514E-02
   0.30889E-01  0.58781E-02
   0.33045E-01  0.61809E-02
   0.35314E-01  0.63874E-02
   0.37710E-01  0.57768E-02
   0.40241E-01  0.53663E-02
   0.42915E-01  0.52457E-02
   0.45741E-01  0.50602E-02
   0.48729E-01  0.48023E-02
   0.51887E-01  0.44688E-02
   0.55233E-01  0.41640E-02
   0.58788E-01  0.37513E-02
   0.62566E-01  0.33520E-02
   0.66577E-01  0.31315E-02
   0.70849E-01  0.28109E-02
   0.75402E-01  0.27615E-02
   0.80243E-01  0.27058E-02
   0.85374E-01  0.26565E-02
   0.90785E-01  0.25949E-02
   0.96466E-01  0.25608E-02
   0.10240      0.25068E-02
   0.10856      0.24369E-02
   0.11493      0.23939E-02
   0.12147      0.23317E-02
   0.12818      0.22786E-02
   0.13503      0.22194E-02
   0.14200      0.20888E-02
   0.14907      0.20736E-02
   0.15624      0.19627E-02
   0.16349      0.19639E-02
   0.17081      0.18602E-02
   0.17820      0.18164E-02
   0.18563      0.17946E-02
   0.19311      0.17170E-02
   0.20063      0.16918E-02
   0.20817      0.16631E-02
   0.21574      0.16194E-02
   0.22333      0.15959E-02
   0.23092      0.15785E-02
   0.23850      0.15452E-02
   0.24607      0.15176E-02
   0.25361      0.15148E-02
   0.26108      0.14952E-02
   0.26847      0.14537E-02
   0.27579      0.14224E-02
   0.28299      0.14317E-02
   0.29002      0.15324E-02
   0.29682      0.15711E-02
   0.30343      0.14743E-02
   0.30988      0.11946E-02
   0.31625      0.93849E-03
   0.32258      0.84506E-03
   0.32892      0.96880E-03
   0.33530      0.12298E-02
   0.34179      0.14810E-02
   0.34842      0.15743E-02
   0.35524      0.15045E-02
   0.36229      0.13685E-02
   0.36954      0.12866E-02
   0.37694      0.12653E-02
   0.38445      0.12731E-02
   0.39202      0.12711E-02
   0.39966      0.12477E-02
   0.40737      0.12432E-02
   0.41514      0.12223E-02
   0.42295      0.12081E-02
   0.43079      0.11961E-02
   0.43864      0.11884E-02
   0.44650      0.11809E-02
   0.45437      0.11765E-02
   0.46224      0.11665E-02
   0.47012      0.11620E-02
   0.47801      0.11526E-02
   0.48590      0.11452E-02
   0.49380      0.11393E-02
   0.50169      0.11326E-02
   0.50958      0.11277E-02
   0.51748      0.11194E-02
   0.52537      0.11143E-02
   0.53326      0.11128E-02
   0.54115      0.11027E-02
   0.54904      0.11020E-02
   0.55693      0.10961E-02
   0.56482      0.10902E-02
   0.57270      0.10866E-02
   0.58058      0.10809E-02
   0.58846      0.10760E-02
   0.59633      0.10701E-02
   0.60421      0.10675E-02
   0.61208      0.10698E-02
   0.61994      0.10659E-02
   0.62779      0.10654E-02
   0.63563      0.10614E-02
   0.64347      0.10596E-02
   0.65129      0.10580E-02
   0.65911      0.10575E-02
   0.66693      0.10496E-02
   0.67473      0.10531E-02
   0.68252      0.10500E-02
   0.69030      0.10491E-02
   0.69806      0.10481E-02
   0.70580      0.10498E-02
   0.71350      0.10464E-02
   0.72118      0.10495E-02
   0.72884      0.10469E-02
   0.73646      0.10414E-02
   0.74405      0.10367E-02
   0.75161      0.10166E-02
   0.75914      0.10004E-02
   0.76665      0.97196E-03
   0.77414      0.93692E-03
   0.78162      0.89801E-03
   0.78909      0.85236E-03
   0.79655      0.79377E-03
   0.80402      0.73407E-03
   0.81149      0.66799E-03
   0.81896      0.59655E-03
   0.82645      0.52076E-03
   0.83396      0.44450E-03
   0.84146      0.38241E-03
   0.84891      0.31978E-03
   0.85628      0.25592E-03
   0.86355      0.18885E-03
   0.87073      0.11719E-03
   0.87782      0.46286E-04
   0.88484     -0.16590E-04
   0.89181     -0.66084E-04
   0.89876     -0.96579E-04
   0.90568     -0.10958E-03
   0.91254     -0.11171E-03
   0.91932     -0.10938E-03
   0.92600     -0.10582E-03
   0.93253     -0.10289E-03
   0.93893     -0.10067E-03
   0.94520     -0.99043E-04
   0.95131     -0.97879E-04
   0.95727     -0.97074E-04
   0.96305     -0.96547E-04
   0.96867     -0.96222E-04
   0.97409     -0.96035E-04
   0.97929     -0.95922E-04
   0.98423     -0.77618E-04
   0.98889     -0.60646E-04
   0.99329     -0.51343E-04
   0.99740     -0.45442E-04
    1.0000     -0.42400E-04
    1.0001       0.0000    
    1.0027       0.0000    
    1.0056       0.0000    
    1.0089       0.0000    
    1.0126       0.0000    
    1.0167       0.0000    
    1.0212       0.0000    
    1.0263       0.0000    
    1.0320       0.0000    
    1.0383       0.0000    
    1.0453       0.0000    
    1.0532       0.0000    
    1.0619       0.0000    
    1.0716       0.0000    
    1.0825       0.0000    
    1.0946       0.0000    
    1.1080       0.0000    
    1.1230       0.0000    
    1.1398       0.0000    
    1.1584       0.0000    
    1.1791       0.0000    
    1.2022       0.0000    
    1.2280       0.0000    
    1.2566       0.0000    
    1.2885       0.0000    
    1.3241       0.0000    
    1.3637       0.0000    
    1.4078       0.0000    
    1.4570       0.0000    
    1.5117       0.0000    
    1.5727       0.0000    
    1.6406       0.0000    
    1.7162       0.0000    
    1.8004       0.0000    
    1.8942       0.0000    
    1.9987       0.0000    

   0.12968E-04  0.80066E-03
  -0.36747E-05  0.29203E-02
   0.94461E-05  0.26300E-02
   0.40619E-04  0.55826E-02
   0.95313E-04  0.56252E-02
   0.19630E-03  0.50036E-02
   0.26552E-03  0.10855E-01
   0.39313E-03  0.76111E-02
   0.54214E-03  0.11930E-01
   0.71625E-03  0.11299E-01
   0.92004E-03  0.13788E-01
   0.11545E-02  0.15307E-01
   0.14212E-02  0.16313E-01
   0.17253E-02  0.18982E-01
   0.20726E-02  0.22234E-01
   0.24656E-02  0.23040E-01
   0.29236E-02  0.20669E-01
   0.34163E-02  0.38223E-01
   0.40220E-02  0.20106E-01
   0.47047E-02  0.22566E-01
   0.54645E-02  0.16576E-01
   0.62883E-02  0.14543E-01
   0.71714E-02  0.13607E-01
   0.81091E-02  0.11511E-01
   0.91010E-02  0.10174E-01
   0.10147E-01  0.89200E-02
   0.11246E-01  0.87414E-02
   0.12399E-01  0.76121E-02
   0.13610E-01  0.68560E-02
   0.14880E-01  0.65406E-02
   0.16213E-01  0.54942E-02
   0.17613E-01  0.50054E-02
   0.19083E-01  0.49220E-02
   0.20629E-01  0.43658E-02
   0.22257E-01  0.40894E-02
   0.23973E-01  0.38821E-02
   0.25786E-01  0.36915E-02
   0.27703E-01  0.34685E-02
   0.29734E-01  0.32637E-02
   0.31891E-01  0.31844E-02
   0.34186E-01  0.31846E-02
   0.36631E-01  0.29967E-02
   0.39242E-01  0.28600E-02
   0.42034E-01  0.27806E-02
   0.45022E-01  0.26480E-02
   0.48223E-01  0.26598E-02
   0.51654E-01  0.26556E-02
   0.55327E-01  0.26454E-02
   0.59253E-01  0.26189E-02
   0.63440E-01  0.25323E-02
   0.67892E-01  0.24797E-02
   0.72616E-01  0.24876E-02
   0.77614E-01  0.23816E-02
   0.82884E-01  0.23692E-02
   0.88415E-01  0.22601E-02
   0.94191E-01  0.22417E-02
   0.10019      0.21737E-02
   0.10638      0.21598E-02
   0.11276      0.21075E-02
   0.11929      0.20962E-02
   0.12594      0.20189E-02
   0.13272      0.20071E-02
   0.13959      0.19137E-02
   0.14656      0.18738E-02
   0.15362      0.18037E-02
   0.16075      0.17253E-02
   0.16794      0.16893E-02
   0.17519      0.16284E-02
   0.18248      0.16068E-02
   0.18981      0.15635E-02
   0.19717      0.15156E-02
   0.20456      0.14862E-02
   0.21197      0.14463E-02
   0.21942      0.14074E-02
   0.22690      0.13687E-02
   0.23441      0.13222E-02
   0.24195      0.12910E-02
   0.24951      0.12744E-02
   0.25708      0.12474E-02
   0.26468      0.12238E-02
   0.27229      0.11940E-02
   0.27991      0.11875E-02
   0.28756      0.11537E-02
   0.29522      0.11441E-02
   0.30289      0.11309E-02
   0.31057      0.11166E-02
   0.31825      0.11020E-02
   0.32595      0.10948E-02
   0.33364      0.10875E-02
   0.34135      0.10695E-02
   0.34906      0.10676E-02
   0.35677      0.10526E-02
   0.36448      0.10433E-02
   0.37219      0.10324E-02
   0.37990      0.10234E-02
   0.38761      0.10153E-02
   0.39532      0.10011E-02
   0.40302      0.99742E-03
   0.41072      0.98680E-03
   0.41842      0.98264E-03
   0.42610      0.97106E-03
   0.43378      0.96943E-03
   0.44144      0.95771E-03
   0.44910      0.95573E-03
   0.45674      0.94121E-03
   0.46437      0.93575E-03
   0.47199      0.92061E-03
   0.47960      0.90988E-03
   0.48720      0.89547E-03
   0.49478      0.88224E-03
   0.50235      0.86210E-03
   0.50991      0.84949E-03
   0.51745      0.82733E-03
   0.52498      0.80610E-03
   0.53250      0.78873E-03
   0.54000      0.76428E-03
   0.54749      0.73948E-03
   0.55497      0.71227E-03
   0.56243      0.68411E-03
   0.56987      0.65357E-03
   0.57730      0.62305E-03
   0.58471      0.59019E-03
   0.59210      0.55720E-03
   0.59948      0.52224E-03
   0.60683      0.48597E-03
   0.61417      0.44552E-03
   0.62149      0.40811E-03
   0.62879      0.36641E-03
   0.63608      0.32917E-03
   0.64335      0.29020E-03
   0.65061      0.25569E-03
   0.65786      0.22451E-03
   0.66510      0.19888E-03
   0.67232      0.18324E-03
   0.67954      0.18080E-03
   0.68676      0.22804E-03
   0.69397      0.38795E-03
   0.70117      0.66321E-03
   0.70838      0.10404E-02
   0.71559      0.14644E-02
   0.72281      0.18779E-02
   0.73004      0.22342E-02
   0.73728      0.25185E-02
   0.74453      0.27188E-02
   0.75180      0.28593E-02
   0.75910      0.29271E-02
   0.76642      0.29572E-02
   0.77378      0.29368E-02
   0.78118      0.28942E-02
   0.78863      0.28165E-02
   0.79611      0.27248E-02
   0.80361      0.26104E-02
   0.81108      0.24926E-02
   0.81847      0.23700E-02
   0.82574      0.22429E-02
   0.83289      0.21253E-02
   0.83991      0.20153E-02
   0.84680      0.19136E-02
   0.85358      0.18174E-02
   0.86023      0.17351E-02
   0.86676      0.16551E-02
   0.87316      0.15888E-02
   0.87944      0.15261E-02
   0.88561      0.14792E-02
   0.89167      0.14379E-02
   0.89763      0.14062E-02
   0.90349      0.13821E-02
   0.90927      0.13651E-02
   0.91493      0.13524E-02
   0.92047      0.13491E-02
   0.92588      0.13495E-02
   0.93120      0.13616E-02
   0.93644      0.13839E-02
   0.94160      0.14045E-02
   0.94662      0.14191E-02
   0.95140      0.14266E-02
   0.95595      0.14505E-02
   0.96030      0.15043E-02
   0.96456      0.16132E-02
   0.96881      0.17738E-02
   0.97308      0.19589E-02
   0.97733      0.21243E-02
   0.98147      0.22496E-02
   0.98549      0.24199E-02
   0.98945      0.27782E-02
   0.99342      0.33166E-02
   0.99738      0.39359E-02
    1.0000      0.47812E-02
    1.0001       0.0000    
    1.0027       0.0000    
    1.0056       0.0000    
    1.0089       0.0000    
    1.0126       0.0000    
    1.0167       0.0000    
    1.0212       0.0000    
    1.0263       0.0000    
    1.0320       0.0000    
    1.0383       0.0000    
    1.0453       0.0000    
    1.0532       0.0000    
    1.0619       0.0000    
    1.0716       0.0000    
    1.0825       0.0000    
    1.0946       0.0000    
    1.1080       0.0000    
    1.1230       0.0000    
    1.1398       0.0000    
    1.1584       0.0000    
    1.1791       0.0000    
    1.2022       0.0000    
    1.2280       0.0000    
    1.2566       0.0000    
    1.2885       0.0000    
    1.3241       0.0000    
    1.3637       0.0000    
    1.4078       0.0000    
    1.4570       0.0000    
    1.5117       0.0000    
    1.5727       0.0000    
    1.6406       0.0000    
    1.7162       0.0000    
    1.8004       0.0000    
    1.8942       0.0000    
    1.9987       0.0000    

