#  GRUMMAN K-2 AIRFOIL                             
#  alpha =   0.0000
#  Mach  =   0.0000
#  Reyn  =  1000000
#  Ncrit =  13.0000
#
#    x           cf
   0.40619E-04  0.55407E-03
   0.94461E-05  0.21093E-02
  -0.36747E-05  0.29860E-02
   0.12968E-04  0.48217E-02
   0.51958E-04  0.59021E-02
   0.11783E-03  0.81356E-02
   0.21595E-03  0.97793E-02
   0.35184E-03  0.13742E-01
   0.53406E-03  0.15088E-01
   0.77928E-03  0.19795E-01
   0.11088E-02  0.22459E-01
   0.15428E-02  0.20337E-01
   0.20737E-02  0.18957E-01
   0.26829E-02  0.18580E-01
   0.33776E-02  0.13870E-01
   0.41380E-02  0.11654E-01
   0.49506E-02  0.10652E-01
   0.58109E-02  0.10595E-01
   0.67178E-02  0.92435E-02
   0.76703E-02  0.92959E-02
   0.86679E-02  0.86318E-02
   0.97117E-02  0.89807E-02
   0.10803E-01  0.83073E-02
   0.11945E-01  0.82222E-02
   0.13139E-01  0.79878E-02
   0.14387E-01  0.78074E-02
   0.15692E-01  0.77819E-02
   0.17058E-01  0.76566E-02
   0.18491E-01  0.76335E-02
   0.19998E-01  0.69408E-02
   0.21585E-01  0.61758E-02
   0.23258E-01  0.55734E-02
   0.25022E-01  0.51726E-02
   0.26881E-01  0.49282E-02
   0.28836E-01  0.51916E-02
   0.30889E-01  0.55608E-02
   0.33045E-01  0.59342E-02
   0.35314E-01  0.61134E-02
   0.37710E-01  0.56902E-02
   0.40241E-01  0.52821E-02
   0.42915E-01  0.51204E-02
   0.45741E-01  0.48542E-02
   0.48729E-01  0.45987E-02
   0.51887E-01  0.42889E-02
   0.55233E-01  0.38121E-02
   0.58788E-01  0.34789E-02
   0.62566E-01  0.29205E-02
   0.66577E-01  0.27404E-02
   0.70849E-01  0.24329E-02
   0.75402E-01  0.23077E-02
   0.80243E-01  0.22753E-02
   0.85374E-01  0.22276E-02
   0.90785E-01  0.21803E-02
   0.96466E-01  0.21662E-02
   0.10240      0.21429E-02
   0.10856      0.21193E-02
   0.11493      0.20689E-02
   0.12147      0.20223E-02
   0.12818      0.20086E-02
   0.13503      0.19359E-02
   0.14200      0.18543E-02
   0.14907      0.17979E-02
   0.15624      0.17410E-02
   0.16349      0.16940E-02
   0.17081      0.16423E-02
   0.17820      0.15903E-02
   0.18563      0.15595E-02
   0.19311      0.15039E-02
   0.20063      0.14828E-02
   0.20817      0.14473E-02
   0.21574      0.14157E-02
   0.22333      0.14039E-02
   0.23092      0.13771E-02
   0.23850      0.13441E-02
   0.24607      0.13394E-02
   0.25361      0.13238E-02
   0.26108      0.13142E-02
   0.26847      0.12796E-02
   0.27579      0.12556E-02
   0.28299      0.12552E-02
   0.29002      0.13527E-02
   0.29682      0.13968E-02
   0.30343      0.13091E-02
   0.30988      0.10421E-02
   0.31625      0.80588E-03
   0.32258      0.71440E-03
   0.32892      0.82772E-03
   0.33530      0.10593E-02
   0.34179      0.13067E-02
   0.34842      0.13994E-02
   0.35524      0.13410E-02
   0.36229      0.12214E-02
   0.36954      0.11518E-02
   0.37694      0.11280E-02
   0.38445      0.11369E-02
   0.39202      0.11363E-02
   0.39966      0.11202E-02
   0.40737      0.11132E-02
   0.41514      0.10916E-02
   0.42295      0.10821E-02
   0.43079      0.10688E-02
   0.43864      0.10662E-02
   0.44650      0.10602E-02
   0.45437      0.10527E-02
   0.46224      0.10502E-02
   0.47012      0.10402E-02
   0.47801      0.10347E-02
   0.48590      0.10265E-02
   0.49380      0.10234E-02
   0.50169      0.10154E-02
   0.50958      0.10130E-02
   0.51748      0.10060E-02
   0.52537      0.10007E-02
   0.53326      0.99953E-03
   0.54115      0.99074E-03
   0.54904      0.99144E-03
   0.55693      0.98367E-03
   0.56482      0.98068E-03
   0.57270      0.97529E-03
   0.58058      0.97233E-03
   0.58846      0.96742E-03
   0.59633      0.96322E-03
   0.60421      0.95939E-03
   0.61208      0.96163E-03
   0.61994      0.95914E-03
   0.62779      0.95739E-03
   0.63563      0.95571E-03
   0.64347      0.95245E-03
   0.65129      0.95198E-03
   0.65911      0.94962E-03
   0.66693      0.94411E-03
   0.67473      0.94690E-03
   0.68252      0.94298E-03
   0.69030      0.94245E-03
   0.69806      0.94048E-03
   0.70580      0.94160E-03
   0.71350      0.93926E-03
   0.72118      0.93918E-03
   0.72884      0.93605E-03
   0.73646      0.92972E-03
   0.74405      0.92083E-03
   0.75161      0.90380E-03
   0.75914      0.88347E-03
   0.76665      0.85493E-03
   0.77414      0.81793E-03
   0.78162      0.77675E-03
   0.78909      0.72645E-03
   0.79655      0.66822E-03
   0.80402      0.60410E-03
   0.81149      0.53680E-03
   0.81896      0.46300E-03
   0.82645      0.38679E-03
   0.83396      0.31000E-03
   0.84146      0.24692E-03
   0.84891      0.18506E-03
   0.85628      0.12507E-03
   0.86355      0.66911E-04
   0.87073      0.11279E-04
   0.87782     -0.37380E-04
   0.88484     -0.73979E-04
   0.89181     -0.97570E-04
   0.89876     -0.10805E-03
   0.90568     -0.10984E-03
   0.91254     -0.10783E-03
   0.91932     -0.10454E-03
   0.92600     -0.10177E-03
   0.93253     -0.99614E-04
   0.93893     -0.97971E-04
   0.94520     -0.96744E-04
   0.95131     -0.95845E-04
   0.95727     -0.95203E-04
   0.96305     -0.94762E-04
   0.96867     -0.94460E-04
   0.97409     -0.94245E-04
   0.97929     -0.70090E-04
   0.98423     -0.56545E-04
   0.98889     -0.48834E-04
   0.99329     -0.43366E-04
   0.99740     -0.38071E-04
    1.0000     -0.34999E-04
    1.0001       0.0000    
    1.0027       0.0000    
    1.0056       0.0000    
    1.0089       0.0000    
    1.0126       0.0000    
    1.0167       0.0000    
    1.0212       0.0000    
    1.0263       0.0000    
    1.0320       0.0000    
    1.0383       0.0000    
    1.0453       0.0000    
    1.0532       0.0000    
    1.0619       0.0000    
    1.0717       0.0000    
    1.0825       0.0000    
    1.0946       0.0000    
    1.1081       0.0000    
    1.1231       0.0000    
    1.1398       0.0000    
    1.1584       0.0000    
    1.1792       0.0000    
    1.2023       0.0000    
    1.2280       0.0000    
    1.2567       0.0000    
    1.2887       0.0000    
    1.3242       0.0000    
    1.3639       0.0000    
    1.4080       0.0000    
    1.4572       0.0000    
    1.5119       0.0000    
    1.5729       0.0000    
    1.6408       0.0000    
    1.7165       0.0000    
    1.8007       0.0000    
    1.8946       0.0000    
    1.9991       0.0000    

   0.95313E-04  0.62540E-03
   0.19630E-03  0.14271E-02
   0.26552E-03  0.32411E-02
   0.39313E-03  0.39136E-02
   0.54214E-03  0.58473E-02
   0.71625E-03  0.62816E-02
   0.92004E-03  0.83100E-02
   0.11545E-02  0.93409E-02
   0.14212E-02  0.11391E-01
   0.17253E-02  0.12593E-01
   0.20726E-02  0.15507E-01
   0.24656E-02  0.17561E-01
   0.29236E-02  0.14480E-01
   0.34163E-02  0.29789E-01
   0.40220E-02  0.15408E-01
   0.47047E-02  0.19111E-01
   0.54645E-02  0.14686E-01
   0.62883E-02  0.14232E-01
   0.71714E-02  0.13391E-01
   0.81091E-02  0.10834E-01
   0.91010E-02  0.10568E-01
   0.10147E-01  0.97499E-02
   0.11246E-01  0.89718E-02
   0.12399E-01  0.83811E-02
   0.13610E-01  0.78384E-02
   0.14880E-01  0.73092E-02
   0.16213E-01  0.67138E-02
   0.17613E-01  0.62463E-02
   0.19083E-01  0.58431E-02
   0.20629E-01  0.57435E-02
   0.22257E-01  0.50601E-02
   0.23973E-01  0.50280E-02
   0.25786E-01  0.48191E-02
   0.27703E-01  0.45904E-02
   0.29734E-01  0.43162E-02
   0.31891E-01  0.42305E-02
   0.34186E-01  0.41076E-02
   0.36631E-01  0.39599E-02
   0.39242E-01  0.37485E-02
   0.42034E-01  0.36468E-02
   0.45022E-01  0.34817E-02
   0.48223E-01  0.34597E-02
   0.51654E-01  0.33831E-02
   0.55327E-01  0.33174E-02
   0.59253E-01  0.32573E-02
   0.63440E-01  0.30715E-02
   0.67892E-01  0.30682E-02
   0.72616E-01  0.29952E-02
   0.77614E-01  0.28651E-02
   0.82884E-01  0.28433E-02
   0.88415E-01  0.26824E-02
   0.94191E-01  0.26499E-02
   0.10019      0.25547E-02
   0.10638      0.25395E-02
   0.11276      0.24521E-02
   0.11929      0.24337E-02
   0.12594      0.23338E-02
   0.13272      0.23087E-02
   0.13959      0.22168E-02
   0.14656      0.21479E-02
   0.15362      0.20824E-02
   0.16075      0.19843E-02
   0.16794      0.19567E-02
   0.17519      0.18937E-02
   0.18248      0.18454E-02
   0.18981      0.18142E-02
   0.19717      0.17542E-02
   0.20456      0.17252E-02
   0.21197      0.16805E-02
   0.21942      0.16249E-02
   0.22690      0.15947E-02
   0.23441      0.15447E-02
   0.24195      0.15115E-02
   0.24951      0.14855E-02
   0.25708      0.14552E-02
   0.26468      0.14272E-02
   0.27229      0.14047E-02
   0.27991      0.13706E-02
   0.28756      0.13559E-02
   0.29522      0.13341E-02
   0.30289      0.13203E-02
   0.31057      0.12961E-02
   0.31825      0.12936E-02
   0.32595      0.12649E-02
   0.33364      0.12688E-02
   0.34135      0.12369E-02
   0.34906      0.12417E-02
   0.35677      0.12167E-02
   0.36448      0.12060E-02
   0.37219      0.11919E-02
   0.37990      0.11819E-02
   0.38761      0.11609E-02
   0.39532      0.11569E-02
   0.40302      0.11393E-02
   0.41072      0.11297E-02
   0.41842      0.11233E-02
   0.42610      0.11085E-02
   0.43378      0.11031E-02
   0.44144      0.10916E-02
   0.44910      0.10838E-02
   0.45674      0.10629E-02
   0.46437      0.10585E-02
   0.47199      0.10365E-02
   0.47960      0.10234E-02
   0.48720      0.10017E-02
   0.49478      0.98719E-03
   0.50235      0.96196E-03
   0.50991      0.94420E-03
   0.51745      0.91554E-03
   0.52498      0.88868E-03
   0.53250      0.86255E-03
   0.54000      0.83051E-03
   0.54749      0.79691E-03
   0.55497      0.75850E-03
   0.56243      0.71832E-03
   0.56987      0.67251E-03
   0.57730      0.62631E-03
   0.58471      0.57367E-03
   0.59210      0.51701E-03
   0.59948      0.45690E-03
   0.60683      0.38947E-03
   0.61417      0.31667E-03
   0.62149      0.24287E-03
   0.62879      0.16583E-03
   0.63608      0.93019E-04
   0.64335      0.23837E-04
   0.65061     -0.33062E-04
   0.65786     -0.76600E-04
   0.66510     -0.10488E-03
   0.67232     -0.11949E-03
   0.67954     -0.12424E-03
   0.68676     -0.12404E-03
   0.69397     -0.12096E-03
   0.70117     -0.11746E-03
   0.70838     -0.11449E-03
   0.71559     -0.11212E-03
   0.72281     -0.11023E-03
   0.73004     -0.10873E-03
   0.73728     -0.10753E-03
   0.74453     -0.10655E-03
   0.75180     -0.10575E-03
   0.75910     -0.10508E-03
   0.76642     -0.10456E-03
   0.77378     -0.10426E-03
   0.78118     -0.76419E-04
   0.78863     -0.10875E-06
   0.79611      0.26343E-03
   0.80361      0.61531E-03
   0.81108      0.94766E-03
   0.81847      0.12183E-02
   0.82574      0.14187E-02
   0.83289      0.15615E-02
   0.83991      0.16591E-02
   0.84680      0.17213E-02
   0.85358      0.17577E-02
   0.86023      0.17801E-02
   0.86676      0.17858E-02
   0.87316      0.17872E-02
   0.87944      0.17813E-02
   0.88561      0.17789E-02
   0.89167      0.17735E-02
   0.89763      0.17725E-02
   0.90349      0.17719E-02
   0.90927      0.17749E-02
   0.91493      0.17782E-02
   0.92047      0.17872E-02
   0.92588      0.17974E-02
   0.93120      0.18174E-02
   0.93644      0.18450E-02
   0.94160      0.18699E-02
   0.94662      0.18865E-02
   0.95140      0.18950E-02
   0.95595      0.19183E-02
   0.96030      0.19699E-02
   0.96456      0.20758E-02
   0.96881      0.22279E-02
   0.97308      0.24012E-02
   0.97733      0.25548E-02
   0.98147      0.26664E-02
   0.98549      0.28201E-02
   0.98945      0.31443E-02
   0.99342      0.36214E-02
   0.99738      0.41576E-02
    1.0000      0.48610E-02
    1.0001       0.0000    
    1.0027       0.0000    
    1.0056       0.0000    
    1.0089       0.0000    
    1.0126       0.0000    
    1.0167       0.0000    
    1.0212       0.0000    
    1.0263       0.0000    
    1.0320       0.0000    
    1.0383       0.0000    
    1.0453       0.0000    
    1.0532       0.0000    
    1.0619       0.0000    
    1.0717       0.0000    
    1.0825       0.0000    
    1.0946       0.0000    
    1.1081       0.0000    
    1.1231       0.0000    
    1.1398       0.0000    
    1.1584       0.0000    
    1.1792       0.0000    
    1.2023       0.0000    
    1.2280       0.0000    
    1.2567       0.0000    
    1.2887       0.0000    
    1.3242       0.0000    
    1.3639       0.0000    
    1.4080       0.0000    
    1.4572       0.0000    
    1.5119       0.0000    
    1.5729       0.0000    
    1.6408       0.0000    
    1.7165       0.0000    
    1.8007       0.0000    
    1.8946       0.0000    
    1.9991       0.0000    

