#  GRUMMAN K-2 AIRFOIL                             
#  alpha =   0.0000
#  Mach  =   0.0000
#  Reyn  =   100000
#  Ncrit =   5.0000
#
#    x           cf
   0.11783E-03  0.31531E-02
   0.21595E-03  0.88375E-02
   0.35184E-03  0.15489E-01
   0.53406E-03  0.21397E-01
   0.77928E-03  0.30320E-01
   0.11088E-02  0.38746E-01
   0.15428E-02  0.42141E-01
   0.20737E-02  0.41675E-01
   0.26829E-02  0.41912E-01
   0.33776E-02  0.36245E-01
   0.41380E-02  0.34623E-01
   0.49506E-02  0.31586E-01
   0.58109E-02  0.31090E-01
   0.67178E-02  0.29239E-01
   0.76703E-02  0.27820E-01
   0.86679E-02  0.27060E-01
   0.97117E-02  0.26930E-01
   0.10803E-01  0.26111E-01
   0.11945E-01  0.25170E-01
   0.13139E-01  0.24855E-01
   0.14387E-01  0.24197E-01
   0.15692E-01  0.23864E-01
   0.17058E-01  0.23365E-01
   0.18491E-01  0.23024E-01
   0.19998E-01  0.22049E-01
   0.21585E-01  0.20511E-01
   0.23258E-01  0.18891E-01
   0.25022E-01  0.18225E-01
   0.26881E-01  0.17398E-01
   0.28836E-01  0.17461E-01
   0.30889E-01  0.17875E-01
   0.33045E-01  0.18244E-01
   0.35314E-01  0.18448E-01
   0.37710E-01  0.17757E-01
   0.40241E-01  0.16961E-01
   0.42915E-01  0.16238E-01
   0.45741E-01  0.15739E-01
   0.48729E-01  0.14918E-01
   0.51887E-01  0.14120E-01
   0.55233E-01  0.12942E-01
   0.58788E-01  0.12075E-01
   0.62566E-01  0.10902E-01
   0.66577E-01  0.10168E-01
   0.70849E-01  0.94084E-02
   0.75402E-01  0.89076E-02
   0.80243E-01  0.86374E-02
   0.85374E-01  0.83418E-02
   0.90785E-01  0.80516E-02
   0.96466E-01  0.78702E-02
   0.10240      0.76984E-02
   0.10856      0.75239E-02
   0.11493      0.73086E-02
   0.12147      0.71047E-02
   0.12818      0.69923E-02
   0.13503      0.67452E-02
   0.14200      0.65070E-02
   0.14907      0.63070E-02
   0.15624      0.61107E-02
   0.16349      0.59352E-02
   0.17081      0.57514E-02
   0.17820      0.55884E-02
   0.18563      0.54443E-02
   0.19311      0.52762E-02
   0.20063      0.51693E-02
   0.20817      0.50460E-02
   0.21574      0.49206E-02
   0.22333      0.48438E-02
   0.23092      0.47415E-02
   0.23850      0.46304E-02
   0.24607      0.45786E-02
   0.25361      0.45087E-02
   0.26108      0.44413E-02
   0.26847      0.43434E-02
   0.27579      0.42783E-02
   0.28299      0.42403E-02
   0.29002      0.43233E-02
   0.29682      0.43389E-02
   0.30343      0.41666E-02
   0.30988      0.37602E-02
   0.31625      0.33758E-02
   0.32258      0.32051E-02
   0.32892      0.33404E-02
   0.33530      0.36449E-02
   0.34179      0.39801E-02
   0.34842      0.40930E-02
   0.35524      0.40274E-02
   0.36229      0.38515E-02
   0.36954      0.37282E-02
   0.37694      0.36704E-02
   0.38445      0.36505E-02
   0.39202      0.36172E-02
   0.39966      0.35662E-02
   0.40737      0.35309E-02
   0.41514      0.34725E-02
   0.42295      0.34280E-02
   0.43079      0.33848E-02
   0.43864      0.33547E-02
   0.44650      0.33164E-02
   0.45437      0.32790E-02
   0.46224      0.32486E-02
   0.47012      0.32075E-02
   0.47801      0.31749E-02
   0.48590      0.31361E-02
   0.49380      0.31051E-02
   0.50169      0.30704E-02
   0.50958      0.30376E-02
   0.51748      0.30037E-02
   0.52537      0.29693E-02
   0.53326      0.29406E-02
   0.54115      0.29010E-02
   0.54904      0.28764E-02
   0.55693      0.28369E-02
   0.56482      0.28038E-02
   0.57270      0.27667E-02
   0.58058      0.27319E-02
   0.58846      0.26953E-02
   0.59633      0.26569E-02
   0.60421      0.26204E-02
   0.61208      0.25882E-02
   0.61994      0.25494E-02
   0.62779      0.25101E-02
   0.63563      0.24691E-02
   0.64347      0.24249E-02
   0.65129      0.23804E-02
   0.65911      0.23336E-02
   0.66693      0.22775E-02
   0.67473      0.22296E-02
   0.68252      0.21719E-02
   0.69030      0.21116E-02
   0.69806      0.20480E-02
   0.70580      0.19804E-02
   0.71350      0.19071E-02
   0.72118      0.18284E-02
   0.72884      0.17409E-02
   0.73646      0.16456E-02
   0.74405      0.15410E-02
   0.75161      0.14207E-02
   0.75914      0.12941E-02
   0.76665      0.11550E-02
   0.77414      0.10078E-02
   0.78162      0.85619E-03
   0.78909      0.70035E-03
   0.79655      0.54281E-03
   0.80402      0.39074E-03
   0.81149      0.24731E-03
   0.81896      0.11488E-03
   0.82645     -0.11389E-05
   0.83396     -0.99726E-04
   0.84146     -0.17470E-03
   0.84891     -0.23152E-03
   0.85628     -0.27152E-03
   0.86355     -0.29742E-03
   0.87073     -0.31161E-03
   0.87782     -0.31684E-03
   0.88484     -0.31673E-03
   0.89181     -0.31306E-03
   0.89876     -0.30644E-03
   0.90568     -0.29967E-03
   0.91254     -0.29360E-03
   0.91932     -0.28840E-03
   0.92600     -0.28401E-03
   0.93253     -0.28032E-03
   0.93893     -0.27722E-03
   0.94520     -0.27464E-03
   0.95131     -0.27252E-03
   0.95727     -0.27079E-03
   0.96305     -0.26940E-03
   0.96867     -0.26831E-03
   0.97409     -0.26748E-03
   0.97929     -0.26685E-03
   0.98423     -0.26640E-03
   0.98889     -0.26608E-03
   0.99329     -0.26584E-03
   0.99740     -0.26569E-03
    1.0000     -0.22188E-03
    1.0001       0.0000    
    1.0027       0.0000    
    1.0056       0.0000    
    1.0089       0.0000    
    1.0126       0.0000    
    1.0167       0.0000    
    1.0212       0.0000    
    1.0263       0.0000    
    1.0320       0.0000    
    1.0383       0.0000    
    1.0453       0.0000    
    1.0532       0.0000    
    1.0619       0.0000    
    1.0717       0.0000    
    1.0825       0.0000    
    1.0946       0.0000    
    1.1081       0.0000    
    1.1231       0.0000    
    1.1398       0.0000    
    1.1584       0.0000    
    1.1792       0.0000    
    1.2023       0.0000    
    1.2280       0.0000    
    1.2567       0.0000    
    1.2887       0.0000    
    1.3242       0.0000    
    1.3639       0.0000    
    1.4080       0.0000    
    1.4572       0.0000    
    1.5119       0.0000    
    1.5729       0.0000    
    1.6408       0.0000    
    1.7165       0.0000    
    1.8007       0.0000    
    1.8946       0.0000    
    1.9991       0.0000    

   0.51958E-04  0.11273E-02
   0.12968E-04  0.48752E-02
  -0.36747E-05  0.89861E-02
   0.94461E-05  0.12074E-01
   0.40619E-04  0.17814E-01
   0.95313E-04  0.19505E-01
   0.19630E-03  0.19247E-01
   0.26552E-03  0.29537E-01
   0.39313E-03  0.31113E-01
   0.54214E-03  0.35626E-01
   0.71625E-03  0.38483E-01
   0.92004E-03  0.45051E-01
   0.11545E-02  0.47295E-01
   0.14212E-02  0.55499E-01
   0.17253E-02  0.59185E-01
   0.20726E-02  0.68211E-01
   0.24656E-02  0.76032E-01
   0.29236E-02  0.69134E-01
   0.34163E-02  0.10231    
   0.40220E-02  0.74632E-01
   0.47047E-02  0.70553E-01
   0.54645E-02  0.55610E-01
   0.62883E-02  0.49909E-01
   0.71714E-02  0.44781E-01
   0.81091E-02  0.37396E-01
   0.91010E-02  0.33845E-01
   0.10147E-01  0.30305E-01
   0.11246E-01  0.27233E-01
   0.12399E-01  0.24860E-01
   0.13610E-01  0.22697E-01
   0.14880E-01  0.20833E-01
   0.16213E-01  0.18890E-01
   0.17613E-01  0.17406E-01
   0.19083E-01  0.15961E-01
   0.20629E-01  0.14953E-01
   0.22257E-01  0.13601E-01
   0.23973E-01  0.13016E-01
   0.25786E-01  0.12306E-01
   0.27703E-01  0.11680E-01
   0.29734E-01  0.10922E-01
   0.31891E-01  0.10527E-01
   0.34186E-01  0.10100E-01
   0.36631E-01  0.97349E-02
   0.39242E-01  0.93538E-02
   0.42034E-01  0.90339E-02
   0.45022E-01  0.87291E-02
   0.48223E-01  0.86090E-02
   0.51654E-01  0.84432E-02
   0.55327E-01  0.82841E-02
   0.59253E-01  0.82403E-02
   0.63440E-01  0.79459E-02
   0.67892E-01  0.78795E-02
   0.72616E-01  0.77805E-02
   0.77614E-01  0.75655E-02
   0.82884E-01  0.74902E-02
   0.88415E-01  0.72436E-02
   0.94191E-01  0.71537E-02
   0.10019      0.69749E-02
   0.10638      0.68843E-02
   0.11276      0.67655E-02
   0.11929      0.66676E-02
   0.12594      0.65089E-02
   0.13272      0.63879E-02
   0.13959      0.62111E-02
   0.14656      0.60286E-02
   0.15362      0.58797E-02
   0.16075      0.56743E-02
   0.16794      0.55565E-02
   0.17519      0.53937E-02
   0.18248      0.52598E-02
   0.18981      0.51553E-02
   0.19717      0.50034E-02
   0.20456      0.49136E-02
   0.21197      0.47901E-02
   0.21942      0.46525E-02
   0.22690      0.45630E-02
   0.23441      0.44359E-02
   0.24195      0.43507E-02
   0.24951      0.42592E-02
   0.25708      0.41722E-02
   0.26468      0.40972E-02
   0.27229      0.40278E-02
   0.27991      0.39467E-02
   0.28756      0.38931E-02
   0.29522      0.38351E-02
   0.30289      0.37849E-02
   0.31057      0.37272E-02
   0.31825      0.36981E-02
   0.32595      0.36353E-02
   0.33364      0.36125E-02
   0.34135      0.35534E-02
   0.34906      0.35379E-02
   0.35677      0.34840E-02
   0.36448      0.34456E-02
   0.37219      0.34087E-02
   0.37990      0.33703E-02
   0.38761      0.33207E-02
   0.39532      0.32919E-02
   0.40302      0.32430E-02
   0.41072      0.32114E-02
   0.41842      0.31723E-02
   0.42610      0.31273E-02
   0.43378      0.30942E-02
   0.44144      0.30509E-02
   0.44910      0.30023E-02
   0.45674      0.29459E-02
   0.46437      0.28983E-02
   0.47199      0.28300E-02
   0.47960      0.27685E-02
   0.48720      0.26928E-02
   0.49478      0.26221E-02
   0.50235      0.25326E-02
   0.50991      0.24472E-02
   0.51745      0.23492E-02
   0.52498      0.22421E-02
   0.53250      0.21353E-02
   0.54000      0.20144E-02
   0.54749      0.18904E-02
   0.55497      0.17536E-02
   0.56243      0.16145E-02
   0.56987      0.14630E-02
   0.57730      0.13121E-02
   0.58471      0.11526E-02
   0.59210      0.99142E-03
   0.59948      0.82895E-03
   0.60683      0.66507E-03
   0.61417      0.50248E-03
   0.62149      0.34780E-03
   0.62879      0.20022E-03
   0.63608      0.66209E-04
   0.64335     -0.54870E-04
   0.65061     -0.15723E-03
   0.65786     -0.24034E-03
   0.66510     -0.30376E-03
   0.67232     -0.34786E-03
   0.67954     -0.37537E-03
   0.68676     -0.38888E-03
   0.69397     -0.39258E-03
   0.70117     -0.39119E-03
   0.70838     -0.38532E-03
   0.71559     -0.37709E-03
   0.72281     -0.36896E-03
   0.73004     -0.36159E-03
   0.73728     -0.35514E-03
   0.74453     -0.34954E-03
   0.75180     -0.34472E-03
   0.75910     -0.34055E-03
   0.76642     -0.33697E-03
   0.77378     -0.33386E-03
   0.78118     -0.33116E-03
   0.78863     -0.32880E-03
   0.79611     -0.32672E-03
   0.80361     -0.32488E-03
   0.81108     -0.32324E-03
   0.81847     -0.32176E-03
   0.82574     -0.26689E-03
   0.83289     -0.25938E-03
   0.83991     -0.23710E-03
   0.84680     -0.21424E-03
   0.85358     -0.19720E-03
   0.86023     -0.18410E-03
   0.86676     -0.17325E-03
   0.87316     -0.16138E-03
   0.87944     -0.14788E-03
   0.88561     -0.13022E-03
   0.89167     -0.10646E-03
   0.89763     -0.75397E-04
   0.90349     -0.36874E-04
   0.90927      0.85299E-05
   0.91493      0.57391E-04
   0.92047      0.10949E-03
   0.92588      0.16475E-03
   0.93120      0.22429E-03
   0.93644      0.28829E-03
   0.94160      0.35538E-03
   0.94662      0.42773E-03
   0.95140      0.51384E-03
   0.95595      0.60783E-03
   0.96030      0.71598E-03
   0.96456      0.85013E-03
   0.96881      0.10164E-02
   0.97308      0.12154E-02
   0.97733      0.14369E-02
   0.98147      0.16709E-02
   0.98549      0.19479E-02
   0.98945      0.23273E-02
   0.99342      0.28362E-02
   0.99738      0.34612E-02
    1.0000      0.40887E-02
    1.0001       0.0000    
    1.0027       0.0000    
    1.0056       0.0000    
    1.0089       0.0000    
    1.0126       0.0000    
    1.0167       0.0000    
    1.0212       0.0000    
    1.0263       0.0000    
    1.0320       0.0000    
    1.0383       0.0000    
    1.0453       0.0000    
    1.0532       0.0000    
    1.0619       0.0000    
    1.0717       0.0000    
    1.0825       0.0000    
    1.0946       0.0000    
    1.1081       0.0000    
    1.1231       0.0000    
    1.1398       0.0000    
    1.1584       0.0000    
    1.1792       0.0000    
    1.2023       0.0000    
    1.2280       0.0000    
    1.2567       0.0000    
    1.2887       0.0000    
    1.3242       0.0000    
    1.3639       0.0000    
    1.4080       0.0000    
    1.4572       0.0000    
    1.5119       0.0000    
    1.5729       0.0000    
    1.6408       0.0000    
    1.7165       0.0000    
    1.8007       0.0000    
    1.8946       0.0000    
    1.9991       0.0000    

