#  GRUMMAN K-2 AIRFOIL                             
#  alpha =   0.0000
#  Mach  =   0.0000
#  Reyn  =  1000000
#  Ncrit =   5.0000
#
#    x           cf
   0.95313E-04  0.20188E-03
   0.40619E-04  0.15580E-02
   0.94461E-05  0.26726E-02
  -0.36747E-05  0.40129E-02
   0.12968E-04  0.56771E-02
   0.51958E-04  0.66866E-02
   0.11783E-03  0.95779E-02
   0.21595E-03  0.10543E-01
   0.35184E-03  0.14745E-01
   0.53406E-03  0.16354E-01
   0.77928E-03  0.21962E-01
   0.11088E-02  0.22804E-01
   0.15428E-02  0.21849E-01
   0.20737E-02  0.19519E-01
   0.26829E-02  0.19323E-01
   0.33776E-02  0.14526E-01
   0.41380E-02  0.11343E-01
   0.49506E-02  0.10676E-01
   0.58109E-02  0.10047E-01
   0.67178E-02  0.98333E-02
   0.76703E-02  0.90817E-02
   0.86679E-02  0.87629E-02
   0.97117E-02  0.86551E-02
   0.10803E-01  0.83586E-02
   0.11945E-01  0.80754E-02
   0.13139E-01  0.80168E-02
   0.14387E-01  0.77048E-02
   0.15692E-01  0.79605E-02
   0.17058E-01  0.76441E-02
   0.18491E-01  0.75526E-02
   0.19998E-01  0.69050E-02
   0.21585E-01  0.60375E-02
   0.23258E-01  0.55884E-02
   0.25022E-01  0.50548E-02
   0.26881E-01  0.48804E-02
   0.28836E-01  0.50407E-02
   0.30889E-01  0.54978E-02
   0.33045E-01  0.59510E-02
   0.35314E-01  0.60754E-02
   0.37710E-01  0.56138E-02
   0.40241E-01  0.53029E-02
   0.42915E-01  0.50807E-02
   0.45741E-01  0.48348E-02
   0.48729E-01  0.45645E-02
   0.51887E-01  0.41982E-02
   0.55233E-01  0.38084E-02
   0.58788E-01  0.33998E-02
   0.62566E-01  0.28891E-02
   0.66577E-01  0.26522E-02
   0.70849E-01  0.23705E-02
   0.75402E-01  0.22495E-02
   0.80243E-01  0.21997E-02
   0.85374E-01  0.21402E-02
   0.90785E-01  0.21501E-02
   0.96466E-01  0.21074E-02
   0.10240      0.20899E-02
   0.10856      0.20653E-02
   0.11493      0.20257E-02
   0.12147      0.19950E-02
   0.12818      0.19452E-02
   0.13503      0.19003E-02
   0.14200      0.18221E-02
   0.14907      0.17669E-02
   0.15624      0.17123E-02
   0.16349      0.16769E-02
   0.17081      0.16011E-02
   0.17820      0.15684E-02
   0.18563      0.15367E-02
   0.19311      0.14803E-02
   0.20063      0.14620E-02
   0.20817      0.14293E-02
   0.21574      0.13928E-02
   0.22333      0.13861E-02
   0.23092      0.13576E-02
   0.23850      0.13386E-02
   0.24607      0.13140E-02
   0.25361      0.13155E-02
   0.26108      0.12979E-02
   0.26847      0.12689E-02
   0.27579      0.12386E-02
   0.28299      0.12510E-02
   0.29002      0.13413E-02
   0.29682      0.13910E-02
   0.30343      0.12993E-02
   0.30988      0.10360E-02
   0.31625      0.80108E-03
   0.32258      0.70830E-03
   0.32892      0.82048E-03
   0.33530      0.10559E-02
   0.34179      0.12984E-02
   0.34842      0.13976E-02
   0.35524      0.13377E-02
   0.36229      0.12215E-02
   0.36954      0.11507E-02
   0.37694      0.11328E-02
   0.38445      0.11367E-02
   0.39202      0.11440E-02
   0.39966      0.11212E-02
   0.40737      0.11170E-02
   0.41514      0.10993E-02
   0.42295      0.10901E-02
   0.43079      0.10778E-02
   0.43864      0.10743E-02
   0.44650      0.10682E-02
   0.45437      0.10661E-02
   0.46224      0.10607E-02
   0.47012      0.10545E-02
   0.47801      0.10495E-02
   0.48590      0.10431E-02
   0.49380      0.10396E-02
   0.50169      0.10343E-02
   0.50958      0.10331E-02
   0.51748      0.10281E-02
   0.52537      0.10244E-02
   0.53326      0.10257E-02
   0.54115      0.10195E-02
   0.54904      0.10195E-02
   0.55693      0.10182E-02
   0.56482      0.10144E-02
   0.57270      0.10140E-02
   0.58058      0.10139E-02
   0.58846      0.10137E-02
   0.59633      0.10122E-02
   0.60421      0.10146E-02
   0.61208      0.10224E-02
   0.61994      0.10266E-02
   0.62779      0.10348E-02
   0.63563      0.10435E-02
   0.64347      0.10563E-02
   0.65129      0.10783E-02
   0.65911      0.11171E-02
   0.66693      0.12087E-02
   0.67473      0.14094E-02
   0.68252      0.17116E-02
   0.69030      0.21252E-02
   0.69806      0.26090E-02
   0.70580      0.31223E-02
   0.71350      0.36018E-02
   0.72118      0.40291E-02
   0.72884      0.43811E-02
   0.73646      0.46605E-02
   0.74405      0.48778E-02
   0.75161      0.50300E-02
   0.75914      0.51446E-02
   0.76665      0.52151E-02
   0.77414      0.52490E-02
   0.78162      0.52683E-02
   0.78909      0.52593E-02
   0.79655      0.52321E-02
   0.80402      0.51934E-02
   0.81149      0.51507E-02
   0.81896      0.50923E-02
   0.82645      0.50277E-02
   0.83396      0.49586E-02
   0.84146      0.49313E-02
   0.84891      0.49060E-02
   0.85628      0.48820E-02
   0.86355      0.48611E-02
   0.87073      0.48231E-02
   0.87782      0.47728E-02
   0.88484      0.47143E-02
   0.89181      0.46300E-02
   0.89876      0.45300E-02
   0.90568      0.44318E-02
   0.91254      0.43276E-02
   0.91932      0.42336E-02
   0.92600      0.41389E-02
   0.93253      0.40318E-02
   0.93893      0.38989E-02
   0.94520      0.37473E-02
   0.95131      0.35712E-02
   0.95727      0.33679E-02
   0.96305      0.31525E-02
   0.96867      0.29175E-02
   0.97409      0.26706E-02
   0.97929      0.24330E-02
   0.98423      0.21892E-02
   0.98889      0.19541E-02
   0.99329      0.17683E-02
   0.99740      0.15523E-02
    1.0000      0.13641E-02
    1.0001       0.0000    
    1.0027       0.0000    
    1.0056       0.0000    
    1.0089       0.0000    
    1.0126       0.0000    
    1.0167       0.0000    
    1.0212       0.0000    
    1.0263       0.0000    
    1.0320       0.0000    
    1.0383       0.0000    
    1.0453       0.0000    
    1.0532       0.0000    
    1.0619       0.0000    
    1.0717       0.0000    
    1.0825       0.0000    
    1.0946       0.0000    
    1.1081       0.0000    
    1.1231       0.0000    
    1.1398       0.0000    
    1.1584       0.0000    
    1.1792       0.0000    
    1.2023       0.0000    
    1.2280       0.0000    
    1.2567       0.0000    
    1.2887       0.0000    
    1.3242       0.0000    
    1.3639       0.0000    
    1.4080       0.0000    
    1.4572       0.0000    
    1.5119       0.0000    
    1.5729       0.0000    
    1.6408       0.0000    
    1.7165       0.0000    
    1.8007       0.0000    
    1.8946       0.0000    
    1.9991       0.0000    

   0.19630E-03  0.91512E-03
   0.26552E-03  0.19655E-02
   0.39313E-03  0.37637E-02
   0.54214E-03  0.41933E-02
   0.71625E-03  0.59167E-02
   0.92004E-03  0.77597E-02
   0.11545E-02  0.79613E-02
   0.14212E-02  0.10450E-01
   0.17253E-02  0.12303E-01
   0.20726E-02  0.14391E-01
   0.24656E-02  0.16128E-01
   0.29236E-02  0.14464E-01
   0.34163E-02  0.27458E-01
   0.40220E-02  0.15377E-01
   0.47047E-02  0.18278E-01
   0.54645E-02  0.14400E-01
   0.62883E-02  0.14152E-01
   0.71714E-02  0.12277E-01
   0.81091E-02  0.11655E-01
   0.91010E-02  0.10317E-01
   0.10147E-01  0.95008E-02
   0.11246E-01  0.92665E-02
   0.12399E-01  0.82811E-02
   0.13610E-01  0.80172E-02
   0.14880E-01  0.74222E-02
   0.16213E-01  0.67486E-02
   0.17613E-01  0.62319E-02
   0.19083E-01  0.60738E-02
   0.20629E-01  0.56693E-02
   0.22257E-01  0.53582E-02
   0.23973E-01  0.51212E-02
   0.25786E-01  0.48643E-02
   0.27703E-01  0.47293E-02
   0.29734E-01  0.44060E-02
   0.31891E-01  0.43497E-02
   0.34186E-01  0.42404E-02
   0.36631E-01  0.40373E-02
   0.39242E-01  0.38649E-02
   0.42034E-01  0.36821E-02
   0.45022E-01  0.35624E-02
   0.48223E-01  0.34968E-02
   0.51654E-01  0.34816E-02
   0.55327E-01  0.33779E-02
   0.59253E-01  0.32965E-02
   0.63440E-01  0.32080E-02
   0.67892E-01  0.30844E-02
   0.72616E-01  0.30557E-02
   0.77614E-01  0.28937E-02
   0.82884E-01  0.28668E-02
   0.88415E-01  0.27512E-02
   0.94191E-01  0.26759E-02
   0.10019      0.26175E-02
   0.10638      0.25543E-02
   0.11276      0.24938E-02
   0.11929      0.24536E-02
   0.12594      0.23839E-02
   0.13272      0.23195E-02
   0.13959      0.22490E-02
   0.14656      0.21726E-02
   0.15362      0.21064E-02
   0.16075      0.20128E-02
   0.16794      0.19794E-02
   0.17519      0.19099E-02
   0.18248      0.18743E-02
   0.18981      0.18282E-02
   0.19717      0.17821E-02
   0.20456      0.17463E-02
   0.21197      0.16980E-02
   0.21942      0.16514E-02
   0.22690      0.16206E-02
   0.23441      0.15560E-02
   0.24195      0.15277E-02
   0.24951      0.15022E-02
   0.25708      0.14738E-02
   0.26468      0.14490E-02
   0.27229      0.14159E-02
   0.27991      0.13974E-02
   0.28756      0.13706E-02
   0.29522      0.13524E-02
   0.30289      0.13369E-02
   0.31057      0.13189E-02
   0.31825      0.13005E-02
   0.32595      0.12900E-02
   0.33364      0.12794E-02
   0.34135      0.12583E-02
   0.34906      0.12542E-02
   0.35677      0.12328E-02
   0.36448      0.12226E-02
   0.37219      0.12098E-02
   0.37990      0.11957E-02
   0.38761      0.11830E-02
   0.39532      0.11694E-02
   0.40302      0.11607E-02
   0.41072      0.11492E-02
   0.41842      0.11397E-02
   0.42610      0.11312E-02
   0.43378      0.11229E-02
   0.44144      0.11112E-02
   0.44910      0.11063E-02
   0.45674      0.10902E-02
   0.46437      0.10809E-02
   0.47199      0.10685E-02
   0.47960      0.10506E-02
   0.48720      0.10367E-02
   0.49478      0.10217E-02
   0.50235      0.99914E-03
   0.50991      0.98578E-03
   0.51745      0.96220E-03
   0.52498      0.94079E-03
   0.53250      0.91954E-03
   0.54000      0.89436E-03
   0.54749      0.87024E-03
   0.55497      0.83973E-03
   0.56243      0.81126E-03
   0.56987      0.77881E-03
   0.57730      0.74591E-03
   0.58471      0.71243E-03
   0.59210      0.67516E-03
   0.59948      0.63841E-03
   0.60683      0.59710E-03
   0.61417      0.55075E-03
   0.62149      0.50889E-03
   0.62879      0.45815E-03
   0.63608      0.41174E-03
   0.64335      0.35987E-03
   0.65061      0.31165E-03
   0.65786      0.26281E-03
   0.66510      0.21655E-03
   0.67232      0.17549E-03
   0.67954      0.13949E-03
   0.68676      0.11229E-03
   0.69397      0.94529E-04
   0.70117      0.92246E-04
   0.70838      0.14890E-03
   0.71559      0.32678E-03
   0.72281      0.61167E-03
   0.73004      0.99789E-03
   0.73728      0.14106E-02
   0.74453      0.17895E-02
   0.75180      0.21045E-02
   0.75910      0.23293E-02
   0.76642      0.24920E-02
   0.77378      0.25762E-02
   0.78118      0.26179E-02
   0.78863      0.26055E-02
   0.79611      0.25666E-02
   0.80361      0.24931E-02
   0.81108      0.24066E-02
   0.81847      0.23083E-02
   0.82574      0.22004E-02
   0.83289      0.20975E-02
   0.83991      0.20000E-02
   0.84680      0.19058E-02
   0.85358      0.18164E-02
   0.86023      0.17393E-02
   0.86676      0.16619E-02
   0.87316      0.15973E-02
   0.87944      0.15368E-02
   0.88561      0.14899E-02
   0.89167      0.14482E-02
   0.89763      0.14161E-02
   0.90349      0.13898E-02
   0.90927      0.13710E-02
   0.91493      0.13558E-02
   0.92047      0.13486E-02
   0.92588      0.13455E-02
   0.93120      0.13532E-02
   0.93644      0.13704E-02
   0.94160      0.13853E-02
   0.94662      0.13927E-02
   0.95140      0.13935E-02
   0.95595      0.14097E-02
   0.96030      0.14547E-02
   0.96456      0.15530E-02
   0.96881      0.16973E-02
   0.97308      0.18624E-02
   0.97733      0.20048E-02
   0.98147      0.21043E-02
   0.98549      0.22420E-02
   0.98945      0.25436E-02
   0.99342      0.29888E-02
   0.99738      0.34688E-02
    1.0000      0.41097E-02
    1.0001       0.0000    
    1.0027       0.0000    
    1.0056       0.0000    
    1.0089       0.0000    
    1.0126       0.0000    
    1.0167       0.0000    
    1.0212       0.0000    
    1.0263       0.0000    
    1.0320       0.0000    
    1.0383       0.0000    
    1.0453       0.0000    
    1.0532       0.0000    
    1.0619       0.0000    
    1.0717       0.0000    
    1.0825       0.0000    
    1.0946       0.0000    
    1.1081       0.0000    
    1.1231       0.0000    
    1.1398       0.0000    
    1.1584       0.0000    
    1.1792       0.0000    
    1.2023       0.0000    
    1.2280       0.0000    
    1.2567       0.0000    
    1.2887       0.0000    
    1.3242       0.0000    
    1.3639       0.0000    
    1.4080       0.0000    
    1.4572       0.0000    
    1.5119       0.0000    
    1.5729       0.0000    
    1.6408       0.0000    
    1.7165       0.0000    
    1.8007       0.0000    
    1.8946       0.0000    
    1.9991       0.0000    

