#  GRUMMAN K-2 AIRFOIL                             
#  alpha =  -1.2100
#  Mach  =   0.0000
#  Reyn  =  1000000
#  Ncrit =  13.0000
#
#    x           cf
   0.11783E-03  0.27778E-03
   0.21595E-03  0.13709E-02
   0.35184E-03  0.43637E-02
   0.53406E-03  0.51875E-02
   0.77928E-03  0.94713E-02
   0.11088E-02  0.10410E-01
   0.15428E-02  0.13030E-01
   0.20737E-02  0.12017E-01
   0.26829E-02  0.13217E-01
   0.33776E-02  0.11372E-01
   0.41380E-02  0.90988E-02
   0.49506E-02  0.10488E-01
   0.58109E-02  0.89743E-02
   0.67178E-02  0.98154E-02
   0.76703E-02  0.84826E-02
   0.86679E-02  0.85216E-02
   0.97117E-02  0.81731E-02
   0.10803E-01  0.85167E-02
   0.11945E-01  0.79480E-02
   0.13139E-01  0.76413E-02
   0.14387E-01  0.78655E-02
   0.15692E-01  0.77680E-02
   0.17058E-01  0.77619E-02
   0.18491E-01  0.71875E-02
   0.19998E-01  0.69679E-02
   0.21585E-01  0.63212E-02
   0.23258E-01  0.59781E-02
   0.25022E-01  0.54949E-02
   0.26881E-01  0.52211E-02
   0.28836E-01  0.54668E-02
   0.30889E-01  0.60085E-02
   0.33045E-01  0.60728E-02
   0.35314E-01  0.64005E-02
   0.37710E-01  0.57558E-02
   0.40241E-01  0.53082E-02
   0.42915E-01  0.52872E-02
   0.45741E-01  0.50076E-02
   0.48729E-01  0.48204E-02
   0.51887E-01  0.44386E-02
   0.55233E-01  0.42465E-02
   0.58788E-01  0.37825E-02
   0.62566E-01  0.34074E-02
   0.66577E-01  0.31834E-02
   0.70849E-01  0.28707E-02
   0.75402E-01  0.28370E-02
   0.80243E-01  0.27582E-02
   0.85374E-01  0.27285E-02
   0.90785E-01  0.26631E-02
   0.96466E-01  0.26001E-02
   0.10240      0.25662E-02
   0.10856      0.24869E-02
   0.11493      0.24364E-02
   0.12147      0.23697E-02
   0.12818      0.23060E-02
   0.13503      0.22495E-02
   0.14200      0.21278E-02
   0.14907      0.21037E-02
   0.15624      0.19844E-02
   0.16349      0.19999E-02
   0.17081      0.18754E-02
   0.17820      0.18480E-02
   0.18563      0.18229E-02
   0.19311      0.17393E-02
   0.20063      0.17125E-02
   0.20817      0.16904E-02
   0.21574      0.16360E-02
   0.22333      0.16117E-02
   0.23092      0.15934E-02
   0.23850      0.15683E-02
   0.24607      0.15274E-02
   0.25361      0.15286E-02
   0.26108      0.15118E-02
   0.26847      0.14672E-02
   0.27579      0.14356E-02
   0.28299      0.14396E-02
   0.29002      0.15449E-02
   0.29682      0.15763E-02
   0.30343      0.14836E-02
   0.30988      0.11994E-02
   0.31625      0.94478E-03
   0.32258      0.85591E-03
   0.32892      0.97428E-03
   0.33530      0.12365E-02
   0.34179      0.14881E-02
   0.34842      0.15756E-02
   0.35524      0.15030E-02
   0.36229      0.13711E-02
   0.36954      0.12853E-02
   0.37694      0.12649E-02
   0.38445      0.12716E-02
   0.39202      0.12664E-02
   0.39966      0.12444E-02
   0.40737      0.12364E-02
   0.41514      0.12149E-02
   0.42295      0.11990E-02
   0.43079      0.11886E-02
   0.43864      0.11799E-02
   0.44650      0.11694E-02
   0.45437      0.11652E-02
   0.46224      0.11539E-02
   0.47012      0.11495E-02
   0.47801      0.11383E-02
   0.48590      0.11299E-02
   0.49380      0.11220E-02
   0.50169      0.11148E-02
   0.50958      0.11070E-02
   0.51748      0.11000E-02
   0.52537      0.10920E-02
   0.53326      0.10887E-02
   0.54115      0.10771E-02
   0.54904      0.10758E-02
   0.55693      0.10681E-02
   0.56482      0.10597E-02
   0.57270      0.10552E-02
   0.58058      0.10472E-02
   0.58846      0.10409E-02
   0.59633      0.10325E-02
   0.60421      0.10277E-02
   0.61208      0.10277E-02
   0.61994      0.10209E-02
   0.62779      0.10178E-02
   0.63563      0.10113E-02
   0.64347      0.10057E-02
   0.65129      0.10015E-02
   0.65911      0.99677E-03
   0.66693      0.98605E-03
   0.67473      0.98376E-03
   0.68252      0.97685E-03
   0.69030      0.97051E-03
   0.69806      0.96409E-03
   0.70580      0.95946E-03
   0.71350      0.94918E-03
   0.72118      0.94377E-03
   0.72884      0.93222E-03
   0.73646      0.91684E-03
   0.74405      0.90054E-03
   0.75161      0.86718E-03
   0.75914      0.83673E-03
   0.76665      0.79081E-03
   0.77414      0.73741E-03
   0.78162      0.67629E-03
   0.78909      0.60605E-03
   0.79655      0.52109E-03
   0.80402      0.43196E-03
   0.81149      0.33604E-03
   0.81896      0.23740E-03
   0.82645      0.14119E-03
   0.83396      0.54677E-04
   0.84146     -0.10835E-04
   0.84891     -0.59773E-04
   0.85628     -0.90976E-04
   0.86355     -0.10682E-03
   0.87073     -0.11136E-03
   0.87782     -0.11023E-03
   0.88484     -0.10640E-03
   0.89181     -0.10295E-03
   0.89876     -0.10037E-03
   0.90568     -0.98542E-04
   0.91254     -0.97301E-04
   0.91932     -0.96500E-04
   0.92600     -0.96032E-04
   0.93253     -0.95823E-04
   0.93893     -0.95829E-04
   0.94520     -0.96015E-04
   0.95131     -0.96357E-04
   0.95727     -0.96829E-04
   0.96305     -0.97402E-04
   0.96867     -0.98056E-04
   0.97409     -0.98761E-04
   0.97929     -0.99474E-04
   0.98423     -0.10019E-03
   0.98889     -0.10085E-03
   0.99329     -0.10139E-03
   0.99740     -0.94496E-04
    1.0000     -0.70492E-04
    1.0001       0.0000    
    1.0027       0.0000    
    1.0056       0.0000    
    1.0089       0.0000    
    1.0126       0.0000    
    1.0167       0.0000    
    1.0212       0.0000    
    1.0263       0.0000    
    1.0320       0.0000    
    1.0383       0.0000    
    1.0453       0.0000    
    1.0532       0.0000    
    1.0619       0.0000    
    1.0716       0.0000    
    1.0825       0.0000    
    1.0946       0.0000    
    1.1080       0.0000    
    1.1230       0.0000    
    1.1398       0.0000    
    1.1584       0.0000    
    1.1791       0.0000    
    1.2022       0.0000    
    1.2280       0.0000    
    1.2566       0.0000    
    1.2885       0.0000    
    1.3241       0.0000    
    1.3637       0.0000    
    1.4078       0.0000    
    1.4570       0.0000    
    1.5117       0.0000    
    1.5727       0.0000    
    1.6406       0.0000    
    1.7162       0.0000    
    1.8004       0.0000    
    1.8942       0.0000    
    1.9987       0.0000    

   0.51958E-04  0.14468E-02
   0.12968E-04  0.20705E-02
  -0.36747E-05  0.44152E-02
   0.94461E-05  0.40310E-02
   0.40619E-04  0.69215E-02
   0.95313E-04  0.69837E-02
   0.19630E-03  0.59152E-02
   0.26552E-03  0.12976E-01
   0.39313E-03  0.83486E-02
   0.54214E-03  0.13576E-01
   0.71625E-03  0.12837E-01
   0.92004E-03  0.15021E-01
   0.11545E-02  0.16970E-01
   0.14212E-02  0.17784E-01
   0.17253E-02  0.20165E-01
   0.20726E-02  0.23912E-01
   0.24656E-02  0.25299E-01
   0.29236E-02  0.22107E-01
   0.34163E-02  0.40280E-01
   0.40220E-02  0.21264E-01
   0.47047E-02  0.23267E-01
   0.54645E-02  0.17425E-01
   0.62883E-02  0.14191E-01
   0.71714E-02  0.13825E-01
   0.81091E-02  0.11550E-01
   0.91010E-02  0.96603E-02
   0.10147E-01  0.88221E-02
   0.11246E-01  0.84029E-02
   0.12399E-01  0.73078E-02
   0.13610E-01  0.64066E-02
   0.14880E-01  0.62409E-02
   0.16213E-01  0.51056E-02
   0.17613E-01  0.46082E-02
   0.19083E-01  0.45403E-02
   0.20629E-01  0.38817E-02
   0.22257E-01  0.37019E-02
   0.23973E-01  0.34675E-02
   0.25786E-01  0.32675E-02
   0.27703E-01  0.30648E-02
   0.29734E-01  0.28886E-02
   0.31891E-01  0.28642E-02
   0.34186E-01  0.28377E-02
   0.36631E-01  0.26333E-02
   0.39242E-01  0.25936E-02
   0.42034E-01  0.24798E-02
   0.45022E-01  0.23428E-02
   0.48223E-01  0.24061E-02
   0.51654E-01  0.24110E-02
   0.55327E-01  0.24424E-02
   0.59253E-01  0.24116E-02
   0.63440E-01  0.23192E-02
   0.67892E-01  0.23324E-02
   0.72616E-01  0.23124E-02
   0.77614E-01  0.22344E-02
   0.82884E-01  0.22393E-02
   0.88415E-01  0.21367E-02
   0.94191E-01  0.21135E-02
   0.10019      0.20655E-02
   0.10638      0.20555E-02
   0.11276      0.20204E-02
   0.11929      0.20120E-02
   0.12594      0.19256E-02
   0.13272      0.19351E-02
   0.13959      0.18433E-02
   0.14656      0.18073E-02
   0.15362      0.17335E-02
   0.16075      0.16679E-02
   0.16794      0.16310E-02
   0.17519      0.15680E-02
   0.18248      0.15485E-02
   0.18981      0.15074E-02
   0.19717      0.14620E-02
   0.20456      0.14362E-02
   0.21197      0.14018E-02
   0.21942      0.13608E-02
   0.22690      0.13194E-02
   0.23441      0.12791E-02
   0.24195      0.12510E-02
   0.24951      0.12338E-02
   0.25708      0.12066E-02
   0.26468      0.11891E-02
   0.27229      0.11563E-02
   0.27991      0.11527E-02
   0.28756      0.11193E-02
   0.29522      0.11094E-02
   0.30289      0.10962E-02
   0.31057      0.10881E-02
   0.31825      0.10718E-02
   0.32595      0.10661E-02
   0.33364      0.10597E-02
   0.34135      0.10457E-02
   0.34906      0.10400E-02
   0.35677      0.10316E-02
   0.36448      0.10205E-02
   0.37219      0.10104E-02
   0.37990      0.10003E-02
   0.38761      0.99587E-03
   0.39532      0.98265E-03
   0.40302      0.98039E-03
   0.41072      0.96911E-03
   0.41842      0.96446E-03
   0.42610      0.95576E-03
   0.43378      0.95437E-03
   0.44144      0.94310E-03
   0.44910      0.94109E-03
   0.45674      0.92833E-03
   0.46437      0.92242E-03
   0.47199      0.90723E-03
   0.47960      0.89796E-03
   0.48720      0.88234E-03
   0.49478      0.86863E-03
   0.50235      0.84865E-03
   0.50991      0.83516E-03
   0.51745      0.81208E-03
   0.52498      0.79013E-03
   0.53250      0.77156E-03
   0.54000      0.74551E-03
   0.54749      0.71798E-03
   0.55497      0.68744E-03
   0.56243      0.65735E-03
   0.56987      0.62181E-03
   0.57730      0.58620E-03
   0.58471      0.54776E-03
   0.59210      0.50790E-03
   0.59948      0.46446E-03
   0.60683      0.41868E-03
   0.61417      0.36747E-03
   0.62149      0.31764E-03
   0.62879      0.26237E-03
   0.63608      0.20973E-03
   0.64335      0.15577E-03
   0.65061      0.10443E-03
   0.65786      0.56859E-04
   0.66510      0.14109E-04
   0.67232     -0.21517E-04
   0.67954     -0.50614E-04
   0.68676     -0.71805E-04
   0.69397     -0.87210E-04
   0.70117     -0.96937E-04
   0.70838     -0.10235E-03
   0.71559     -0.10373E-03
   0.72281     -0.10023E-03
   0.73004     -0.62787E-04
   0.73728      0.13712E-03
   0.74453      0.49375E-03
   0.75180      0.95931E-03
   0.75910      0.14184E-02
   0.76642      0.18181E-02
   0.77378      0.21174E-02
   0.78118      0.23322E-02
   0.78863      0.24584E-02
   0.79611      0.25259E-02
   0.80361      0.25338E-02
   0.81108      0.25103E-02
   0.81847      0.24599E-02
   0.82574      0.23876E-02
   0.83289      0.23114E-02
   0.83991      0.22335E-02
   0.84680      0.21568E-02
   0.85358      0.20793E-02
   0.86023      0.20122E-02
   0.86676      0.19427E-02
   0.87316      0.18855E-02
   0.87944      0.18290E-02
   0.88561      0.17879E-02
   0.89167      0.17506E-02
   0.89763      0.17233E-02
   0.90349      0.17026E-02
   0.90927      0.16892E-02
   0.91493      0.16791E-02
   0.92047      0.16795E-02
   0.92588      0.16826E-02
   0.93120      0.16994E-02
   0.93644      0.17274E-02
   0.94160      0.17528E-02
   0.94662      0.17705E-02
   0.95140      0.17785E-02
   0.95595      0.18053E-02
   0.96030      0.18666E-02
   0.96456      0.19930E-02
   0.96881      0.21807E-02
   0.97308      0.23969E-02
   0.97733      0.25893E-02
   0.98147      0.27322E-02
   0.98549      0.29285E-02
   0.98945      0.33533E-02
   0.99342      0.40025E-02
   0.99738      0.47575E-02
    1.0000      0.58735E-02
    1.0001       0.0000    
    1.0027       0.0000    
    1.0056       0.0000    
    1.0089       0.0000    
    1.0126       0.0000    
    1.0167       0.0000    
    1.0212       0.0000    
    1.0263       0.0000    
    1.0320       0.0000    
    1.0383       0.0000    
    1.0453       0.0000    
    1.0532       0.0000    
    1.0619       0.0000    
    1.0716       0.0000    
    1.0825       0.0000    
    1.0946       0.0000    
    1.1080       0.0000    
    1.1230       0.0000    
    1.1398       0.0000    
    1.1584       0.0000    
    1.1791       0.0000    
    1.2022       0.0000    
    1.2280       0.0000    
    1.2566       0.0000    
    1.2885       0.0000    
    1.3241       0.0000    
    1.3637       0.0000    
    1.4078       0.0000    
    1.4570       0.0000    
    1.5117       0.0000    
    1.5727       0.0000    
    1.6406       0.0000    
    1.7162       0.0000    
    1.8004       0.0000    
    1.8942       0.0000    
    1.9987       0.0000    

