#  GRUMMAN K-2 AIRFOIL                             
#  alpha =   2.0000
#  Mach  =   0.0000
#  Reyn  =  1000000
#  Ncrit =   9.0000
#
#    x           cf
   0.92004E-03  0.90206E-03
   0.71625E-03  0.25395E-02
   0.54214E-03  0.32207E-02
   0.39313E-03  0.45175E-02
   0.26552E-03  0.75317E-02
   0.19630E-03  0.41979E-02
   0.95313E-04  0.11104E-01
   0.40619E-04  0.88064E-02
   0.94461E-05  0.11659E-01
  -0.36747E-05  0.12998E-01
   0.12968E-04  0.14744E-01
   0.51958E-04  0.16301E-01
   0.11783E-03  0.20032E-01
   0.21595E-03  0.21700E-01
   0.35184E-03  0.27022E-01
   0.53406E-03  0.30140E-01
   0.77928E-03  0.36205E-01
   0.11088E-02  0.37386E-01
   0.15428E-02  0.31365E-01
   0.20737E-02  0.25545E-01
   0.26829E-02  0.24477E-01
   0.33776E-02  0.15592E-01
   0.41380E-02  0.10411E-01
   0.49506E-02  0.88914E-02
   0.58109E-02  0.79485E-02
   0.67178E-02  0.72495E-02
   0.76703E-02  0.68386E-02
   0.86679E-02  0.64994E-02
   0.97117E-02  0.66336E-02
   0.10803E-01  0.63204E-02
   0.11945E-01  0.62548E-02
   0.13139E-01  0.62135E-02
   0.14387E-01  0.61547E-02
   0.15692E-01  0.63955E-02
   0.17058E-01  0.62985E-02
   0.18491E-01  0.61891E-02
   0.19998E-01  0.56075E-02
   0.21585E-01  0.47632E-02
   0.23258E-01  0.41806E-02
   0.25022E-01  0.36574E-02
   0.26881E-01  0.34215E-02
   0.28836E-01  0.35957E-02
   0.30889E-01  0.40689E-02
   0.33045E-01  0.46234E-02
   0.35314E-01  0.49034E-02
   0.37710E-01  0.46485E-02
   0.40241E-01  0.43881E-02
   0.42915E-01  0.42239E-02
   0.45741E-01  0.39623E-02
   0.48729E-01  0.36990E-02
   0.51887E-01  0.33014E-02
   0.55233E-01  0.28534E-02
   0.58788E-01  0.24028E-02
   0.62566E-01  0.18508E-02
   0.66577E-01  0.15509E-02
   0.70849E-01  0.12342E-02
   0.75402E-01  0.10775E-02
   0.80243E-01  0.10014E-02
   0.85374E-01  0.95520E-03
   0.90785E-01  0.96584E-03
   0.96466E-01  0.97601E-03
   0.10240      0.10095E-02
   0.10856      0.10429E-02
   0.11493      0.10659E-02
   0.12147      0.10892E-02
   0.12818      0.11017E-02
   0.13503      0.11002E-02
   0.14200      0.10714E-02
   0.14907      0.10538E-02
   0.15624      0.10309E-02
   0.16349      0.10198E-02
   0.17081      0.97916E-03
   0.17820      0.96393E-03
   0.18563      0.95190E-03
   0.19311      0.91773E-03
   0.20063      0.91424E-03
   0.20817      0.89870E-03
   0.21574      0.88378E-03
   0.22333      0.88551E-03
   0.23092      0.87436E-03
   0.23850      0.86860E-03
   0.24607      0.86492E-03
   0.25361      0.87319E-03
   0.26108      0.87144E-03
   0.26847      0.86101E-03
   0.27579      0.85051E-03
   0.28299      0.87162E-03
   0.29002      0.96071E-03
   0.29682      0.10157E-02
   0.30343      0.95386E-03
   0.30988      0.75051E-03
   0.31625      0.57058E-03
   0.32258      0.51293E-03
   0.32892      0.63526E-03
   0.33530      0.73818E-03
   0.34179      0.14279E-02
   0.34842      0.19796E-02
   0.35524      0.25623E-02
   0.36229      0.31973E-02
   0.36954      0.38386E-02
   0.37694      0.44335E-02
   0.38445      0.49299E-02
   0.39202      0.52849E-02
   0.39966      0.54959E-02
   0.40737      0.56464E-02
   0.41514      0.57163E-02
   0.42295      0.57555E-02
   0.43079      0.57596E-02
   0.43864      0.57546E-02
   0.44650      0.57301E-02
   0.45437      0.56994E-02
   0.46224      0.56607E-02
   0.47012      0.56140E-02
   0.47801      0.55699E-02
   0.48590      0.55209E-02
   0.49380      0.54780E-02
   0.50169      0.54314E-02
   0.50958      0.53937E-02
   0.51748      0.53494E-02
   0.52537      0.53081E-02
   0.53326      0.52766E-02
   0.54115      0.52349E-02
   0.54904      0.52030E-02
   0.55693      0.51697E-02
   0.56482      0.51367E-02
   0.57270      0.51074E-02
   0.58058      0.50813E-02
   0.58846      0.50531E-02
   0.59633      0.50256E-02
   0.60421      0.50007E-02
   0.61208      0.49827E-02
   0.61994      0.49629E-02
   0.62779      0.49442E-02
   0.63563      0.49239E-02
   0.64347      0.49056E-02
   0.65129      0.48920E-02
   0.65911      0.48727E-02
   0.66693      0.48543E-02
   0.67473      0.48478E-02
   0.68252      0.48282E-02
   0.69030      0.48215E-02
   0.69806      0.48065E-02
   0.70580      0.48020E-02
   0.71350      0.47928E-02
   0.72118      0.47868E-02
   0.72884      0.47794E-02
   0.73646      0.47707E-02
   0.74405      0.47595E-02
   0.75161      0.47453E-02
   0.75914      0.47275E-02
   0.76665      0.47053E-02
   0.77414      0.46720E-02
   0.78162      0.46410E-02
   0.78909      0.45972E-02
   0.79655      0.45539E-02
   0.80402      0.45013E-02
   0.81149      0.44525E-02
   0.81896      0.43937E-02
   0.82645      0.43312E-02
   0.83396      0.42707E-02
   0.84146      0.42353E-02
   0.84891      0.42053E-02
   0.85628      0.41745E-02
   0.86355      0.41475E-02
   0.87073      0.41091E-02
   0.87782      0.40595E-02
   0.88484      0.40022E-02
   0.89181      0.39256E-02
   0.89876      0.38339E-02
   0.90568      0.37432E-02
   0.91254      0.36418E-02
   0.91932      0.35468E-02
   0.92600      0.34457E-02
   0.93253      0.33348E-02
   0.93893      0.32029E-02
   0.94520      0.30547E-02
   0.95131      0.28892E-02
   0.95727      0.27040E-02
   0.96305      0.25111E-02
   0.96867      0.23093E-02
   0.97409      0.21018E-02
   0.97929      0.19070E-02
   0.98423      0.17143E-02
   0.98889      0.15335E-02
   0.99329      0.13871E-02
   0.99740      0.12316E-02
    1.0000      0.11064E-02
    1.0001       0.0000    
    1.0027       0.0000    
    1.0057       0.0000    
    1.0089       0.0000    
    1.0126       0.0000    
    1.0167       0.0000    
    1.0212       0.0000    
    1.0263       0.0000    
    1.0320       0.0000    
    1.0383       0.0000    
    1.0454       0.0000    
    1.0532       0.0000    
    1.0620       0.0000    
    1.0717       0.0000    
    1.0826       0.0000    
    1.0947       0.0000    
    1.1081       0.0000    
    1.1232       0.0000    
    1.1399       0.0000    
    1.1585       0.0000    
    1.1793       0.0000    
    1.2024       0.0000    
    1.2282       0.0000    
    1.2569       0.0000    
    1.2888       0.0000    
    1.3244       0.0000    
    1.3641       0.0000    
    1.4082       0.0000    
    1.4574       0.0000    
    1.5122       0.0000    
    1.5732       0.0000    
    1.6411       0.0000    
    1.7168       0.0000    
    1.8010       0.0000    
    1.8949       0.0000    
    1.9994       0.0000    

   0.11545E-02  0.23561E-03
   0.14212E-02  0.16171E-02
   0.17253E-02  0.31330E-02
   0.20726E-02  0.50252E-02
   0.24656E-02  0.62530E-02
   0.29236E-02  0.69881E-02
   0.34163E-02  0.13566E-01
   0.40220E-02  0.85199E-02
   0.47047E-02  0.12270E-01
   0.54645E-02  0.10002E-01
   0.62883E-02  0.10726E-01
   0.71714E-02  0.99775E-02
   0.81091E-02  0.95137E-02
   0.91010E-02  0.89693E-02
   0.10147E-01  0.87040E-02
   0.11246E-01  0.85956E-02
   0.12399E-01  0.79090E-02
   0.13610E-01  0.78228E-02
   0.14880E-01  0.74171E-02
   0.16213E-01  0.68645E-02
   0.17613E-01  0.66142E-02
   0.19083E-01  0.64007E-02
   0.20629E-01  0.61843E-02
   0.22257E-01  0.57890E-02
   0.23973E-01  0.56621E-02
   0.25786E-01  0.54699E-02
   0.27703E-01  0.53194E-02
   0.29734E-01  0.49851E-02
   0.31891E-01  0.49345E-02
   0.34186E-01  0.48052E-02
   0.36631E-01  0.46030E-02
   0.39242E-01  0.44070E-02
   0.42034E-01  0.42396E-02
   0.45022E-01  0.41144E-02
   0.48223E-01  0.40279E-02
   0.51654E-01  0.39708E-02
   0.55327E-01  0.38501E-02
   0.59253E-01  0.37447E-02
   0.63440E-01  0.36110E-02
   0.67892E-01  0.34982E-02
   0.72616E-01  0.34512E-02
   0.77614E-01  0.32622E-02
   0.82884E-01  0.32350E-02
   0.88415E-01  0.31038E-02
   0.94191E-01  0.30147E-02
   0.10019      0.29382E-02
   0.10638      0.28808E-02
   0.11276      0.27958E-02
   0.11929      0.27545E-02
   0.12594      0.26586E-02
   0.13272      0.26066E-02
   0.13959      0.25194E-02
   0.14656      0.24403E-02
   0.15362      0.23743E-02
   0.16075      0.22726E-02
   0.16794      0.22416E-02
   0.17519      0.21693E-02
   0.18248      0.21314E-02
   0.18981      0.20830E-02
   0.19717      0.20312E-02
   0.20456      0.19945E-02
   0.21197      0.19448E-02
   0.21942      0.18909E-02
   0.22690      0.18596E-02
   0.23441      0.17955E-02
   0.24195      0.17632E-02
   0.24951      0.17383E-02
   0.25708      0.17041E-02
   0.26468      0.16790E-02
   0.27229      0.16442E-02
   0.27991      0.16200E-02
   0.28756      0.15923E-02
   0.29522      0.15727E-02
   0.30289      0.15548E-02
   0.31057      0.15320E-02
   0.31825      0.15149E-02
   0.32595      0.14984E-02
   0.33364      0.14881E-02
   0.34135      0.14615E-02
   0.34906      0.14569E-02
   0.35677      0.14328E-02
   0.36448      0.14212E-02
   0.37219      0.14037E-02
   0.37990      0.13894E-02
   0.38761      0.13717E-02
   0.39532      0.13592E-02
   0.40302      0.13475E-02
   0.41072      0.13320E-02
   0.41842      0.13232E-02
   0.42610      0.13123E-02
   0.43378      0.13029E-02
   0.44144      0.12872E-02
   0.44910      0.12839E-02
   0.45674      0.12629E-02
   0.46437      0.12544E-02
   0.47199      0.12372E-02
   0.47960      0.12197E-02
   0.48720      0.12025E-02
   0.49478      0.11868E-02
   0.50235      0.11626E-02
   0.50991      0.11486E-02
   0.51745      0.11201E-02
   0.52498      0.10984E-02
   0.53250      0.10746E-02
   0.54000      0.10470E-02
   0.54749      0.10195E-02
   0.55497      0.98539E-03
   0.56243      0.95355E-03
   0.56987      0.91556E-03
   0.57730      0.87765E-03
   0.58471      0.83802E-03
   0.59210      0.79178E-03
   0.59948      0.74548E-03
   0.60683      0.69097E-03
   0.61417      0.62962E-03
   0.62149      0.56980E-03
   0.62879      0.49711E-03
   0.63608      0.42417E-03
   0.64335      0.34145E-03
   0.65061      0.26023E-03
   0.65786      0.17585E-03
   0.66510      0.95007E-04
   0.67232      0.23207E-04
   0.67954     -0.36174E-04
   0.68676     -0.79277E-04
   0.69397     -0.10579E-03
   0.70117     -0.11869E-03
   0.70838     -0.12220E-03
   0.71559     -0.12154E-03
   0.72281     -0.11843E-03
   0.73004     -0.11518E-03
   0.73728     -0.11246E-03
   0.74453     -0.11030E-03
   0.75180     -0.10862E-03
   0.75910     -0.10731E-03
   0.76642     -0.10641E-03
   0.77378     -0.10594E-03
   0.78118     -0.93717E-04
   0.78863     -0.40689E-04
   0.79611      0.17305E-03
   0.80361      0.52841E-03
   0.81108      0.88124E-03
   0.81847      0.11757E-02
   0.82574      0.13947E-02
   0.83289      0.15497E-02
   0.83991      0.16547E-02
   0.84680      0.17189E-02
   0.85358      0.17552E-02
   0.86023      0.17773E-02
   0.86676      0.17795E-02
   0.87316      0.17766E-02
   0.87944      0.17683E-02
   0.88561      0.17624E-02
   0.89167      0.17540E-02
   0.89763      0.17494E-02
   0.90349      0.17449E-02
   0.90927      0.17449E-02
   0.91493      0.17453E-02
   0.92047      0.17490E-02
   0.92588      0.17569E-02
   0.93120      0.17733E-02
   0.93644      0.17982E-02
   0.94160      0.18193E-02
   0.94662      0.18290E-02
   0.95140      0.18307E-02
   0.95595      0.18474E-02
   0.96030      0.18944E-02
   0.96456      0.19988E-02
   0.96881      0.21513E-02
   0.97308      0.23236E-02
   0.97733      0.24696E-02
   0.98147      0.25662E-02
   0.98549      0.27041E-02
   0.98945      0.30133E-02
   0.99342      0.34739E-02
   0.99738      0.39624E-02
    1.0000      0.46367E-02
    1.0001       0.0000    
    1.0027       0.0000    
    1.0057       0.0000    
    1.0089       0.0000    
    1.0126       0.0000    
    1.0167       0.0000    
    1.0212       0.0000    
    1.0263       0.0000    
    1.0320       0.0000    
    1.0383       0.0000    
    1.0454       0.0000    
    1.0532       0.0000    
    1.0620       0.0000    
    1.0717       0.0000    
    1.0826       0.0000    
    1.0947       0.0000    
    1.1081       0.0000    
    1.1232       0.0000    
    1.1399       0.0000    
    1.1585       0.0000    
    1.1793       0.0000    
    1.2024       0.0000    
    1.2282       0.0000    
    1.2569       0.0000    
    1.2888       0.0000    
    1.3244       0.0000    
    1.3641       0.0000    
    1.4082       0.0000    
    1.4574       0.0000    
    1.5122       0.0000    
    1.5732       0.0000    
    1.6411       0.0000    
    1.7168       0.0000    
    1.8010       0.0000    
    1.8949       0.0000    
    1.9994       0.0000    

