#  GRUMMAN K-2 AIRFOIL                             
#  alpha =  -1.2100
#  Mach  =   0.0000
#  Reyn  =  1000000
#  Ncrit =   5.0000
#
#    x           cf
   0.51958E-04  0.67382E-03
   0.11783E-03  0.29187E-02
   0.21595E-03  0.33712E-02
   0.35184E-03  0.74880E-02
   0.53406E-03  0.74875E-02
   0.77928E-03  0.12755E-01
   0.11088E-02  0.13917E-01
   0.15428E-02  0.15023E-01
   0.20737E-02  0.14218E-01
   0.26829E-02  0.14973E-01
   0.33776E-02  0.12312E-01
   0.41380E-02  0.10385E-01
   0.49506E-02  0.10434E-01
   0.58109E-02  0.96432E-02
   0.67178E-02  0.97220E-02
   0.76703E-02  0.90793E-02
   0.86679E-02  0.86251E-02
   0.97117E-02  0.87441E-02
   0.10803E-01  0.84312E-02
   0.11945E-01  0.81321E-02
   0.13139E-01  0.79903E-02
   0.14387E-01  0.77661E-02
   0.15692E-01  0.80581E-02
   0.17058E-01  0.75911E-02
   0.18491E-01  0.76026E-02
   0.19998E-01  0.71056E-02
   0.21585E-01  0.62876E-02
   0.23258E-01  0.58976E-02
   0.25022E-01  0.54029E-02
   0.26881E-01  0.53262E-02
   0.28836E-01  0.54908E-02
   0.30889E-01  0.58625E-02
   0.33045E-01  0.62161E-02
   0.35314E-01  0.62901E-02
   0.37710E-01  0.57863E-02
   0.40241E-01  0.54242E-02
   0.42915E-01  0.52477E-02
   0.45741E-01  0.50584E-02
   0.48729E-01  0.47923E-02
   0.51887E-01  0.45031E-02
   0.55233E-01  0.41052E-02
   0.58788E-01  0.37512E-02
   0.62566E-01  0.32952E-02
   0.66577E-01  0.30926E-02
   0.70849E-01  0.28238E-02
   0.75402E-01  0.27232E-02
   0.80243E-01  0.26834E-02
   0.85374E-01  0.26101E-02
   0.90785E-01  0.25819E-02
   0.96466E-01  0.25271E-02
   0.10240      0.24779E-02
   0.10856      0.24289E-02
   0.11493      0.23708E-02
   0.12147      0.23135E-02
   0.12818      0.22580E-02
   0.13503      0.21981E-02
   0.14200      0.20965E-02
   0.14907      0.20353E-02
   0.15624      0.19743E-02
   0.16349      0.19359E-02
   0.17081      0.18496E-02
   0.17820      0.18102E-02
   0.18563      0.17749E-02
   0.19311      0.17088E-02
   0.20063      0.16910E-02
   0.20817      0.16479E-02
   0.21574      0.16095E-02
   0.22333      0.15967E-02
   0.23092      0.15641E-02
   0.23850      0.15399E-02
   0.24607      0.15109E-02
   0.25361      0.15109E-02
   0.26108      0.14843E-02
   0.26847      0.14518E-02
   0.27579      0.14181E-02
   0.28299      0.14256E-02
   0.29002      0.15241E-02
   0.29682      0.15727E-02
   0.30343      0.14738E-02
   0.30988      0.11938E-02
   0.31625      0.93959E-03
   0.32258      0.84025E-03
   0.32892      0.96860E-03
   0.33530      0.12240E-02
   0.34179      0.14807E-02
   0.34842      0.15768E-02
   0.35524      0.15022E-02
   0.36229      0.13691E-02
   0.36954      0.12900E-02
   0.37694      0.12671E-02
   0.38445      0.12724E-02
   0.39202      0.12776E-02
   0.39966      0.12498E-02
   0.40737      0.12477E-02
   0.41514      0.12244E-02
   0.42295      0.12142E-02
   0.43079      0.12001E-02
   0.43864      0.11945E-02
   0.44650      0.11876E-02
   0.45437      0.11837E-02
   0.46224      0.11754E-02
   0.47012      0.11682E-02
   0.47801      0.11619E-02
   0.48590      0.11532E-02
   0.49380      0.11490E-02
   0.50169      0.11416E-02
   0.50958      0.11389E-02
   0.51748      0.11309E-02
   0.52537      0.11264E-02
   0.53326      0.11263E-02
   0.54115      0.11166E-02
   0.54904      0.11164E-02
   0.55693      0.11120E-02
   0.56482      0.11065E-02
   0.57270      0.11031E-02
   0.58058      0.10992E-02
   0.58846      0.10958E-02
   0.59633      0.10907E-02
   0.60421      0.10891E-02
   0.61208      0.10927E-02
   0.61994      0.10897E-02
   0.62779      0.10908E-02
   0.63563      0.10889E-02
   0.64347      0.10881E-02
   0.65129      0.10885E-02
   0.65911      0.10895E-02
   0.66693      0.10839E-02
   0.67473      0.10897E-02
   0.68252      0.10886E-02
   0.69030      0.10906E-02
   0.69806      0.10929E-02
   0.70580      0.10967E-02
   0.71350      0.10980E-02
   0.72118      0.11039E-02
   0.72884      0.11060E-02
   0.73646      0.11054E-02
   0.74405      0.11050E-02
   0.75161      0.10927E-02
   0.75914      0.10818E-02
   0.76665      0.10616E-02
   0.77414      0.10346E-02
   0.78162      0.10056E-02
   0.78909      0.97007E-03
   0.79655      0.92389E-03
   0.80402      0.87756E-03
   0.81149      0.82814E-03
   0.81896      0.77409E-03
   0.82645      0.71882E-03
   0.83396      0.66321E-03
   0.84146      0.62973E-03
   0.84891      0.59793E-03
   0.85628      0.56784E-03
   0.86355      0.53441E-03
   0.87073      0.49064E-03
   0.87782      0.43600E-03
   0.88484      0.37306E-03
   0.89181      0.29725E-03
   0.89876      0.21667E-03
   0.90568      0.13981E-03
   0.91254      0.70277E-04
   0.91932      0.13007E-04
   0.92600     -0.31848E-04
   0.93253     -0.65733E-04
   0.93893     -0.88804E-04
   0.94520     -0.10205E-03
   0.95131     -0.10807E-03
   0.95727     -0.10969E-03
   0.96305     -0.10582E-03
   0.96867     -0.76037E-04
   0.97409     -0.26838E-04
   0.97929      0.32174E-04
   0.98423      0.79322E-04
   0.98889      0.12188E-03
   0.99329      0.16352E-03
   0.99740      0.17033E-03
    1.0000      0.14633E-03
    1.0001       0.0000    
    1.0027       0.0000    
    1.0056       0.0000    
    1.0089       0.0000    
    1.0126       0.0000    
    1.0167       0.0000    
    1.0212       0.0000    
    1.0263       0.0000    
    1.0320       0.0000    
    1.0383       0.0000    
    1.0453       0.0000    
    1.0532       0.0000    
    1.0619       0.0000    
    1.0716       0.0000    
    1.0825       0.0000    
    1.0946       0.0000    
    1.1080       0.0000    
    1.1230       0.0000    
    1.1398       0.0000    
    1.1584       0.0000    
    1.1791       0.0000    
    1.2022       0.0000    
    1.2280       0.0000    
    1.2566       0.0000    
    1.2885       0.0000    
    1.3241       0.0000    
    1.3637       0.0000    
    1.4078       0.0000    
    1.4570       0.0000    
    1.5117       0.0000    
    1.5727       0.0000    
    1.6406       0.0000    
    1.7162       0.0000    
    1.8004       0.0000    
    1.8942       0.0000    
    1.9987       0.0000    

   0.12968E-04  0.31727E-03
  -0.36747E-05  0.21009E-02
   0.94461E-05  0.22872E-02
   0.40619E-04  0.46218E-02
   0.95313E-04  0.54094E-02
   0.19630E-03  0.46511E-02
   0.26552E-03  0.92823E-02
   0.39313E-03  0.83591E-02
   0.54214E-03  0.10108E-01
   0.71625E-03  0.11034E-01
   0.92004E-03  0.13807E-01
   0.11545E-02  0.13608E-01
   0.14212E-02  0.16406E-01
   0.17253E-02  0.18530E-01
   0.20726E-02  0.20805E-01
   0.24656E-02  0.23316E-01
   0.29236E-02  0.19187E-01
   0.34163E-02  0.37524E-01
   0.40220E-02  0.19747E-01
   0.47047E-02  0.21842E-01
   0.54645E-02  0.16352E-01
   0.62883E-02  0.15270E-01
   0.71714E-02  0.13158E-01
   0.81091E-02  0.11551E-01
   0.91010E-02  0.10307E-01
   0.10147E-01  0.91074E-02
   0.11246E-01  0.86550E-02
   0.12399E-01  0.75969E-02
   0.13610E-01  0.71503E-02
   0.14880E-01  0.65218E-02
   0.16213E-01  0.57035E-02
   0.17613E-01  0.52755E-02
   0.19083E-01  0.49363E-02
   0.20629E-01  0.46060E-02
   0.22257E-01  0.42194E-02
   0.23973E-01  0.40430E-02
   0.25786E-01  0.37732E-02
   0.27703E-01  0.36869E-02
   0.29734E-01  0.33886E-02
   0.31891E-01  0.33517E-02
   0.34186E-01  0.32782E-02
   0.36631E-01  0.31316E-02
   0.39242E-01  0.29820E-02
   0.42034E-01  0.28795E-02
   0.45022E-01  0.27644E-02
   0.48223E-01  0.27695E-02
   0.51654E-01  0.27473E-02
   0.55327E-01  0.27179E-02
   0.59253E-01  0.26878E-02
   0.63440E-01  0.26112E-02
   0.67892E-01  0.25433E-02
   0.72616E-01  0.25526E-02
   0.77614E-01  0.24274E-02
   0.82884E-01  0.24093E-02
   0.88415E-01  0.23215E-02
   0.94191E-01  0.22812E-02
   0.10019      0.22226E-02
   0.10638      0.21965E-02
   0.11276      0.21430E-02
   0.11929      0.21257E-02
   0.12594      0.20636E-02
   0.13272      0.20218E-02
   0.13959      0.19527E-02
   0.14656      0.18901E-02
   0.15362      0.18316E-02
   0.16075      0.17482E-02
   0.16794      0.17160E-02
   0.17519      0.16560E-02
   0.18248      0.16236E-02
   0.18981      0.15821E-02
   0.19717      0.15376E-02
   0.20456      0.15091E-02
   0.21197      0.14656E-02
   0.21942      0.14232E-02
   0.22690      0.13947E-02
   0.23441      0.13381E-02
   0.24195      0.13141E-02
   0.24951      0.12893E-02
   0.25708      0.12669E-02
   0.26468      0.12421E-02
   0.27229      0.12160E-02
   0.27991      0.11995E-02
   0.28756      0.11780E-02
   0.29522      0.11643E-02
   0.30289      0.11532E-02
   0.31057      0.11387E-02
   0.31825      0.11294E-02
   0.32595      0.11200E-02
   0.33364      0.11177E-02
   0.34135      0.11025E-02
   0.34906      0.11080E-02
   0.35677      0.10962E-02
   0.36448      0.10971E-02
   0.37219      0.10993E-02
   0.37990      0.11069E-02
   0.38761      0.11226E-02
   0.39532      0.11590E-02
   0.40302      0.12951E-02
   0.41072      0.15642E-02
   0.41842      0.19621E-02
   0.42610      0.25794E-02
   0.43378      0.33038E-02
   0.44144      0.39524E-02
   0.44910      0.44889E-02
   0.45674      0.48726E-02
   0.46437      0.51560E-02
   0.47199      0.53390E-02
   0.47960      0.54497E-02
   0.48720      0.55151E-02
   0.49478      0.55475E-02
   0.50235      0.55385E-02
   0.50991      0.55321E-02
   0.51745      0.54968E-02
   0.52498      0.54552E-02
   0.53250      0.54165E-02
   0.54000      0.53622E-02
   0.54749      0.53119E-02
   0.55497      0.52522E-02
   0.56243      0.51962E-02
   0.56987      0.51344E-02
   0.57730      0.50761E-02
   0.58471      0.50155E-02
   0.59210      0.49540E-02
   0.59948      0.48947E-02
   0.60683      0.48311E-02
   0.61417      0.47587E-02
   0.62149      0.46979E-02
   0.62879      0.46210E-02
   0.63608      0.45547E-02
   0.64335      0.44743E-02
   0.65061      0.43990E-02
   0.65786      0.43165E-02
   0.66510      0.42300E-02
   0.67232      0.41425E-02
   0.67954      0.40490E-02
   0.68676      0.39575E-02
   0.69397      0.38553E-02
   0.70117      0.37525E-02
   0.70838      0.36432E-02
   0.71559      0.35325E-02
   0.72281      0.34174E-02
   0.73004      0.32973E-02
   0.73728      0.31723E-02
   0.74453      0.30394E-02
   0.75180      0.29092E-02
   0.75910      0.27653E-02
   0.76642      0.26274E-02
   0.77378      0.24792E-02
   0.78118      0.23354E-02
   0.78863      0.21843E-02
   0.79611      0.20366E-02
   0.80361      0.18869E-02
   0.81108      0.17440E-02
   0.81847      0.16081E-02
   0.82574      0.14783E-02
   0.83289      0.13616E-02
   0.83991      0.12570E-02
   0.84680      0.11629E-02
   0.85358      0.10783E-02
   0.86023      0.10060E-02
   0.86676      0.94014E-03
   0.87316      0.88550E-03
   0.87944      0.83726E-03
   0.88561      0.79969E-03
   0.89167      0.76825E-03
   0.89763      0.74455E-03
   0.90349      0.72676E-03
   0.90927      0.71482E-03
   0.91493      0.70725E-03
   0.92047      0.70615E-03
   0.92588      0.70882E-03
   0.93120      0.71884E-03
   0.93644      0.73541E-03
   0.94160      0.75349E-03
   0.94662      0.77088E-03
   0.95140      0.78734E-03
   0.95595      0.81342E-03
   0.96030      0.85601E-03
   0.96456      0.92834E-03
   0.96881      0.10290E-02
   0.97308      0.11471E-02
   0.97733      0.12621E-02
   0.98147      0.13635E-02
   0.98549      0.14914E-02
   0.98945      0.17146E-02
   0.99342      0.20296E-02
   0.99738      0.23874E-02
    1.0000      0.27795E-02
    1.0001       0.0000    
    1.0027       0.0000    
    1.0056       0.0000    
    1.0089       0.0000    
    1.0126       0.0000    
    1.0167       0.0000    
    1.0212       0.0000    
    1.0263       0.0000    
    1.0320       0.0000    
    1.0383       0.0000    
    1.0453       0.0000    
    1.0532       0.0000    
    1.0619       0.0000    
    1.0716       0.0000    
    1.0825       0.0000    
    1.0946       0.0000    
    1.1080       0.0000    
    1.1230       0.0000    
    1.1398       0.0000    
    1.1584       0.0000    
    1.1791       0.0000    
    1.2022       0.0000    
    1.2280       0.0000    
    1.2566       0.0000    
    1.2885       0.0000    
    1.3241       0.0000    
    1.3637       0.0000    
    1.4078       0.0000    
    1.4570       0.0000    
    1.5117       0.0000    
    1.5727       0.0000    
    1.6406       0.0000    
    1.7162       0.0000    
    1.8004       0.0000    
    1.8942       0.0000    
    1.9987       0.0000    

