#  GRUMMAN K-2 AIRFOIL                             
#  alpha =   2.0000
#  Mach  =   0.0000
#  Reyn  =   100000
#  Ncrit =  13.0000
#
#    x           cf
   0.26552E-03  0.38589E-02
   0.19630E-03  0.39301E-02
   0.95313E-04  0.10943E-01
   0.40619E-04  0.12627E-01
   0.94461E-05  0.18495E-01
  -0.36747E-05  0.23014E-01
   0.12968E-04  0.25842E-01
   0.51958E-04  0.32244E-01
   0.11783E-03  0.40596E-01
   0.21595E-03  0.44879E-01
   0.35184E-03  0.55381E-01
   0.53406E-03  0.67634E-01
   0.77928E-03  0.77885E-01
   0.11088E-02  0.85715E-01
   0.15428E-02  0.79835E-01
   0.20737E-02  0.69416E-01
   0.26829E-02  0.63431E-01
   0.33776E-02  0.49892E-01
   0.41380E-02  0.41657E-01
   0.49506E-02  0.36084E-01
   0.58109E-02  0.31773E-01
   0.67178E-02  0.30483E-01
   0.76703E-02  0.28258E-01
   0.86679E-02  0.27042E-01
   0.97117E-02  0.25772E-01
   0.10803E-01  0.25315E-01
   0.11945E-01  0.24172E-01
   0.13139E-01  0.23605E-01
   0.14387E-01  0.22933E-01
   0.15692E-01  0.22898E-01
   0.17058E-01  0.22294E-01
   0.18491E-01  0.21256E-01
   0.19998E-01  0.20707E-01
   0.21585E-01  0.19081E-01
   0.23258E-01  0.17181E-01
   0.25022E-01  0.16302E-01
   0.26881E-01  0.15450E-01
   0.28836E-01  0.15212E-01
   0.30889E-01  0.15784E-01
   0.33045E-01  0.16215E-01
   0.35314E-01  0.16425E-01
   0.37710E-01  0.15813E-01
   0.40241E-01  0.15369E-01
   0.42915E-01  0.14492E-01
   0.45741E-01  0.14089E-01
   0.48729E-01  0.13235E-01
   0.51887E-01  0.12246E-01
   0.55233E-01  0.11149E-01
   0.58788E-01  0.10102E-01
   0.62566E-01  0.88811E-02
   0.66577E-01  0.79309E-02
   0.70849E-01  0.71592E-02
   0.75402E-01  0.65884E-02
   0.80243E-01  0.62612E-02
   0.85374E-01  0.59670E-02
   0.90785E-01  0.57051E-02
   0.96466E-01  0.55557E-02
   0.10240      0.54449E-02
   0.10856      0.53432E-02
   0.11493      0.51892E-02
   0.12147      0.51036E-02
   0.12818      0.50132E-02
   0.13503      0.49277E-02
   0.14200      0.47469E-02
   0.14907      0.46274E-02
   0.15624      0.44929E-02
   0.16349      0.43803E-02
   0.17081      0.42064E-02
   0.17820      0.41253E-02
   0.18563      0.40357E-02
   0.19311      0.38814E-02
   0.20063      0.38327E-02
   0.20817      0.37249E-02
   0.21574      0.36393E-02
   0.22333      0.35715E-02
   0.23092      0.35181E-02
   0.23850      0.34488E-02
   0.24607      0.33911E-02
   0.25361      0.33603E-02
   0.26108      0.33057E-02
   0.26847      0.32335E-02
   0.27579      0.31964E-02
   0.28299      0.31718E-02
   0.29002      0.32428E-02
   0.29682      0.32631E-02
   0.30343      0.31220E-02
   0.30988      0.28129E-02
   0.31625      0.24982E-02
   0.32258      0.23654E-02
   0.32892      0.24692E-02
   0.33530      0.27190E-02
   0.34179      0.29874E-02
   0.34842      0.30845E-02
   0.35524      0.30562E-02
   0.36229      0.29295E-02
   0.36954      0.28376E-02
   0.37694      0.28080E-02
   0.38445      0.27910E-02
   0.39202      0.27778E-02
   0.39966      0.27388E-02
   0.40737      0.27131E-02
   0.41514      0.26756E-02
   0.42295      0.26425E-02
   0.43079      0.26122E-02
   0.43864      0.25916E-02
   0.44650      0.25635E-02
   0.45437      0.25350E-02
   0.46224      0.25144E-02
   0.47012      0.24835E-02
   0.47801      0.24581E-02
   0.48590      0.24278E-02
   0.49380      0.24055E-02
   0.50169      0.23751E-02
   0.50958      0.23531E-02
   0.51748      0.23259E-02
   0.52537      0.22964E-02
   0.53326      0.22735E-02
   0.54115      0.22438E-02
   0.54904      0.22160E-02
   0.55693      0.21895E-02
   0.56482      0.21562E-02
   0.57270      0.21297E-02
   0.58058      0.20999E-02
   0.58846      0.20677E-02
   0.59633      0.20343E-02
   0.60421      0.20038E-02
   0.61208      0.19716E-02
   0.61994      0.19379E-02
   0.62779      0.19048E-02
   0.63563      0.18665E-02
   0.64347      0.18269E-02
   0.65129      0.17875E-02
   0.65911      0.17439E-02
   0.66693      0.16948E-02
   0.67473      0.16516E-02
   0.68252      0.15965E-02
   0.69030      0.15457E-02
   0.69806      0.14865E-02
   0.70580      0.14276E-02
   0.71350      0.13620E-02
   0.72118      0.12924E-02
   0.72884      0.12153E-02
   0.73646      0.11339E-02
   0.74405      0.10449E-02
   0.75161      0.94583E-03
   0.75914      0.84228E-03
   0.76665      0.73080E-03
   0.77414      0.61359E-03
   0.78162      0.49634E-03
   0.78909      0.37670E-03
   0.79655      0.26048E-03
   0.80402      0.14920E-03
   0.81149      0.47795E-04
   0.81896     -0.43357E-04
   0.82645     -0.12162E-03
   0.83396     -0.18514E-03
   0.84146     -0.23235E-03
   0.84891     -0.26683E-03
   0.85628     -0.29059E-03
   0.86355     -0.30513E-03
   0.87073     -0.31252E-03
   0.87782     -0.31461E-03
   0.88484     -0.31388E-03
   0.89181     -0.31020E-03
   0.89876     -0.30450E-03
   0.90568     -0.29864E-03
   0.91254     -0.29322E-03
   0.91932     -0.28845E-03
   0.92600     -0.28432E-03
   0.93253     -0.28075E-03
   0.93893     -0.27767E-03
   0.94520     -0.27503E-03
   0.95131     -0.27277E-03
   0.95727     -0.27087E-03
   0.96305     -0.26928E-03
   0.96867     -0.26797E-03
   0.97409     -0.26689E-03
   0.97929     -0.26602E-03
   0.98423     -0.26532E-03
   0.98889     -0.26475E-03
   0.99329     -0.26429E-03
   0.99740     -0.26392E-03
    1.0000     -0.23896E-03
    1.0001       0.0000    
    1.0027       0.0000    
    1.0057       0.0000    
    1.0089       0.0000    
    1.0126       0.0000    
    1.0167       0.0000    
    1.0212       0.0000    
    1.0263       0.0000    
    1.0320       0.0000    
    1.0383       0.0000    
    1.0454       0.0000    
    1.0532       0.0000    
    1.0620       0.0000    
    1.0717       0.0000    
    1.0826       0.0000    
    1.0947       0.0000    
    1.1081       0.0000    
    1.1232       0.0000    
    1.1399       0.0000    
    1.1585       0.0000    
    1.1793       0.0000    
    1.2024       0.0000    
    1.2282       0.0000    
    1.2569       0.0000    
    1.2888       0.0000    
    1.3244       0.0000    
    1.3641       0.0000    
    1.4082       0.0000    
    1.4574       0.0000    
    1.5122       0.0000    
    1.5732       0.0000    
    1.6411       0.0000    
    1.7168       0.0000    
    1.8010       0.0000    
    1.8949       0.0000    
    1.9994       0.0000    

   0.39313E-03  0.23253E-02
   0.54214E-03  0.52945E-02
   0.71625E-03  0.81979E-02
   0.92004E-03  0.16549E-01
   0.11545E-02  0.14318E-01
   0.14212E-02  0.24999E-01
   0.17253E-02  0.24713E-01
   0.20726E-02  0.38539E-01
   0.24656E-02  0.35103E-01
   0.29236E-02  0.41767E-01
   0.34163E-02  0.58974E-01
   0.40220E-02  0.48808E-01
   0.47047E-02  0.49483E-01
   0.54645E-02  0.39747E-01
   0.62883E-02  0.42648E-01
   0.71714E-02  0.38447E-01
   0.81091E-02  0.35735E-01
   0.91010E-02  0.31191E-01
   0.10147E-01  0.30337E-01
   0.11246E-01  0.29175E-01
   0.12399E-01  0.26690E-01
   0.13610E-01  0.25870E-01
   0.14880E-01  0.24690E-01
   0.16213E-01  0.22539E-01
   0.17613E-01  0.21347E-01
   0.19083E-01  0.20263E-01
   0.20629E-01  0.19213E-01
   0.22257E-01  0.18179E-01
   0.23973E-01  0.17549E-01
   0.25786E-01  0.16892E-01
   0.27703E-01  0.16492E-01
   0.29734E-01  0.15165E-01
   0.31891E-01  0.15133E-01
   0.34186E-01  0.14380E-01
   0.36631E-01  0.13863E-01
   0.39242E-01  0.13151E-01
   0.42034E-01  0.12955E-01
   0.45022E-01  0.12526E-01
   0.48223E-01  0.12167E-01
   0.51654E-01  0.11880E-01
   0.55327E-01  0.11456E-01
   0.59253E-01  0.11260E-01
   0.63440E-01  0.10861E-01
   0.67892E-01  0.10536E-01
   0.72616E-01  0.10403E-01
   0.77614E-01  0.98926E-02
   0.82884E-01  0.97132E-02
   0.88415E-01  0.93900E-02
   0.94191E-01  0.91578E-02
   0.10019      0.89369E-02
   0.10638      0.86873E-02
   0.11276      0.84635E-02
   0.11929      0.83272E-02
   0.12594      0.80763E-02
   0.13272      0.78710E-02
   0.13959      0.76513E-02
   0.14656      0.74107E-02
   0.15362      0.72041E-02
   0.16075      0.69651E-02
   0.16794      0.68258E-02
   0.17519      0.66104E-02
   0.18248      0.64864E-02
   0.18981      0.62948E-02
   0.19717      0.61514E-02
   0.20456      0.60444E-02
   0.21197      0.58616E-02
   0.21942      0.57393E-02
   0.22690      0.56189E-02
   0.23441      0.54547E-02
   0.24195      0.53506E-02
   0.24951      0.52528E-02
   0.25708      0.51361E-02
   0.26468      0.50692E-02
   0.27229      0.49431E-02
   0.27991      0.48889E-02
   0.28756      0.48032E-02
   0.29522      0.47187E-02
   0.30289      0.46686E-02
   0.31057      0.45839E-02
   0.31825      0.45360E-02
   0.32595      0.44738E-02
   0.33364      0.44145E-02
   0.34135      0.43518E-02
   0.34906      0.43168E-02
   0.35677      0.42395E-02
   0.36448      0.42000E-02
   0.37219      0.41438E-02
   0.37990      0.40759E-02
   0.38761      0.40262E-02
   0.39532      0.39738E-02
   0.40302      0.39129E-02
   0.41072      0.38631E-02
   0.41842      0.38036E-02
   0.42610      0.37571E-02
   0.43378      0.36974E-02
   0.44144      0.36316E-02
   0.44910      0.35797E-02
   0.45674      0.35015E-02
   0.46437      0.34369E-02
   0.47199      0.33496E-02
   0.47960      0.32707E-02
   0.48720      0.31711E-02
   0.49478      0.30805E-02
   0.50235      0.29682E-02
   0.50991      0.28590E-02
   0.51745      0.27340E-02
   0.52498      0.26002E-02
   0.53250      0.24621E-02
   0.54000      0.23088E-02
   0.54749      0.21523E-02
   0.55497      0.19773E-02
   0.56243      0.17997E-02
   0.56987      0.16089E-02
   0.57730      0.14140E-02
   0.58471      0.12147E-02
   0.59210      0.10088E-02
   0.59948      0.80602E-03
   0.60683      0.60342E-03
   0.61417      0.40739E-03
   0.62149      0.22834E-03
   0.62879      0.62995E-04
   0.63608     -0.77996E-04
   0.64335     -0.19396E-03
   0.65061     -0.28079E-03
   0.65786     -0.34024E-03
   0.66510     -0.37523E-03
   0.67232     -0.39036E-03
   0.67954     -0.39257E-03
   0.68676     -0.38856E-03
   0.69397     -0.37908E-03
   0.70117     -0.36921E-03
   0.70838     -0.36041E-03
   0.71559     -0.35296E-03
   0.72281     -0.34669E-03
   0.73004     -0.34150E-03
   0.73728     -0.33718E-03
   0.74453     -0.33361E-03
   0.75180     -0.33066E-03
   0.75910     -0.32825E-03
   0.76642     -0.32628E-03
   0.77378     -0.32470E-03
   0.78118     -0.32344E-03
   0.78863     -0.32246E-03
   0.79611     -0.32170E-03
   0.80361     -0.32115E-03
   0.81108     -0.32074E-03
   0.81847     -0.32045E-03
   0.82574     -0.32024E-03
   0.83289     -0.32008E-03
   0.83991     -0.31992E-03
   0.84680     -0.31975E-03
   0.85358     -0.31955E-03
   0.86023     -0.31930E-03
   0.86676     -0.31899E-03
   0.87316     -0.31861E-03
   0.87944     -0.31815E-03
   0.88561     -0.31760E-03
   0.89167     -0.31696E-03
   0.89763     -0.31622E-03
   0.90349     -0.31539E-03
   0.90927     -0.31446E-03
   0.91493     -0.31345E-03
   0.92047     -0.31236E-03
   0.92588     -0.31119E-03
   0.93120     -0.30994E-03
   0.93644     -0.30859E-03
   0.94160     -0.30721E-03
   0.94662     -0.30581E-03
   0.95140     -0.30444E-03
   0.95595     -0.30304E-03
   0.96030     -0.30158E-03
   0.96456     -0.29999E-03
   0.96881     -0.29831E-03
   0.97308     -0.29661E-03
   0.97733     -0.29500E-03
   0.98147     -0.29355E-03
   0.98549     -0.29220E-03
   0.98945     -0.29092E-03
   0.99342     -0.28988E-03
   0.99738     -0.28930E-03
    1.0000     -0.23895E-03
    1.0001       0.0000    
    1.0027       0.0000    
    1.0057       0.0000    
    1.0089       0.0000    
    1.0126       0.0000    
    1.0167       0.0000    
    1.0212       0.0000    
    1.0263       0.0000    
    1.0320       0.0000    
    1.0383       0.0000    
    1.0454       0.0000    
    1.0532       0.0000    
    1.0620       0.0000    
    1.0717       0.0000    
    1.0826       0.0000    
    1.0947       0.0000    
    1.1081       0.0000    
    1.1232       0.0000    
    1.1399       0.0000    
    1.1585       0.0000    
    1.1793       0.0000    
    1.2024       0.0000    
    1.2282       0.0000    
    1.2569       0.0000    
    1.2888       0.0000    
    1.3244       0.0000    
    1.3641       0.0000    
    1.4082       0.0000    
    1.4574       0.0000    
    1.5122       0.0000    
    1.5732       0.0000    
    1.6411       0.0000    
    1.7168       0.0000    
    1.8010       0.0000    
    1.8949       0.0000    
    1.9994       0.0000    

