#  NACA 0012                                       
#  alpha =   2.0000
#  Mach  =   0.0000
#  Reyn  =  1000000
#  Ncrit =   5.0000
#
#    x           cf
   0.91656E-03  0.14265E-03
   0.64864E-03  0.14140E-02
   0.42864E-03  0.30736E-02
   0.25560E-03  0.50819E-02
   0.12821E-03  0.58403E-02
   0.45260E-04  0.76100E-02
   0.49557E-05  0.97239E-02
   0.49527E-05  0.10294E-01
   0.45242E-04  0.11913E-01
   0.12819E-03  0.13250E-01
   0.25555E-03  0.14314E-01
   0.42861E-03  0.15162E-01
   0.64861E-03  0.15982E-01
   0.91648E-03  0.16331E-01
   0.12327E-02  0.17641E-01
   0.15977E-02  0.17103E-01
   0.20115E-02  0.16409E-01
   0.24744E-02  0.18007E-01
   0.29862E-02  0.16121E-01
   0.35470E-02  0.16045E-01
   0.41570E-02  0.16377E-01
   0.48164E-02  0.15849E-01
   0.55256E-02  0.14315E-01
   0.62852E-02  0.14732E-01
   0.70962E-02  0.13371E-01
   0.79597E-02  0.13326E-01
   0.88769E-02  0.12651E-01
   0.98498E-02  0.11927E-01
   0.10880E-01  0.11382E-01
   0.11971E-01  0.10872E-01
   0.13124E-01  0.10451E-01
   0.14343E-01  0.97062E-02
   0.15632E-01  0.93935E-02
   0.16994E-01  0.90105E-02
   0.18435E-01  0.83583E-02
   0.19959E-01  0.80802E-02
   0.21572E-01  0.77771E-02
   0.23281E-01  0.72416E-02
   0.25092E-01  0.69327E-02
   0.27014E-01  0.65821E-02
   0.29054E-01  0.62393E-02
   0.31221E-01  0.59516E-02
   0.33526E-01  0.56299E-02
   0.35978E-01  0.53976E-02
   0.38590E-01  0.51278E-02
   0.41370E-01  0.48779E-02
   0.44332E-01  0.46070E-02
   0.47486E-01  0.43746E-02
   0.50842E-01  0.41833E-02
   0.54409E-01  0.39879E-02
   0.58194E-01  0.37899E-02
   0.62203E-01  0.35829E-02
   0.66437E-01  0.34151E-02
   0.70896E-01  0.32446E-02
   0.75575E-01  0.31190E-02
   0.80467E-01  0.29629E-02
   0.85561E-01  0.28114E-02
   0.90846E-01  0.26859E-02
   0.96306E-01  0.25872E-02
   0.10193      0.24356E-02
   0.10770      0.23649E-02
   0.11360      0.22304E-02
   0.11961      0.21492E-02
   0.12574      0.20630E-02
   0.13195      0.19732E-02
   0.13825      0.18983E-02
   0.14463      0.18217E-02
   0.15107      0.17424E-02
   0.15757      0.16676E-02
   0.16412      0.16218E-02
   0.17072      0.15500E-02
   0.17737      0.14864E-02
   0.18405      0.14389E-02
   0.19077      0.13824E-02
   0.19753      0.13353E-02
   0.20431      0.12790E-02
   0.21113      0.12356E-02
   0.21797      0.11832E-02
   0.22484      0.11433E-02
   0.23173      0.11009E-02
   0.23864      0.10647E-02
   0.24557      0.10293E-02
   0.25252      0.98863E-03
   0.25949      0.95717E-03
   0.26648      0.92568E-03
   0.27348      0.89395E-03
   0.28050      0.86287E-03
   0.28753      0.84906E-03
   0.29457      0.81999E-03
   0.30163      0.81152E-03
   0.30871      0.79876E-03
   0.31579      0.79687E-03
   0.32288      0.80590E-03
   0.32999      0.83920E-03
   0.33711      0.90765E-03
   0.34423      0.12060E-02
   0.35137      0.16681E-02
   0.35851      0.23019E-02
   0.36567      0.31605E-02
   0.37283      0.39445E-02
   0.38000      0.45833E-02
   0.38718      0.50376E-02
   0.39437      0.53601E-02
   0.40156      0.55649E-02
   0.40876      0.56831E-02
   0.41596      0.57467E-02
   0.42318      0.57590E-02
   0.43040      0.57490E-02
   0.43762      0.57218E-02
   0.44485      0.56672E-02
   0.45209      0.56177E-02
   0.45933      0.55564E-02
   0.46657      0.54963E-02
   0.47382      0.54246E-02
   0.48108      0.53568E-02
   0.48834      0.52917E-02
   0.49560      0.52264E-02
   0.50287      0.51647E-02
   0.51014      0.51036E-02
   0.51742      0.50382E-02
   0.52470      0.49771E-02
   0.53198      0.49220E-02
   0.53926      0.48616E-02
   0.54655      0.48099E-02
   0.55384      0.47537E-02
   0.56114      0.47042E-02
   0.56844      0.46509E-02
   0.57574      0.46022E-02
   0.58304      0.45538E-02
   0.59034      0.45082E-02
   0.59765      0.44624E-02
   0.60496      0.44198E-02
   0.61227      0.43727E-02
   0.61959      0.43335E-02
   0.62690      0.42876E-02
   0.63422      0.42488E-02
   0.64153      0.42074E-02
   0.64885      0.41683E-02
   0.65617      0.41312E-02
   0.66349      0.40900E-02
   0.67082      0.40525E-02
   0.67814      0.40150E-02
   0.68546      0.39770E-02
   0.69279      0.39401E-02
   0.70011      0.39016E-02
   0.70744      0.38708E-02
   0.71477      0.38302E-02
   0.72209      0.37946E-02
   0.72942      0.37573E-02
   0.73674      0.37218E-02
   0.74407      0.36872E-02
   0.75140      0.36537E-02
   0.75872      0.36144E-02
   0.76605      0.35786E-02
   0.77337      0.35393E-02
   0.78070      0.35058E-02
   0.78802      0.34684E-02
   0.79535      0.34303E-02
   0.80267      0.33910E-02
   0.80999      0.33512E-02
   0.81731      0.33152E-02
   0.82462      0.32727E-02
   0.83194      0.32315E-02
   0.83925      0.31889E-02
   0.84656      0.31493E-02
   0.85387      0.31010E-02
   0.86117      0.30574E-02
   0.86847      0.30112E-02
   0.87576      0.29573E-02
   0.88304      0.29110E-02
   0.89031      0.28566E-02
   0.89756      0.28042E-02
   0.90480      0.27467E-02
   0.91200      0.26827E-02
   0.91916      0.26213E-02
   0.92628      0.25556E-02
   0.93332      0.24851E-02
   0.94028      0.24105E-02
   0.94711      0.23334E-02
   0.95379      0.22522E-02
   0.96028      0.21662E-02
   0.96654      0.20796E-02
   0.97252      0.19874E-02
   0.97818      0.18951E-02
   0.98351      0.18022E-02
   0.98848      0.17093E-02
   0.99309      0.16198E-02
   0.99735      0.15309E-02
    1.0000      0.14965E-02
    1.0001       0.0000    
    1.0028       0.0000    
    1.0058       0.0000    
    1.0091       0.0000    
    1.0128       0.0000    
    1.0169       0.0000    
    1.0215       0.0000    
    1.0266       0.0000    
    1.0323       0.0000    
    1.0386       0.0000    
    1.0457       0.0000    
    1.0535       0.0000    
    1.0623       0.0000    
    1.0721       0.0000    
    1.0829       0.0000    
    1.0950       0.0000    
    1.1085       0.0000    
    1.1235       0.0000    
    1.1403       0.0000    
    1.1589       0.0000    
    1.1797       0.0000    
    1.2028       0.0000    
    1.2285       0.0000    
    1.2572       0.0000    
    1.2892       0.0000    
    1.3248       0.0000    
    1.3644       0.0000    
    1.4085       0.0000    
    1.4577       0.0000    
    1.5125       0.0000    
    1.5735       0.0000    
    1.6414       0.0000    
    1.7171       0.0000    
    1.8014       0.0000    
    1.8953       0.0000    
    1.9999       0.0000    

   0.12328E-02  0.13867E-02
   0.15978E-02  0.24403E-02
   0.20116E-02  0.35045E-02
   0.24744E-02  0.48978E-02
   0.29863E-02  0.55292E-02
   0.35471E-02  0.57061E-02
   0.41571E-02  0.73520E-02
   0.48164E-02  0.69425E-02
   0.55257E-02  0.76286E-02
   0.62854E-02  0.76611E-02
   0.70964E-02  0.86561E-02
   0.79599E-02  0.77234E-02
   0.88771E-02  0.80497E-02
   0.98499E-02  0.86237E-02
   0.10880E-01  0.79962E-02
   0.11971E-01  0.80861E-02
   0.13124E-01  0.82685E-02
   0.14343E-01  0.77202E-02
   0.15632E-01  0.79039E-02
   0.16994E-01  0.76420E-02
   0.18435E-01  0.73759E-02
   0.19959E-01  0.72803E-02
   0.21573E-01  0.73701E-02
   0.23281E-01  0.67537E-02
   0.25093E-01  0.67677E-02
   0.27014E-01  0.66543E-02
   0.29054E-01  0.63240E-02
   0.31221E-01  0.63143E-02
   0.33526E-01  0.59007E-02
   0.35979E-01  0.57629E-02
   0.38590E-01  0.56618E-02
   0.41371E-01  0.54311E-02
   0.44333E-01  0.52637E-02
   0.47486E-01  0.50790E-02
   0.50842E-01  0.48989E-02
   0.54409E-01  0.47427E-02
   0.58194E-01  0.45739E-02
   0.62203E-01  0.43798E-02
   0.66437E-01  0.42162E-02
   0.70896E-01  0.41284E-02
   0.75575E-01  0.39166E-02
   0.80467E-01  0.37815E-02
   0.85561E-01  0.36604E-02
   0.90846E-01  0.35139E-02
   0.96307E-01  0.34058E-02
   0.10193      0.32782E-02
   0.10770      0.31747E-02
   0.11360      0.30600E-02
   0.11961      0.29502E-02
   0.12574      0.28700E-02
   0.13195      0.27685E-02
   0.13825      0.26924E-02
   0.14463      0.25832E-02
   0.15107      0.25286E-02
   0.15757      0.24444E-02
   0.16412      0.23727E-02
   0.17072      0.23019E-02
   0.17737      0.22360E-02
   0.18405      0.21686E-02
   0.19077      0.21201E-02
   0.19753      0.20594E-02
   0.20432      0.19980E-02
   0.21113      0.19443E-02
   0.21797      0.18860E-02
   0.22484      0.18425E-02
   0.23173      0.18062E-02
   0.23864      0.17451E-02
   0.24557      0.17035E-02
   0.25252      0.16686E-02
   0.25949      0.16196E-02
   0.26648      0.15825E-02
   0.27348      0.15450E-02
   0.28050      0.15093E-02
   0.28753      0.14669E-02
   0.29457      0.14306E-02
   0.30163      0.14007E-02
   0.30871      0.13560E-02
   0.31579      0.13385E-02
   0.32288      0.13004E-02
   0.32999      0.12723E-02
   0.33711      0.12407E-02
   0.34423      0.12055E-02
   0.35137      0.11907E-02
   0.35851      0.11523E-02
   0.36567      0.11331E-02
   0.37283      0.10977E-02
   0.38000      0.10789E-02
   0.38718      0.10565E-02
   0.39437      0.10262E-02
   0.40156      0.10041E-02
   0.40876      0.98391E-03
   0.41596      0.96300E-03
   0.42318      0.93594E-03
   0.43040      0.91710E-03
   0.43762      0.89297E-03
   0.44485      0.87788E-03
   0.45209      0.85313E-03
   0.45933      0.83572E-03
   0.46657      0.81550E-03
   0.47382      0.79830E-03
   0.48108      0.78097E-03
   0.48834      0.76168E-03
   0.49560      0.74602E-03
   0.50287      0.72488E-03
   0.51014      0.70946E-03
   0.51742      0.69478E-03
   0.52470      0.67851E-03
   0.53198      0.66217E-03
   0.53926      0.64687E-03
   0.54655      0.63258E-03
   0.55385      0.61863E-03
   0.56114      0.60215E-03
   0.56844      0.58773E-03
   0.57574      0.57394E-03
   0.58304      0.56015E-03
   0.59035      0.54872E-03
   0.59765      0.53617E-03
   0.60496      0.52085E-03
   0.61227      0.51092E-03
   0.61959      0.49853E-03
   0.62690      0.48902E-03
   0.63422      0.47837E-03
   0.64153      0.46933E-03
   0.64885      0.45839E-03
   0.65617      0.45010E-03
   0.66349      0.44578E-03
   0.67082      0.43731E-03
   0.67814      0.43309E-03
   0.68546      0.43324E-03
   0.69279      0.43274E-03
   0.70011      0.43876E-03
   0.70744      0.44884E-03
   0.71477      0.46748E-03
   0.72209      0.50888E-03
   0.72942      0.62374E-03
   0.73675      0.81439E-03
   0.74407      0.11097E-02
   0.75140      0.14858E-02
   0.75872      0.18917E-02
   0.76605      0.23021E-02
   0.77337      0.26782E-02
   0.78070      0.29960E-02
   0.78802      0.32599E-02
   0.79535      0.34730E-02
   0.80267      0.36323E-02
   0.80999      0.37542E-02
   0.81731      0.38405E-02
   0.82462      0.38926E-02
   0.83194      0.39362E-02
   0.83925      0.39509E-02
   0.84656      0.39525E-02
   0.85387      0.39487E-02
   0.86117      0.39254E-02
   0.86847      0.38953E-02
   0.87576      0.38670E-02
   0.88304      0.38231E-02
   0.89031      0.37840E-02
   0.89756      0.37288E-02
   0.90480      0.36758E-02
   0.91200      0.36203E-02
   0.91916      0.35612E-02
   0.92628      0.34924E-02
   0.93332      0.34261E-02
   0.94028      0.33496E-02
   0.94711      0.32731E-02
   0.95379      0.31863E-02
   0.96028      0.31035E-02
   0.96654      0.30048E-02
   0.97252      0.29063E-02
   0.97818      0.27967E-02
   0.98351      0.26861E-02
   0.98848      0.25657E-02
   0.99309      0.24433E-02
   0.99735      0.23091E-02
    1.0000      0.22893E-02
    1.0001       0.0000    
    1.0028       0.0000    
    1.0058       0.0000    
    1.0091       0.0000    
    1.0128       0.0000    
    1.0169       0.0000    
    1.0215       0.0000    
    1.0266       0.0000    
    1.0323       0.0000    
    1.0386       0.0000    
    1.0457       0.0000    
    1.0535       0.0000    
    1.0623       0.0000    
    1.0721       0.0000    
    1.0829       0.0000    
    1.0950       0.0000    
    1.1085       0.0000    
    1.1235       0.0000    
    1.1403       0.0000    
    1.1589       0.0000    
    1.1797       0.0000    
    1.2028       0.0000    
    1.2285       0.0000    
    1.2572       0.0000    
    1.2892       0.0000    
    1.3248       0.0000    
    1.3644       0.0000    
    1.4085       0.0000    
    1.4577       0.0000    
    1.5125       0.0000    
    1.5735       0.0000    
    1.6414       0.0000    
    1.7171       0.0000    
    1.8014       0.0000    
    1.8953       0.0000    
    1.9999       0.0000    

