GRUMMAN K-2 AIRFOIL                             
 Alfa =  -1.03200 Re =        0.000 Xflap,Yflap =     0.000000    0.000000
#    x        y        Cp  
   1.00000  0.01371  0.25409
   0.99740  0.01444  0.09890
   0.99329  0.01549  0.06104
   0.98889  0.01657  0.04540
   0.98423  0.01772  0.00479
   0.97929  0.01890 -0.03032
   0.97409  0.02011 -0.05643
   0.96867  0.02135 -0.08707
   0.96305  0.02259 -0.11376
   0.95727  0.02381 -0.13557
   0.95131  0.02502 -0.15673
   0.94520  0.02620 -0.17199
   0.93893  0.02735 -0.18524
   0.93253  0.02848 -0.19664
   0.92600  0.02957 -0.20393
   0.91932  0.03065 -0.21023
   0.91254  0.03170 -0.21726
   0.90568  0.03272 -0.22613
   0.89876  0.03372 -0.23364
   0.89181  0.03467 -0.24196
   0.88484  0.03559 -0.24808
   0.87782  0.03647 -0.25083
   0.87073  0.03731 -0.25212
   0.86355  0.03812 -0.25340
   0.85628  0.03891 -0.25221
   0.84891  0.03968 -0.25158
   0.84146  0.04044 -0.25161
   0.83396  0.04117 -0.25171
   0.82645  0.04190 -0.25754
   0.81896  0.04260 -0.26264
   0.81149  0.04327 -0.26637
   0.80402  0.04391 -0.26899
   0.79655  0.04452 -0.27164
   0.78909  0.04510 -0.27385
   0.78162  0.04565 -0.27483
   0.77414  0.04617 -0.27445
   0.76665  0.04666 -0.27502
   0.75914  0.04713 -0.27386
   0.75161  0.04756 -0.27218
   0.74405  0.04798 -0.27052
   0.73646  0.04837 -0.26779
   0.72884  0.04874 -0.26544
   0.72118  0.04909 -0.26270
   0.71350  0.04943 -0.25953
   0.70580  0.04974 -0.25783
   0.69806  0.05004 -0.25488
   0.69030  0.05033 -0.25303
   0.68252  0.05060 -0.25100
   0.67473  0.05086 -0.24940
   0.66693  0.05111 -0.24729
   0.65911  0.05135 -0.24615
   0.65129  0.05157 -0.24484
   0.64347  0.05178 -0.24289
   0.63563  0.05197 -0.24191
   0.62779  0.05216 -0.24053
   0.61994  0.05233 -0.23862
   0.61208  0.05249 -0.23819
   0.60421  0.05264 -0.23582
   0.59633  0.05278 -0.23515
   0.58846  0.05291 -0.23405
   0.58058  0.05303 -0.23357
   0.57270  0.05314 -0.23246
   0.56482  0.05324 -0.23169
   0.55693  0.05333 -0.23075
   0.54904  0.05340 -0.23025
   0.54115  0.05347 -0.22897
   0.53326  0.05353 -0.22878
   0.52537  0.05358 -0.22756
   0.51748  0.05361 -0.22683
   0.50958  0.05364 -0.22666
   0.50169  0.05366 -0.22520
   0.49380  0.05367 -0.22573
   0.48590  0.05367 -0.22420
   0.47801  0.05366 -0.22474
   0.47012  0.05363 -0.22386
   0.46224  0.05360 -0.22330
   0.45437  0.05356 -0.22284
   0.44650  0.05351 -0.22247
   0.43864  0.05345 -0.22152
   0.43079  0.05338 -0.22150
   0.42295  0.05330 -0.22134
   0.41514  0.05321 -0.22116
   0.40737  0.05312 -0.22198
   0.39966  0.05301 -0.22158
   0.39202  0.05289 -0.22295
   0.38445  0.05276 -0.22021
   0.37694  0.05262 -0.21772
   0.36954  0.05249 -0.21691
   0.36229  0.05236 -0.22431
   0.35524  0.05223 -0.23547
   0.34842  0.05207 -0.24493
   0.34179  0.05185 -0.23628
   0.33530  0.05159 -0.20923
   0.32892  0.05132 -0.18240
   0.32258  0.05111 -0.16874
   0.31625  0.05098 -0.18542
   0.30988  0.05089 -0.21527
   0.30343  0.05078 -0.24310
   0.29682  0.05061 -0.24562
   0.29002  0.05037 -0.23328
   0.28299  0.05009 -0.22154
   0.27579  0.04982 -0.22050
   0.26847  0.04954 -0.22486
   0.26108  0.04924 -0.22708
   0.25361  0.04892 -0.22625
   0.24607  0.04858 -0.22659
   0.23850  0.04823 -0.22789
   0.23092  0.04786 -0.22867
   0.22333  0.04747 -0.22981
   0.21574  0.04707 -0.23068
   0.20817  0.04664 -0.23288
   0.20063  0.04620 -0.23376
   0.19311  0.04574 -0.23496
   0.18563  0.04526 -0.23857
   0.17820  0.04475 -0.23872
   0.17081  0.04423 -0.24048
   0.16349  0.04368 -0.24339
   0.15624  0.04311 -0.24396
   0.14907  0.04251 -0.24696
   0.14200  0.04189 -0.24819
   0.13503  0.04125 -0.24980
   0.12818  0.04059 -0.25123
   0.12147  0.03990 -0.25216
   0.11493  0.03919 -0.25290
   0.10856  0.03847 -0.25372
   0.10240  0.03773 -0.25406
   0.09647  0.03699 -0.25587
   0.09078  0.03624 -0.25848
   0.08537  0.03550 -0.25802
   0.08024  0.03476 -0.26429
   0.07540  0.03403 -0.26707
   0.07085  0.03331 -0.27189
   0.06658  0.03261 -0.28589
   0.06257  0.03190 -0.28768
   0.05879  0.03120 -0.30021
   0.05523  0.03050 -0.30560
   0.05189  0.02978 -0.30484
   0.04873  0.02906 -0.29971
   0.04574  0.02833 -0.28971
   0.04291  0.02760 -0.28139
   0.04024  0.02687 -0.26733
   0.03771  0.02615 -0.25622
   0.03531  0.02543 -0.24939
   0.03305  0.02471 -0.22521
   0.03089  0.02399 -0.19556
   0.02884  0.02329 -0.17247
   0.02688  0.02260 -0.15784
   0.02502  0.02195 -0.15742
   0.02326  0.02131 -0.15724
   0.02159  0.02067 -0.15763
   0.02000  0.02005 -0.15322
   0.01849  0.01942 -0.14399
   0.01706  0.01880 -0.12705
   0.01569  0.01817 -0.10146
   0.01439  0.01754 -0.08020
   0.01314  0.01692 -0.05810
   0.01194  0.01630 -0.03916
   0.01080  0.01568 -0.02164
   0.00971  0.01507 -0.00525
   0.00867  0.01445  0.01788
   0.00767  0.01383  0.03277
   0.00672  0.01321  0.05432
   0.00581  0.01258  0.07126
   0.00495  0.01194  0.09879
   0.00414  0.01128  0.11811
   0.00338  0.01061  0.14096
   0.00268  0.00990  0.16933
   0.00207  0.00914  0.28186
   0.00154  0.00835  0.37267
   0.00111  0.00752  0.49698
   0.00078  0.00665  0.63965
   0.00053  0.00577  0.75614
   0.00035  0.00489  0.84159
   0.00022  0.00400  0.90027
   0.00012  0.00312  0.94421
   0.00005  0.00224  0.97177
   0.00001  0.00137  0.98949
  -0.00000  0.00051  0.99855
   0.00001 -0.00034  0.99954
   0.00004 -0.00120  0.99326
   0.00010 -0.00206  0.97958
   0.00020 -0.00292  0.96569
   0.00027 -0.00380  0.93055
   0.00039 -0.00468  0.90091
   0.00054 -0.00556  0.85814
   0.00072 -0.00645  0.80518
   0.00092 -0.00735  0.74570
   0.00115 -0.00824  0.67522
   0.00142 -0.00914  0.58505
   0.00173 -0.01004  0.48450
   0.00207 -0.01094  0.36898
   0.00247 -0.01182  0.20655
   0.00292 -0.01269  0.12715
   0.00342 -0.01356 -0.19272
   0.00402 -0.01437 -0.25823
   0.00470 -0.01514 -0.36500
   0.00546 -0.01587 -0.40487
   0.00629 -0.01657 -0.43834
   0.00717 -0.01724 -0.45457
   0.00811 -0.01789 -0.47410
   0.00910 -0.01851 -0.47694
   0.01015 -0.01912 -0.47725
   0.01125 -0.01971 -0.48091
   0.01240 -0.02029 -0.47700
   0.01361 -0.02086 -0.47434
   0.01488 -0.02142 -0.47001
   0.01621 -0.02198 -0.45852
   0.01761 -0.02253 -0.45340
   0.01908 -0.02307 -0.44042
   0.02063 -0.02362 -0.43775
   0.02226 -0.02417 -0.42731
   0.02397 -0.02472 -0.41457
   0.02579 -0.02528 -0.40933
   0.02770 -0.02584 -0.40090
   0.02973 -0.02641 -0.39496
   0.03189 -0.02700 -0.38900
   0.03419 -0.02759 -0.38430
   0.03663 -0.02820 -0.37530
   0.03924 -0.02882 -0.37035
   0.04203 -0.02945 -0.36120
   0.04502 -0.03011 -0.35604
   0.04822 -0.03078 -0.35164
   0.05165 -0.03148 -0.34962
   0.05533 -0.03220 -0.34649
   0.05925 -0.03293 -0.34466
   0.06344 -0.03368 -0.34113
   0.06789 -0.03445 -0.34023
   0.07262 -0.03522 -0.33659
   0.07761 -0.03600 -0.33619
   0.08288 -0.03679 -0.33389
   0.08842 -0.03758 -0.33164
   0.09419 -0.03836 -0.32958
   0.10019 -0.03914 -0.32845
   0.10638 -0.03991 -0.32844
   0.11276 -0.04065 -0.32828
   0.11929 -0.04138 -0.32826
   0.12594 -0.04208 -0.32764
   0.13272 -0.04276 -0.32726
   0.13959 -0.04340 -0.32647
   0.14656 -0.04401 -0.32401
   0.15362 -0.04460 -0.32288
   0.16075 -0.04515 -0.31955
   0.16794 -0.04567 -0.31781
   0.17519 -0.04616 -0.31496
   0.18248 -0.04663 -0.31342
   0.18981 -0.04706 -0.31166
   0.19717 -0.04747 -0.31070
   0.20456 -0.04785 -0.30692
   0.21197 -0.04820 -0.30641
   0.21942 -0.04852 -0.30267
   0.22690 -0.04882 -0.30044
   0.23441 -0.04909 -0.29606
   0.24195 -0.04934 -0.29426
   0.24951 -0.04956 -0.29250
   0.25708 -0.04977 -0.28954
   0.26468 -0.04995 -0.28851
   0.27229 -0.05011 -0.28453
   0.27991 -0.05024 -0.28336
   0.28756 -0.05036 -0.28018
   0.29522 -0.05046 -0.27849
   0.30289 -0.05054 -0.27686
   0.31057 -0.05060 -0.27498
   0.31825 -0.05064 -0.27298
   0.32595 -0.05066 -0.27162
   0.33364 -0.05066 -0.27030
   0.34135 -0.05065 -0.26870
   0.34906 -0.05061 -0.26718
   0.35677 -0.05056 -0.26557
   0.36448 -0.05048 -0.26414
   0.37219 -0.05039 -0.26273
   0.37990 -0.05028 -0.26094
   0.38761 -0.05015 -0.25976
   0.39532 -0.05001 -0.25864
   0.40302 -0.04984 -0.25745
   0.41072 -0.04966 -0.25554
   0.41842 -0.04945 -0.25512
   0.42610 -0.04923 -0.25392
   0.43378 -0.04899 -0.25335
   0.44144 -0.04873 -0.25138
   0.44910 -0.04845 -0.25102
   0.45674 -0.04815 -0.24963
   0.46437 -0.04783 -0.24907
   0.47199 -0.04749 -0.24753
   0.47960 -0.04713 -0.24582
   0.48720 -0.04674 -0.24468
   0.49478 -0.04634 -0.24311
   0.50235 -0.04590 -0.24088
   0.50991 -0.04545 -0.23983
   0.51745 -0.04497 -0.23730
   0.52498 -0.04447 -0.23507
   0.53250 -0.04395 -0.23309
   0.54000 -0.04340 -0.23068
   0.54749 -0.04282 -0.22797
   0.55497 -0.04222 -0.22498
   0.56243 -0.04159 -0.22151
   0.56987 -0.04093 -0.21829
   0.57730 -0.04025 -0.21475
   0.58471 -0.03954 -0.21079
   0.59210 -0.03881 -0.20672
   0.59948 -0.03804 -0.20245
   0.60683 -0.03724 -0.19798
   0.61417 -0.03642 -0.19189
   0.62149 -0.03556 -0.18733
   0.62879 -0.03468 -0.18023
   0.63608 -0.03376 -0.17468
   0.64335 -0.03281 -0.16667
   0.65061 -0.03183 -0.15975
   0.65786 -0.03081 -0.15133
   0.66510 -0.02976 -0.14257
   0.67232 -0.02867 -0.13298
   0.67954 -0.02755 -0.12304
   0.68676 -0.02640 -0.11258
   0.69397 -0.02520 -0.10156
   0.70117 -0.02398 -0.08895
   0.70838 -0.02271 -0.07640
   0.71559 -0.02141 -0.06307
   0.72281 -0.02007 -0.04884
   0.73004 -0.01870 -0.03423
   0.73728 -0.01729 -0.01831
   0.74453 -0.01584 -0.00095
   0.75180 -0.01436  0.01528
   0.75910 -0.01284  0.03511
   0.76642 -0.01128  0.05298
   0.77378 -0.00969  0.07462
   0.78118 -0.00807  0.09333
   0.78863 -0.00642  0.11665
   0.79611 -0.00475  0.13731
   0.80361 -0.00306  0.16157
   0.81108 -0.00138  0.18433
   0.81847  0.00029  0.20720
   0.82574  0.00191  0.23079
   0.83289  0.00348  0.25267
   0.83991  0.00499  0.27305
   0.84680  0.00644  0.29264
   0.85358  0.00782  0.31196
   0.86023  0.00913  0.32813
   0.86676  0.01036  0.34659
   0.87316  0.01151  0.36073
   0.87944  0.01258  0.37700
   0.88561  0.01356  0.38876
   0.89167  0.01445  0.40092
   0.89763  0.01526  0.41162
   0.90349  0.01599  0.42115
   0.90927  0.01663  0.42888
   0.91493  0.01718  0.43842
   0.92047  0.01765  0.44434
   0.92588  0.01803  0.45245
   0.93120  0.01832  0.45605
   0.93644  0.01853  0.45682
   0.94160  0.01868  0.45969
   0.94662  0.01876  0.46666
   0.95140  0.01879  0.48189
   0.95595  0.01872  0.49156
   0.96030  0.01853  0.49659
   0.96456  0.01820  0.48162
   0.96881  0.01775  0.45410
   0.97308  0.01723  0.42697
   0.97733  0.01672  0.41477
   0.98147  0.01621  0.42784
   0.98549  0.01562  0.43470
   0.98945  0.01488  0.38949
   0.99342  0.01406  0.32478
   0.99738  0.01325  0.29938
   1.00000  0.01271  0.25409
