GRUMMAN K-2 AIRFOIL                             
 Alfa =  -1.06600 Re =        0.000 Xflap,Yflap =     0.000000    0.000000
#    x        y        Cp  
   1.00000  0.01371  0.25411
   0.99740  0.01444  0.09895
   0.99329  0.01549  0.06109
   0.98889  0.01657  0.04550
   0.98423  0.01772  0.00492
   0.97929  0.01890 -0.03017
   0.97409  0.02011 -0.05625
   0.96867  0.02135 -0.08687
   0.96305  0.02259 -0.11353
   0.95727  0.02381 -0.13532
   0.95131  0.02502 -0.15645
   0.94520  0.02620 -0.17168
   0.93893  0.02735 -0.18491
   0.93253  0.02848 -0.19629
   0.92600  0.02957 -0.20356
   0.91932  0.03065 -0.20983
   0.91254  0.03170 -0.21685
   0.90568  0.03272 -0.22568
   0.89876  0.03372 -0.23318
   0.89181  0.03467 -0.24147
   0.88484  0.03559 -0.24757
   0.87782  0.03647 -0.25031
   0.87073  0.03731 -0.25157
   0.86355  0.03812 -0.25283
   0.85628  0.03891 -0.25164
   0.84891  0.03968 -0.25097
   0.84146  0.04044 -0.25099
   0.83396  0.04117 -0.25107
   0.82645  0.04190 -0.25688
   0.81896  0.04260 -0.26196
   0.81149  0.04327 -0.26567
   0.80402  0.04391 -0.26828
   0.79655  0.04452 -0.27089
   0.78909  0.04510 -0.27310
   0.78162  0.04565 -0.27405
   0.77414  0.04617 -0.27365
   0.76665  0.04666 -0.27420
   0.75914  0.04713 -0.27304
   0.75161  0.04756 -0.27134
   0.74405  0.04798 -0.26967
   0.73646  0.04837 -0.26691
   0.72884  0.04874 -0.26455
   0.72118  0.04909 -0.26179
   0.71350  0.04943 -0.25860
   0.70580  0.04974 -0.25689
   0.69806  0.05004 -0.25393
   0.69030  0.05033 -0.25205
   0.68252  0.05060 -0.25001
   0.67473  0.05086 -0.24839
   0.66693  0.05111 -0.24627
   0.65911  0.05135 -0.24511
   0.65129  0.05157 -0.24377
   0.64347  0.05178 -0.24182
   0.63563  0.05197 -0.24082
   0.62779  0.05216 -0.23942
   0.61994  0.05233 -0.23749
   0.61208  0.05249 -0.23705
   0.60421  0.05264 -0.23466
   0.59633  0.05278 -0.23396
   0.58846  0.05291 -0.23285
   0.58058  0.05303 -0.23235
   0.57270  0.05314 -0.23122
   0.56482  0.05324 -0.23043
   0.55693  0.05333 -0.22948
   0.54904  0.05340 -0.22896
   0.54115  0.05347 -0.22765
   0.53326  0.05353 -0.22744
   0.52537  0.05358 -0.22620
   0.51748  0.05361 -0.22544
   0.50958  0.05364 -0.22527
   0.50169  0.05366 -0.22378
   0.49380  0.05367 -0.22428
   0.48590  0.05367 -0.22274
   0.47801  0.05366 -0.22325
   0.47012  0.05363 -0.22236
   0.46224  0.05360 -0.22177
   0.45437  0.05356 -0.22128
   0.44650  0.05351 -0.22089
   0.43864  0.05345 -0.21992
   0.43079  0.05338 -0.21986
   0.42295  0.05330 -0.21968
   0.41514  0.05321 -0.21948
   0.40737  0.05312 -0.22027
   0.39966  0.05301 -0.21984
   0.39202  0.05289 -0.22118
   0.38445  0.05276 -0.21841
   0.37694  0.05262 -0.21591
   0.36954  0.05249 -0.21506
   0.36229  0.05236 -0.22242
   0.35524  0.05223 -0.23354
   0.34842  0.05207 -0.24296
   0.34179  0.05185 -0.23429
   0.33530  0.05159 -0.20725
   0.32892  0.05132 -0.18045
   0.32258  0.05111 -0.16677
   0.31625  0.05098 -0.18340
   0.30988  0.05089 -0.21317
   0.30343  0.05078 -0.24092
   0.29682  0.05061 -0.24340
   0.29002  0.05037 -0.23104
   0.28299  0.05009 -0.21929
   0.27579  0.04982 -0.21821
   0.26847  0.04954 -0.22252
   0.26108  0.04924 -0.22469
   0.25361  0.04892 -0.22381
   0.24607  0.04858 -0.22410
   0.23850  0.04823 -0.22536
   0.23092  0.04786 -0.22608
   0.22333  0.04747 -0.22716
   0.21574  0.04707 -0.22797
   0.20817  0.04664 -0.23010
   0.20063  0.04620 -0.23092
   0.19311  0.04574 -0.23205
   0.18563  0.04526 -0.23558
   0.17820  0.04475 -0.23566
   0.17081  0.04423 -0.23733
   0.16349  0.04368 -0.24016
   0.15624  0.04311 -0.24063
   0.14907  0.04251 -0.24354
   0.14200  0.04189 -0.24467
   0.13503  0.04125 -0.24617
   0.12818  0.04059 -0.24749
   0.12147  0.03990 -0.24831
   0.11493  0.03919 -0.24893
   0.10856  0.03847 -0.24961
   0.10240  0.03773 -0.24982
   0.09647  0.03699 -0.25149
   0.09078  0.03624 -0.25395
   0.08537  0.03550 -0.25334
   0.08024  0.03476 -0.25943
   0.07540  0.03403 -0.26204
   0.07085  0.03331 -0.26667
   0.06658  0.03261 -0.28043
   0.06257  0.03190 -0.28204
   0.05879  0.03120 -0.29432
   0.05523  0.03050 -0.29951
   0.05189  0.02978 -0.29854
   0.04873  0.02906 -0.29323
   0.04574  0.02833 -0.28307
   0.04291  0.02760 -0.27457
   0.04024  0.02687 -0.26037
   0.03771  0.02615 -0.24908
   0.03531  0.02543 -0.24206
   0.03305  0.02471 -0.21778
   0.03089  0.02399 -0.18806
   0.02884  0.02329 -0.16487
   0.02688  0.02260 -0.15007
   0.02502  0.02195 -0.14939
   0.02326  0.02131 -0.14893
   0.02159  0.02067 -0.14901
   0.02000  0.02005 -0.14432
   0.01849  0.01942 -0.13483
   0.01706  0.01880 -0.11768
   0.01569  0.01817 -0.09194
   0.01439  0.01754 -0.07050
   0.01314  0.01692 -0.04820
   0.01194  0.01630 -0.02900
   0.01080  0.01568 -0.01120
   0.00971  0.01507  0.00549
   0.00867  0.01445  0.02891
   0.00767  0.01383  0.04417
   0.00672  0.01321  0.06612
   0.00581  0.01258  0.08353
   0.00495  0.01194  0.11150
   0.00414  0.01128  0.13140
   0.00338  0.01061  0.15497
   0.00268  0.00990  0.18408
   0.00207  0.00914  0.29597
   0.00154  0.00835  0.38642
   0.00111  0.00752  0.50952
   0.00078  0.00665  0.65000
   0.00053  0.00577  0.76436
   0.00035  0.00489  0.84798
   0.00022  0.00400  0.90519
   0.00012  0.00312  0.94780
   0.00005  0.00224  0.97425
   0.00001  0.00137  0.99096
  -0.00000  0.00051  0.99906
   0.00001 -0.00034  0.99917
   0.00004 -0.00120  0.99202
   0.00010 -0.00206  0.97741
   0.00020 -0.00292  0.96313
   0.00027 -0.00380  0.92657
   0.00039 -0.00468  0.89635
   0.00054 -0.00556  0.85267
   0.00072 -0.00645  0.79875
   0.00092 -0.00735  0.73834
   0.00115 -0.00824  0.66686
   0.00142 -0.00914  0.57552
   0.00173 -0.01004  0.47376
   0.00207 -0.01094  0.35702
   0.00247 -0.01182  0.19281
   0.00292 -0.01269  0.11317
   0.00342 -0.01356 -0.21037
   0.00402 -0.01437 -0.27546
   0.00470 -0.01514 -0.38250
   0.00546 -0.01587 -0.42174
   0.00629 -0.01657 -0.45465
   0.00717 -0.01724 -0.47018
   0.00811 -0.01789 -0.48914
   0.00910 -0.01851 -0.49133
   0.01015 -0.01912 -0.49101
   0.01125 -0.01971 -0.49412
   0.01240 -0.02029 -0.48966
   0.01361 -0.02086 -0.48649
   0.01488 -0.02142 -0.48167
   0.01621 -0.02198 -0.46969
   0.01761 -0.02253 -0.46414
   0.01908 -0.02307 -0.45072
   0.02063 -0.02362 -0.44767
   0.02226 -0.02417 -0.43685
   0.02397 -0.02472 -0.42374
   0.02579 -0.02528 -0.41815
   0.02770 -0.02584 -0.40941
   0.02973 -0.02641 -0.40317
   0.03189 -0.02700 -0.39692
   0.03419 -0.02759 -0.39195
   0.03663 -0.02820 -0.38266
   0.03924 -0.02882 -0.37746
   0.04203 -0.02945 -0.36804
   0.04502 -0.03011 -0.36264
   0.04822 -0.03078 -0.35802
   0.05165 -0.03148 -0.35578
   0.05533 -0.03220 -0.35243
   0.05925 -0.03293 -0.35040
   0.06344 -0.03368 -0.34668
   0.06789 -0.03445 -0.34559
   0.07262 -0.03522 -0.34176
   0.07761 -0.03600 -0.34118
   0.08288 -0.03679 -0.33872
   0.08842 -0.03758 -0.33630
   0.09419 -0.03836 -0.33409
   0.10019 -0.03914 -0.33281
   0.10638 -0.03991 -0.33266
   0.11276 -0.04065 -0.33237
   0.11929 -0.04138 -0.33223
   0.12594 -0.04208 -0.33149
   0.13272 -0.04276 -0.33100
   0.13959 -0.04340 -0.33011
   0.14656 -0.04401 -0.32754
   0.15362 -0.04460 -0.32631
   0.16075 -0.04515 -0.32288
   0.16794 -0.04567 -0.32106
   0.17519 -0.04616 -0.31812
   0.18248 -0.04663 -0.31650
   0.18981 -0.04706 -0.31467
   0.19717 -0.04747 -0.31364
   0.20456 -0.04785 -0.30978
   0.21197 -0.04820 -0.30921
   0.21942 -0.04852 -0.30540
   0.22690 -0.04882 -0.30311
   0.23441 -0.04909 -0.29866
   0.24195 -0.04934 -0.29681
   0.24951 -0.04956 -0.29499
   0.25708 -0.04977 -0.29198
   0.26468 -0.04995 -0.29090
   0.27229 -0.05011 -0.28687
   0.27991 -0.05024 -0.28565
   0.28756 -0.05036 -0.28243
   0.29522 -0.05046 -0.28069
   0.30289 -0.05054 -0.27901
   0.31057 -0.05060 -0.27709
   0.31825 -0.05064 -0.27506
   0.32595 -0.05066 -0.27366
   0.33364 -0.05066 -0.27230
   0.34135 -0.05065 -0.27066
   0.34906 -0.05061 -0.26910
   0.35677 -0.05056 -0.26746
   0.36448 -0.05048 -0.26599
   0.37219 -0.05039 -0.26456
   0.37990 -0.05028 -0.26273
   0.38761 -0.05015 -0.26152
   0.39532 -0.05001 -0.26037
   0.40302 -0.04984 -0.25914
   0.41072 -0.04966 -0.25721
   0.41842 -0.04945 -0.25676
   0.42610 -0.04923 -0.25554
   0.43378 -0.04899 -0.25494
   0.44144 -0.04873 -0.25294
   0.44910 -0.04845 -0.25255
   0.45674 -0.04815 -0.25114
   0.46437 -0.04783 -0.25055
   0.47199 -0.04749 -0.24899
   0.47960 -0.04713 -0.24726
   0.48720 -0.04674 -0.24609
   0.49478 -0.04634 -0.24449
   0.50235 -0.04590 -0.24224
   0.50991 -0.04545 -0.24117
   0.51745 -0.04497 -0.23862
   0.52498 -0.04447 -0.23636
   0.53250 -0.04395 -0.23436
   0.54000 -0.04340 -0.23192
   0.54749 -0.04282 -0.22920
   0.55497 -0.04222 -0.22618
   0.56243 -0.04159 -0.22269
   0.56987 -0.04093 -0.21945
   0.57730 -0.04025 -0.21589
   0.58471 -0.03954 -0.21190
   0.59210 -0.03881 -0.20781
   0.59948 -0.03804 -0.20352
   0.60683 -0.03724 -0.19903
   0.61417 -0.03642 -0.19292
   0.62149 -0.03556 -0.18833
   0.62879 -0.03468 -0.18121
   0.63608 -0.03376 -0.17564
   0.64335 -0.03281 -0.16761
   0.65061 -0.03183 -0.16067
   0.65786 -0.03081 -0.15222
   0.66510 -0.02976 -0.14344
   0.67232 -0.02867 -0.13382
   0.67954 -0.02755 -0.12386
   0.68676 -0.02640 -0.11338
   0.69397 -0.02520 -0.10234
   0.70117 -0.02398 -0.08970
   0.70838 -0.02271 -0.07714
   0.71559 -0.02141 -0.06378
   0.72281 -0.02007 -0.04953
   0.73004 -0.01870 -0.03490
   0.73728 -0.01729 -0.01895
   0.74453 -0.01584 -0.00156
   0.75180 -0.01436  0.01468
   0.75910 -0.01284  0.03453
   0.76642 -0.01128  0.05243
   0.77378 -0.00969  0.07410
   0.78118 -0.00807  0.09282
   0.78863 -0.00642  0.11617
   0.79611 -0.00475  0.13686
   0.80361 -0.00306  0.16114
   0.81108 -0.00138  0.18392
   0.81847  0.00029  0.20681
   0.82574  0.00191  0.23043
   0.83289  0.00348  0.25233
   0.83991  0.00499  0.27273
   0.84680  0.00644  0.29233
   0.85358  0.00782  0.31167
   0.86023  0.00913  0.32785
   0.86676  0.01036  0.34633
   0.87316  0.01151  0.36047
   0.87944  0.01258  0.37676
   0.88561  0.01356  0.38854
   0.89167  0.01445  0.40071
   0.89763  0.01526  0.41141
   0.90349  0.01599  0.42095
   0.90927  0.01663  0.42869
   0.91493  0.01718  0.43825
   0.92047  0.01765  0.44416
   0.92588  0.01803  0.45229
   0.93120  0.01832  0.45589
   0.93644  0.01853  0.45667
   0.94160  0.01868  0.45954
   0.94662  0.01876  0.46651
   0.95140  0.01879  0.48177
   0.95595  0.01872  0.49144
   0.96030  0.01853  0.49648
   0.96456  0.01820  0.48151
   0.96881  0.01775  0.45399
   0.97308  0.01723  0.42686
   0.97733  0.01672  0.41466
   0.98147  0.01621  0.42775
   0.98549  0.01562  0.43462
   0.98945  0.01488  0.38940
   0.99342  0.01406  0.32470
   0.99738  0.01325  0.29931
   1.00000  0.01271  0.25411
