GRUMMAN K-2 AIRFOIL                             
 Alfa =  -1.00700 Re =        0.000 Xflap,Yflap =     0.000000    0.000000
#    x        y        Cp  
   1.00000  0.01371  0.25408
   0.99740  0.01444  0.09888
   0.99329  0.01549  0.06100
   0.98889  0.01657  0.04533
   0.98423  0.01772  0.00469
   0.97929  0.01890 -0.03043
   0.97409  0.02011 -0.05655
   0.96867  0.02135 -0.08722
   0.96305  0.02259 -0.11393
   0.95727  0.02381 -0.13575
   0.95131  0.02502 -0.15694
   0.94520  0.02620 -0.17222
   0.93893  0.02735 -0.18549
   0.93253  0.02848 -0.19690
   0.92600  0.02957 -0.20420
   0.91932  0.03065 -0.21053
   0.91254  0.03170 -0.21756
   0.90568  0.03272 -0.22646
   0.89876  0.03372 -0.23398
   0.89181  0.03467 -0.24232
   0.88484  0.03559 -0.24846
   0.87782  0.03647 -0.25122
   0.87073  0.03731 -0.25252
   0.86355  0.03812 -0.25382
   0.85628  0.03891 -0.25264
   0.84891  0.03968 -0.25203
   0.84146  0.04044 -0.25206
   0.83396  0.04117 -0.25218
   0.82645  0.04190 -0.25802
   0.81896  0.04260 -0.26314
   0.81149  0.04327 -0.26688
   0.80402  0.04391 -0.26952
   0.79655  0.04452 -0.27218
   0.78909  0.04510 -0.27439
   0.78162  0.04565 -0.27541
   0.77414  0.04617 -0.27503
   0.76665  0.04666 -0.27562
   0.75914  0.04713 -0.27447
   0.75161  0.04756 -0.27280
   0.74405  0.04798 -0.27115
   0.73646  0.04837 -0.26843
   0.72884  0.04874 -0.26610
   0.72118  0.04909 -0.26337
   0.71350  0.04943 -0.26021
   0.70580  0.04974 -0.25852
   0.69806  0.05004 -0.25558
   0.69030  0.05033 -0.25374
   0.68252  0.05060 -0.25172
   0.67473  0.05086 -0.25014
   0.66693  0.05111 -0.24804
   0.65911  0.05135 -0.24691
   0.65129  0.05157 -0.24562
   0.64347  0.05178 -0.24368
   0.63563  0.05197 -0.24271
   0.62779  0.05216 -0.24134
   0.61994  0.05233 -0.23945
   0.61208  0.05249 -0.23903
   0.60421  0.05264 -0.23668
   0.59633  0.05278 -0.23602
   0.58846  0.05291 -0.23494
   0.58058  0.05303 -0.23447
   0.57270  0.05314 -0.23337
   0.56482  0.05324 -0.23261
   0.55693  0.05333 -0.23169
   0.54904  0.05340 -0.23121
   0.54115  0.05347 -0.22993
   0.53326  0.05353 -0.22976
   0.52537  0.05358 -0.22856
   0.51748  0.05361 -0.22784
   0.50958  0.05364 -0.22769
   0.50169  0.05366 -0.22625
   0.49380  0.05367 -0.22679
   0.48590  0.05367 -0.22528
   0.47801  0.05366 -0.22583
   0.47012  0.05363 -0.22497
   0.46224  0.05360 -0.22443
   0.45437  0.05356 -0.22399
   0.44650  0.05351 -0.22364
   0.43864  0.05345 -0.22270
   0.43079  0.05338 -0.22270
   0.42295  0.05330 -0.22256
   0.41514  0.05321 -0.22240
   0.40737  0.05312 -0.22324
   0.39966  0.05301 -0.22286
   0.39202  0.05289 -0.22425
   0.38445  0.05276 -0.22153
   0.37694  0.05262 -0.21906
   0.36954  0.05249 -0.21827
   0.36229  0.05236 -0.22570
   0.35524  0.05223 -0.23690
   0.34842  0.05207 -0.24638
   0.34179  0.05185 -0.23775
   0.33530  0.05159 -0.21068
   0.32892  0.05132 -0.18384
   0.32258  0.05111 -0.17018
   0.31625  0.05098 -0.18691
   0.30988  0.05089 -0.21682
   0.30343  0.05078 -0.24471
   0.29682  0.05061 -0.24725
   0.29002  0.05037 -0.23492
   0.28299  0.05009 -0.22320
   0.27579  0.04982 -0.22218
   0.26847  0.04954 -0.22659
   0.26108  0.04924 -0.22884
   0.25361  0.04892 -0.22804
   0.24607  0.04858 -0.22841
   0.23850  0.04823 -0.22975
   0.23092  0.04786 -0.23057
   0.22333  0.04747 -0.23176
   0.21574  0.04707 -0.23267
   0.20817  0.04664 -0.23492
   0.20063  0.04620 -0.23585
   0.19311  0.04574 -0.23710
   0.18563  0.04526 -0.24077
   0.17820  0.04475 -0.24098
   0.17081  0.04423 -0.24279
   0.16349  0.04368 -0.24577
   0.15624  0.04311 -0.24640
   0.14907  0.04251 -0.24948
   0.14200  0.04189 -0.25078
   0.13503  0.04125 -0.25247
   0.12818  0.04059 -0.25398
   0.12147  0.03990 -0.25500
   0.11493  0.03919 -0.25583
   0.10856  0.03847 -0.25674
   0.10240  0.03773 -0.25718
   0.09647  0.03699 -0.25910
   0.09078  0.03624 -0.26182
   0.08537  0.03550 -0.26148
   0.08024  0.03476 -0.26787
   0.07540  0.03403 -0.27079
   0.07085  0.03331 -0.27574
   0.06658  0.03261 -0.28990
   0.06257  0.03190 -0.29184
   0.05879  0.03120 -0.30454
   0.05523  0.03050 -0.31010
   0.05189  0.02978 -0.30948
   0.04873  0.02906 -0.30449
   0.04574  0.02833 -0.29461
   0.04291  0.02760 -0.28642
   0.04024  0.02687 -0.27247
   0.03771  0.02615 -0.26148
   0.03531  0.02543 -0.25480
   0.03305  0.02471 -0.23069
   0.03089  0.02399 -0.20109
   0.02884  0.02329 -0.17807
   0.02688  0.02260 -0.16357
   0.02502  0.02195 -0.16335
   0.02326  0.02131 -0.16338
   0.02159  0.02067 -0.16398
   0.02000  0.02005 -0.15978
   0.01849  0.01942 -0.15075
   0.01706  0.01880 -0.13396
   0.01569  0.01817 -0.10849
   0.01439  0.01754 -0.08737
   0.01314  0.01692 -0.06542
   0.01194  0.01630 -0.04666
   0.01080  0.01568 -0.02935
   0.00971  0.01507 -0.01318
   0.00867  0.01445  0.00974
   0.00767  0.01383  0.02434
   0.00672  0.01321  0.04560
   0.00581  0.01258  0.06219
   0.00495  0.01194  0.08939
   0.00414  0.01128  0.10827
   0.00338  0.01061  0.13058
   0.00268  0.00990  0.15839
   0.00207  0.00914  0.27140
   0.00154  0.00835  0.36246
   0.00111  0.00752  0.48767
   0.00078  0.00665  0.63195
   0.00053  0.00577  0.75001
   0.00035  0.00489  0.83681
   0.00022  0.00400  0.89657
   0.00012  0.00312  0.94150
   0.00005  0.00224  0.96986
   0.00001  0.00137  0.98834
  -0.00000  0.00051  0.99811
   0.00001 -0.00034  0.99974
   0.00004 -0.00120  0.99411
   0.00010 -0.00206  0.98110
   0.00020 -0.00292  0.96752
   0.00027 -0.00380  0.93340
   0.00039 -0.00468  0.90419
   0.00054 -0.00556  0.86210
   0.00072 -0.00645  0.80985
   0.00092 -0.00735  0.75105
   0.00115 -0.00824  0.68130
   0.00142 -0.00914  0.59199
   0.00173 -0.01004  0.49233
   0.00207 -0.01094  0.37770
   0.00247 -0.01182  0.21658
   0.00292 -0.01269  0.13736
   0.00342 -0.01356 -0.17982
   0.00402 -0.01437 -0.24564
   0.00470 -0.01514 -0.35220
   0.00546 -0.01587 -0.39253
   0.00629 -0.01657 -0.42641
   0.00717 -0.01724 -0.44314
   0.00811 -0.01789 -0.46309
   0.00910 -0.01851 -0.46641
   0.01015 -0.01912 -0.46718
   0.01125 -0.01971 -0.47123
   0.01240 -0.02029 -0.46772
   0.01361 -0.02086 -0.46543
   0.01488 -0.02142 -0.46146
   0.01621 -0.02198 -0.45033
   0.01761 -0.02253 -0.44553
   0.01908 -0.02307 -0.43287
   0.02063 -0.02362 -0.43047
   0.02226 -0.02417 -0.42031
   0.02397 -0.02472 -0.40785
   0.02579 -0.02528 -0.40285
   0.02770 -0.02584 -0.39466
   0.02973 -0.02641 -0.38894
   0.03189 -0.02700 -0.38319
   0.03419 -0.02759 -0.37869
   0.03663 -0.02820 -0.36989
   0.03924 -0.02882 -0.36513
   0.04203 -0.02945 -0.35618
   0.04502 -0.03011 -0.35119
   0.04822 -0.03078 -0.34697
   0.05165 -0.03148 -0.34510
   0.05533 -0.03220 -0.34212
   0.05925 -0.03293 -0.34044
   0.06344 -0.03368 -0.33706
   0.06789 -0.03445 -0.33630
   0.07262 -0.03522 -0.33279
   0.07761 -0.03600 -0.33252
   0.08288 -0.03679 -0.33035
   0.08842 -0.03758 -0.32822
   0.09419 -0.03836 -0.32627
   0.10019 -0.03914 -0.32525
   0.10638 -0.03991 -0.32534
   0.11276 -0.04065 -0.32527
   0.11929 -0.04138 -0.32534
   0.12594 -0.04208 -0.32481
   0.13272 -0.04276 -0.32451
   0.13959 -0.04340 -0.32380
   0.14656 -0.04401 -0.32141
   0.15362 -0.04460 -0.32036
   0.16075 -0.04515 -0.31709
   0.16794 -0.04567 -0.31542
   0.17519 -0.04616 -0.31263
   0.18248 -0.04663 -0.31116
   0.18981 -0.04706 -0.30945
   0.19717 -0.04747 -0.30855
   0.20456 -0.04785 -0.30481
   0.21197 -0.04820 -0.30436
   0.21942 -0.04852 -0.30067
   0.22690 -0.04882 -0.29848
   0.23441 -0.04909 -0.29414
   0.24195 -0.04934 -0.29239
   0.24951 -0.04956 -0.29067
   0.25708 -0.04977 -0.28775
   0.26468 -0.04995 -0.28675
   0.27229 -0.05011 -0.28282
   0.27991 -0.05024 -0.28168
   0.28756 -0.05036 -0.27853
   0.29522 -0.05046 -0.27687
   0.30289 -0.05054 -0.27527
   0.31057 -0.05060 -0.27343
   0.31825 -0.05064 -0.27146
   0.32595 -0.05066 -0.27013
   0.33364 -0.05066 -0.26883
   0.34135 -0.05065 -0.26726
   0.34906 -0.05061 -0.26576
   0.35677 -0.05056 -0.26418
   0.36448 -0.05048 -0.26277
   0.37219 -0.05039 -0.26139
   0.37990 -0.05028 -0.25963
   0.38761 -0.05015 -0.25847
   0.39532 -0.05001 -0.25737
   0.40302 -0.04984 -0.25620
   0.41072 -0.04966 -0.25431
   0.41842 -0.04945 -0.25391
   0.42610 -0.04923 -0.25274
   0.43378 -0.04899 -0.25218
   0.44144 -0.04873 -0.25023
   0.44910 -0.04845 -0.24989
   0.45674 -0.04815 -0.24852
   0.46437 -0.04783 -0.24798
   0.47199 -0.04749 -0.24646
   0.47960 -0.04713 -0.24477
   0.48720 -0.04674 -0.24365
   0.49478 -0.04634 -0.24209
   0.50235 -0.04590 -0.23988
   0.50991 -0.04545 -0.23885
   0.51745 -0.04497 -0.23633
   0.52498 -0.04447 -0.23412
   0.53250 -0.04395 -0.23215
   0.54000 -0.04340 -0.22976
   0.54749 -0.04282 -0.22707
   0.55497 -0.04222 -0.22410
   0.56243 -0.04159 -0.22065
   0.56987 -0.04093 -0.21744
   0.57730 -0.04025 -0.21391
   0.58471 -0.03954 -0.20998
   0.59210 -0.03881 -0.20592
   0.59948 -0.03804 -0.20166
   0.60683 -0.03724 -0.19721
   0.61417 -0.03642 -0.19114
   0.62149 -0.03556 -0.18659
   0.62879 -0.03468 -0.17951
   0.63608 -0.03376 -0.17398
   0.64335 -0.03281 -0.16598
   0.65061 -0.03183 -0.15908
   0.65786 -0.03081 -0.15067
   0.66510 -0.02976 -0.14193
   0.67232 -0.02867 -0.13236
   0.67954 -0.02755 -0.12243
   0.68676 -0.02640 -0.11198
   0.69397 -0.02520 -0.10098
   0.70117 -0.02398 -0.08839
   0.70838 -0.02271 -0.07586
   0.71559 -0.02141 -0.06254
   0.72281 -0.02007 -0.04833
   0.73004 -0.01870 -0.03373
   0.73728 -0.01729 -0.01784
   0.74453 -0.01584 -0.00050
   0.75180 -0.01436  0.01572
   0.75910 -0.01284  0.03553
   0.76642 -0.01128  0.05338
   0.77378 -0.00969  0.07501
   0.78118 -0.00807  0.09369
   0.78863 -0.00642  0.11700
   0.79611 -0.00475  0.13765
   0.80361 -0.00306  0.16189
   0.81108 -0.00138  0.18463
   0.81847  0.00029  0.20749
   0.82574  0.00191  0.23106
   0.83289  0.00348  0.25293
   0.83991  0.00499  0.27329
   0.84680  0.00644  0.29287
   0.85358  0.00782  0.31218
   0.86023  0.00913  0.32834
   0.86676  0.01036  0.34678
   0.87316  0.01151  0.36092
   0.87944  0.01258  0.37717
   0.88561  0.01356  0.38893
   0.89167  0.01445  0.40108
   0.89763  0.01526  0.41177
   0.90349  0.01599  0.42130
   0.90927  0.01663  0.42902
   0.91493  0.01718  0.43855
   0.92047  0.01765  0.44447
   0.92588  0.01803  0.45257
   0.93120  0.01832  0.45616
   0.93644  0.01853  0.45693
   0.94160  0.01868  0.45979
   0.94662  0.01876  0.46676
   0.95140  0.01879  0.48198
   0.95595  0.01872  0.49165
   0.96030  0.01853  0.49668
   0.96456  0.01820  0.48170
   0.96881  0.01775  0.45419
   0.97308  0.01723  0.42706
   0.97733  0.01672  0.41485
   0.98147  0.01621  0.42791
   0.98549  0.01562  0.43476
   0.98945  0.01488  0.38955
   0.99342  0.01406  0.32484
   0.99738  0.01325  0.29943
   1.00000  0.01271  0.25408
