GRUMMAN K-2 AIRFOIL                             
 Alfa =  -1.02600 Re =        0.000 Xflap,Yflap =     0.000000    0.000000
#    x        y        Cp  
   1.00000  0.01371  0.25409
   0.99740  0.01444  0.09890
   0.99329  0.01549  0.06103
   0.98889  0.01657  0.04539
   0.98423  0.01772  0.00476
   0.97929  0.01890 -0.03035
   0.97409  0.02011 -0.05646
   0.96867  0.02135 -0.08711
   0.96305  0.02259 -0.11380
   0.95727  0.02381 -0.13561
   0.95131  0.02502 -0.15678
   0.94520  0.02620 -0.17204
   0.93893  0.02735 -0.18530
   0.93253  0.02848 -0.19671
   0.92600  0.02957 -0.20399
   0.91932  0.03065 -0.21030
   0.91254  0.03170 -0.21733
   0.90568  0.03272 -0.22621
   0.89876  0.03372 -0.23372
   0.89181  0.03467 -0.24205
   0.88484  0.03559 -0.24817
   0.87782  0.03647 -0.25093
   0.87073  0.03731 -0.25222
   0.86355  0.03812 -0.25350
   0.85628  0.03891 -0.25232
   0.84891  0.03968 -0.25169
   0.84146  0.04044 -0.25172
   0.83396  0.04117 -0.25182
   0.82645  0.04190 -0.25765
   0.81896  0.04260 -0.26276
   0.81149  0.04327 -0.26649
   0.80402  0.04391 -0.26912
   0.79655  0.04452 -0.27177
   0.78909  0.04510 -0.27398
   0.78162  0.04565 -0.27497
   0.77414  0.04617 -0.27458
   0.76665  0.04666 -0.27516
   0.75914  0.04713 -0.27401
   0.75161  0.04756 -0.27233
   0.74405  0.04798 -0.27067
   0.73646  0.04837 -0.26794
   0.72884  0.04874 -0.26560
   0.72118  0.04909 -0.26286
   0.71350  0.04943 -0.25969
   0.70580  0.04974 -0.25800
   0.69806  0.05004 -0.25505
   0.69030  0.05033 -0.25320
   0.68252  0.05060 -0.25117
   0.67473  0.05086 -0.24957
   0.66693  0.05111 -0.24747
   0.65911  0.05135 -0.24633
   0.65129  0.05157 -0.24502
   0.64347  0.05178 -0.24308
   0.63563  0.05197 -0.24210
   0.62779  0.05216 -0.24073
   0.61994  0.05233 -0.23882
   0.61208  0.05249 -0.23839
   0.60421  0.05264 -0.23603
   0.59633  0.05278 -0.23536
   0.58846  0.05291 -0.23426
   0.58058  0.05303 -0.23379
   0.57270  0.05314 -0.23268
   0.56482  0.05324 -0.23191
   0.55693  0.05333 -0.23098
   0.54904  0.05340 -0.23048
   0.54115  0.05347 -0.22920
   0.53326  0.05353 -0.22901
   0.52537  0.05358 -0.22780
   0.51748  0.05361 -0.22707
   0.50958  0.05364 -0.22691
   0.50169  0.05366 -0.22545
   0.49380  0.05367 -0.22598
   0.48590  0.05367 -0.22446
   0.47801  0.05366 -0.22500
   0.47012  0.05363 -0.22413
   0.46224  0.05360 -0.22357
   0.45437  0.05356 -0.22312
   0.44650  0.05351 -0.22275
   0.43864  0.05345 -0.22181
   0.43079  0.05338 -0.22178
   0.42295  0.05330 -0.22163
   0.41514  0.05321 -0.22146
   0.40737  0.05312 -0.22228
   0.39966  0.05301 -0.22189
   0.39202  0.05289 -0.22326
   0.38445  0.05276 -0.22053
   0.37694  0.05262 -0.21804
   0.36954  0.05249 -0.21723
   0.36229  0.05236 -0.22464
   0.35524  0.05223 -0.23582
   0.34842  0.05207 -0.24528
   0.34179  0.05185 -0.23664
   0.33530  0.05159 -0.20958
   0.32892  0.05132 -0.18275
   0.32258  0.05111 -0.16909
   0.31625  0.05098 -0.18578
   0.30988  0.05089 -0.21564
   0.30343  0.05078 -0.24349
   0.29682  0.05061 -0.24601
   0.29002  0.05037 -0.23367
   0.28299  0.05009 -0.22194
   0.27579  0.04982 -0.22090
   0.26847  0.04954 -0.22528
   0.26108  0.04924 -0.22750
   0.25361  0.04892 -0.22668
   0.24607  0.04858 -0.22702
   0.23850  0.04823 -0.22834
   0.23092  0.04786 -0.22912
   0.22333  0.04747 -0.23028
   0.21574  0.04707 -0.23116
   0.20817  0.04664 -0.23337
   0.20063  0.04620 -0.23426
   0.19311  0.04574 -0.23547
   0.18563  0.04526 -0.23910
   0.17820  0.04475 -0.23926
   0.17081  0.04423 -0.24103
   0.16349  0.04368 -0.24396
   0.15624  0.04311 -0.24454
   0.14907  0.04251 -0.24757
   0.14200  0.04189 -0.24881
   0.13503  0.04125 -0.25044
   0.12818  0.04059 -0.25189
   0.12147  0.03990 -0.25285
   0.11493  0.03919 -0.25361
   0.10856  0.03847 -0.25444
   0.10240  0.03773 -0.25481
   0.09647  0.03699 -0.25665
   0.09078  0.03624 -0.25928
   0.08537  0.03550 -0.25885
   0.08024  0.03476 -0.26515
   0.07540  0.03403 -0.26796
   0.07085  0.03331 -0.27281
   0.06658  0.03261 -0.28685
   0.06257  0.03190 -0.28868
   0.05879  0.03120 -0.30125
   0.05523  0.03050 -0.30668
   0.05189  0.02978 -0.30595
   0.04873  0.02906 -0.30086
   0.04574  0.02833 -0.29089
   0.04291  0.02760 -0.28260
   0.04024  0.02687 -0.26857
   0.03771  0.02615 -0.25748
   0.03531  0.02543 -0.25069
   0.03305  0.02471 -0.22652
   0.03089  0.02399 -0.19689
   0.02884  0.02329 -0.17381
   0.02688  0.02260 -0.15921
   0.02502  0.02195 -0.15884
   0.02326  0.02131 -0.15871
   0.02159  0.02067 -0.15915
   0.02000  0.02005 -0.15479
   0.01849  0.01942 -0.14561
   0.01706  0.01880 -0.12870
   0.01569  0.01817 -0.10315
   0.01439  0.01754 -0.08192
   0.01314  0.01692 -0.05986
   0.01194  0.01630 -0.04096
   0.01080  0.01568 -0.02349
   0.00971  0.01507 -0.00715
   0.00867  0.01445  0.01593
   0.00767  0.01383  0.03075
   0.00672  0.01321  0.05223
   0.00581  0.01258  0.06909
   0.00495  0.01194  0.09654
   0.00414  0.01128  0.11575
   0.00338  0.01061  0.13847
   0.00268  0.00990  0.16671
   0.00207  0.00914  0.27936
   0.00154  0.00835  0.37023
   0.00111  0.00752  0.49476
   0.00078  0.00665  0.63781
   0.00053  0.00577  0.75468
   0.00035  0.00489  0.84045
   0.00022  0.00400  0.89938
   0.00012  0.00312  0.94357
   0.00005  0.00224  0.97132
   0.00001  0.00137  0.98922
  -0.00000  0.00051  0.99845
   0.00001 -0.00034  0.99959
   0.00004 -0.00120  0.99347
   0.00010 -0.00206  0.97995
   0.00020 -0.00292  0.96613
   0.00027 -0.00380  0.93123
   0.00039 -0.00468  0.90170
   0.00054 -0.00556  0.85910
   0.00072 -0.00645  0.80631
   0.00092 -0.00735  0.74699
   0.00115 -0.00824  0.67669
   0.00142 -0.00914  0.58672
   0.00173 -0.01004  0.48638
   0.00207 -0.01094  0.37108
   0.00247 -0.01182  0.20897
   0.00292 -0.01269  0.12961
   0.00342 -0.01356 -0.18962
   0.00402 -0.01437 -0.25521
   0.00470 -0.01514 -0.36192
   0.00546 -0.01587 -0.40190
   0.00629 -0.01657 -0.43547
   0.00717 -0.01724 -0.45182
   0.00811 -0.01789 -0.47145
   0.00910 -0.01851 -0.47441
   0.01015 -0.01912 -0.47483
   0.01125 -0.01971 -0.47859
   0.01240 -0.02029 -0.47477
   0.01361 -0.02086 -0.47220
   0.01488 -0.02142 -0.46795
   0.01621 -0.02198 -0.45655
   0.01761 -0.02253 -0.45151
   0.01908 -0.02307 -0.43860
   0.02063 -0.02362 -0.43600
   0.02226 -0.02417 -0.42563
   0.02397 -0.02472 -0.41296
   0.02579 -0.02528 -0.40777
   0.02770 -0.02584 -0.39940
   0.02973 -0.02641 -0.39352
   0.03189 -0.02700 -0.38760
   0.03419 -0.02759 -0.38295
   0.03663 -0.02820 -0.37400
   0.03924 -0.02882 -0.36909
   0.04203 -0.02945 -0.35999
   0.04502 -0.03011 -0.35487
   0.04822 -0.03078 -0.35052
   0.05165 -0.03148 -0.34854
   0.05533 -0.03220 -0.34544
   0.05925 -0.03293 -0.34364
   0.06344 -0.03368 -0.34016
   0.06789 -0.03445 -0.33929
   0.07262 -0.03522 -0.33567
   0.07761 -0.03600 -0.33531
   0.08288 -0.03679 -0.33304
   0.08842 -0.03758 -0.33082
   0.09419 -0.03836 -0.32879
   0.10019 -0.03914 -0.32769
   0.10638 -0.03991 -0.32769
   0.11276 -0.04065 -0.32755
   0.11929 -0.04138 -0.32756
   0.12594 -0.04208 -0.32696
   0.13272 -0.04276 -0.32660
   0.13959 -0.04340 -0.32583
   0.14656 -0.04401 -0.32338
   0.15362 -0.04460 -0.32228
   0.16075 -0.04515 -0.31896
   0.16794 -0.04567 -0.31724
   0.17519 -0.04616 -0.31440
   0.18248 -0.04663 -0.31288
   0.18981 -0.04706 -0.31113
   0.19717 -0.04747 -0.31019
   0.20456 -0.04785 -0.30641
   0.21197 -0.04820 -0.30592
   0.21942 -0.04852 -0.30219
   0.22690 -0.04882 -0.29997
   0.23441 -0.04909 -0.29560
   0.24195 -0.04934 -0.29381
   0.24951 -0.04956 -0.29206
   0.25708 -0.04977 -0.28911
   0.26468 -0.04995 -0.28809
   0.27229 -0.05011 -0.28412
   0.27991 -0.05024 -0.28296
   0.28756 -0.05036 -0.27979
   0.29522 -0.05046 -0.27810
   0.30289 -0.05054 -0.27648
   0.31057 -0.05060 -0.27461
   0.31825 -0.05064 -0.27261
   0.32595 -0.05066 -0.27126
   0.33364 -0.05066 -0.26995
   0.34135 -0.05065 -0.26835
   0.34906 -0.05061 -0.26684
   0.35677 -0.05056 -0.26523
   0.36448 -0.05048 -0.26381
   0.37219 -0.05039 -0.26241
   0.37990 -0.05028 -0.26062
   0.38761 -0.05015 -0.25945
   0.39532 -0.05001 -0.25833
   0.40302 -0.04984 -0.25715
   0.41072 -0.04966 -0.25524
   0.41842 -0.04945 -0.25483
   0.42610 -0.04923 -0.25364
   0.43378 -0.04899 -0.25307
   0.44144 -0.04873 -0.25110
   0.44910 -0.04845 -0.25075
   0.45674 -0.04815 -0.24936
   0.46437 -0.04783 -0.24881
   0.47199 -0.04749 -0.24727
   0.47960 -0.04713 -0.24557
   0.48720 -0.04674 -0.24443
   0.49478 -0.04634 -0.24286
   0.50235 -0.04590 -0.24064
   0.50991 -0.04545 -0.23960
   0.51745 -0.04497 -0.23707
   0.52498 -0.04447 -0.23484
   0.53250 -0.04395 -0.23286
   0.54000 -0.04340 -0.23046
   0.54749 -0.04282 -0.22776
   0.55497 -0.04222 -0.22477
   0.56243 -0.04159 -0.22130
   0.56987 -0.04093 -0.21809
   0.57730 -0.04025 -0.21455
   0.58471 -0.03954 -0.21060
   0.59210 -0.03881 -0.20653
   0.59948 -0.03804 -0.20226
   0.60683 -0.03724 -0.19779
   0.61417 -0.03642 -0.19171
   0.62149 -0.03556 -0.18715
   0.62879 -0.03468 -0.18005
   0.63608 -0.03376 -0.17451
   0.64335 -0.03281 -0.16650
   0.65061 -0.03183 -0.15959
   0.65786 -0.03081 -0.15117
   0.66510 -0.02976 -0.14241
   0.67232 -0.02867 -0.13283
   0.67954 -0.02755 -0.12289
   0.68676 -0.02640 -0.11243
   0.69397 -0.02520 -0.10142
   0.70117 -0.02398 -0.08881
   0.70838 -0.02271 -0.07627
   0.71559 -0.02141 -0.06294
   0.72281 -0.02007 -0.04871
   0.73004 -0.01870 -0.03411
   0.73728 -0.01729 -0.01820
   0.74453 -0.01584 -0.00084
   0.75180 -0.01436  0.01539
   0.75910 -0.01284  0.03521
   0.76642 -0.01128  0.05307
   0.77378 -0.00969  0.07471
   0.78118 -0.00807  0.09341
   0.78863 -0.00642  0.11673
   0.79611 -0.00475  0.13739
   0.80361 -0.00306  0.16164
   0.81108 -0.00138  0.18440
   0.81847  0.00029  0.20727
   0.82574  0.00191  0.23086
   0.83289  0.00348  0.25274
   0.83991  0.00499  0.27311
   0.84680  0.00644  0.29269
   0.85358  0.00782  0.31201
   0.86023  0.00913  0.32818
   0.86676  0.01036  0.34664
   0.87316  0.01151  0.36077
   0.87944  0.01258  0.37704
   0.88561  0.01356  0.38881
   0.89167  0.01445  0.40096
   0.89763  0.01526  0.41165
   0.90349  0.01599  0.42119
   0.90927  0.01663  0.42892
   0.91493  0.01718  0.43845
   0.92047  0.01765  0.44437
   0.92588  0.01803  0.45248
   0.93120  0.01832  0.45607
   0.93644  0.01853  0.45684
   0.94160  0.01868  0.45971
   0.94662  0.01876  0.46668
   0.95140  0.01879  0.48191
   0.95595  0.01872  0.49158
   0.96030  0.01853  0.49661
   0.96456  0.01820  0.48164
   0.96881  0.01775  0.45412
   0.97308  0.01723  0.42699
   0.97733  0.01672  0.41479
   0.98147  0.01621  0.42785
   0.98549  0.01562  0.43472
   0.98945  0.01488  0.38950
   0.99342  0.01406  0.32480
   0.99738  0.01325  0.29939
   1.00000  0.01271  0.25409
