GRUMMAN K-2 AIRFOIL                             
 Alfa =  -1.00900 Re =        0.000 Xflap,Yflap =     0.000000    0.000000
#    x        y        Cp  
   1.00000  0.01371  0.25408
   0.99740  0.01444  0.09888
   0.99329  0.01549  0.06100
   0.98889  0.01657  0.04534
   0.98423  0.01772  0.00470
   0.97929  0.01890 -0.03042
   0.97409  0.02011 -0.05654
   0.96867  0.02135 -0.08721
   0.96305  0.02259 -0.11392
   0.95727  0.02381 -0.13574
   0.95131  0.02502 -0.15692
   0.94520  0.02620 -0.17220
   0.93893  0.02735 -0.18547
   0.93253  0.02848 -0.19688
   0.92600  0.02957 -0.20418
   0.91932  0.03065 -0.21051
   0.91254  0.03170 -0.21754
   0.90568  0.03272 -0.22643
   0.89876  0.03372 -0.23395
   0.89181  0.03467 -0.24229
   0.88484  0.03559 -0.24843
   0.87782  0.03647 -0.25119
   0.87073  0.03731 -0.25249
   0.86355  0.03812 -0.25378
   0.85628  0.03891 -0.25260
   0.84891  0.03968 -0.25199
   0.84146  0.04044 -0.25202
   0.83396  0.04117 -0.25214
   0.82645  0.04190 -0.25798
   0.81896  0.04260 -0.26310
   0.81149  0.04327 -0.26684
   0.80402  0.04391 -0.26947
   0.79655  0.04452 -0.27214
   0.78909  0.04510 -0.27435
   0.78162  0.04565 -0.27536
   0.77414  0.04617 -0.27498
   0.76665  0.04666 -0.27557
   0.75914  0.04713 -0.27442
   0.75161  0.04756 -0.27275
   0.74405  0.04798 -0.27110
   0.73646  0.04837 -0.26838
   0.72884  0.04874 -0.26605
   0.72118  0.04909 -0.26331
   0.71350  0.04943 -0.26015
   0.70580  0.04974 -0.25847
   0.69806  0.05004 -0.25552
   0.69030  0.05033 -0.25369
   0.68252  0.05060 -0.25166
   0.67473  0.05086 -0.25008
   0.66693  0.05111 -0.24798
   0.65911  0.05135 -0.24685
   0.65129  0.05157 -0.24555
   0.64347  0.05178 -0.24362
   0.63563  0.05197 -0.24265
   0.62779  0.05216 -0.24128
   0.61994  0.05233 -0.23938
   0.61208  0.05249 -0.23896
   0.60421  0.05264 -0.23661
   0.59633  0.05278 -0.23595
   0.58846  0.05291 -0.23486
   0.58058  0.05303 -0.23440
   0.57270  0.05314 -0.23330
   0.56482  0.05324 -0.23254
   0.55693  0.05333 -0.23162
   0.54904  0.05340 -0.23113
   0.54115  0.05347 -0.22986
   0.53326  0.05353 -0.22968
   0.52537  0.05358 -0.22848
   0.51748  0.05361 -0.22776
   0.50958  0.05364 -0.22761
   0.50169  0.05366 -0.22616
   0.49380  0.05367 -0.22670
   0.48590  0.05367 -0.22519
   0.47801  0.05366 -0.22575
   0.47012  0.05363 -0.22489
   0.46224  0.05360 -0.22434
   0.45437  0.05356 -0.22390
   0.44650  0.05351 -0.22354
   0.43864  0.05345 -0.22261
   0.43079  0.05338 -0.22260
   0.42295  0.05330 -0.22246
   0.41514  0.05321 -0.22230
   0.40737  0.05312 -0.22314
   0.39966  0.05301 -0.22276
   0.39202  0.05289 -0.22415
   0.38445  0.05276 -0.22143
   0.37694  0.05262 -0.21895
   0.36954  0.05249 -0.21816
   0.36229  0.05236 -0.22558
   0.35524  0.05223 -0.23678
   0.34842  0.05207 -0.24626
   0.34179  0.05185 -0.23763
   0.33530  0.05159 -0.21057
   0.32892  0.05132 -0.18373
   0.32258  0.05111 -0.17007
   0.31625  0.05098 -0.18679
   0.30988  0.05089 -0.21669
   0.30343  0.05078 -0.24458
   0.29682  0.05061 -0.24712
   0.29002  0.05037 -0.23479
   0.28299  0.05009 -0.22307
   0.27579  0.04982 -0.22205
   0.26847  0.04954 -0.22645
   0.26108  0.04924 -0.22870
   0.25361  0.04892 -0.22789
   0.24607  0.04858 -0.22827
   0.23850  0.04823 -0.22961
   0.23092  0.04786 -0.23042
   0.22333  0.04747 -0.23160
   0.21574  0.04707 -0.23251
   0.20817  0.04664 -0.23476
   0.20063  0.04620 -0.23568
   0.19311  0.04574 -0.23693
   0.18563  0.04526 -0.24060
   0.17820  0.04475 -0.24080
   0.17081  0.04423 -0.24261
   0.16349  0.04368 -0.24558
   0.15624  0.04311 -0.24621
   0.14907  0.04251 -0.24928
   0.14200  0.04189 -0.25057
   0.13503  0.04125 -0.25226
   0.12818  0.04059 -0.25376
   0.12147  0.03990 -0.25477
   0.11493  0.03919 -0.25560
   0.10856  0.03847 -0.25650
   0.10240  0.03773 -0.25693
   0.09647  0.03699 -0.25884
   0.09078  0.03624 -0.26155
   0.08537  0.03550 -0.26120
   0.08024  0.03476 -0.26759
   0.07540  0.03403 -0.27049
   0.07085  0.03331 -0.27543
   0.06658  0.03261 -0.28958
   0.06257  0.03190 -0.29150
   0.05879  0.03120 -0.30419
   0.05523  0.03050 -0.30974
   0.05189  0.02978 -0.30911
   0.04873  0.02906 -0.30410
   0.04574  0.02833 -0.29421
   0.04291  0.02760 -0.28601
   0.04024  0.02687 -0.27206
   0.03771  0.02615 -0.26106
   0.03531  0.02543 -0.25437
   0.03305  0.02471 -0.23025
   0.03089  0.02399 -0.20065
   0.02884  0.02329 -0.17763
   0.02688  0.02260 -0.16311
   0.02502  0.02195 -0.16287
   0.02326  0.02131 -0.16289
   0.02159  0.02067 -0.16347
   0.02000  0.02005 -0.15926
   0.01849  0.01942 -0.15021
   0.01706  0.01880 -0.13341
   0.01569  0.01817 -0.10793
   0.01439  0.01754 -0.08679
   0.01314  0.01692 -0.06483
   0.01194  0.01630 -0.04606
   0.01080  0.01568 -0.02873
   0.00971  0.01507 -0.01254
   0.00867  0.01445  0.01039
   0.00767  0.01383  0.02502
   0.00672  0.01321  0.04630
   0.00581  0.01258  0.06291
   0.00495  0.01194  0.09014
   0.00414  0.01128  0.10906
   0.00338  0.01061  0.13141
   0.00268  0.00990  0.15927
   0.00207  0.00914  0.27224
   0.00154  0.00835  0.36328
   0.00111  0.00752  0.48842
   0.00078  0.00665  0.63257
   0.00053  0.00577  0.75051
   0.00035  0.00489  0.83720
   0.00022  0.00400  0.89687
   0.00012  0.00312  0.94172
   0.00005  0.00224  0.97002
   0.00001  0.00137  0.98843
  -0.00000  0.00051  0.99815
   0.00001 -0.00034  0.99973
   0.00004 -0.00120  0.99405
   0.00010 -0.00206  0.98098
   0.00020 -0.00292  0.96737
   0.00027 -0.00380  0.93317
   0.00039 -0.00468  0.90393
   0.00054 -0.00556  0.86179
   0.00072 -0.00645  0.80947
   0.00092 -0.00735  0.75063
   0.00115 -0.00824  0.68082
   0.00142 -0.00914  0.59144
   0.00173 -0.01004  0.49170
   0.00207 -0.01094  0.37701
   0.00247 -0.01182  0.21578
   0.00292 -0.01269  0.13654
   0.00342 -0.01356 -0.18085
   0.00402 -0.01437 -0.24665
   0.00470 -0.01514 -0.35322
   0.00546 -0.01587 -0.39351
   0.00629 -0.01657 -0.42736
   0.00717 -0.01724 -0.44405
   0.00811 -0.01789 -0.46397
   0.00910 -0.01851 -0.46725
   0.01015 -0.01912 -0.46798
   0.01125 -0.01971 -0.47201
   0.01240 -0.02029 -0.46846
   0.01361 -0.02086 -0.46614
   0.01488 -0.02142 -0.46214
   0.01621 -0.02198 -0.45099
   0.01761 -0.02253 -0.44616
   0.01908 -0.02307 -0.43347
   0.02063 -0.02362 -0.43106
   0.02226 -0.02417 -0.42087
   0.02397 -0.02472 -0.40839
   0.02579 -0.02528 -0.40337
   0.02770 -0.02584 -0.39516
   0.02973 -0.02641 -0.38942
   0.03189 -0.02700 -0.38365
   0.03419 -0.02759 -0.37914
   0.03663 -0.02820 -0.37032
   0.03924 -0.02882 -0.36555
   0.04203 -0.02945 -0.35658
   0.04502 -0.03011 -0.35158
   0.04822 -0.03078 -0.34734
   0.05165 -0.03148 -0.34546
   0.05533 -0.03220 -0.34247
   0.05925 -0.03293 -0.34078
   0.06344 -0.03368 -0.33739
   0.06789 -0.03445 -0.33662
   0.07262 -0.03522 -0.33309
   0.07761 -0.03600 -0.33281
   0.08288 -0.03679 -0.33063
   0.08842 -0.03758 -0.32849
   0.09419 -0.03836 -0.32654
   0.10019 -0.03914 -0.32551
   0.10638 -0.03991 -0.32558
   0.11276 -0.04065 -0.32551
   0.11929 -0.04138 -0.32557
   0.12594 -0.04208 -0.32504
   0.13272 -0.04276 -0.32473
   0.13959 -0.04340 -0.32402
   0.14656 -0.04401 -0.32162
   0.15362 -0.04460 -0.32056
   0.16075 -0.04515 -0.31729
   0.16794 -0.04567 -0.31561
   0.17519 -0.04616 -0.31282
   0.18248 -0.04663 -0.31134
   0.18981 -0.04706 -0.30963
   0.19717 -0.04747 -0.30872
   0.20456 -0.04785 -0.30498
   0.21197 -0.04820 -0.30452
   0.21942 -0.04852 -0.30083
   0.22690 -0.04882 -0.29864
   0.23441 -0.04909 -0.29430
   0.24195 -0.04934 -0.29254
   0.24951 -0.04956 -0.29081
   0.25708 -0.04977 -0.28789
   0.26468 -0.04995 -0.28690
   0.27229 -0.05011 -0.28295
   0.27991 -0.05024 -0.28181
   0.28756 -0.05036 -0.27866
   0.29522 -0.05046 -0.27700
   0.30289 -0.05054 -0.27540
   0.31057 -0.05060 -0.27355
   0.31825 -0.05064 -0.27158
   0.32595 -0.05066 -0.27025
   0.33364 -0.05066 -0.26895
   0.34135 -0.05065 -0.26737
   0.34906 -0.05061 -0.26588
   0.35677 -0.05056 -0.26429
   0.36448 -0.05048 -0.26288
   0.37219 -0.05039 -0.26150
   0.37990 -0.05028 -0.25973
   0.38761 -0.05015 -0.25857
   0.39532 -0.05001 -0.25747
   0.40302 -0.04984 -0.25630
   0.41072 -0.04966 -0.25440
   0.41842 -0.04945 -0.25401
   0.42610 -0.04923 -0.25283
   0.43378 -0.04899 -0.25228
   0.44144 -0.04873 -0.25032
   0.44910 -0.04845 -0.24998
   0.45674 -0.04815 -0.24861
   0.46437 -0.04783 -0.24807
   0.47199 -0.04749 -0.24654
   0.47960 -0.04713 -0.24485
   0.48720 -0.04674 -0.24373
   0.49478 -0.04634 -0.24217
   0.50235 -0.04590 -0.23996
   0.50991 -0.04545 -0.23893
   0.51745 -0.04497 -0.23641
   0.52498 -0.04447 -0.23420
   0.53250 -0.04395 -0.23223
   0.54000 -0.04340 -0.22983
   0.54749 -0.04282 -0.22714
   0.55497 -0.04222 -0.22417
   0.56243 -0.04159 -0.22071
   0.56987 -0.04093 -0.21751
   0.57730 -0.04025 -0.21398
   0.58471 -0.03954 -0.21004
   0.59210 -0.03881 -0.20598
   0.59948 -0.03804 -0.20173
   0.60683 -0.03724 -0.19727
   0.61417 -0.03642 -0.19120
   0.62149 -0.03556 -0.18665
   0.62879 -0.03468 -0.17956
   0.63608 -0.03376 -0.17403
   0.64335 -0.03281 -0.16603
   0.65061 -0.03183 -0.15913
   0.65786 -0.03081 -0.15072
   0.66510 -0.02976 -0.14198
   0.67232 -0.02867 -0.13241
   0.67954 -0.02755 -0.12248
   0.68676 -0.02640 -0.11203
   0.69397 -0.02520 -0.10103
   0.70117 -0.02398 -0.08843
   0.70838 -0.02271 -0.07591
   0.71559 -0.02141 -0.06259
   0.72281 -0.02007 -0.04837
   0.73004 -0.01870 -0.03377
   0.73728 -0.01729 -0.01787
   0.74453 -0.01584 -0.00054
   0.75180 -0.01436  0.01569
   0.75910 -0.01284  0.03550
   0.76642 -0.01128  0.05335
   0.77378 -0.00969  0.07498
   0.78118 -0.00807  0.09366
   0.78863 -0.00642  0.11697
   0.79611 -0.00475  0.13762
   0.80361 -0.00306  0.16186
   0.81108 -0.00138  0.18460
   0.81847  0.00029  0.20746
   0.82574  0.00191  0.23104
   0.83289  0.00348  0.25291
   0.83991  0.00499  0.27328
   0.84680  0.00644  0.29285
   0.85358  0.00782  0.31216
   0.86023  0.00913  0.32832
   0.86676  0.01036  0.34677
   0.87316  0.01151  0.36091
   0.87944  0.01258  0.37716
   0.88561  0.01356  0.38892
   0.89167  0.01445  0.40107
   0.89763  0.01526  0.41175
   0.90349  0.01599  0.42129
   0.90927  0.01663  0.42901
   0.91493  0.01718  0.43854
   0.92047  0.01765  0.44446
   0.92588  0.01803  0.45256
   0.93120  0.01832  0.45615
   0.93644  0.01853  0.45692
   0.94160  0.01868  0.45978
   0.94662  0.01876  0.46675
   0.95140  0.01879  0.48198
   0.95595  0.01872  0.49165
   0.96030  0.01853  0.49667
   0.96456  0.01820  0.48169
   0.96881  0.01775  0.45418
   0.97308  0.01723  0.42705
   0.97733  0.01672  0.41484
   0.98147  0.01621  0.42790
   0.98549  0.01562  0.43476
   0.98945  0.01488  0.38954
   0.99342  0.01406  0.32484
   0.99738  0.01325  0.29943
   1.00000  0.01271  0.25408
