GRUMMAN K-2 AIRFOIL                             
 Alfa =  -1.23400 Re =        0.000 Xflap,Yflap =     0.000000    0.000000
#    x        y        Cp  
   1.00000  0.01371  0.25418
   0.99740  0.01444  0.09915
   0.99329  0.01549  0.06138
   0.98889  0.01657  0.04599
   0.98423  0.01772  0.00558
   0.97929  0.01890 -0.02940
   0.97409  0.02011 -0.05540
   0.96867  0.02135 -0.08583
   0.96305  0.02259 -0.11239
   0.95727  0.02381 -0.13407
   0.95131  0.02502 -0.15504
   0.94520  0.02620 -0.17016
   0.93893  0.02735 -0.18326
   0.93253  0.02848 -0.19451
   0.92600  0.02957 -0.20171
   0.91932  0.03065 -0.20782
   0.91254  0.03170 -0.21479
   0.90568  0.03272 -0.22345
   0.89876  0.03372 -0.23091
   0.89181  0.03467 -0.23905
   0.88484  0.03559 -0.24504
   0.87782  0.03647 -0.24771
   0.87073  0.03731 -0.24886
   0.86355  0.03812 -0.25001
   0.85628  0.03891 -0.24879
   0.84891  0.03968 -0.24796
   0.84146  0.04044 -0.24793
   0.83396  0.04117 -0.24790
   0.82645  0.04190 -0.25364
   0.81896  0.04260 -0.25859
   0.81149  0.04327 -0.26219
   0.80402  0.04391 -0.26474
   0.79655  0.04452 -0.26721
   0.78909  0.04510 -0.26941
   0.78162  0.04565 -0.27018
   0.77414  0.04617 -0.26973
   0.76665  0.04666 -0.27015
   0.75914  0.04713 -0.26894
   0.75161  0.04756 -0.26715
   0.74405  0.04798 -0.26545
   0.73646  0.04837 -0.26255
   0.72884  0.04874 -0.26015
   0.72118  0.04909 -0.25730
   0.71350  0.04943 -0.25401
   0.70580  0.04974 -0.25223
   0.69806  0.05004 -0.24924
   0.69030  0.05033 -0.24721
   0.68252  0.05060 -0.24514
   0.67473  0.05086 -0.24338
   0.66693  0.05111 -0.24121
   0.65911  0.05135 -0.23999
   0.65129  0.05157 -0.23852
   0.64347  0.05178 -0.23651
   0.63563  0.05197 -0.23542
   0.62779  0.05216 -0.23393
   0.61994  0.05233 -0.23190
   0.61208  0.05249 -0.23141
   0.60421  0.05264 -0.22891
   0.59633  0.05278 -0.22811
   0.58846  0.05291 -0.22692
   0.58058  0.05303 -0.22632
   0.57270  0.05314 -0.22511
   0.56482  0.05324 -0.22423
   0.55693  0.05333 -0.22317
   0.54904  0.05340 -0.22255
   0.54115  0.05347 -0.22114
   0.53326  0.05353 -0.22083
   0.52537  0.05358 -0.21950
   0.51748  0.05361 -0.21862
   0.50958  0.05364 -0.21835
   0.50169  0.05366 -0.21676
   0.49380  0.05367 -0.21715
   0.48590  0.05367 -0.21551
   0.47801  0.05366 -0.21589
   0.47012  0.05363 -0.21490
   0.46224  0.05360 -0.21418
   0.45437  0.05356 -0.21358
   0.44650  0.05351 -0.21307
   0.43864  0.05345 -0.21199
   0.43079  0.05338 -0.21179
   0.42295  0.05330 -0.21150
   0.41514  0.05321 -0.21116
   0.40737  0.05312 -0.21182
   0.39966  0.05301 -0.21123
   0.39202  0.05289 -0.21246
   0.38445  0.05276 -0.20954
   0.37694  0.05262 -0.20693
   0.36954  0.05249 -0.20595
   0.36229  0.05236 -0.21311
   0.35524  0.05223 -0.22399
   0.34842  0.05207 -0.23322
   0.34179  0.05185 -0.22445
   0.33530  0.05159 -0.19750
   0.32892  0.05132 -0.17078
   0.32258  0.05111 -0.15707
   0.31625  0.05098 -0.17343
   0.30988  0.05089 -0.20280
   0.30343  0.05078 -0.23014
   0.29682  0.05061 -0.23245
   0.29002  0.05037 -0.22002
   0.28299  0.05009 -0.20819
   0.27579  0.04982 -0.20691
   0.26847  0.04954 -0.21098
   0.26108  0.04924 -0.21292
   0.25361  0.04892 -0.21181
   0.24607  0.04858 -0.21186
   0.23850  0.04823 -0.21286
   0.23092  0.04786 -0.21330
   0.22333  0.04747 -0.21410
   0.21574  0.04707 -0.21462
   0.20817  0.04664 -0.21643
   0.20063  0.04620 -0.21692
   0.19311  0.04574 -0.21772
   0.18563  0.04526 -0.22086
   0.17820  0.04475 -0.22057
   0.17081  0.04423 -0.22184
   0.16349  0.04368 -0.22423
   0.15624  0.04311 -0.22427
   0.14907  0.04251 -0.22669
   0.14200  0.04189 -0.22733
   0.13503  0.04125 -0.22832
   0.12818  0.04059 -0.22908
   0.12147  0.03990 -0.22934
   0.11493  0.03919 -0.22936
   0.10856  0.03847 -0.22941
   0.10240  0.03773 -0.22897
   0.09647  0.03699 -0.22993
   0.09078  0.03624 -0.23164
   0.08537  0.03550 -0.23029
   0.08024  0.03476 -0.23553
   0.07540  0.03403 -0.23727
   0.07085  0.03331 -0.24101
   0.06658  0.03261 -0.25363
   0.06257  0.03190 -0.25435
   0.05879  0.03120 -0.26543
   0.05523  0.03050 -0.26957
   0.05189  0.02978 -0.26764
   0.04873  0.02906 -0.26145
   0.04574  0.02833 -0.25049
   0.04291  0.02760 -0.24115
   0.04024  0.02687 -0.22622
   0.03771  0.02615 -0.21412
   0.03531  0.02543 -0.20613
   0.03305  0.02471 -0.18137
   0.03089  0.02399 -0.15132
   0.02884  0.02329 -0.12766
   0.02688  0.02260 -0.11205
   0.02502  0.02195 -0.11010
   0.02326  0.02131 -0.10826
   0.02159  0.02067 -0.10691
   0.02000  0.02005 -0.10086
   0.01849  0.01942 -0.09009
   0.01706  0.01880 -0.07196
   0.01569  0.01817 -0.04548
   0.01439  0.01754 -0.02319
   0.01314  0.01692  0.00009
   0.01194  0.01630  0.02046
   0.01080  0.01568  0.03959
   0.00971  0.01507  0.05771
   0.00867  0.01445  0.08250
   0.00767  0.01383  0.09954
   0.00672  0.01321  0.12333
   0.00581  0.01258  0.14295
   0.00495  0.01194  0.17296
   0.00414  0.01128  0.19562
   0.00338  0.01061  0.22255
   0.00268  0.00990  0.25507
   0.00207  0.00914  0.36366
   0.00154  0.00835  0.45214
   0.00111  0.00752  0.56912
   0.00078  0.00665  0.69891
   0.00053  0.00577  0.80287
   0.00035  0.00489  0.87760
   0.00022  0.00400  0.92768
   0.00012  0.00312  0.96377
   0.00005  0.00224  0.98486
   0.00001  0.00137  0.99661
  -0.00000  0.00051  0.99996
   0.00001 -0.00034  0.99580
   0.00004 -0.00120  0.98430
   0.00010 -0.00206  0.96510
   0.00020 -0.00292  0.94914
   0.00027 -0.00380  0.90533
   0.00039 -0.00468  0.87233
   0.00054 -0.00556  0.82412
   0.00072 -0.00645  0.76544
   0.00092 -0.00735  0.70041
   0.00115 -0.00824  0.62400
   0.00142 -0.00914  0.52683
   0.00173 -0.01004  0.41907
   0.00207 -0.01094  0.29630
   0.00247 -0.01182  0.12318
   0.00292 -0.01269  0.04247
   0.00342 -0.01356 -0.29950
   0.00402 -0.01437 -0.36227
   0.00470 -0.01514 -0.47062
   0.00546 -0.01587 -0.50658
   0.00629 -0.01657 -0.53658
   0.00717 -0.01724 -0.54855
   0.00811 -0.01789 -0.56458
   0.00910 -0.01851 -0.56345
   0.01015 -0.01912 -0.55992
   0.01125 -0.01971 -0.56024
   0.01240 -0.02029 -0.55302
   0.01361 -0.02086 -0.54728
   0.01488 -0.02142 -0.53998
   0.01621 -0.02198 -0.52549
   0.01761 -0.02253 -0.51773
   0.01908 -0.02307 -0.50213
   0.02063 -0.02362 -0.49719
   0.02226 -0.02417 -0.48443
   0.02397 -0.02472 -0.46943
   0.02579 -0.02528 -0.46217
   0.02770 -0.02584 -0.45182
   0.02973 -0.02641 -0.44407
   0.03189 -0.02700 -0.43638
   0.03419 -0.02759 -0.43002
   0.03663 -0.02820 -0.41935
   0.03924 -0.02882 -0.41284
   0.04203 -0.02945 -0.40210
   0.04502 -0.03011 -0.39549
   0.04822 -0.03078 -0.38972
   0.05165 -0.03148 -0.38641
   0.05533 -0.03220 -0.38200
   0.05925 -0.03293 -0.37896
   0.06344 -0.03368 -0.37423
   0.06789 -0.03445 -0.37220
   0.07262 -0.03522 -0.36744
   0.07761 -0.03600 -0.36600
   0.08288 -0.03679 -0.36268
   0.08842 -0.03758 -0.35944
   0.09419 -0.03836 -0.35644
   0.10019 -0.03914 -0.35444
   0.10638 -0.03991 -0.35360
   0.11276 -0.04065 -0.35267
   0.11929 -0.04138 -0.35192
   0.12594 -0.04208 -0.35060
   0.13272 -0.04276 -0.34955
   0.13959 -0.04340 -0.34813
   0.14656 -0.04401 -0.34504
   0.15362 -0.04460 -0.34333
   0.16075 -0.04515 -0.33942
   0.16794 -0.04567 -0.33716
   0.17519 -0.04616 -0.33379
   0.18248 -0.04663 -0.33177
   0.18981 -0.04706 -0.32957
   0.19717 -0.04747 -0.32816
   0.20456 -0.04785 -0.32396
   0.21197 -0.04820 -0.32307
   0.21942 -0.04852 -0.31892
   0.22690 -0.04882 -0.31631
   0.23441 -0.04909 -0.31156
   0.24195 -0.04934 -0.30941
   0.24951 -0.04956 -0.30734
   0.25708 -0.04977 -0.30405
   0.26468 -0.04995 -0.30272
   0.27229 -0.05011 -0.29844
   0.27991 -0.05024 -0.29698
   0.28756 -0.05036 -0.29353
   0.29522 -0.05046 -0.29156
   0.30289 -0.05054 -0.28967
   0.31057 -0.05060 -0.28754
   0.31825 -0.05064 -0.28532
   0.32595 -0.05066 -0.28371
   0.33364 -0.05066 -0.28218
   0.34135 -0.05065 -0.28035
   0.34906 -0.05061 -0.27863
   0.35677 -0.05056 -0.27680
   0.36448 -0.05048 -0.27515
   0.37219 -0.05039 -0.27359
   0.37990 -0.05028 -0.27156
   0.38761 -0.05015 -0.27023
   0.39532 -0.05001 -0.26890
   0.40302 -0.04984 -0.26754
   0.41072 -0.04966 -0.26547
   0.41842 -0.04945 -0.26487
   0.42610 -0.04923 -0.26350
   0.43378 -0.04899 -0.26278
   0.44144 -0.04873 -0.26066
   0.44910 -0.04845 -0.26011
   0.45674 -0.04815 -0.25859
   0.46437 -0.04783 -0.25788
   0.47199 -0.04749 -0.25619
   0.47960 -0.04713 -0.25434
   0.48720 -0.04674 -0.25305
   0.49478 -0.04634 -0.25134
   0.50235 -0.04590 -0.24897
   0.50991 -0.04545 -0.24776
   0.51745 -0.04497 -0.24513
   0.52498 -0.04447 -0.24273
   0.53250 -0.04395 -0.24063
   0.54000 -0.04340 -0.23807
   0.54749 -0.04282 -0.23524
   0.55497 -0.04222 -0.23212
   0.56243 -0.04159 -0.22850
   0.56987 -0.04093 -0.22517
   0.57730 -0.04025 -0.22150
   0.58471 -0.03954 -0.21738
   0.59210 -0.03881 -0.21320
   0.59948 -0.03804 -0.20879
   0.60683 -0.03724 -0.20421
   0.61417 -0.03642 -0.19799
   0.62149 -0.03556 -0.19329
   0.62879 -0.03468 -0.18605
   0.63608 -0.03376 -0.18037
   0.64335 -0.03281 -0.17225
   0.65061 -0.03183 -0.16518
   0.65786 -0.03081 -0.15663
   0.66510 -0.02976 -0.14775
   0.67232 -0.02867 -0.13800
   0.67954 -0.02755 -0.12791
   0.68676 -0.02640 -0.11737
   0.69397 -0.02520 -0.10619
   0.70117 -0.02398 -0.09345
   0.70838 -0.02271 -0.08075
   0.71559 -0.02141 -0.06727
   0.72281 -0.02007 -0.05293
   0.73004 -0.01870 -0.03820
   0.73728 -0.01729 -0.02212
   0.74453 -0.01584 -0.00458
   0.75180 -0.01436  0.01173
   0.75910 -0.01284  0.03171
   0.76642 -0.01128  0.04976
   0.77378 -0.00969  0.07153
   0.78118 -0.00807  0.09035
   0.78863 -0.00642  0.11381
   0.79611 -0.00475  0.13463
   0.80361 -0.00306  0.15902
   0.81108 -0.00138  0.18192
   0.81847  0.00029  0.20489
   0.82574  0.00191  0.22863
   0.83289  0.00348  0.25062
   0.83991  0.00499  0.27113
   0.84680  0.00644  0.29080
   0.85358  0.00782  0.31021
   0.86023  0.00913  0.32648
   0.86676  0.01036  0.34505
   0.87316  0.01151  0.35919
   0.87944  0.01258  0.37560
   0.88561  0.01356  0.38742
   0.89167  0.01445  0.39964
   0.89763  0.01526  0.41042
   0.90349  0.01599  0.41997
   0.90927  0.01663  0.42777
   0.91493  0.01718  0.43740
   0.92047  0.01765  0.44328
   0.92588  0.01803  0.45151
   0.93120  0.01832  0.45511
   0.93644  0.01853  0.45594
   0.94160  0.01868  0.45885
   0.94662  0.01876  0.46580
   0.95140  0.01879  0.48116
   0.95595  0.01872  0.49083
   0.96030  0.01853  0.49591
   0.96456  0.01820  0.48099
   0.96881  0.01775  0.45342
   0.97308  0.01723  0.42632
   0.97733  0.01672  0.41413
   0.98147  0.01621  0.42729
   0.98549  0.01562  0.43422
   0.98945  0.01488  0.38899
   0.99342  0.01406  0.32429
   0.99738  0.01325  0.29898
   1.00000  0.01271  0.25418
