GRUMMAN K-2 AIRFOIL                             
 Alfa =  -1.14800 Re =        0.000 Xflap,Yflap =     0.000000    0.000000
#    x        y        Cp  
   1.00000  0.01371  0.25414
   0.99740  0.01444  0.09905
   0.99329  0.01549  0.06123
   0.98889  0.01657  0.04574
   0.98423  0.01772  0.00524
   0.97929  0.01890 -0.02980
   0.97409  0.02011 -0.05584
   0.96867  0.02135 -0.08636
   0.96305  0.02259 -0.11298
   0.95727  0.02381 -0.13471
   0.95131  0.02502 -0.15576
   0.94520  0.02620 -0.17094
   0.93893  0.02735 -0.18411
   0.93253  0.02848 -0.19542
   0.92600  0.02957 -0.20266
   0.91932  0.03065 -0.20885
   0.91254  0.03170 -0.21584
   0.90568  0.03272 -0.22460
   0.89876  0.03372 -0.23208
   0.89181  0.03467 -0.24029
   0.88484  0.03559 -0.24634
   0.87782  0.03647 -0.24904
   0.87073  0.03731 -0.25025
   0.86355  0.03812 -0.25146
   0.85628  0.03891 -0.25025
   0.84891  0.03968 -0.24950
   0.84146  0.04044 -0.24950
   0.83396  0.04117 -0.24952
   0.82645  0.04190 -0.25530
   0.81896  0.04260 -0.26032
   0.81149  0.04327 -0.26397
   0.80402  0.04391 -0.26655
   0.79655  0.04452 -0.26910
   0.78909  0.04510 -0.27130
   0.78162  0.04565 -0.27216
   0.77414  0.04617 -0.27174
   0.76665  0.04666 -0.27223
   0.75914  0.04713 -0.27104
   0.75161  0.04756 -0.26930
   0.74405  0.04798 -0.26761
   0.73646  0.04837 -0.26478
   0.72884  0.04874 -0.26240
   0.72118  0.04909 -0.25960
   0.71350  0.04943 -0.25636
   0.70580  0.04974 -0.25461
   0.69806  0.05004 -0.25164
   0.69030  0.05033 -0.24969
   0.68252  0.05060 -0.24764
   0.67473  0.05086 -0.24594
   0.66693  0.05111 -0.24380
   0.65911  0.05135 -0.24261
   0.65129  0.05157 -0.24121
   0.64347  0.05178 -0.23923
   0.63563  0.05197 -0.23819
   0.62779  0.05216 -0.23674
   0.61994  0.05233 -0.23476
   0.61208  0.05249 -0.23429
   0.60421  0.05264 -0.23185
   0.59633  0.05278 -0.23111
   0.58846  0.05291 -0.22996
   0.58058  0.05303 -0.22941
   0.57270  0.05314 -0.22824
   0.56482  0.05324 -0.22741
   0.55693  0.05333 -0.22640
   0.54904  0.05340 -0.22583
   0.54115  0.05347 -0.22447
   0.53326  0.05353 -0.22421
   0.52537  0.05358 -0.22293
   0.51748  0.05361 -0.22211
   0.50958  0.05364 -0.22189
   0.50169  0.05366 -0.22036
   0.49380  0.05367 -0.22080
   0.48590  0.05367 -0.21921
   0.47801  0.05366 -0.21966
   0.47012  0.05363 -0.21871
   0.46224  0.05360 -0.21806
   0.45437  0.05356 -0.21752
   0.44650  0.05351 -0.21707
   0.43864  0.05345 -0.21605
   0.43079  0.05338 -0.21592
   0.42295  0.05330 -0.21569
   0.41514  0.05321 -0.21542
   0.40737  0.05312 -0.21614
   0.39966  0.05301 -0.21563
   0.39202  0.05289 -0.21692
   0.38445  0.05276 -0.21408
   0.37694  0.05262 -0.21152
   0.36954  0.05249 -0.21061
   0.36229  0.05236 -0.21788
   0.35524  0.05223 -0.22888
   0.34842  0.05207 -0.23820
   0.34179  0.05185 -0.22949
   0.33530  0.05159 -0.20249
   0.32892  0.05132 -0.17573
   0.32258  0.05111 -0.16203
   0.31625  0.05098 -0.17853
   0.30988  0.05089 -0.20811
   0.30343  0.05078 -0.23565
   0.29682  0.05061 -0.23805
   0.29002  0.05037 -0.22566
   0.28299  0.05009 -0.21387
   0.27579  0.04982 -0.21269
   0.26847  0.04954 -0.21688
   0.26108  0.04924 -0.21894
   0.25361  0.04892 -0.21795
   0.24607  0.04858 -0.21812
   0.23850  0.04823 -0.21925
   0.23092  0.04786 -0.21983
   0.22333  0.04747 -0.22078
   0.21574  0.04707 -0.22145
   0.20817  0.04664 -0.22342
   0.20063  0.04620 -0.22408
   0.19311  0.04574 -0.22505
   0.18563  0.04526 -0.22839
   0.17820  0.04475 -0.22829
   0.17081  0.04423 -0.22976
   0.16349  0.04368 -0.23237
   0.15624  0.04311 -0.23264
   0.14907  0.04251 -0.23530
   0.14200  0.04189 -0.23619
   0.13503  0.04125 -0.23744
   0.12818  0.04059 -0.23849
   0.12147  0.03990 -0.23903
   0.11493  0.03919 -0.23936
   0.10856  0.03847 -0.23973
   0.10240  0.03773 -0.23962
   0.09647  0.03699 -0.24095
   0.09078  0.03624 -0.24304
   0.08537  0.03550 -0.24207
   0.08024  0.03476 -0.24774
   0.07540  0.03403 -0.24992
   0.07085  0.03331 -0.25412
   0.06658  0.03261 -0.26732
   0.06257  0.03190 -0.26849
   0.05879  0.03120 -0.28018
   0.05523  0.03050 -0.28485
   0.05189  0.02978 -0.28342
   0.04873  0.02906 -0.27767
   0.04574  0.02833 -0.26712
   0.04291  0.02760 -0.25821
   0.04024  0.02687 -0.24365
   0.03771  0.02615 -0.23196
   0.03531  0.02543 -0.22446
   0.03305  0.02471 -0.19994
   0.03089  0.02399 -0.17006
   0.02884  0.02329 -0.14663
   0.02688  0.02260 -0.13143
   0.02502  0.02195 -0.13013
   0.02326  0.02131 -0.12899
   0.02159  0.02067 -0.12837
   0.02000  0.02005 -0.12300
   0.01849  0.01942 -0.11288
   0.01706  0.01880 -0.09525
   0.01569  0.01817 -0.06914
   0.01439  0.01754 -0.04728
   0.01314  0.01692 -0.02449
   0.01194  0.01630 -0.00471
   0.01080  0.01568  0.01375
   0.00971  0.01507  0.03115
   0.00867  0.01445  0.05526
   0.00767  0.01383  0.07140
   0.00672  0.01321  0.09427
   0.00581  0.01258  0.11278
   0.00495  0.01194  0.14177
   0.00414  0.01128  0.16305
   0.00338  0.01061  0.18831
   0.00268  0.00990  0.21914
   0.00207  0.00914  0.32944
   0.00154  0.00835  0.41896
   0.00111  0.00752  0.53909
   0.00078  0.00665  0.67433
   0.00053  0.00577  0.78358
   0.00035  0.00489  0.86284
   0.00022  0.00400  0.91654
   0.00012  0.00312  0.95596
   0.00005  0.00224  0.97978
   0.00001  0.00137  0.99406
  -0.00000  0.00051  0.99984
   0.00001 -0.00034  0.99785
   0.00004 -0.00120  0.98857
   0.00010 -0.00206  0.97173
   0.00020 -0.00292  0.95658
   0.00027 -0.00380  0.91654
   0.00039 -0.00468  0.88494
   0.00054 -0.00556  0.83905
   0.00072 -0.00645  0.78281
   0.00092 -0.00735  0.72014
   0.00115 -0.00824  0.64626
   0.00142 -0.00914  0.55208
   0.00173 -0.01004  0.44740
   0.00207 -0.01094  0.32772
   0.00247 -0.01182  0.15918
   0.00292 -0.01269  0.07900
   0.00342 -0.01356 -0.25348
   0.00402 -0.01437 -0.31748
   0.00470 -0.01514 -0.42518
   0.00546 -0.01587 -0.46285
   0.00629 -0.01657 -0.49436
   0.00717 -0.01724 -0.50818
   0.00811 -0.01789 -0.52573
   0.00910 -0.01851 -0.52632
   0.01015 -0.01912 -0.52445
   0.01125 -0.01971 -0.52622
   0.01240 -0.02029 -0.52042
   0.01361 -0.02086 -0.51601
   0.01488 -0.02142 -0.50999
   0.01621 -0.02198 -0.49680
   0.01761 -0.02253 -0.49018
   0.01908 -0.02307 -0.47570
   0.02063 -0.02362 -0.47174
   0.02226 -0.02417 -0.45998
   0.02397 -0.02472 -0.44595
   0.02579 -0.02528 -0.43956
   0.02770 -0.02584 -0.43004
   0.02973 -0.02641 -0.42307
   0.03189 -0.02700 -0.41612
   0.03419 -0.02759 -0.41047
   0.03663 -0.02820 -0.40051
   0.03924 -0.02882 -0.39467
   0.04203 -0.02945 -0.38462
   0.04502 -0.03011 -0.37863
   0.04822 -0.03078 -0.37345
   0.05165 -0.03148 -0.37069
   0.05533 -0.03220 -0.36683
   0.05925 -0.03293 -0.36431
   0.06344 -0.03368 -0.36010
   0.06789 -0.03445 -0.35855
   0.07262 -0.03522 -0.35426
   0.07761 -0.03600 -0.35327
   0.08288 -0.03679 -0.35039
   0.08842 -0.03758 -0.34758
   0.09419 -0.03836 -0.34498
   0.10019 -0.03914 -0.34335
   0.10638 -0.03991 -0.34286
   0.11276 -0.04065 -0.34226
   0.11929 -0.04138 -0.34182
   0.12594 -0.04208 -0.34080
   0.13272 -0.04276 -0.34004
   0.13959 -0.04340 -0.33889
   0.14656 -0.04401 -0.33607
   0.15362 -0.04460 -0.33461
   0.16075 -0.04515 -0.33095
   0.16794 -0.04567 -0.32891
   0.17519 -0.04616 -0.32576
   0.18248 -0.04663 -0.32395
   0.18981 -0.04706 -0.32194
   0.19717 -0.04747 -0.32072
   0.20456 -0.04785 -0.31669
   0.21197 -0.04820 -0.31597
   0.21942 -0.04852 -0.31200
   0.22690 -0.04882 -0.30955
   0.23441 -0.04909 -0.30495
   0.24195 -0.04934 -0.30296
   0.24951 -0.04956 -0.30101
   0.25708 -0.04977 -0.29787
   0.26468 -0.04995 -0.29667
   0.27229 -0.05011 -0.29251
   0.27991 -0.05024 -0.29117
   0.28756 -0.05036 -0.28784
   0.29522 -0.05046 -0.28599
   0.30289 -0.05054 -0.28421
   0.31057 -0.05060 -0.28219
   0.31825 -0.05064 -0.28007
   0.32595 -0.05066 -0.27856
   0.33364 -0.05066 -0.27712
   0.34135 -0.05065 -0.27538
   0.34906 -0.05061 -0.27375
   0.35677 -0.05056 -0.27201
   0.36448 -0.05048 -0.27046
   0.37219 -0.05039 -0.26897
   0.37990 -0.05028 -0.26704
   0.38761 -0.05015 -0.26577
   0.39532 -0.05001 -0.26453
   0.40302 -0.04984 -0.26324
   0.41072 -0.04966 -0.26124
   0.41842 -0.04945 -0.26071
   0.42610 -0.04923 -0.25942
   0.43378 -0.04899 -0.25876
   0.44144 -0.04873 -0.25671
   0.44910 -0.04845 -0.25624
   0.45674 -0.04815 -0.25477
   0.46437 -0.04783 -0.25413
   0.47199 -0.04749 -0.25250
   0.47960 -0.04713 -0.25072
   0.48720 -0.04674 -0.24949
   0.49478 -0.04634 -0.24784
   0.50235 -0.04590 -0.24552
   0.50991 -0.04545 -0.24438
   0.51745 -0.04497 -0.24180
   0.52498 -0.04447 -0.23947
   0.53250 -0.04395 -0.23742
   0.54000 -0.04340 -0.23492
   0.54749 -0.04282 -0.23215
   0.55497 -0.04222 -0.22908
   0.56243 -0.04159 -0.22552
   0.56987 -0.04093 -0.22224
   0.57730 -0.04025 -0.21863
   0.58471 -0.03954 -0.21458
   0.59210 -0.03881 -0.21044
   0.59948 -0.03804 -0.20610
   0.60683 -0.03724 -0.20156
   0.61417 -0.03642 -0.19540
   0.62149 -0.03556 -0.19075
   0.62879 -0.03468 -0.18357
   0.63608 -0.03376 -0.17795
   0.64335 -0.03281 -0.16987
   0.65061 -0.03183 -0.16287
   0.65786 -0.03081 -0.15438
   0.66510 -0.02976 -0.14554
   0.67232 -0.02867 -0.13586
   0.67954 -0.02755 -0.12584
   0.68676 -0.02640 -0.11533
   0.69397 -0.02520 -0.10422
   0.70117 -0.02398 -0.09153
   0.70838 -0.02271 -0.07890
   0.71559 -0.02141 -0.06548
   0.72281 -0.02007 -0.05119
   0.73004 -0.01870 -0.03651
   0.73728 -0.01729 -0.02050
   0.74453 -0.01584 -0.00304
   0.75180 -0.01436  0.01324
   0.75910 -0.01284  0.03315
   0.76642 -0.01128  0.05113
   0.77378 -0.00969  0.07284
   0.78118 -0.00807  0.09162
   0.78863 -0.00642  0.11502
   0.79611 -0.00475  0.13577
   0.80361 -0.00306  0.16010
   0.81108 -0.00138  0.18294
   0.81847  0.00029  0.20587
   0.82574  0.00191  0.22955
   0.83289  0.00348  0.25149
   0.83991  0.00499  0.27194
   0.84680  0.00644  0.29158
   0.85358  0.00782  0.31095
   0.86023  0.00913  0.32718
   0.86676  0.01036  0.34571
   0.87316  0.01151  0.35984
   0.87944  0.01258  0.37620
   0.88561  0.01356  0.38799
   0.89167  0.01445  0.40018
   0.89763  0.01526  0.41093
   0.90349  0.01599  0.42047
   0.90927  0.01663  0.42824
   0.91493  0.01718  0.43783
   0.92047  0.01765  0.44373
   0.92588  0.01803  0.45191
   0.93120  0.01832  0.45551
   0.93644  0.01853  0.45631
   0.94160  0.01868  0.45920
   0.94662  0.01876  0.46616
   0.95140  0.01879  0.48147
   0.95595  0.01872  0.49114
   0.96030  0.01853  0.49620
   0.96456  0.01820  0.48125
   0.96881  0.01775  0.45371
   0.97308  0.01723  0.42660
   0.97733  0.01672  0.41440
   0.98147  0.01621  0.42752
   0.98549  0.01562  0.43443
   0.98945  0.01488  0.38920
   0.99342  0.01406  0.32450
   0.99738  0.01325  0.29915
   1.00000  0.01271  0.25414
