GRUMMAN K-2 AIRFOIL                             
 Alfa =  -1.14200 Re =        0.000 Xflap,Yflap =     0.000000    0.000000
#    x        y        Cp  
   1.00000  0.01371  0.25414
   0.99740  0.01444  0.09904
   0.99329  0.01549  0.06122
   0.98889  0.01657  0.04572
   0.98423  0.01772  0.00522
   0.97929  0.01890 -0.02982
   0.97409  0.02011 -0.05587
   0.96867  0.02135 -0.08640
   0.96305  0.02259 -0.11302
   0.95727  0.02381 -0.13476
   0.95131  0.02502 -0.15581
   0.94520  0.02620 -0.17099
   0.93893  0.02735 -0.18416
   0.93253  0.02848 -0.19549
   0.92600  0.02957 -0.20272
   0.91932  0.03065 -0.20892
   0.91254  0.03170 -0.21592
   0.90568  0.03272 -0.22468
   0.89876  0.03372 -0.23216
   0.89181  0.03467 -0.24038
   0.88484  0.03559 -0.24643
   0.87782  0.03647 -0.24914
   0.87073  0.03731 -0.25035
   0.86355  0.03812 -0.25156
   0.85628  0.03891 -0.25035
   0.84891  0.03968 -0.24961
   0.84146  0.04044 -0.24961
   0.83396  0.04117 -0.24964
   0.82645  0.04190 -0.25542
   0.81896  0.04260 -0.26044
   0.81149  0.04327 -0.26410
   0.80402  0.04391 -0.26668
   0.79655  0.04452 -0.26923
   0.78909  0.04510 -0.27143
   0.78162  0.04565 -0.27230
   0.77414  0.04617 -0.27188
   0.76665  0.04666 -0.27237
   0.75914  0.04713 -0.27119
   0.75161  0.04756 -0.26945
   0.74405  0.04798 -0.26776
   0.73646  0.04837 -0.26494
   0.72884  0.04874 -0.26256
   0.72118  0.04909 -0.25976
   0.71350  0.04943 -0.25652
   0.70580  0.04974 -0.25478
   0.69806  0.05004 -0.25181
   0.69030  0.05033 -0.24986
   0.68252  0.05060 -0.24781
   0.67473  0.05086 -0.24612
   0.66693  0.05111 -0.24398
   0.65911  0.05135 -0.24279
   0.65129  0.05157 -0.24140
   0.64347  0.05178 -0.23942
   0.63563  0.05197 -0.23838
   0.62779  0.05216 -0.23694
   0.61994  0.05233 -0.23496
   0.61208  0.05249 -0.23450
   0.60421  0.05264 -0.23206
   0.59633  0.05278 -0.23132
   0.58846  0.05291 -0.23017
   0.58058  0.05303 -0.22962
   0.57270  0.05314 -0.22846
   0.56482  0.05324 -0.22763
   0.55693  0.05333 -0.22663
   0.54904  0.05340 -0.22606
   0.54115  0.05347 -0.22471
   0.53326  0.05353 -0.22445
   0.52537  0.05358 -0.22317
   0.51748  0.05361 -0.22236
   0.50958  0.05364 -0.22214
   0.50169  0.05366 -0.22061
   0.49380  0.05367 -0.22106
   0.48590  0.05367 -0.21947
   0.47801  0.05366 -0.21992
   0.47012  0.05363 -0.21898
   0.46224  0.05360 -0.21833
   0.45437  0.05356 -0.21780
   0.44650  0.05351 -0.21735
   0.43864  0.05345 -0.21633
   0.43079  0.05338 -0.21621
   0.42295  0.05330 -0.21598
   0.41514  0.05321 -0.21571
   0.40737  0.05312 -0.21644
   0.39966  0.05301 -0.21594
   0.39202  0.05289 -0.21724
   0.38445  0.05276 -0.21440
   0.37694  0.05262 -0.21184
   0.36954  0.05249 -0.21094
   0.36229  0.05236 -0.21821
   0.35524  0.05223 -0.22922
   0.34842  0.05207 -0.23855
   0.34179  0.05185 -0.22984
   0.33530  0.05159 -0.20284
   0.32892  0.05132 -0.17607
   0.32258  0.05111 -0.16238
   0.31625  0.05098 -0.17889
   0.30988  0.05089 -0.20848
   0.30343  0.05078 -0.23604
   0.29682  0.05061 -0.23844
   0.29002  0.05037 -0.22605
   0.28299  0.05009 -0.21427
   0.27579  0.04982 -0.21309
   0.26847  0.04954 -0.21730
   0.26108  0.04924 -0.21937
   0.25361  0.04892 -0.21838
   0.24607  0.04858 -0.21856
   0.23850  0.04823 -0.21970
   0.23092  0.04786 -0.22029
   0.22333  0.04747 -0.22125
   0.21574  0.04707 -0.22193
   0.20817  0.04664 -0.22391
   0.20063  0.04620 -0.22458
   0.19311  0.04574 -0.22556
   0.18563  0.04526 -0.22891
   0.17820  0.04475 -0.22883
   0.17081  0.04423 -0.23032
   0.16349  0.04368 -0.23294
   0.15624  0.04311 -0.23322
   0.14907  0.04251 -0.23591
   0.14200  0.04189 -0.23681
   0.13503  0.04125 -0.23808
   0.12818  0.04059 -0.23914
   0.12147  0.03990 -0.23971
   0.11493  0.03919 -0.24006
   0.10856  0.03847 -0.24045
   0.10240  0.03773 -0.24037
   0.09647  0.03699 -0.24172
   0.09078  0.03624 -0.24383
   0.08537  0.03550 -0.24289
   0.08024  0.03476 -0.24859
   0.07540  0.03403 -0.25080
   0.07085  0.03331 -0.25503
   0.06658  0.03261 -0.26828
   0.06257  0.03190 -0.26948
   0.05879  0.03120 -0.28122
   0.05523  0.03050 -0.28592
   0.05189  0.02978 -0.28452
   0.04873  0.02906 -0.27881
   0.04574  0.02833 -0.26828
   0.04291  0.02760 -0.25940
   0.04024  0.02687 -0.24487
   0.03771  0.02615 -0.23321
   0.03531  0.02543 -0.22574
   0.03305  0.02471 -0.20124
   0.03089  0.02399 -0.17137
   0.02884  0.02329 -0.14796
   0.02688  0.02260 -0.13279
   0.02502  0.02195 -0.13153
   0.02326  0.02131 -0.13044
   0.02159  0.02067 -0.12987
   0.02000  0.02005 -0.12456
   0.01849  0.01942 -0.11448
   0.01706  0.01880 -0.09688
   0.01569  0.01817 -0.07080
   0.01439  0.01754 -0.04897
   0.01314  0.01692 -0.02621
   0.01194  0.01630 -0.00648
   0.01080  0.01568  0.01194
   0.00971  0.01507  0.02928
   0.00867  0.01445  0.05334
   0.00767  0.01383  0.06942
   0.00672  0.01321  0.09222
   0.00581  0.01258  0.11065
   0.00495  0.01194  0.13957
   0.00414  0.01128  0.16076
   0.00338  0.01061  0.18589
   0.00268  0.00990  0.21660
   0.00207  0.00914  0.32702
   0.00154  0.00835  0.41661
   0.00111  0.00752  0.53696
   0.00078  0.00665  0.67258
   0.00053  0.00577  0.78220
   0.00035  0.00489  0.86178
   0.00022  0.00400  0.91574
   0.00012  0.00312  0.95538
   0.00005  0.00224  0.97940
   0.00001  0.00137  0.99385
  -0.00000  0.00051  0.99981
   0.00001 -0.00034  0.99797
   0.00004 -0.00120  0.98885
   0.00010 -0.00206  0.97217
   0.00020 -0.00292  0.95708
   0.00027 -0.00380  0.91730
   0.00039 -0.00468  0.88579
   0.00054 -0.00556  0.84007
   0.00072 -0.00645  0.78400
   0.00092 -0.00735  0.72150
   0.00115 -0.00824  0.64779
   0.00142 -0.00914  0.55382
   0.00173 -0.01004  0.44935
   0.00207 -0.01094  0.32989
   0.00247 -0.01182  0.16167
   0.00292 -0.01269  0.08152
   0.00342 -0.01356 -0.25030
   0.00402 -0.01437 -0.31438
   0.00470 -0.01514 -0.42203
   0.00546 -0.01587 -0.45982
   0.00629 -0.01657 -0.49144
   0.00717 -0.01724 -0.50539
   0.00811 -0.01789 -0.52304
   0.00910 -0.01851 -0.52375
   0.01015 -0.01912 -0.52199
   0.01125 -0.01971 -0.52386
   0.01240 -0.02029 -0.51816
   0.01361 -0.02086 -0.51384
   0.01488 -0.02142 -0.50791
   0.01621 -0.02198 -0.49481
   0.01761 -0.02253 -0.48827
   0.01908 -0.02307 -0.47387
   0.02063 -0.02362 -0.46998
   0.02226 -0.02417 -0.45828
   0.02397 -0.02472 -0.44432
   0.02579 -0.02528 -0.43799
   0.02770 -0.02584 -0.42852
   0.02973 -0.02641 -0.42161
   0.03189 -0.02700 -0.41471
   0.03419 -0.02759 -0.40911
   0.03663 -0.02820 -0.39920
   0.03924 -0.02882 -0.39341
   0.04203 -0.02945 -0.38340
   0.04502 -0.03011 -0.37746
   0.04822 -0.03078 -0.37232
   0.05165 -0.03148 -0.36960
   0.05533 -0.03220 -0.36577
   0.05925 -0.03293 -0.36329
   0.06344 -0.03368 -0.35911
   0.06789 -0.03445 -0.35760
   0.07262 -0.03522 -0.35335
   0.07761 -0.03600 -0.35239
   0.08288 -0.03679 -0.34954
   0.08842 -0.03758 -0.34675
   0.09419 -0.03836 -0.34418
   0.10019 -0.03914 -0.34258
   0.10638 -0.03991 -0.34211
   0.11276 -0.04065 -0.34154
   0.11929 -0.04138 -0.34112
   0.12594 -0.04208 -0.34012
   0.13272 -0.04276 -0.33938
   0.13959 -0.04340 -0.33825
   0.14656 -0.04401 -0.33544
   0.15362 -0.04460 -0.33400
   0.16075 -0.04515 -0.33036
   0.16794 -0.04567 -0.32833
   0.17519 -0.04616 -0.32520
   0.18248 -0.04663 -0.32340
   0.18981 -0.04706 -0.32141
   0.19717 -0.04747 -0.32020
   0.20456 -0.04785 -0.31619
   0.21197 -0.04820 -0.31547
   0.21942 -0.04852 -0.31152
   0.22690 -0.04882 -0.30908
   0.23441 -0.04909 -0.30449
   0.24195 -0.04934 -0.30251
   0.24951 -0.04956 -0.30057
   0.25708 -0.04977 -0.29744
   0.26468 -0.04995 -0.29624
   0.27229 -0.05011 -0.29210
   0.27991 -0.05024 -0.29077
   0.28756 -0.05036 -0.28745
   0.29522 -0.05046 -0.28560
   0.30289 -0.05054 -0.28383
   0.31057 -0.05060 -0.28182
   0.31825 -0.05064 -0.27970
   0.32595 -0.05066 -0.27820
   0.33364 -0.05066 -0.27677
   0.34135 -0.05065 -0.27504
   0.34906 -0.05061 -0.27341
   0.35677 -0.05056 -0.27168
   0.36448 -0.05048 -0.27013
   0.37219 -0.05039 -0.26864
   0.37990 -0.05028 -0.26672
   0.38761 -0.05015 -0.26546
   0.39532 -0.05001 -0.26423
   0.40302 -0.04984 -0.26294
   0.41072 -0.04966 -0.26094
   0.41842 -0.04945 -0.26042
   0.42610 -0.04923 -0.25914
   0.43378 -0.04899 -0.25848
   0.44144 -0.04873 -0.25643
   0.44910 -0.04845 -0.25597
   0.45674 -0.04815 -0.25451
   0.46437 -0.04783 -0.25387
   0.47199 -0.04749 -0.25225
   0.47960 -0.04713 -0.25046
   0.48720 -0.04674 -0.24924
   0.49478 -0.04634 -0.24759
   0.50235 -0.04590 -0.24528
   0.50991 -0.04545 -0.24415
   0.51745 -0.04497 -0.24157
   0.52498 -0.04447 -0.23924
   0.53250 -0.04395 -0.23719
   0.54000 -0.04340 -0.23470
   0.54749 -0.04282 -0.23193
   0.55497 -0.04222 -0.22887
   0.56243 -0.04159 -0.22532
   0.56987 -0.04093 -0.22204
   0.57730 -0.04025 -0.21843
   0.58471 -0.03954 -0.21438
   0.59210 -0.03881 -0.21025
   0.59948 -0.03804 -0.20591
   0.60683 -0.03724 -0.20137
   0.61417 -0.03642 -0.19522
   0.62149 -0.03556 -0.19058
   0.62879 -0.03468 -0.18340
   0.63608 -0.03376 -0.17778
   0.64335 -0.03281 -0.16971
   0.65061 -0.03183 -0.16271
   0.65786 -0.03081 -0.15422
   0.66510 -0.02976 -0.14539
   0.67232 -0.02867 -0.13571
   0.67954 -0.02755 -0.12569
   0.68676 -0.02640 -0.11519
   0.69397 -0.02520 -0.10408
   0.70117 -0.02398 -0.09140
   0.70838 -0.02271 -0.07878
   0.71559 -0.02141 -0.06536
   0.72281 -0.02007 -0.05107
   0.73004 -0.01870 -0.03639
   0.73728 -0.01729 -0.02038
   0.74453 -0.01584 -0.00293
   0.75180 -0.01436  0.01335
   0.75910 -0.01284  0.03325
   0.76642 -0.01128  0.05122
   0.77378 -0.00969  0.07294
   0.78118 -0.00807  0.09170
   0.78863 -0.00642  0.11510
   0.79611 -0.00475  0.13585
   0.80361 -0.00306  0.16018
   0.81108 -0.00138  0.18301
   0.81847  0.00029  0.20594
   0.82574  0.00191  0.22961
   0.83289  0.00348  0.25155
   0.83991  0.00499  0.27200
   0.84680  0.00644  0.29164
   0.85358  0.00782  0.31100
   0.86023  0.00913  0.32723
   0.86676  0.01036  0.34575
   0.87316  0.01151  0.35989
   0.87944  0.01258  0.37624
   0.88561  0.01356  0.38803
   0.89167  0.01445  0.40022
   0.89763  0.01526  0.41096
   0.90349  0.01599  0.42050
   0.90927  0.01663  0.42827
   0.91493  0.01718  0.43786
   0.92047  0.01765  0.44376
   0.92588  0.01803  0.45194
   0.93120  0.01832  0.45554
   0.93644  0.01853  0.45634
   0.94160  0.01868  0.45923
   0.94662  0.01876  0.46619
   0.95140  0.01879  0.48149
   0.95595  0.01872  0.49116
   0.96030  0.01853  0.49622
   0.96456  0.01820  0.48127
   0.96881  0.01775  0.45373
   0.97308  0.01723  0.42662
   0.97733  0.01672  0.41442
   0.98147  0.01621  0.42754
   0.98549  0.01562  0.43444
   0.98945  0.01488  0.38921
   0.99342  0.01406  0.32451
   0.99738  0.01325  0.29916
   1.00000  0.01271  0.25414
