GRUMMAN K-2 AIRFOIL                             
 Alfa =  -1.06800 Re =        0.000 Xflap,Yflap =     0.000000    0.000000
#    x        y        Cp  
   1.00000  0.01371  0.25411
   0.99740  0.01444  0.09895
   0.99329  0.01549  0.06110
   0.98889  0.01657  0.04551
   0.98423  0.01772  0.00493
   0.97929  0.01890 -0.03016
   0.97409  0.02011 -0.05624
   0.96867  0.02135 -0.08685
   0.96305  0.02259 -0.11352
   0.95727  0.02381 -0.13530
   0.95131  0.02502 -0.15643
   0.94520  0.02620 -0.17167
   0.93893  0.02735 -0.18489
   0.93253  0.02848 -0.19626
   0.92600  0.02957 -0.20353
   0.91932  0.03065 -0.20980
   0.91254  0.03170 -0.21682
   0.90568  0.03272 -0.22565
   0.89876  0.03372 -0.23316
   0.89181  0.03467 -0.24144
   0.88484  0.03559 -0.24754
   0.87782  0.03647 -0.25028
   0.87073  0.03731 -0.25154
   0.86355  0.03812 -0.25280
   0.85628  0.03891 -0.25161
   0.84891  0.03968 -0.25094
   0.84146  0.04044 -0.25095
   0.83396  0.04117 -0.25103
   0.82645  0.04190 -0.25685
   0.81896  0.04260 -0.26192
   0.81149  0.04327 -0.26563
   0.80402  0.04391 -0.26823
   0.79655  0.04452 -0.27085
   0.78909  0.04510 -0.27306
   0.78162  0.04565 -0.27400
   0.77414  0.04617 -0.27361
   0.76665  0.04666 -0.27415
   0.75914  0.04713 -0.27299
   0.75161  0.04756 -0.27129
   0.74405  0.04798 -0.26962
   0.73646  0.04837 -0.26686
   0.72884  0.04874 -0.26450
   0.72118  0.04909 -0.26174
   0.71350  0.04943 -0.25854
   0.70580  0.04974 -0.25683
   0.69806  0.05004 -0.25388
   0.69030  0.05033 -0.25199
   0.68252  0.05060 -0.24995
   0.67473  0.05086 -0.24833
   0.66693  0.05111 -0.24621
   0.65911  0.05135 -0.24505
   0.65129  0.05157 -0.24371
   0.64347  0.05178 -0.24176
   0.63563  0.05197 -0.24075
   0.62779  0.05216 -0.23935
   0.61994  0.05233 -0.23742
   0.61208  0.05249 -0.23698
   0.60421  0.05264 -0.23459
   0.59633  0.05278 -0.23389
   0.58846  0.05291 -0.23278
   0.58058  0.05303 -0.23228
   0.57270  0.05314 -0.23115
   0.56482  0.05324 -0.23036
   0.55693  0.05333 -0.22940
   0.54904  0.05340 -0.22888
   0.54115  0.05347 -0.22757
   0.53326  0.05353 -0.22736
   0.52537  0.05358 -0.22612
   0.51748  0.05361 -0.22536
   0.50958  0.05364 -0.22518
   0.50169  0.05366 -0.22370
   0.49380  0.05367 -0.22420
   0.48590  0.05367 -0.22265
   0.47801  0.05366 -0.22316
   0.47012  0.05363 -0.22227
   0.46224  0.05360 -0.22168
   0.45437  0.05356 -0.22119
   0.44650  0.05351 -0.22080
   0.43864  0.05345 -0.21983
   0.43079  0.05338 -0.21977
   0.42295  0.05330 -0.21959
   0.41514  0.05321 -0.21938
   0.40737  0.05312 -0.22017
   0.39966  0.05301 -0.21973
   0.39202  0.05289 -0.22108
   0.38445  0.05276 -0.21831
   0.37694  0.05262 -0.21580
   0.36954  0.05249 -0.21495
   0.36229  0.05236 -0.22231
   0.35524  0.05223 -0.23343
   0.34842  0.05207 -0.24284
   0.34179  0.05185 -0.23417
   0.33530  0.05159 -0.20713
   0.32892  0.05132 -0.18033
   0.32258  0.05111 -0.16666
   0.31625  0.05098 -0.18328
   0.30988  0.05089 -0.21305
   0.30343  0.05078 -0.24079
   0.29682  0.05061 -0.24327
   0.29002  0.05037 -0.23091
   0.28299  0.05009 -0.21916
   0.27579  0.04982 -0.21807
   0.26847  0.04954 -0.22239
   0.26108  0.04924 -0.22455
   0.25361  0.04892 -0.22367
   0.24607  0.04858 -0.22396
   0.23850  0.04823 -0.22521
   0.23092  0.04786 -0.22592
   0.22333  0.04747 -0.22701
   0.21574  0.04707 -0.22781
   0.20817  0.04664 -0.22994
   0.20063  0.04620 -0.23075
   0.19311  0.04574 -0.23188
   0.18563  0.04526 -0.23541
   0.17820  0.04475 -0.23548
   0.17081  0.04423 -0.23715
   0.16349  0.04368 -0.23997
   0.15624  0.04311 -0.24044
   0.14907  0.04251 -0.24334
   0.14200  0.04189 -0.24446
   0.13503  0.04125 -0.24596
   0.12818  0.04059 -0.24727
   0.12147  0.03990 -0.24808
   0.11493  0.03919 -0.24869
   0.10856  0.03847 -0.24937
   0.10240  0.03773 -0.24957
   0.09647  0.03699 -0.25123
   0.09078  0.03624 -0.25368
   0.08537  0.03550 -0.25306
   0.08024  0.03476 -0.25914
   0.07540  0.03403 -0.26174
   0.07085  0.03331 -0.26636
   0.06658  0.03261 -0.28011
   0.06257  0.03190 -0.28171
   0.05879  0.03120 -0.29398
   0.05523  0.03050 -0.29915
   0.05189  0.02978 -0.29817
   0.04873  0.02906 -0.29285
   0.04574  0.02833 -0.28268
   0.04291  0.02760 -0.27417
   0.04024  0.02687 -0.25996
   0.03771  0.02615 -0.24867
   0.03531  0.02543 -0.24163
   0.03305  0.02471 -0.21734
   0.03089  0.02399 -0.18762
   0.02884  0.02329 -0.16442
   0.02688  0.02260 -0.14961
   0.02502  0.02195 -0.14892
   0.02326  0.02131 -0.14844
   0.02159  0.02067 -0.14851
   0.02000  0.02005 -0.14380
   0.01849  0.01942 -0.13429
   0.01706  0.01880 -0.11713
   0.01569  0.01817 -0.09138
   0.01439  0.01754 -0.06993
   0.01314  0.01692 -0.04761
   0.01194  0.01630 -0.02841
   0.01080  0.01568 -0.01059
   0.00971  0.01507  0.00612
   0.00867  0.01445  0.02956
   0.00767  0.01383  0.04484
   0.00672  0.01321  0.06681
   0.00581  0.01258  0.08424
   0.00495  0.01194  0.11224
   0.00414  0.01128  0.13218
   0.00338  0.01061  0.15579
   0.00268  0.00990  0.18495
   0.00207  0.00914  0.29680
   0.00154  0.00835  0.38722
   0.00111  0.00752  0.51025
   0.00078  0.00665  0.65060
   0.00053  0.00577  0.76483
   0.00035  0.00489  0.84835
   0.00022  0.00400  0.90547
   0.00012  0.00312  0.94800
   0.00005  0.00224  0.97440
   0.00001  0.00137  0.99105
  -0.00000  0.00051  0.99909
   0.00001 -0.00034  0.99915
   0.00004 -0.00120  0.99194
   0.00010 -0.00206  0.97728
   0.00020 -0.00292  0.96298
   0.00027 -0.00380  0.92634
   0.00039 -0.00468  0.89608
   0.00054 -0.00556  0.85235
   0.00072 -0.00645  0.79837
   0.00092 -0.00735  0.73790
   0.00115 -0.00824  0.66637
   0.00142 -0.00914  0.57496
   0.00173 -0.01004  0.47312
   0.00207 -0.01094  0.35632
   0.00247 -0.01182  0.19200
   0.00292 -0.01269  0.11234
   0.00342 -0.01356 -0.21142
   0.00402 -0.01437 -0.27648
   0.00470 -0.01514 -0.38354
   0.00546 -0.01587 -0.42274
   0.00629 -0.01657 -0.45562
   0.00717 -0.01724 -0.47110
   0.00811 -0.01789 -0.49003
   0.00910 -0.01851 -0.49218
   0.01015 -0.01912 -0.49182
   0.01125 -0.01971 -0.49490
   0.01240 -0.02029 -0.49041
   0.01361 -0.02086 -0.48721
   0.01488 -0.02142 -0.48236
   0.01621 -0.02198 -0.47035
   0.01761 -0.02253 -0.46477
   0.01908 -0.02307 -0.45132
   0.02063 -0.02362 -0.44826
   0.02226 -0.02417 -0.43741
   0.02397 -0.02472 -0.42428
   0.02579 -0.02528 -0.41867
   0.02770 -0.02584 -0.40991
   0.02973 -0.02641 -0.40366
   0.03189 -0.02700 -0.39739
   0.03419 -0.02759 -0.39240
   0.03663 -0.02820 -0.38310
   0.03924 -0.02882 -0.37787
   0.04203 -0.02945 -0.36845
   0.04502 -0.03011 -0.36303
   0.04822 -0.03078 -0.35839
   0.05165 -0.03148 -0.35615
   0.05533 -0.03220 -0.35278
   0.05925 -0.03293 -0.35074
   0.06344 -0.03368 -0.34701
   0.06789 -0.03445 -0.34591
   0.07262 -0.03522 -0.34206
   0.07761 -0.03600 -0.34148
   0.08288 -0.03679 -0.33900
   0.08842 -0.03758 -0.33658
   0.09419 -0.03836 -0.33435
   0.10019 -0.03914 -0.33307
   0.10638 -0.03991 -0.33291
   0.11276 -0.04065 -0.33261
   0.11929 -0.04138 -0.33246
   0.12594 -0.04208 -0.33172
   0.13272 -0.04276 -0.33122
   0.13959 -0.04340 -0.33032
   0.14656 -0.04401 -0.32774
   0.15362 -0.04460 -0.32652
   0.16075 -0.04515 -0.32308
   0.16794 -0.04567 -0.32125
   0.17519 -0.04616 -0.31831
   0.18248 -0.04663 -0.31669
   0.18981 -0.04706 -0.31485
   0.19717 -0.04747 -0.31381
   0.20456 -0.04785 -0.30995
   0.21197 -0.04820 -0.30937
   0.21942 -0.04852 -0.30557
   0.22690 -0.04882 -0.30327
   0.23441 -0.04909 -0.29881
   0.24195 -0.04934 -0.29696
   0.24951 -0.04956 -0.29514
   0.25708 -0.04977 -0.29213
   0.26468 -0.04995 -0.29104
   0.27229 -0.05011 -0.28701
   0.27991 -0.05024 -0.28578
   0.28756 -0.05036 -0.28256
   0.29522 -0.05046 -0.28081
   0.30289 -0.05054 -0.27914
   0.31057 -0.05060 -0.27722
   0.31825 -0.05064 -0.27518
   0.32595 -0.05066 -0.27377
   0.33364 -0.05066 -0.27242
   0.34135 -0.05065 -0.27077
   0.34906 -0.05061 -0.26922
   0.35677 -0.05056 -0.26757
   0.36448 -0.05048 -0.26610
   0.37219 -0.05039 -0.26467
   0.37990 -0.05028 -0.26283
   0.38761 -0.05015 -0.26163
   0.39532 -0.05001 -0.26047
   0.40302 -0.04984 -0.25924
   0.41072 -0.04966 -0.25730
   0.41842 -0.04945 -0.25685
   0.42610 -0.04923 -0.25563
   0.43378 -0.04899 -0.25503
   0.44144 -0.04873 -0.25303
   0.44910 -0.04845 -0.25264
   0.45674 -0.04815 -0.25122
   0.46437 -0.04783 -0.25064
   0.47199 -0.04749 -0.24907
   0.47960 -0.04713 -0.24734
   0.48720 -0.04674 -0.24617
   0.49478 -0.04634 -0.24457
   0.50235 -0.04590 -0.24232
   0.50991 -0.04545 -0.24124
   0.51745 -0.04497 -0.23870
   0.52498 -0.04447 -0.23644
   0.53250 -0.04395 -0.23443
   0.54000 -0.04340 -0.23199
   0.54749 -0.04282 -0.22927
   0.55497 -0.04222 -0.22625
   0.56243 -0.04159 -0.22276
   0.56987 -0.04093 -0.21952
   0.57730 -0.04025 -0.21595
   0.58471 -0.03954 -0.21197
   0.59210 -0.03881 -0.20788
   0.59948 -0.03804 -0.20358
   0.60683 -0.03724 -0.19909
   0.61417 -0.03642 -0.19298
   0.62149 -0.03556 -0.18839
   0.62879 -0.03468 -0.18127
   0.63608 -0.03376 -0.17570
   0.64335 -0.03281 -0.16766
   0.65061 -0.03183 -0.16072
   0.65786 -0.03081 -0.15227
   0.66510 -0.02976 -0.14349
   0.67232 -0.02867 -0.13387
   0.67954 -0.02755 -0.12391
   0.68676 -0.02640 -0.11343
   0.69397 -0.02520 -0.10238
   0.70117 -0.02398 -0.08975
   0.70838 -0.02271 -0.07718
   0.71559 -0.02141 -0.06382
   0.72281 -0.02007 -0.04957
   0.73004 -0.01870 -0.03494
   0.73728 -0.01729 -0.01899
   0.74453 -0.01584 -0.00160
   0.75180 -0.01436  0.01465
   0.75910 -0.01284  0.03450
   0.76642 -0.01128  0.05240
   0.77378 -0.00969  0.07407
   0.78118 -0.00807  0.09279
   0.78863 -0.00642  0.11614
   0.79611 -0.00475  0.13683
   0.80361 -0.00306  0.16111
   0.81108 -0.00138  0.18390
   0.81847  0.00029  0.20679
   0.82574  0.00191  0.23041
   0.83289  0.00348  0.25231
   0.83991  0.00499  0.27271
   0.84680  0.00644  0.29231
   0.85358  0.00782  0.31165
   0.86023  0.00913  0.32784
   0.86676  0.01036  0.34632
   0.87316  0.01151  0.36045
   0.87944  0.01258  0.37675
   0.88561  0.01356  0.38852
   0.89167  0.01445  0.40069
   0.89763  0.01526  0.41140
   0.90349  0.01599  0.42094
   0.90927  0.01663  0.42868
   0.91493  0.01718  0.43824
   0.92047  0.01765  0.44415
   0.92588  0.01803  0.45228
   0.93120  0.01832  0.45588
   0.93644  0.01853  0.45666
   0.94160  0.01868  0.45954
   0.94662  0.01876  0.46650
   0.95140  0.01879  0.48176
   0.95595  0.01872  0.49143
   0.96030  0.01853  0.49647
   0.96456  0.01820  0.48151
   0.96881  0.01775  0.45398
   0.97308  0.01723  0.42686
   0.97733  0.01672  0.41465
   0.98147  0.01621  0.42774
   0.98549  0.01562  0.43462
   0.98945  0.01488  0.38940
   0.99342  0.01406  0.32469
   0.99738  0.01325  0.29931
   1.00000  0.01271  0.25411
