GRUMMAN K-2 AIRFOIL                             
 Alfa =  -1.20100 Re =        0.000 Xflap,Yflap =     0.000000    0.000000
#    x        y        Cp  
   1.00000  0.01371  0.25417
   0.99740  0.01444  0.09911
   0.99329  0.01549  0.06133
   0.98889  0.01657  0.04589
   0.98423  0.01772  0.00545
   0.97929  0.01890 -0.02955
   0.97409  0.02011 -0.05557
   0.96867  0.02135 -0.08603
   0.96305  0.02259 -0.11262
   0.95727  0.02381 -0.13432
   0.95131  0.02502 -0.15532
   0.94520  0.02620 -0.17046
   0.93893  0.02735 -0.18358
   0.93253  0.02848 -0.19486
   0.92600  0.02957 -0.20208
   0.91932  0.03065 -0.20821
   0.91254  0.03170 -0.21519
   0.90568  0.03272 -0.22389
   0.89876  0.03372 -0.23136
   0.89181  0.03467 -0.23952
   0.88484  0.03559 -0.24554
   0.87782  0.03647 -0.24822
   0.87073  0.03731 -0.24940
   0.86355  0.03812 -0.25057
   0.85628  0.03891 -0.24935
   0.84891  0.03968 -0.24855
   0.84146  0.04044 -0.24854
   0.83396  0.04117 -0.24852
   0.82645  0.04190 -0.25428
   0.81896  0.04260 -0.25925
   0.81149  0.04327 -0.26287
   0.80402  0.04391 -0.26543
   0.79655  0.04452 -0.26793
   0.78909  0.04510 -0.27014
   0.78162  0.04565 -0.27094
   0.77414  0.04617 -0.27050
   0.76665  0.04666 -0.27095
   0.75914  0.04713 -0.26975
   0.75161  0.04756 -0.26798
   0.74405  0.04798 -0.26628
   0.73646  0.04837 -0.26341
   0.72884  0.04874 -0.26101
   0.72118  0.04909 -0.25818
   0.71350  0.04943 -0.25491
   0.70580  0.04974 -0.25314
   0.69806  0.05004 -0.25016
   0.69030  0.05033 -0.24816
   0.68252  0.05060 -0.24610
   0.67473  0.05086 -0.24437
   0.66693  0.05111 -0.24220
   0.65911  0.05135 -0.24100
   0.65129  0.05157 -0.23956
   0.64347  0.05178 -0.23755
   0.63563  0.05197 -0.23648
   0.62779  0.05216 -0.23501
   0.61994  0.05233 -0.23300
   0.61208  0.05249 -0.23251
   0.60421  0.05264 -0.23004
   0.59633  0.05278 -0.22926
   0.58846  0.05291 -0.22808
   0.58058  0.05303 -0.22750
   0.57270  0.05314 -0.22631
   0.56482  0.05324 -0.22545
   0.55693  0.05333 -0.22441
   0.54904  0.05340 -0.22381
   0.54115  0.05347 -0.22242
   0.53326  0.05353 -0.22213
   0.52537  0.05358 -0.22082
   0.51748  0.05361 -0.21996
   0.50958  0.05364 -0.21971
   0.50169  0.05366 -0.21814
   0.49380  0.05367 -0.21855
   0.48590  0.05367 -0.21693
   0.47801  0.05366 -0.21734
   0.47012  0.05363 -0.21636
   0.46224  0.05360 -0.21567
   0.45437  0.05356 -0.21509
   0.44650  0.05351 -0.21461
   0.43864  0.05345 -0.21355
   0.43079  0.05338 -0.21338
   0.42295  0.05330 -0.21311
   0.41514  0.05321 -0.21279
   0.40737  0.05312 -0.21348
   0.39966  0.05301 -0.21292
   0.39202  0.05289 -0.21417
   0.38445  0.05276 -0.21129
   0.37694  0.05262 -0.20869
   0.36954  0.05249 -0.20774
   0.36229  0.05236 -0.21494
   0.35524  0.05223 -0.22586
   0.34842  0.05207 -0.23513
   0.34179  0.05185 -0.22638
   0.33530  0.05159 -0.19941
   0.32892  0.05132 -0.17268
   0.32258  0.05111 -0.15897
   0.31625  0.05098 -0.17539
   0.30988  0.05089 -0.20484
   0.30343  0.05078 -0.23225
   0.29682  0.05061 -0.23460
   0.29002  0.05037 -0.22218
   0.28299  0.05009 -0.21037
   0.27579  0.04982 -0.20912
   0.26847  0.04954 -0.21324
   0.26108  0.04924 -0.21523
   0.25361  0.04892 -0.21416
   0.24607  0.04858 -0.21426
   0.23850  0.04823 -0.21531
   0.23092  0.04786 -0.21580
   0.22333  0.04747 -0.21666
   0.21574  0.04707 -0.21724
   0.20817  0.04664 -0.21911
   0.20063  0.04620 -0.21966
   0.19311  0.04574 -0.22053
   0.18563  0.04526 -0.22374
   0.17820  0.04475 -0.22353
   0.17081  0.04423 -0.22488
   0.16349  0.04368 -0.22735
   0.15624  0.04311 -0.22748
   0.14907  0.04251 -0.22999
   0.14200  0.04189 -0.23073
   0.13503  0.04125 -0.23182
   0.12818  0.04059 -0.23269
   0.12147  0.03990 -0.23305
   0.11493  0.03919 -0.23319
   0.10856  0.03847 -0.23337
   0.10240  0.03773 -0.23305
   0.09647  0.03699 -0.23415
   0.09078  0.03624 -0.23601
   0.08537  0.03550 -0.23480
   0.08024  0.03476 -0.24021
   0.07540  0.03403 -0.24212
   0.07085  0.03331 -0.24603
   0.06658  0.03261 -0.25888
   0.06257  0.03190 -0.25977
   0.05879  0.03120 -0.27108
   0.05523  0.03050 -0.27542
   0.05189  0.02978 -0.27368
   0.04873  0.02906 -0.26766
   0.04574  0.02833 -0.25686
   0.04291  0.02760 -0.24768
   0.04024  0.02687 -0.23289
   0.03771  0.02615 -0.22095
   0.03531  0.02543 -0.21314
   0.03305  0.02471 -0.18848
   0.03089  0.02399 -0.15849
   0.02884  0.02329 -0.13492
   0.02688  0.02260 -0.11947
   0.02502  0.02195 -0.11776
   0.02326  0.02131 -0.11619
   0.02159  0.02067 -0.11512
   0.02000  0.02005 -0.10933
   0.01849  0.01942 -0.09881
   0.01706  0.01880 -0.08087
   0.01569  0.01817 -0.05453
   0.01439  0.01754 -0.03240
   0.01314  0.01692 -0.00931
   0.01194  0.01630  0.01084
   0.01080  0.01568  0.02972
   0.00971  0.01507  0.04756
   0.00867  0.01445  0.07209
   0.00767  0.01383  0.08880
   0.00672  0.01321  0.11223
   0.00581  0.01258  0.13143
   0.00495  0.01194  0.16106
   0.00414  0.01128  0.18320
   0.00338  0.01061  0.20950
   0.00268  0.00990  0.24138
   0.00207  0.00914  0.35063
   0.00154  0.00835  0.43952
   0.00111  0.00752  0.55772
   0.00078  0.00665  0.68959
   0.00053  0.00577  0.79558
   0.00035  0.00489  0.87203
   0.00022  0.00400  0.92350
   0.00012  0.00312  0.96086
   0.00005  0.00224  0.98300
   0.00001  0.00137  0.99571
  -0.00000  0.00051  1.00000
   0.00001 -0.00034  0.99667
   0.00004 -0.00120  0.98602
   0.00010 -0.00206  0.96773
   0.00020 -0.00292  0.95207
   0.00027 -0.00380  0.90972
   0.00039 -0.00468  0.87725
   0.00054 -0.00556  0.82993
   0.00072 -0.00645  0.77218
   0.00092 -0.00735  0.70806
   0.00115 -0.00824  0.63262
   0.00142 -0.00914  0.53660
   0.00173 -0.01004  0.43002
   0.00207 -0.01094  0.30844
   0.00247 -0.01182  0.13708
   0.00292 -0.01269  0.05657
   0.00342 -0.01356 -0.28175
   0.00402 -0.01437 -0.34500
   0.00470 -0.01514 -0.45310
   0.00546 -0.01587 -0.48973
   0.00629 -0.01657 -0.52031
   0.00717 -0.01724 -0.53300
   0.00811 -0.01789 -0.54961
   0.00910 -0.01851 -0.54915
   0.01015 -0.01912 -0.54626
   0.01125 -0.01971 -0.54714
   0.01240 -0.02029 -0.54047
   0.01361 -0.02086 -0.53524
   0.01488 -0.02142 -0.52844
   0.01621 -0.02198 -0.51445
   0.01761 -0.02253 -0.50713
   0.01908 -0.02307 -0.49196
   0.02063 -0.02362 -0.48740
   0.02226 -0.02417 -0.47503
   0.02397 -0.02472 -0.46040
   0.02579 -0.02528 -0.45347
   0.02770 -0.02584 -0.44344
   0.02973 -0.02641 -0.43599
   0.03189 -0.02700 -0.42859
   0.03419 -0.02759 -0.42251
   0.03663 -0.02820 -0.41211
   0.03924 -0.02882 -0.40585
   0.04203 -0.02945 -0.39538
   0.04502 -0.03011 -0.38901
   0.04822 -0.03078 -0.38347
   0.05165 -0.03148 -0.38037
   0.05533 -0.03220 -0.37617
   0.05925 -0.03293 -0.37333
   0.06344 -0.03368 -0.36880
   0.06789 -0.03445 -0.36696
   0.07262 -0.03522 -0.36237
   0.07761 -0.03600 -0.36111
   0.08288 -0.03679 -0.35796
   0.08842 -0.03758 -0.35488
   0.09419 -0.03836 -0.35204
   0.10019 -0.03914 -0.35018
   0.10638 -0.03991 -0.34948
   0.11276 -0.04065 -0.34867
   0.11929 -0.04138 -0.34804
   0.12594 -0.04208 -0.34683
   0.13272 -0.04276 -0.34590
   0.13959 -0.04340 -0.34458
   0.14656 -0.04401 -0.34159
   0.15362 -0.04460 -0.33998
   0.16075 -0.04515 -0.33617
   0.16794 -0.04567 -0.33399
   0.17519 -0.04616 -0.33071
   0.18248 -0.04663 -0.32877
   0.18981 -0.04706 -0.32664
   0.19717 -0.04747 -0.32531
   0.20456 -0.04785 -0.32117
   0.21197 -0.04820 -0.32034
   0.21942 -0.04852 -0.31627
   0.22690 -0.04882 -0.31372
   0.23441 -0.04909 -0.30902
   0.24195 -0.04934 -0.30693
   0.24951 -0.04956 -0.30491
   0.25708 -0.04977 -0.30168
   0.26468 -0.04995 -0.30040
   0.27229 -0.05011 -0.29616
   0.27991 -0.05024 -0.29475
   0.28756 -0.05036 -0.29135
   0.29522 -0.05046 -0.28942
   0.30289 -0.05054 -0.28758
   0.31057 -0.05060 -0.28549
   0.31825 -0.05064 -0.28331
   0.32595 -0.05066 -0.28173
   0.33364 -0.05066 -0.28024
   0.34135 -0.05065 -0.27844
   0.34906 -0.05061 -0.27675
   0.35677 -0.05056 -0.27496
   0.36448 -0.05048 -0.27335
   0.37219 -0.05039 -0.27182
   0.37990 -0.05028 -0.26983
   0.38761 -0.05015 -0.26852
   0.39532 -0.05001 -0.26722
   0.40302 -0.04984 -0.26589
   0.41072 -0.04966 -0.26385
   0.41842 -0.04945 -0.26327
   0.42610 -0.04923 -0.26194
   0.43378 -0.04899 -0.26124
   0.44144 -0.04873 -0.25914
   0.44910 -0.04845 -0.25863
   0.45674 -0.04815 -0.25712
   0.46437 -0.04783 -0.25644
   0.47199 -0.04749 -0.25478
   0.47960 -0.04713 -0.25295
   0.48720 -0.04674 -0.25168
   0.49478 -0.04634 -0.25000
   0.50235 -0.04590 -0.24765
   0.50991 -0.04545 -0.24646
   0.51745 -0.04497 -0.24386
   0.52498 -0.04447 -0.24148
   0.53250 -0.04395 -0.23940
   0.54000 -0.04340 -0.23686
   0.54749 -0.04282 -0.23406
   0.55497 -0.04222 -0.23096
   0.56243 -0.04159 -0.22736
   0.56987 -0.04093 -0.22405
   0.57730 -0.04025 -0.22040
   0.58471 -0.03954 -0.21631
   0.59210 -0.03881 -0.21214
   0.59948 -0.03804 -0.20776
   0.60683 -0.03724 -0.20319
   0.61417 -0.03642 -0.19700
   0.62149 -0.03556 -0.19232
   0.62879 -0.03468 -0.18510
   0.63608 -0.03376 -0.17944
   0.64335 -0.03281 -0.17134
   0.65061 -0.03183 -0.16429
   0.65786 -0.03081 -0.15577
   0.66510 -0.02976 -0.14690
   0.67232 -0.02867 -0.13718
   0.67954 -0.02755 -0.12712
   0.68676 -0.02640 -0.11659
   0.69397 -0.02520 -0.10543
   0.70117 -0.02398 -0.09271
   0.70838 -0.02271 -0.08004
   0.71559 -0.02141 -0.06659
   0.72281 -0.02007 -0.05226
   0.73004 -0.01870 -0.03755
   0.73728 -0.01729 -0.02149
   0.74453 -0.01584 -0.00399
   0.75180 -0.01436  0.01231
   0.75910 -0.01284  0.03226
   0.76642 -0.01128  0.05028
   0.77378 -0.00969  0.07203
   0.78118 -0.00807  0.09084
   0.78863 -0.00642  0.11427
   0.79611 -0.00475  0.13507
   0.80361 -0.00306  0.15944
   0.81108 -0.00138  0.18231
   0.81847  0.00029  0.20527
   0.82574  0.00191  0.22898
   0.83289  0.00348  0.25096
   0.83991  0.00499  0.27144
   0.84680  0.00644  0.29110
   0.85358  0.00782  0.31049
   0.86023  0.00913  0.32675
   0.86676  0.01036  0.34530
   0.87316  0.01151  0.35944
   0.87944  0.01258  0.37583
   0.88561  0.01356  0.38764
   0.89167  0.01445  0.39985
   0.89763  0.01526  0.41061
   0.90349  0.01599  0.42016
   0.90927  0.01663  0.42795
   0.91493  0.01718  0.43756
   0.92047  0.01765  0.44345
   0.92588  0.01803  0.45167
   0.93120  0.01832  0.45526
   0.93644  0.01853  0.45608
   0.94160  0.01868  0.45898
   0.94662  0.01876  0.46594
   0.95140  0.01879  0.48128
   0.95595  0.01872  0.49095
   0.96030  0.01853  0.49602
   0.96456  0.01820  0.48109
   0.96881  0.01775  0.45353
   0.97308  0.01723  0.42643
   0.97733  0.01672  0.41423
   0.98147  0.01621  0.42738
   0.98549  0.01562  0.43430
   0.98945  0.01488  0.38907
   0.99342  0.01406  0.32437
   0.99738  0.01325  0.29904
   1.00000  0.01271  0.25417
