GRUMMAN K-2 AIRFOIL                             
 Alfa =  -1.04400 Re =        0.000 Xflap,Yflap =     0.000000    0.000000
#    x        y        Cp  
   1.00000  0.01371  0.25410
   0.99740  0.01444  0.09892
   0.99329  0.01549  0.06106
   0.98889  0.01657  0.04544
   0.98423  0.01772  0.00483
   0.97929  0.01890 -0.03026
   0.97409  0.02011 -0.05637
   0.96867  0.02135 -0.08700
   0.96305  0.02259 -0.11368
   0.95727  0.02381 -0.13548
   0.95131  0.02502 -0.15663
   0.94520  0.02620 -0.17188
   0.93893  0.02735 -0.18513
   0.93253  0.02848 -0.19652
   0.92600  0.02957 -0.20380
   0.91932  0.03065 -0.21009
   0.91254  0.03170 -0.21711
   0.90568  0.03272 -0.22597
   0.89876  0.03372 -0.23348
   0.89181  0.03467 -0.24179
   0.88484  0.03559 -0.24790
   0.87782  0.03647 -0.25065
   0.87073  0.03731 -0.25193
   0.86355  0.03812 -0.25320
   0.85628  0.03891 -0.25201
   0.84891  0.03968 -0.25136
   0.84146  0.04044 -0.25139
   0.83396  0.04117 -0.25149
   0.82645  0.04190 -0.25731
   0.81896  0.04260 -0.26240
   0.81149  0.04327 -0.26612
   0.80402  0.04391 -0.26874
   0.79655  0.04452 -0.27137
   0.78909  0.04510 -0.27358
   0.78162  0.04565 -0.27456
   0.77414  0.04617 -0.27417
   0.76665  0.04666 -0.27473
   0.75914  0.04713 -0.27357
   0.75161  0.04756 -0.27188
   0.74405  0.04798 -0.27022
   0.73646  0.04837 -0.26748
   0.72884  0.04874 -0.26513
   0.72118  0.04909 -0.26238
   0.71350  0.04943 -0.25920
   0.70580  0.04974 -0.25750
   0.69806  0.05004 -0.25455
   0.69030  0.05033 -0.25268
   0.68252  0.05060 -0.25065
   0.67473  0.05086 -0.24904
   0.66693  0.05111 -0.24693
   0.65911  0.05135 -0.24578
   0.65129  0.05157 -0.24446
   0.64347  0.05178 -0.24251
   0.63563  0.05197 -0.24152
   0.62779  0.05216 -0.24014
   0.61994  0.05233 -0.23822
   0.61208  0.05249 -0.23779
   0.60421  0.05264 -0.23541
   0.59633  0.05278 -0.23473
   0.58846  0.05291 -0.23363
   0.58058  0.05303 -0.23314
   0.57270  0.05314 -0.23202
   0.56482  0.05324 -0.23125
   0.55693  0.05333 -0.23030
   0.54904  0.05340 -0.22979
   0.54115  0.05347 -0.22850
   0.53326  0.05353 -0.22831
   0.52537  0.05358 -0.22708
   0.51748  0.05361 -0.22634
   0.50958  0.05364 -0.22617
   0.50169  0.05366 -0.22470
   0.49380  0.05367 -0.22522
   0.48590  0.05367 -0.22368
   0.47801  0.05366 -0.22421
   0.47012  0.05363 -0.22333
   0.46224  0.05360 -0.22276
   0.45437  0.05356 -0.22229
   0.44650  0.05351 -0.22191
   0.43864  0.05345 -0.22096
   0.43079  0.05338 -0.22092
   0.42295  0.05330 -0.22076
   0.41514  0.05321 -0.22057
   0.40737  0.05312 -0.22138
   0.39966  0.05301 -0.22096
   0.39202  0.05289 -0.22233
   0.38445  0.05276 -0.21958
   0.37694  0.05262 -0.21708
   0.36954  0.05249 -0.21626
   0.36229  0.05236 -0.22364
   0.35524  0.05223 -0.23479
   0.34842  0.05207 -0.24423
   0.34179  0.05185 -0.23558
   0.33530  0.05159 -0.20853
   0.32892  0.05132 -0.18171
   0.32258  0.05111 -0.16804
   0.31625  0.05098 -0.18471
   0.30988  0.05089 -0.21453
   0.30343  0.05078 -0.24233
   0.29682  0.05061 -0.24484
   0.29002  0.05037 -0.23249
   0.28299  0.05009 -0.22075
   0.27579  0.04982 -0.21969
   0.26847  0.04954 -0.22404
   0.26108  0.04924 -0.22624
   0.25361  0.04892 -0.22539
   0.24607  0.04858 -0.22571
   0.23850  0.04823 -0.22700
   0.23092  0.04786 -0.22775
   0.22333  0.04747 -0.22887
   0.21574  0.04707 -0.22972
   0.20817  0.04664 -0.23190
   0.20063  0.04620 -0.23275
   0.19311  0.04574 -0.23393
   0.18563  0.04526 -0.23752
   0.17820  0.04475 -0.23764
   0.17081  0.04423 -0.23937
   0.16349  0.04368 -0.24225
   0.15624  0.04311 -0.24278
   0.14907  0.04251 -0.24575
   0.14200  0.04189 -0.24695
   0.13503  0.04125 -0.24852
   0.12818  0.04059 -0.24991
   0.12147  0.03990 -0.25080
   0.11493  0.03919 -0.25150
   0.10856  0.03847 -0.25227
   0.10240  0.03773 -0.25256
   0.09647  0.03699 -0.25433
   0.09078  0.03624 -0.25688
   0.08537  0.03550 -0.25637
   0.08024  0.03476 -0.26258
   0.07540  0.03403 -0.26529
   0.07085  0.03331 -0.27005
   0.06658  0.03261 -0.28396
   0.06257  0.03190 -0.28569
   0.05879  0.03120 -0.29813
   0.05523  0.03050 -0.30345
   0.05189  0.02978 -0.30262
   0.04873  0.02906 -0.29742
   0.04574  0.02833 -0.28737
   0.04291  0.02760 -0.27898
   0.04024  0.02687 -0.26487
   0.03771  0.02615 -0.25370
   0.03531  0.02543 -0.24680
   0.03305  0.02471 -0.22258
   0.03089  0.02399 -0.19291
   0.02884  0.02329 -0.16978
   0.02688  0.02260 -0.15509
   0.02502  0.02195 -0.15458
   0.02326  0.02131 -0.15430
   0.02159  0.02067 -0.15458
   0.02000  0.02005 -0.15008
   0.01849  0.01942 -0.14075
   0.01706  0.01880 -0.12374
   0.01569  0.01817 -0.09810
   0.01439  0.01754 -0.07677
   0.01314  0.01692 -0.05460
   0.01194  0.01630 -0.03557
   0.01080  0.01568 -0.01795
   0.00971  0.01507 -0.00145
   0.00867  0.01445  0.02178
   0.00767  0.01383  0.03680
   0.00672  0.01321  0.05849
   0.00581  0.01258  0.07560
   0.00495  0.01194  0.10329
   0.00414  0.01128  0.12281
   0.00338  0.01061  0.14592
   0.00268  0.00990  0.17455
   0.00207  0.00914  0.28686
   0.00154  0.00835  0.37754
   0.00111  0.00752  0.50143
   0.00078  0.00665  0.64332
   0.00053  0.00577  0.75906
   0.00035  0.00489  0.84386
   0.00022  0.00400  0.90202
   0.00012  0.00312  0.94549
   0.00005  0.00224  0.97266
   0.00001  0.00137  0.99002
  -0.00000  0.00051  0.99875
   0.00001 -0.00034  0.99942
   0.00004 -0.00120  0.99283
   0.00010 -0.00206  0.97883
   0.00020 -0.00292  0.96480
   0.00027 -0.00380  0.92916
   0.00039 -0.00468  0.89931
   0.00054 -0.00556  0.85623
   0.00072 -0.00645  0.80292
   0.00092 -0.00735  0.74312
   0.00115 -0.00824  0.67228
   0.00142 -0.00914  0.58170
   0.00173 -0.01004  0.48072
   0.00207 -0.01094  0.36478
   0.00247 -0.01182  0.20172
   0.00292 -0.01269  0.12223
   0.00342 -0.01356 -0.19894
   0.00402 -0.01437 -0.26430
   0.00470 -0.01514 -0.37117
   0.00546 -0.01587 -0.41081
   0.00629 -0.01657 -0.44409
   0.00717 -0.01724 -0.46007
   0.00811 -0.01789 -0.47940
   0.00910 -0.01851 -0.48201
   0.01015 -0.01912 -0.48210
   0.01125 -0.01971 -0.48557
   0.01240 -0.02029 -0.48146
   0.01361 -0.02086 -0.47862
   0.01488 -0.02142 -0.47412
   0.01621 -0.02198 -0.46246
   0.01761 -0.02253 -0.45719
   0.01908 -0.02307 -0.44405
   0.02063 -0.02362 -0.44125
   0.02226 -0.02417 -0.43067
   0.02397 -0.02472 -0.41780
   0.02579 -0.02528 -0.41244
   0.02770 -0.02584 -0.40390
   0.02973 -0.02641 -0.39786
   0.03189 -0.02700 -0.39179
   0.03419 -0.02759 -0.38699
   0.03663 -0.02820 -0.37790
   0.03924 -0.02882 -0.37285
   0.04203 -0.02945 -0.36361
   0.04502 -0.03011 -0.35837
   0.04822 -0.03078 -0.35389
   0.05165 -0.03148 -0.35179
   0.05533 -0.03220 -0.34858
   0.05925 -0.03293 -0.34668
   0.06344 -0.03368 -0.34309
   0.06789 -0.03445 -0.34212
   0.07262 -0.03522 -0.33841
   0.07761 -0.03600 -0.33795
   0.08288 -0.03679 -0.33560
   0.08842 -0.03758 -0.33329
   0.09419 -0.03836 -0.33117
   0.10019 -0.03914 -0.32999
   0.10638 -0.03991 -0.32993
   0.11276 -0.04065 -0.32972
   0.11929 -0.04138 -0.32966
   0.12594 -0.04208 -0.32900
   0.13272 -0.04276 -0.32858
   0.13959 -0.04340 -0.32776
   0.14656 -0.04401 -0.32525
   0.15362 -0.04460 -0.32409
   0.16075 -0.04515 -0.32072
   0.16794 -0.04567 -0.31896
   0.17519 -0.04616 -0.31607
   0.18248 -0.04663 -0.31451
   0.18981 -0.04706 -0.31273
   0.19717 -0.04747 -0.31174
   0.20456 -0.04785 -0.30793
   0.21197 -0.04820 -0.30740
   0.21942 -0.04852 -0.30364
   0.22690 -0.04882 -0.30138
   0.23441 -0.04909 -0.29698
   0.24195 -0.04934 -0.29516
   0.24951 -0.04956 -0.29338
   0.25708 -0.04977 -0.29040
   0.26468 -0.04995 -0.28935
   0.27229 -0.05011 -0.28536
   0.27991 -0.05024 -0.28417
   0.28756 -0.05036 -0.28097
   0.29522 -0.05046 -0.27926
   0.30289 -0.05054 -0.27762
   0.31057 -0.05060 -0.27573
   0.31825 -0.05064 -0.27371
   0.32595 -0.05066 -0.27234
   0.33364 -0.05066 -0.27101
   0.34135 -0.05065 -0.26939
   0.34906 -0.05061 -0.26786
   0.35677 -0.05056 -0.26623
   0.36448 -0.05048 -0.26479
   0.37219 -0.05039 -0.26338
   0.37990 -0.05028 -0.26157
   0.38761 -0.05015 -0.26038
   0.39532 -0.05001 -0.25925
   0.40302 -0.04984 -0.25804
   0.41072 -0.04966 -0.25613
   0.41842 -0.04945 -0.25569
   0.42610 -0.04923 -0.25449
   0.43378 -0.04899 -0.25391
   0.44144 -0.04873 -0.25193
   0.44910 -0.04845 -0.25156
   0.45674 -0.04815 -0.25016
   0.46437 -0.04783 -0.24960
   0.47199 -0.04749 -0.24804
   0.47960 -0.04713 -0.24633
   0.48720 -0.04674 -0.24518
   0.49478 -0.04634 -0.24360
   0.50235 -0.04590 -0.24136
   0.50991 -0.04545 -0.24030
   0.51745 -0.04497 -0.23777
   0.52498 -0.04447 -0.23553
   0.53250 -0.04395 -0.23353
   0.54000 -0.04340 -0.23111
   0.54749 -0.04282 -0.22840
   0.55497 -0.04222 -0.22541
   0.56243 -0.04159 -0.22193
   0.56987 -0.04093 -0.21870
   0.57730 -0.04025 -0.21515
   0.58471 -0.03954 -0.21118
   0.59210 -0.03881 -0.20710
   0.59948 -0.03804 -0.20283
   0.60683 -0.03724 -0.19835
   0.61417 -0.03642 -0.19226
   0.62149 -0.03556 -0.18768
   0.62879 -0.03468 -0.18057
   0.63608 -0.03376 -0.17502
   0.64335 -0.03281 -0.16700
   0.65061 -0.03183 -0.16008
   0.65786 -0.03081 -0.15164
   0.66510 -0.02976 -0.14288
   0.67232 -0.02867 -0.13328
   0.67954 -0.02755 -0.12333
   0.68676 -0.02640 -0.11286
   0.69397 -0.02520 -0.10183
   0.70117 -0.02398 -0.08921
   0.70838 -0.02271 -0.07666
   0.71559 -0.02141 -0.06332
   0.72281 -0.02007 -0.04908
   0.73004 -0.01870 -0.03446
   0.73728 -0.01729 -0.01854
   0.74453 -0.01584 -0.00117
   0.75180 -0.01436  0.01507
   0.75910 -0.01284  0.03491
   0.76642 -0.01128  0.05279
   0.77378 -0.00969  0.07444
   0.78118 -0.00807  0.09315
   0.78863 -0.00642  0.11648
   0.79611 -0.00475  0.13715
   0.80361 -0.00306  0.16142
   0.81108 -0.00138  0.18418
   0.81847  0.00029  0.20706
   0.82574  0.00191  0.23067
   0.83289  0.00348  0.25255
   0.83991  0.00499  0.27294
   0.84680  0.00644  0.29253
   0.85358  0.00782  0.31186
   0.86023  0.00913  0.32804
   0.86676  0.01036  0.34650
   0.87316  0.01151  0.36064
   0.87944  0.01258  0.37691
   0.88561  0.01356  0.38868
   0.89167  0.01445  0.40085
   0.89763  0.01526  0.41154
   0.90349  0.01599  0.42108
   0.90927  0.01663  0.42882
   0.91493  0.01718  0.43836
   0.92047  0.01765  0.44428
   0.92588  0.01803  0.45239
   0.93120  0.01832  0.45599
   0.93644  0.01853  0.45676
   0.94160  0.01868  0.45964
   0.94662  0.01876  0.46661
   0.95140  0.01879  0.48185
   0.95595  0.01872  0.49152
   0.96030  0.01853  0.49655
   0.96456  0.01820  0.48158
   0.96881  0.01775  0.45406
   0.97308  0.01723  0.42694
   0.97733  0.01672  0.41473
   0.98147  0.01621  0.42781
   0.98549  0.01562  0.43468
   0.98945  0.01488  0.38946
   0.99342  0.01406  0.32475
   0.99738  0.01325  0.29935
   1.00000  0.01271  0.25410
