GRUMMAN K-2 AIRFOIL                             
 Alfa =  -1.02100 Re =        0.000 Xflap,Yflap =     0.000000    0.000000
#    x        y        Cp  
   1.00000  0.01371  0.25409
   0.99740  0.01444  0.09889
   0.99329  0.01549  0.06102
   0.98889  0.01657  0.04537
   0.98423  0.01772  0.00474
   0.97929  0.01890 -0.03037
   0.97409  0.02011 -0.05648
   0.96867  0.02135 -0.08714
   0.96305  0.02259 -0.11384
   0.95727  0.02381 -0.13565
   0.95131  0.02502 -0.15682
   0.94520  0.02620 -0.17209
   0.93893  0.02735 -0.18535
   0.93253  0.02848 -0.19676
   0.92600  0.02957 -0.20405
   0.91932  0.03065 -0.21036
   0.91254  0.03170 -0.21739
   0.90568  0.03272 -0.22627
   0.89876  0.03372 -0.23379
   0.89181  0.03467 -0.24212
   0.88484  0.03559 -0.24825
   0.87782  0.03647 -0.25100
   0.87073  0.03731 -0.25230
   0.86355  0.03812 -0.25358
   0.85628  0.03891 -0.25240
   0.84891  0.03968 -0.25178
   0.84146  0.04044 -0.25181
   0.83396  0.04117 -0.25192
   0.82645  0.04190 -0.25775
   0.81896  0.04260 -0.26286
   0.81149  0.04327 -0.26660
   0.80402  0.04391 -0.26922
   0.79655  0.04452 -0.27188
   0.78909  0.04510 -0.27409
   0.78162  0.04565 -0.27508
   0.77414  0.04617 -0.27470
   0.76665  0.04666 -0.27528
   0.75914  0.04713 -0.27413
   0.75161  0.04756 -0.27246
   0.74405  0.04798 -0.27080
   0.73646  0.04837 -0.26807
   0.72884  0.04874 -0.26573
   0.72118  0.04909 -0.26299
   0.71350  0.04943 -0.25983
   0.70580  0.04974 -0.25814
   0.69806  0.05004 -0.25519
   0.69030  0.05033 -0.25334
   0.68252  0.05060 -0.25131
   0.67473  0.05086 -0.24972
   0.66693  0.05111 -0.24762
   0.65911  0.05135 -0.24648
   0.65129  0.05157 -0.24518
   0.64347  0.05178 -0.24324
   0.63563  0.05197 -0.24226
   0.62779  0.05216 -0.24089
   0.61994  0.05233 -0.23899
   0.61208  0.05249 -0.23856
   0.60421  0.05264 -0.23620
   0.59633  0.05278 -0.23553
   0.58846  0.05291 -0.23444
   0.58058  0.05303 -0.23397
   0.57270  0.05314 -0.23286
   0.56482  0.05324 -0.23209
   0.55693  0.05333 -0.23117
   0.54904  0.05340 -0.23067
   0.54115  0.05347 -0.22939
   0.53326  0.05353 -0.22921
   0.52537  0.05358 -0.22800
   0.51748  0.05361 -0.22727
   0.50958  0.05364 -0.22712
   0.50169  0.05366 -0.22566
   0.49380  0.05367 -0.22619
   0.48590  0.05367 -0.22467
   0.47801  0.05366 -0.22522
   0.47012  0.05363 -0.22435
   0.46224  0.05360 -0.22380
   0.45437  0.05356 -0.22335
   0.44650  0.05351 -0.22298
   0.43864  0.05345 -0.22204
   0.43079  0.05338 -0.22202
   0.42295  0.05330 -0.22188
   0.41514  0.05321 -0.22170
   0.40737  0.05312 -0.22253
   0.39966  0.05301 -0.22214
   0.39202  0.05289 -0.22352
   0.38445  0.05276 -0.22079
   0.37694  0.05262 -0.21831
   0.36954  0.05249 -0.21751
   0.36229  0.05236 -0.22492
   0.35524  0.05223 -0.23610
   0.34842  0.05207 -0.24557
   0.34179  0.05185 -0.23693
   0.33530  0.05159 -0.20987
   0.32892  0.05132 -0.18304
   0.32258  0.05111 -0.16937
   0.31625  0.05098 -0.18607
   0.30988  0.05089 -0.21595
   0.30343  0.05078 -0.24381
   0.29682  0.05061 -0.24634
   0.29002  0.05037 -0.23400
   0.28299  0.05009 -0.22227
   0.27579  0.04982 -0.22124
   0.26847  0.04954 -0.22562
   0.26108  0.04924 -0.22785
   0.25361  0.04892 -0.22703
   0.24607  0.04858 -0.22739
   0.23850  0.04823 -0.22871
   0.23092  0.04786 -0.22951
   0.22333  0.04747 -0.23067
   0.21574  0.04707 -0.23155
   0.20817  0.04664 -0.23378
   0.20063  0.04620 -0.23468
   0.19311  0.04574 -0.23590
   0.18563  0.04526 -0.23954
   0.17820  0.04475 -0.23971
   0.17081  0.04423 -0.24150
   0.16349  0.04368 -0.24444
   0.15624  0.04311 -0.24503
   0.14907  0.04251 -0.24807
   0.14200  0.04189 -0.24933
   0.13503  0.04125 -0.25097
   0.12818  0.04059 -0.25244
   0.12147  0.03990 -0.25341
   0.11493  0.03919 -0.25419
   0.10856  0.03847 -0.25505
   0.10240  0.03773 -0.25543
   0.09647  0.03699 -0.25729
   0.09078  0.03624 -0.25995
   0.08537  0.03550 -0.25954
   0.08024  0.03476 -0.26587
   0.07540  0.03403 -0.26871
   0.07085  0.03331 -0.27358
   0.06658  0.03261 -0.28765
   0.06257  0.03190 -0.28951
   0.05879  0.03120 -0.30211
   0.05523  0.03050 -0.30758
   0.05189  0.02978 -0.30688
   0.04873  0.02906 -0.30181
   0.04574  0.02833 -0.29186
   0.04291  0.02760 -0.28360
   0.04024  0.02687 -0.26959
   0.03771  0.02615 -0.25853
   0.03531  0.02543 -0.25177
   0.03305  0.02471 -0.22762
   0.03089  0.02399 -0.19799
   0.02884  0.02329 -0.17493
   0.02688  0.02260 -0.16036
   0.02502  0.02195 -0.16003
   0.02326  0.02131 -0.15994
   0.02159  0.02067 -0.16042
   0.02000  0.02005 -0.15611
   0.01849  0.01942 -0.14696
   0.01706  0.01880 -0.13009
   0.01569  0.01817 -0.10455
   0.01439  0.01754 -0.08335
   0.01314  0.01692 -0.06132
   0.01194  0.01630 -0.04246
   0.01080  0.01568 -0.02503
   0.00971  0.01507 -0.00874
   0.00867  0.01445  0.01430
   0.00767  0.01383  0.02906
   0.00672  0.01321  0.05049
   0.00581  0.01258  0.06727
   0.00495  0.01194  0.09466
   0.00414  0.01128  0.11379
   0.00338  0.01061  0.13640
   0.00268  0.00990  0.16452
   0.00207  0.00914  0.27727
   0.00154  0.00835  0.36819
   0.00111  0.00752  0.49290
   0.00078  0.00665  0.63627
   0.00053  0.00577  0.75346
   0.00035  0.00489  0.83950
   0.00022  0.00400  0.89865
   0.00012  0.00312  0.94302
   0.00005  0.00224  0.97094
   0.00001  0.00137  0.98899
  -0.00000  0.00051  0.99836
   0.00001 -0.00034  0.99964
   0.00004 -0.00120  0.99364
   0.00010 -0.00206  0.98026
   0.00020 -0.00292  0.96650
   0.00027 -0.00380  0.93181
   0.00039 -0.00468  0.90236
   0.00054 -0.00556  0.85989
   0.00072 -0.00645  0.80724
   0.00092 -0.00735  0.74806
   0.00115 -0.00824  0.67790
   0.00142 -0.00914  0.58811
   0.00173 -0.01004  0.48795
   0.00207 -0.01094  0.37283
   0.00247 -0.01182  0.21098
   0.00292 -0.01269  0.13165
   0.00342 -0.01356 -0.18704
   0.00402 -0.01437 -0.25269
   0.00470 -0.01514 -0.35936
   0.00546 -0.01587 -0.39943
   0.00629 -0.01657 -0.43308
   0.00717 -0.01724 -0.44953
   0.00811 -0.01789 -0.46925
   0.00910 -0.01851 -0.47230
   0.01015 -0.01912 -0.47282
   0.01125 -0.01971 -0.47665
   0.01240 -0.02029 -0.47291
   0.01361 -0.02086 -0.47041
   0.01488 -0.02142 -0.46624
   0.01621 -0.02198 -0.45492
   0.01761 -0.02253 -0.44994
   0.01908 -0.02307 -0.43709
   0.02063 -0.02362 -0.43455
   0.02226 -0.02417 -0.42423
   0.02397 -0.02472 -0.41162
   0.02579 -0.02528 -0.40648
   0.02770 -0.02584 -0.39816
   0.02973 -0.02641 -0.39231
   0.03189 -0.02700 -0.38644
   0.03419 -0.02759 -0.38183
   0.03663 -0.02820 -0.37292
   0.03924 -0.02882 -0.36805
   0.04203 -0.02945 -0.35899
   0.04502 -0.03011 -0.35390
   0.04822 -0.03078 -0.34959
   0.05165 -0.03148 -0.34763
   0.05533 -0.03220 -0.34456
   0.05925 -0.03293 -0.34280
   0.06344 -0.03368 -0.33934
   0.06789 -0.03445 -0.33850
   0.07262 -0.03522 -0.33491
   0.07761 -0.03600 -0.33457
   0.08288 -0.03679 -0.33233
   0.08842 -0.03758 -0.33013
   0.09419 -0.03836 -0.32813
   0.10019 -0.03914 -0.32705
   0.10638 -0.03991 -0.32707
   0.11276 -0.04065 -0.32695
   0.11929 -0.04138 -0.32697
   0.12594 -0.04208 -0.32639
   0.13272 -0.04276 -0.32605
   0.13959 -0.04340 -0.32530
   0.14656 -0.04401 -0.32286
   0.15362 -0.04460 -0.32177
   0.16075 -0.04515 -0.31847
   0.16794 -0.04567 -0.31676
   0.17519 -0.04616 -0.31394
   0.18248 -0.04663 -0.31243
   0.18981 -0.04706 -0.31069
   0.19717 -0.04747 -0.30976
   0.20456 -0.04785 -0.30599
   0.21197 -0.04820 -0.30551
   0.21942 -0.04852 -0.30179
   0.22690 -0.04882 -0.29958
   0.23441 -0.04909 -0.29521
   0.24195 -0.04934 -0.29344
   0.24951 -0.04956 -0.29169
   0.25708 -0.04977 -0.28875
   0.26468 -0.04995 -0.28774
   0.27229 -0.05011 -0.28378
   0.27991 -0.05024 -0.28262
   0.28756 -0.05036 -0.27946
   0.29522 -0.05046 -0.27778
   0.30289 -0.05054 -0.27616
   0.31057 -0.05060 -0.27430
   0.31825 -0.05064 -0.27231
   0.32595 -0.05066 -0.27096
   0.33364 -0.05066 -0.26966
   0.34135 -0.05065 -0.26806
   0.34906 -0.05061 -0.26656
   0.35677 -0.05056 -0.26496
   0.36448 -0.05048 -0.26354
   0.37219 -0.05039 -0.26214
   0.37990 -0.05028 -0.26036
   0.38761 -0.05015 -0.25919
   0.39532 -0.05001 -0.25808
   0.40302 -0.04984 -0.25690
   0.41072 -0.04966 -0.25499
   0.41842 -0.04945 -0.25458
   0.42610 -0.04923 -0.25340
   0.43378 -0.04899 -0.25284
   0.44144 -0.04873 -0.25088
   0.44910 -0.04845 -0.25052
   0.45674 -0.04815 -0.24914
   0.46437 -0.04783 -0.24859
   0.47199 -0.04749 -0.24706
   0.47960 -0.04713 -0.24536
   0.48720 -0.04674 -0.24423
   0.49478 -0.04634 -0.24266
   0.50235 -0.04590 -0.24044
   0.50991 -0.04545 -0.23940
   0.51745 -0.04497 -0.23688
   0.52498 -0.04447 -0.23465
   0.53250 -0.04395 -0.23267
   0.54000 -0.04340 -0.23027
   0.54749 -0.04282 -0.22758
   0.55497 -0.04222 -0.22459
   0.56243 -0.04159 -0.22113
   0.56987 -0.04093 -0.21792
   0.57730 -0.04025 -0.21438
   0.58471 -0.03954 -0.21043
   0.59210 -0.03881 -0.20637
   0.59948 -0.03804 -0.20211
   0.60683 -0.03724 -0.19764
   0.61417 -0.03642 -0.19156
   0.62149 -0.03556 -0.18700
   0.62879 -0.03468 -0.17991
   0.63608 -0.03376 -0.17437
   0.64335 -0.03281 -0.16636
   0.65061 -0.03183 -0.15946
   0.65786 -0.03081 -0.15104
   0.66510 -0.02976 -0.14229
   0.67232 -0.02867 -0.13271
   0.67954 -0.02755 -0.12277
   0.68676 -0.02640 -0.11232
   0.69397 -0.02520 -0.10131
   0.70117 -0.02398 -0.08870
   0.70838 -0.02271 -0.07617
   0.71559 -0.02141 -0.06284
   0.72281 -0.02007 -0.04861
   0.73004 -0.01870 -0.03401
   0.73728 -0.01729 -0.01810
   0.74453 -0.01584 -0.00075
   0.75180 -0.01436  0.01548
   0.75910 -0.01284  0.03529
   0.76642 -0.01128  0.05315
   0.77378 -0.00969  0.07479
   0.78118 -0.00807  0.09349
   0.78863 -0.00642  0.11680
   0.79611 -0.00475  0.13746
   0.80361 -0.00306  0.16171
   0.81108 -0.00138  0.18446
   0.81847  0.00029  0.20733
   0.82574  0.00191  0.23091
   0.83289  0.00348  0.25279
   0.83991  0.00499  0.27316
   0.84680  0.00644  0.29274
   0.85358  0.00782  0.31206
   0.86023  0.00913  0.32822
   0.86676  0.01036  0.34668
   0.87316  0.01151  0.36081
   0.87944  0.01258  0.37707
   0.88561  0.01356  0.38884
   0.89167  0.01445  0.40099
   0.89763  0.01526  0.41168
   0.90349  0.01599  0.42122
   0.90927  0.01663  0.42894
   0.91493  0.01718  0.43848
   0.92047  0.01765  0.44440
   0.92588  0.01803  0.45250
   0.93120  0.01832  0.45610
   0.93644  0.01853  0.45687
   0.94160  0.01868  0.45973
   0.94662  0.01876  0.46670
   0.95140  0.01879  0.48193
   0.95595  0.01872  0.49160
   0.96030  0.01853  0.49663
   0.96456  0.01820  0.48165
   0.96881  0.01775  0.45414
   0.97308  0.01723  0.42701
   0.97733  0.01672  0.41480
   0.98147  0.01621  0.42787
   0.98549  0.01562  0.43473
   0.98945  0.01488  0.38951
   0.99342  0.01406  0.32481
   0.99738  0.01325  0.29940
   1.00000  0.01271  0.25409
