GRUMMAN K-2 AIRFOIL                             
 Alfa =  -1.17300 Re =        0.000 Xflap,Yflap =     0.000000    0.000000
#    x        y        Cp  
   1.00000  0.01371  0.25415
   0.99740  0.01444  0.09908
   0.99329  0.01549  0.06128
   0.98889  0.01657  0.04581
   0.98423  0.01772  0.00534
   0.97929  0.01890 -0.02968
   0.97409  0.02011 -0.05571
   0.96867  0.02135 -0.08621
   0.96305  0.02259 -0.11281
   0.95727  0.02381 -0.13453
   0.95131  0.02502 -0.15555
   0.94520  0.02620 -0.17071
   0.93893  0.02735 -0.18386
   0.93253  0.02848 -0.19516
   0.92600  0.02957 -0.20238
   0.91932  0.03065 -0.20855
   0.91254  0.03170 -0.21554
   0.90568  0.03272 -0.22426
   0.89876  0.03372 -0.23174
   0.89181  0.03467 -0.23993
   0.88484  0.03559 -0.24596
   0.87782  0.03647 -0.24866
   0.87073  0.03731 -0.24985
   0.86355  0.03812 -0.25104
   0.85628  0.03891 -0.24983
   0.84891  0.03968 -0.24905
   0.84146  0.04044 -0.24905
   0.83396  0.04117 -0.24905
   0.82645  0.04190 -0.25482
   0.81896  0.04260 -0.25981
   0.81149  0.04327 -0.26345
   0.80402  0.04391 -0.26602
   0.79655  0.04452 -0.26855
   0.78909  0.04510 -0.27075
   0.78162  0.04565 -0.27159
   0.77414  0.04617 -0.27116
   0.76665  0.04666 -0.27162
   0.75914  0.04713 -0.27043
   0.75161  0.04756 -0.26867
   0.74405  0.04798 -0.26698
   0.73646  0.04837 -0.26413
   0.72884  0.04874 -0.26175
   0.72118  0.04909 -0.25893
   0.71350  0.04943 -0.25568
   0.70580  0.04974 -0.25392
   0.69806  0.05004 -0.25094
   0.69030  0.05033 -0.24896
   0.68252  0.05060 -0.24691
   0.67473  0.05086 -0.24520
   0.66693  0.05111 -0.24305
   0.65911  0.05135 -0.24185
   0.65129  0.05157 -0.24043
   0.64347  0.05178 -0.23844
   0.63563  0.05197 -0.23738
   0.62779  0.05216 -0.23593
   0.61994  0.05233 -0.23393
   0.61208  0.05249 -0.23345
   0.60421  0.05264 -0.23100
   0.59633  0.05278 -0.23024
   0.58846  0.05291 -0.22907
   0.58058  0.05303 -0.22851
   0.57270  0.05314 -0.22733
   0.56482  0.05324 -0.22648
   0.55693  0.05333 -0.22546
   0.54904  0.05340 -0.22487
   0.54115  0.05347 -0.22351
   0.53326  0.05353 -0.22323
   0.52537  0.05358 -0.22193
   0.51748  0.05361 -0.22110
   0.50958  0.05364 -0.22086
   0.50169  0.05366 -0.21931
   0.49380  0.05367 -0.21974
   0.48590  0.05367 -0.21813
   0.47801  0.05366 -0.21857
   0.47012  0.05363 -0.21760
   0.46224  0.05360 -0.21693
   0.45437  0.05356 -0.21638
   0.44650  0.05351 -0.21591
   0.43864  0.05345 -0.21487
   0.43079  0.05338 -0.21472
   0.42295  0.05330 -0.21447
   0.41514  0.05321 -0.21418
   0.40737  0.05312 -0.21488
   0.39966  0.05301 -0.21435
   0.39202  0.05289 -0.21563
   0.38445  0.05276 -0.21276
   0.37694  0.05262 -0.21019
   0.36954  0.05249 -0.20926
   0.36229  0.05236 -0.21649
   0.35524  0.05223 -0.22745
   0.34842  0.05207 -0.23675
   0.34179  0.05185 -0.22802
   0.33530  0.05159 -0.20104
   0.32892  0.05132 -0.17429
   0.32258  0.05111 -0.16059
   0.31625  0.05098 -0.17705
   0.30988  0.05089 -0.20657
   0.30343  0.05078 -0.23405
   0.29682  0.05061 -0.23642
   0.29002  0.05037 -0.22402
   0.28299  0.05009 -0.21222
   0.27579  0.04982 -0.21101
   0.26847  0.04954 -0.21517
   0.26108  0.04924 -0.21719
   0.25361  0.04892 -0.21616
   0.24607  0.04858 -0.21630
   0.23850  0.04823 -0.21739
   0.23092  0.04786 -0.21793
   0.22333  0.04747 -0.21884
   0.21574  0.04707 -0.21946
   0.20817  0.04664 -0.22139
   0.20063  0.04620 -0.22199
   0.19311  0.04574 -0.22291
   0.18563  0.04526 -0.22620
   0.17820  0.04475 -0.22604
   0.17081  0.04423 -0.22746
   0.16349  0.04368 -0.23000
   0.15624  0.04311 -0.23020
   0.14907  0.04251 -0.23280
   0.14200  0.04189 -0.23361
   0.13503  0.04125 -0.23479
   0.12818  0.04059 -0.23575
   0.12147  0.03990 -0.23621
   0.11493  0.03919 -0.23645
   0.10856  0.03847 -0.23673
   0.10240  0.03773 -0.23652
   0.09647  0.03699 -0.23774
   0.09078  0.03624 -0.23972
   0.08537  0.03550 -0.23864
   0.08024  0.03476 -0.24418
   0.07540  0.03403 -0.24624
   0.07085  0.03331 -0.25030
   0.06658  0.03261 -0.26333
   0.06257  0.03190 -0.26437
   0.05879  0.03120 -0.27589
   0.05523  0.03050 -0.28040
   0.05189  0.02978 -0.27882
   0.04873  0.02906 -0.27295
   0.04574  0.02833 -0.26227
   0.04291  0.02760 -0.25323
   0.04024  0.02687 -0.23857
   0.03771  0.02615 -0.22676
   0.03531  0.02543 -0.21911
   0.03305  0.02471 -0.19452
   0.03089  0.02399 -0.16459
   0.02884  0.02329 -0.14110
   0.02688  0.02260 -0.12578
   0.02502  0.02195 -0.12429
   0.02326  0.02131 -0.12294
   0.02159  0.02067 -0.12211
   0.02000  0.02005 -0.11654
   0.01849  0.01942 -0.10623
   0.01706  0.01880 -0.08845
   0.01569  0.01817 -0.06224
   0.01439  0.01754 -0.04024
   0.01314  0.01692 -0.01731
   0.01194  0.01630  0.00264
   0.01080  0.01568  0.02130
   0.00971  0.01507  0.03891
   0.00867  0.01445  0.06322
   0.00767  0.01383  0.07963
   0.00672  0.01321  0.10276
   0.00581  0.01258  0.12160
   0.00495  0.01194  0.15090
   0.00414  0.01128  0.17259
   0.00338  0.01061  0.19834
   0.00268  0.00990  0.22967
   0.00207  0.00914  0.33948
   0.00154  0.00835  0.42870
   0.00111  0.00752  0.54792
   0.00078  0.00665  0.68157
   0.00053  0.00577  0.78928
   0.00035  0.00489  0.86721
   0.00022  0.00400  0.91986
   0.00012  0.00312  0.95831
   0.00005  0.00224  0.98133
   0.00001  0.00137  0.99487
  -0.00000  0.00051  0.99995
   0.00001 -0.00034  0.99733
   0.00004 -0.00120  0.98740
   0.00010 -0.00206  0.96988
   0.00020 -0.00292  0.95448
   0.00027 -0.00380  0.91335
   0.00039 -0.00468  0.88134
   0.00054 -0.00556  0.83478
   0.00072 -0.00645  0.77783
   0.00092 -0.00735  0.71448
   0.00115 -0.00824  0.63986
   0.00142 -0.00914  0.54481
   0.00173 -0.01004  0.43924
   0.00207 -0.01094  0.31866
   0.00247 -0.01182  0.14879
   0.00292 -0.01269  0.06845
   0.00342 -0.01356 -0.26678
   0.00402 -0.01437 -0.33042
   0.00470 -0.01514 -0.43831
   0.00546 -0.01587 -0.47550
   0.00629 -0.01657 -0.50658
   0.00717 -0.01724 -0.51987
   0.00811 -0.01789 -0.53697
   0.00910 -0.01851 -0.53707
   0.01015 -0.01912 -0.53472
   0.01125 -0.01971 -0.53607
   0.01240 -0.02029 -0.52986
   0.01361 -0.02086 -0.52507
   0.01488 -0.02142 -0.51868
   0.01621 -0.02198 -0.50511
   0.01761 -0.02253 -0.49816
   0.01908 -0.02307 -0.48336
   0.02063 -0.02362 -0.47912
   0.02226 -0.02417 -0.46707
   0.02397 -0.02472 -0.45276
   0.02579 -0.02528 -0.44611
   0.02770 -0.02584 -0.43635
   0.02973 -0.02641 -0.42916
   0.03189 -0.02700 -0.42199
   0.03419 -0.02759 -0.41614
   0.03663 -0.02820 -0.40597
   0.03924 -0.02882 -0.39994
   0.04203 -0.02945 -0.38969
   0.04502 -0.03011 -0.38352
   0.04822 -0.03078 -0.37817
   0.05165 -0.03148 -0.37525
   0.05533 -0.03220 -0.37123
   0.05925 -0.03293 -0.36856
   0.06344 -0.03368 -0.36420
   0.06789 -0.03445 -0.36251
   0.07262 -0.03522 -0.35809
   0.07761 -0.03600 -0.35697
   0.08288 -0.03679 -0.35396
   0.08842 -0.03758 -0.35102
   0.09419 -0.03836 -0.34831
   0.10019 -0.03914 -0.34657
   0.10638 -0.03991 -0.34598
   0.11276 -0.04065 -0.34528
   0.11929 -0.04138 -0.34475
   0.12594 -0.04208 -0.34365
   0.13272 -0.04276 -0.34280
   0.13959 -0.04340 -0.34157
   0.14656 -0.04401 -0.33867
   0.15362 -0.04460 -0.33714
   0.16075 -0.04515 -0.33341
   0.16794 -0.04567 -0.33130
   0.17519 -0.04616 -0.32809
   0.18248 -0.04663 -0.32622
   0.18981 -0.04706 -0.32415
   0.19717 -0.04747 -0.32288
   0.20456 -0.04785 -0.31881
   0.21197 -0.04820 -0.31803
   0.21942 -0.04852 -0.31401
   0.22690 -0.04882 -0.31151
   0.23441 -0.04909 -0.30687
   0.24195 -0.04934 -0.30483
   0.24951 -0.04956 -0.30285
   0.25708 -0.04977 -0.29967
   0.26468 -0.04995 -0.29843
   0.27229 -0.05011 -0.29424
   0.27991 -0.05024 -0.29286
   0.28756 -0.05036 -0.28949
   0.29522 -0.05046 -0.28761
   0.30289 -0.05054 -0.28580
   0.31057 -0.05060 -0.28375
   0.31825 -0.05064 -0.28159
   0.32595 -0.05066 -0.28006
   0.33364 -0.05066 -0.27859
   0.34135 -0.05065 -0.27683
   0.34906 -0.05061 -0.27517
   0.35677 -0.05056 -0.27340
   0.36448 -0.05048 -0.27182
   0.37219 -0.05039 -0.27031
   0.37990 -0.05028 -0.26835
   0.38761 -0.05015 -0.26707
   0.39532 -0.05001 -0.26580
   0.40302 -0.04984 -0.26449
   0.41072 -0.04966 -0.26247
   0.41842 -0.04945 -0.26192
   0.42610 -0.04923 -0.26061
   0.43378 -0.04899 -0.25993
   0.44144 -0.04873 -0.25786
   0.44910 -0.04845 -0.25737
   0.45674 -0.04815 -0.25588
   0.46437 -0.04783 -0.25522
   0.47199 -0.04749 -0.25358
   0.47960 -0.04713 -0.25177
   0.48720 -0.04674 -0.25052
   0.49478 -0.04634 -0.24886
   0.50235 -0.04590 -0.24653
   0.50991 -0.04545 -0.24536
   0.51745 -0.04497 -0.24277
   0.52498 -0.04447 -0.24042
   0.53250 -0.04395 -0.23835
   0.54000 -0.04340 -0.23584
   0.54749 -0.04282 -0.23305
   0.55497 -0.04222 -0.22997
   0.56243 -0.04159 -0.22639
   0.56987 -0.04093 -0.22309
   0.57730 -0.04025 -0.21946
   0.58471 -0.03954 -0.21539
   0.59210 -0.03881 -0.21125
   0.59948 -0.03804 -0.20688
   0.60683 -0.03724 -0.20233
   0.61417 -0.03642 -0.19615
   0.62149 -0.03556 -0.19149
   0.62879 -0.03468 -0.18429
   0.63608 -0.03376 -0.17866
   0.64335 -0.03281 -0.17056
   0.65061 -0.03183 -0.16354
   0.65786 -0.03081 -0.15503
   0.66510 -0.02976 -0.14618
   0.67232 -0.02867 -0.13648
   0.67954 -0.02755 -0.12644
   0.68676 -0.02640 -0.11592
   0.69397 -0.02520 -0.10479
   0.70117 -0.02398 -0.09209
   0.70838 -0.02271 -0.07944
   0.71559 -0.02141 -0.06600
   0.72281 -0.02007 -0.05169
   0.73004 -0.01870 -0.03700
   0.73728 -0.01729 -0.02097
   0.74453 -0.01584 -0.00349
   0.75180 -0.01436  0.01280
   0.75910 -0.01284  0.03273
   0.76642 -0.01128  0.05073
   0.77378 -0.00969  0.07246
   0.78118 -0.00807  0.09125
   0.78863 -0.00642  0.11466
   0.79611 -0.00475  0.13544
   0.80361 -0.00306  0.15979
   0.81108 -0.00138  0.18264
   0.81847  0.00029  0.20559
   0.82574  0.00191  0.22928
   0.83289  0.00348  0.25124
   0.83991  0.00499  0.27171
   0.84680  0.00644  0.29136
   0.85358  0.00782  0.31073
   0.86023  0.00913  0.32698
   0.86676  0.01036  0.34552
   0.87316  0.01151  0.35965
   0.87944  0.01258  0.37602
   0.88561  0.01356  0.38783
   0.89167  0.01445  0.40002
   0.89763  0.01526  0.41078
   0.90349  0.01599  0.42032
   0.90927  0.01663  0.42810
   0.91493  0.01718  0.43770
   0.92047  0.01765  0.44360
   0.92588  0.01803  0.45179
   0.93120  0.01832  0.45539
   0.93644  0.01853  0.45620
   0.94160  0.01868  0.45910
   0.94662  0.01876  0.46606
   0.95140  0.01879  0.48138
   0.95595  0.01872  0.49105
   0.96030  0.01853  0.49611
   0.96456  0.01820  0.48118
   0.96881  0.01775  0.45362
   0.97308  0.01723  0.42652
   0.97733  0.01672  0.41432
   0.98147  0.01621  0.42746
   0.98549  0.01562  0.43437
   0.98945  0.01488  0.38914
   0.99342  0.01406  0.32444
   0.99738  0.01325  0.29910
   1.00000  0.01271  0.25415
