GRUMMAN K-2 AIRFOIL                             
 Alfa =  -1.16600 Re =        0.000 Xflap,Yflap =     0.000000    0.000000
#    x        y        Cp  
   1.00000  0.01371  0.25415
   0.99740  0.01444  0.09907
   0.99329  0.01549  0.06126
   0.98889  0.01657  0.04579
   0.98423  0.01772  0.00531
   0.97929  0.01890 -0.02971
   0.97409  0.02011 -0.05575
   0.96867  0.02135 -0.08625
   0.96305  0.02259 -0.11286
   0.95727  0.02381 -0.13458
   0.95131  0.02502 -0.15561
   0.94520  0.02620 -0.17078
   0.93893  0.02735 -0.18393
   0.93253  0.02848 -0.19523
   0.92600  0.02957 -0.20246
   0.91932  0.03065 -0.20863
   0.91254  0.03170 -0.21562
   0.90568  0.03272 -0.22436
   0.89876  0.03372 -0.23183
   0.89181  0.03467 -0.24003
   0.88484  0.03559 -0.24607
   0.87782  0.03647 -0.24876
   0.87073  0.03731 -0.24996
   0.86355  0.03812 -0.25115
   0.85628  0.03891 -0.24994
   0.84891  0.03968 -0.24918
   0.84146  0.04044 -0.24917
   0.83396  0.04117 -0.24918
   0.82645  0.04190 -0.25496
   0.81896  0.04260 -0.25995
   0.81149  0.04327 -0.26360
   0.80402  0.04391 -0.26617
   0.79655  0.04452 -0.26870
   0.78909  0.04510 -0.27091
   0.78162  0.04565 -0.27175
   0.77414  0.04617 -0.27132
   0.76665  0.04666 -0.27179
   0.75914  0.04713 -0.27060
   0.75161  0.04756 -0.26885
   0.74405  0.04798 -0.26716
   0.73646  0.04837 -0.26432
   0.72884  0.04874 -0.26193
   0.72118  0.04909 -0.25912
   0.71350  0.04943 -0.25587
   0.70580  0.04974 -0.25412
   0.69806  0.05004 -0.25114
   0.69030  0.05033 -0.24917
   0.68252  0.05060 -0.24712
   0.67473  0.05086 -0.24541
   0.66693  0.05111 -0.24326
   0.65911  0.05135 -0.24206
   0.65129  0.05157 -0.24065
   0.64347  0.05178 -0.23866
   0.63563  0.05197 -0.23761
   0.62779  0.05216 -0.23616
   0.61994  0.05233 -0.23416
   0.61208  0.05249 -0.23369
   0.60421  0.05264 -0.23124
   0.59633  0.05278 -0.23048
   0.58846  0.05291 -0.22932
   0.58058  0.05303 -0.22876
   0.57270  0.05314 -0.22758
   0.56482  0.05324 -0.22674
   0.55693  0.05333 -0.22573
   0.54904  0.05340 -0.22514
   0.54115  0.05347 -0.22378
   0.53326  0.05353 -0.22351
   0.52537  0.05358 -0.22221
   0.51748  0.05361 -0.22138
   0.50958  0.05364 -0.22115
   0.50169  0.05366 -0.21960
   0.49380  0.05367 -0.22004
   0.48590  0.05367 -0.21843
   0.47801  0.05366 -0.21887
   0.47012  0.05363 -0.21792
   0.46224  0.05360 -0.21725
   0.45437  0.05356 -0.21670
   0.44650  0.05351 -0.21624
   0.43864  0.05345 -0.21520
   0.43079  0.05338 -0.21506
   0.42295  0.05330 -0.21481
   0.41514  0.05321 -0.21452
   0.40737  0.05312 -0.21524
   0.39966  0.05301 -0.21471
   0.39202  0.05289 -0.21599
   0.38445  0.05276 -0.21313
   0.37694  0.05262 -0.21056
   0.36954  0.05249 -0.20964
   0.36229  0.05236 -0.21688
   0.35524  0.05223 -0.22785
   0.34842  0.05207 -0.23716
   0.34179  0.05185 -0.22843
   0.33530  0.05159 -0.20144
   0.32892  0.05132 -0.17469
   0.32258  0.05111 -0.16099
   0.31625  0.05098 -0.17746
   0.30988  0.05089 -0.20700
   0.30343  0.05078 -0.23450
   0.29682  0.05061 -0.23688
   0.29002  0.05037 -0.22448
   0.28299  0.05009 -0.21268
   0.27579  0.04982 -0.21148
   0.26847  0.04954 -0.21565
   0.26108  0.04924 -0.21768
   0.25361  0.04892 -0.21666
   0.24607  0.04858 -0.21681
   0.23850  0.04823 -0.21791
   0.23092  0.04786 -0.21846
   0.22333  0.04747 -0.21938
   0.21574  0.04707 -0.22002
   0.20817  0.04664 -0.22196
   0.20063  0.04620 -0.22258
   0.19311  0.04574 -0.22351
   0.18563  0.04526 -0.22681
   0.17820  0.04475 -0.22667
   0.17081  0.04423 -0.22810
   0.16349  0.04368 -0.23066
   0.15624  0.04311 -0.23088
   0.14907  0.04251 -0.23350
   0.14200  0.04189 -0.23434
   0.13503  0.04125 -0.23553
   0.12818  0.04059 -0.23652
   0.12147  0.03990 -0.23700
   0.11493  0.03919 -0.23726
   0.10856  0.03847 -0.23757
   0.10240  0.03773 -0.23739
   0.09647  0.03699 -0.23864
   0.09078  0.03624 -0.24065
   0.08537  0.03550 -0.23960
   0.08024  0.03476 -0.24518
   0.07540  0.03403 -0.24727
   0.07085  0.03331 -0.25137
   0.06658  0.03261 -0.26445
   0.06257  0.03190 -0.26553
   0.05879  0.03120 -0.27709
   0.05523  0.03050 -0.28165
   0.05189  0.02978 -0.28011
   0.04873  0.02906 -0.27427
   0.04574  0.02833 -0.26363
   0.04291  0.02760 -0.25463
   0.04024  0.02687 -0.23999
   0.03771  0.02615 -0.22822
   0.03531  0.02543 -0.22061
   0.03305  0.02471 -0.19604
   0.03089  0.02399 -0.16612
   0.02884  0.02329 -0.14265
   0.02688  0.02260 -0.12736
   0.02502  0.02195 -0.12592
   0.02326  0.02131 -0.12463
   0.02159  0.02067 -0.12386
   0.02000  0.02005 -0.11835
   0.01849  0.01942 -0.10809
   0.01706  0.01880 -0.09035
   0.01569  0.01817 -0.06417
   0.01439  0.01754 -0.04221
   0.01314  0.01692 -0.01932
   0.01194  0.01630  0.00058
   0.01080  0.01568  0.01919
   0.00971  0.01507  0.03674
   0.00867  0.01445  0.06099
   0.00767  0.01383  0.07733
   0.00672  0.01321  0.10039
   0.00581  0.01258  0.11913
   0.00495  0.01194  0.14835
   0.00414  0.01128  0.16992
   0.00338  0.01061  0.19554
   0.00268  0.00990  0.22673
   0.00207  0.00914  0.33667
   0.00154  0.00835  0.42598
   0.00111  0.00752  0.54546
   0.00078  0.00665  0.67955
   0.00053  0.00577  0.78770
   0.00035  0.00489  0.86600
   0.00022  0.00400  0.91894
   0.00012  0.00312  0.95765
   0.00005  0.00224  0.98091
   0.00001  0.00137  0.99465
  -0.00000  0.00051  0.99992
   0.00001 -0.00034  0.99748
   0.00004 -0.00120  0.98774
   0.00010 -0.00206  0.97040
   0.00020 -0.00292  0.95507
   0.00027 -0.00380  0.91425
   0.00039 -0.00468  0.88235
   0.00054 -0.00556  0.83598
   0.00072 -0.00645  0.77923
   0.00092 -0.00735  0.71607
   0.00115 -0.00824  0.64166
   0.00142 -0.00914  0.54686
   0.00173 -0.01004  0.44153
   0.00207 -0.01094  0.32121
   0.00247 -0.01182  0.15171
   0.00292 -0.01269  0.07141
   0.00342 -0.01356 -0.26305
   0.00402 -0.01437 -0.32679
   0.00470 -0.01514 -0.43463
   0.00546 -0.01587 -0.47195
   0.00629 -0.01657 -0.50315
   0.00717 -0.01724 -0.51659
   0.00811 -0.01789 -0.53382
   0.00910 -0.01851 -0.53406
   0.01015 -0.01912 -0.53184
   0.01125 -0.01971 -0.53331
   0.01240 -0.02029 -0.52722
   0.01361 -0.02086 -0.52253
   0.01488 -0.02142 -0.51624
   0.01621 -0.02198 -0.50278
   0.01761 -0.02253 -0.49593
   0.01908 -0.02307 -0.48121
   0.02063 -0.02362 -0.47705
   0.02226 -0.02417 -0.46508
   0.02397 -0.02472 -0.45085
   0.02579 -0.02528 -0.44428
   0.02770 -0.02584 -0.43458
   0.02973 -0.02641 -0.42745
   0.03189 -0.02700 -0.42035
   0.03419 -0.02759 -0.41455
   0.03663 -0.02820 -0.40444
   0.03924 -0.02882 -0.39846
   0.04203 -0.02945 -0.38827
   0.04502 -0.03011 -0.38215
   0.04822 -0.03078 -0.37685
   0.05165 -0.03148 -0.37398
   0.05533 -0.03220 -0.37000
   0.05925 -0.03293 -0.36737
   0.06344 -0.03368 -0.36305
   0.06789 -0.03445 -0.36140
   0.07262 -0.03522 -0.35702
   0.07761 -0.03600 -0.35593
   0.08288 -0.03679 -0.35296
   0.08842 -0.03758 -0.35006
   0.09419 -0.03836 -0.34737
   0.10019 -0.03914 -0.34567
   0.10638 -0.03991 -0.34511
   0.11276 -0.04065 -0.34444
   0.11929 -0.04138 -0.34393
   0.12594 -0.04208 -0.34285
   0.13272 -0.04276 -0.34203
   0.13959 -0.04340 -0.34082
   0.14656 -0.04401 -0.33794
   0.15362 -0.04460 -0.33643
   0.16075 -0.04515 -0.33272
   0.16794 -0.04567 -0.33063
   0.17519 -0.04616 -0.32744
   0.18248 -0.04663 -0.32559
   0.18981 -0.04706 -0.32353
   0.19717 -0.04747 -0.32228
   0.20456 -0.04785 -0.31821
   0.21197 -0.04820 -0.31745
   0.21942 -0.04852 -0.31345
   0.22690 -0.04882 -0.31096
   0.23441 -0.04909 -0.30633
   0.24195 -0.04934 -0.30431
   0.24951 -0.04956 -0.30234
   0.25708 -0.04977 -0.29916
   0.26468 -0.04995 -0.29793
   0.27229 -0.05011 -0.29375
   0.27991 -0.05024 -0.29239
   0.28756 -0.05036 -0.28903
   0.29522 -0.05046 -0.28716
   0.30289 -0.05054 -0.28535
   0.31057 -0.05060 -0.28331
   0.31825 -0.05064 -0.28117
   0.32595 -0.05066 -0.27964
   0.33364 -0.05066 -0.27818
   0.34135 -0.05065 -0.27642
   0.34906 -0.05061 -0.27477
   0.35677 -0.05056 -0.27302
   0.36448 -0.05048 -0.27144
   0.37219 -0.05039 -0.26993
   0.37990 -0.05028 -0.26798
   0.38761 -0.05015 -0.26671
   0.39532 -0.05001 -0.26545
   0.40302 -0.04984 -0.26414
   0.41072 -0.04966 -0.26212
   0.41842 -0.04945 -0.26158
   0.42610 -0.04923 -0.26028
   0.43378 -0.04899 -0.25960
   0.44144 -0.04873 -0.25754
   0.44910 -0.04845 -0.25705
   0.45674 -0.04815 -0.25557
   0.46437 -0.04783 -0.25492
   0.47199 -0.04749 -0.25328
   0.47960 -0.04713 -0.25148
   0.48720 -0.04674 -0.25024
   0.49478 -0.04634 -0.24857
   0.50235 -0.04590 -0.24625
   0.50991 -0.04545 -0.24509
   0.51745 -0.04497 -0.24250
   0.52498 -0.04447 -0.24015
   0.53250 -0.04395 -0.23809
   0.54000 -0.04340 -0.23558
   0.54749 -0.04282 -0.23280
   0.55497 -0.04222 -0.22972
   0.56243 -0.04159 -0.22615
   0.56987 -0.04093 -0.22286
   0.57730 -0.04025 -0.21923
   0.58471 -0.03954 -0.21517
   0.59210 -0.03881 -0.21102
   0.59948 -0.03804 -0.20666
   0.60683 -0.03724 -0.20211
   0.61417 -0.03642 -0.19594
   0.62149 -0.03556 -0.19128
   0.62879 -0.03468 -0.18409
   0.63608 -0.03376 -0.17846
   0.64335 -0.03281 -0.17037
   0.65061 -0.03183 -0.16335
   0.65786 -0.03081 -0.15485
   0.66510 -0.02976 -0.14601
   0.67232 -0.02867 -0.13631
   0.67954 -0.02755 -0.12627
   0.68676 -0.02640 -0.11576
   0.69397 -0.02520 -0.10463
   0.70117 -0.02398 -0.09193
   0.70838 -0.02271 -0.07929
   0.71559 -0.02141 -0.06586
   0.72281 -0.02007 -0.05155
   0.73004 -0.01870 -0.03686
   0.73728 -0.01729 -0.02084
   0.74453 -0.01584 -0.00336
   0.75180 -0.01436  0.01293
   0.75910 -0.01284  0.03285
   0.76642 -0.01128  0.05084
   0.77378 -0.00969  0.07257
   0.78118 -0.00807  0.09135
   0.78863 -0.00642  0.11476
   0.79611 -0.00475  0.13553
   0.80361 -0.00306  0.15988
   0.81108 -0.00138  0.18273
   0.81847  0.00029  0.20567
   0.82574  0.00191  0.22936
   0.83289  0.00348  0.25131
   0.83991  0.00499  0.27177
   0.84680  0.00644  0.29142
   0.85358  0.00782  0.31080
   0.86023  0.00913  0.32704
   0.86676  0.01036  0.34557
   0.87316  0.01151  0.35970
   0.87944  0.01258  0.37607
   0.88561  0.01356  0.38787
   0.89167  0.01445  0.40007
   0.89763  0.01526  0.41082
   0.90349  0.01599  0.42036
   0.90927  0.01663  0.42814
   0.91493  0.01718  0.43774
   0.92047  0.01765  0.44363
   0.92588  0.01803  0.45183
   0.93120  0.01832  0.45542
   0.93644  0.01853  0.45623
   0.94160  0.01868  0.45913
   0.94662  0.01876  0.46609
   0.95140  0.01879  0.48141
   0.95595  0.01872  0.49107
   0.96030  0.01853  0.49614
   0.96456  0.01820  0.48120
   0.96881  0.01775  0.45365
   0.97308  0.01723  0.42654
   0.97733  0.01672  0.41434
   0.98147  0.01621  0.42748
   0.98549  0.01562  0.43438
   0.98945  0.01488  0.38915
   0.99342  0.01406  0.32445
   0.99738  0.01325  0.29911
   1.00000  0.01271  0.25415
