GRUMMAN K-2 AIRFOIL                             
 Alfa =  -1.10800 Re =        0.000 Xflap,Yflap =     0.000000    0.000000
#    x        y        Cp  
   1.00000  0.01371  0.25412
   0.99740  0.01444  0.09900
   0.99329  0.01549  0.06117
   0.98889  0.01657  0.04562
   0.98423  0.01772  0.00508
   0.97929  0.01890 -0.02998
   0.97409  0.02011 -0.05604
   0.96867  0.02135 -0.08661
   0.96305  0.02259 -0.11325
   0.95727  0.02381 -0.13501
   0.95131  0.02502 -0.15610
   0.94520  0.02620 -0.17130
   0.93893  0.02735 -0.18450
   0.93253  0.02848 -0.19584
   0.92600  0.02957 -0.20310
   0.91932  0.03065 -0.20933
   0.91254  0.03170 -0.21633
   0.90568  0.03272 -0.22513
   0.89876  0.03372 -0.23262
   0.89181  0.03467 -0.24087
   0.88484  0.03559 -0.24694
   0.87782  0.03647 -0.24966
   0.87073  0.03731 -0.25090
   0.86355  0.03812 -0.25213
   0.85628  0.03891 -0.25093
   0.84891  0.03968 -0.25022
   0.84146  0.04044 -0.25023
   0.83396  0.04117 -0.25028
   0.82645  0.04190 -0.25607
   0.81896  0.04260 -0.26112
   0.81149  0.04327 -0.26480
   0.80402  0.04391 -0.26739
   0.79655  0.04452 -0.26997
   0.78909  0.04510 -0.27218
   0.78162  0.04565 -0.27308
   0.77414  0.04617 -0.27268
   0.76665  0.04666 -0.27319
   0.75914  0.04713 -0.27202
   0.75161  0.04756 -0.27029
   0.74405  0.04798 -0.26862
   0.73646  0.04837 -0.26582
   0.72884  0.04874 -0.26345
   0.72118  0.04909 -0.26067
   0.71350  0.04943 -0.25745
   0.70580  0.04974 -0.25572
   0.69806  0.05004 -0.25276
   0.69030  0.05033 -0.25084
   0.68252  0.05060 -0.24880
   0.67473  0.05086 -0.24714
   0.66693  0.05111 -0.24500
   0.65911  0.05135 -0.24383
   0.65129  0.05157 -0.24246
   0.64347  0.05178 -0.24049
   0.63563  0.05197 -0.23947
   0.62779  0.05216 -0.23805
   0.61994  0.05233 -0.23609
   0.61208  0.05249 -0.23564
   0.60421  0.05264 -0.23322
   0.59633  0.05278 -0.23250
   0.58846  0.05291 -0.23137
   0.58058  0.05303 -0.23084
   0.57270  0.05314 -0.22970
   0.56482  0.05324 -0.22888
   0.55693  0.05333 -0.22790
   0.54904  0.05340 -0.22735
   0.54115  0.05347 -0.22602
   0.53326  0.05353 -0.22579
   0.52537  0.05358 -0.22453
   0.51748  0.05361 -0.22374
   0.50958  0.05364 -0.22354
   0.50169  0.05366 -0.22203
   0.49380  0.05367 -0.22250
   0.48590  0.05367 -0.22093
   0.47801  0.05366 -0.22141
   0.47012  0.05363 -0.22049
   0.46224  0.05360 -0.21987
   0.45437  0.05356 -0.21936
   0.44650  0.05351 -0.21894
   0.43864  0.05345 -0.21794
   0.43079  0.05338 -0.21784
   0.42295  0.05330 -0.21764
   0.41514  0.05321 -0.21740
   0.40737  0.05312 -0.21815
   0.39966  0.05301 -0.21768
   0.39202  0.05289 -0.21900
   0.38445  0.05276 -0.21620
   0.37694  0.05262 -0.21366
   0.36954  0.05249 -0.21278
   0.36229  0.05236 -0.22009
   0.35524  0.05223 -0.23115
   0.34842  0.05207 -0.24052
   0.34179  0.05185 -0.23183
   0.33530  0.05159 -0.20481
   0.32892  0.05132 -0.17803
   0.32258  0.05111 -0.16434
   0.31625  0.05098 -0.18091
   0.30988  0.05089 -0.21058
   0.30343  0.05078 -0.23822
   0.29682  0.05061 -0.24066
   0.29002  0.05037 -0.22828
   0.28299  0.05009 -0.21651
   0.27579  0.04982 -0.21538
   0.26847  0.04954 -0.21963
   0.26108  0.04924 -0.22175
   0.25361  0.04892 -0.22081
   0.24607  0.04858 -0.22104
   0.23850  0.04823 -0.22223
   0.23092  0.04786 -0.22288
   0.22333  0.04747 -0.22389
   0.21574  0.04707 -0.22463
   0.20817  0.04664 -0.22668
   0.20063  0.04620 -0.22741
   0.19311  0.04574 -0.22846
   0.18563  0.04526 -0.23190
   0.17820  0.04475 -0.23188
   0.17081  0.04423 -0.23345
   0.16349  0.04368 -0.23617
   0.15624  0.04311 -0.23654
   0.14907  0.04251 -0.23932
   0.14200  0.04189 -0.24032
   0.13503  0.04125 -0.24170
   0.12818  0.04059 -0.24287
   0.12147  0.03990 -0.24356
   0.11493  0.03919 -0.24402
   0.10856  0.03847 -0.24455
   0.10240  0.03773 -0.24459
   0.09647  0.03699 -0.24609
   0.09078  0.03624 -0.24835
   0.08537  0.03550 -0.24756
   0.08024  0.03476 -0.25344
   0.07540  0.03403 -0.25582
   0.07085  0.03331 -0.26023
   0.06658  0.03261 -0.27371
   0.06257  0.03190 -0.27509
   0.05879  0.03120 -0.28707
   0.05523  0.03050 -0.29199
   0.05189  0.02978 -0.29079
   0.04873  0.02906 -0.28525
   0.04574  0.02833 -0.27489
   0.04291  0.02760 -0.26618
   0.04024  0.02687 -0.25179
   0.03771  0.02615 -0.24030
   0.03531  0.02543 -0.23303
   0.03305  0.02471 -0.20862
   0.03089  0.02399 -0.17882
   0.02884  0.02329 -0.15551
   0.02688  0.02260 -0.14051
   0.02502  0.02195 -0.13951
   0.02326  0.02131 -0.13869
   0.02159  0.02067 -0.13842
   0.02000  0.02005 -0.13338
   0.01849  0.01942 -0.12356
   0.01706  0.01880 -0.10616
   0.01569  0.01817 -0.08023
   0.01439  0.01754 -0.05857
   0.01314  0.01692 -0.03602
   0.01194  0.01630 -0.01652
   0.01080  0.01568  0.00162
   0.00971  0.01507  0.01867
   0.00867  0.01445  0.04245
   0.00767  0.01383  0.05817
   0.00672  0.01321  0.08059
   0.00581  0.01258  0.09857
   0.00495  0.01194  0.12707
   0.00414  0.01128  0.14769
   0.00338  0.01061  0.17213
   0.00268  0.00990  0.20213
   0.00207  0.00914  0.31322
   0.00154  0.00835  0.40320
   0.00111  0.00752  0.52478
   0.00078  0.00665  0.66257
   0.00053  0.00577  0.77431
   0.00035  0.00489  0.85568
   0.00022  0.00400  0.91109
   0.00012  0.00312  0.95206
   0.00005  0.00224  0.97717
   0.00001  0.00137  0.99263
  -0.00000  0.00051  0.99954
   0.00001 -0.00034  0.99857
   0.00004 -0.00120  0.99033
   0.00010 -0.00206  0.97458
   0.00020 -0.00292  0.95985
   0.00027 -0.00380  0.92152
   0.00039 -0.00468  0.89058
   0.00054 -0.00556  0.84577
   0.00072 -0.00645  0.79066
   0.00092 -0.00735  0.72910
   0.00115 -0.00824  0.65639
   0.00142 -0.00914  0.56359
   0.00173 -0.01004  0.46034
   0.00207 -0.01094  0.34210
   0.00247 -0.01182  0.17567
   0.00292 -0.01269  0.09575
   0.00342 -0.01356 -0.23236
   0.00402 -0.01437 -0.29690
   0.00470 -0.01514 -0.40428
   0.00546 -0.01587 -0.44272
   0.00629 -0.01657 -0.47493
   0.00717 -0.01724 -0.48959
   0.00811 -0.01789 -0.50783
   0.00910 -0.01851 -0.50920
   0.01015 -0.01912 -0.50809
   0.01125 -0.01971 -0.51052
   0.01240 -0.02029 -0.50538
   0.01361 -0.02086 -0.50158
   0.01488 -0.02142 -0.49615
   0.01621 -0.02198 -0.48355
   0.01761 -0.02253 -0.47745
   0.01908 -0.02307 -0.46349
   0.02063 -0.02362 -0.45998
   0.02226 -0.02417 -0.44867
   0.02397 -0.02472 -0.43509
   0.02579 -0.02528 -0.42910
   0.02770 -0.02584 -0.41996
   0.02973 -0.02641 -0.41334
   0.03189 -0.02700 -0.40674
   0.03419 -0.02759 -0.40142
   0.03663 -0.02820 -0.39179
   0.03924 -0.02882 -0.38626
   0.04203 -0.02945 -0.37652
   0.04502 -0.03011 -0.37082
   0.04822 -0.03078 -0.36591
   0.05165 -0.03148 -0.36341
   0.05533 -0.03220 -0.35980
   0.05925 -0.03293 -0.35752
   0.06344 -0.03368 -0.35354
   0.06789 -0.03445 -0.35222
   0.07262 -0.03522 -0.34816
   0.07761 -0.03600 -0.34737
   0.08288 -0.03679 -0.34469
   0.08842 -0.03758 -0.34207
   0.09419 -0.03836 -0.33966
   0.10019 -0.03914 -0.33821
   0.10638 -0.03991 -0.33788
   0.11276 -0.04065 -0.33743
   0.11929 -0.04138 -0.33714
   0.12594 -0.04208 -0.33626
   0.13272 -0.04276 -0.33563
   0.13959 -0.04340 -0.33460
   0.14656 -0.04401 -0.33190
   0.15362 -0.04460 -0.33056
   0.16075 -0.04515 -0.32701
   0.16794 -0.04567 -0.32508
   0.17519 -0.04616 -0.32203
   0.18248 -0.04663 -0.32032
   0.18981 -0.04706 -0.31839
   0.19717 -0.04747 -0.31726
   0.20456 -0.04785 -0.31332
   0.21197 -0.04820 -0.31267
   0.21942 -0.04852 -0.30878
   0.22690 -0.04882 -0.30641
   0.23441 -0.04909 -0.30188
   0.24195 -0.04934 -0.29996
   0.24951 -0.04956 -0.29808
   0.25708 -0.04977 -0.29500
   0.26468 -0.04995 -0.29385
   0.27229 -0.05011 -0.28976
   0.27991 -0.05024 -0.28848
   0.28756 -0.05036 -0.28520
   0.29522 -0.05046 -0.28340
   0.30289 -0.05054 -0.28167
   0.31057 -0.05060 -0.27970
   0.31825 -0.05064 -0.27762
   0.32595 -0.05066 -0.27617
   0.33364 -0.05066 -0.27477
   0.34135 -0.05065 -0.27308
   0.34906 -0.05061 -0.27148
   0.35677 -0.05056 -0.26979
   0.36448 -0.05048 -0.26828
   0.37219 -0.05039 -0.26682
   0.37990 -0.05028 -0.26493
   0.38761 -0.05015 -0.26370
   0.39532 -0.05001 -0.26250
   0.40302 -0.04984 -0.26124
   0.41072 -0.04966 -0.25927
   0.41842 -0.04945 -0.25878
   0.42610 -0.04923 -0.25753
   0.43378 -0.04899 -0.25690
   0.44144 -0.04873 -0.25487
   0.44910 -0.04845 -0.25444
   0.45674 -0.04815 -0.25300
   0.46437 -0.04783 -0.25239
   0.47199 -0.04749 -0.25079
   0.47960 -0.04713 -0.24903
   0.48720 -0.04674 -0.24783
   0.49478 -0.04634 -0.24621
   0.50235 -0.04590 -0.24392
   0.50991 -0.04545 -0.24281
   0.51745 -0.04497 -0.24025
   0.52498 -0.04447 -0.23795
   0.53250 -0.04395 -0.23592
   0.54000 -0.04340 -0.23346
   0.54749 -0.04282 -0.23071
   0.55497 -0.04222 -0.22767
   0.56243 -0.04159 -0.22414
   0.56987 -0.04093 -0.22088
   0.57730 -0.04025 -0.21729
   0.58471 -0.03954 -0.21327
   0.59210 -0.03881 -0.20916
   0.59948 -0.03804 -0.20484
   0.60683 -0.03724 -0.20032
   0.61417 -0.03642 -0.19419
   0.62149 -0.03556 -0.18957
   0.62879 -0.03468 -0.18242
   0.63608 -0.03376 -0.17682
   0.64335 -0.03281 -0.16877
   0.65061 -0.03183 -0.16180
   0.65786 -0.03081 -0.15333
   0.66510 -0.02976 -0.14452
   0.67232 -0.02867 -0.13487
   0.67954 -0.02755 -0.12487
   0.68676 -0.02640 -0.11438
   0.69397 -0.02520 -0.10330
   0.70117 -0.02398 -0.09064
   0.70838 -0.02271 -0.07804
   0.71559 -0.02141 -0.06465
   0.72281 -0.02007 -0.05038
   0.73004 -0.01870 -0.03572
   0.73728 -0.01729 -0.01974
   0.74453 -0.01584 -0.00232
   0.75180 -0.01436  0.01395
   0.75910 -0.01284  0.03383
   0.76642 -0.01128  0.05176
   0.77378 -0.00969  0.07346
   0.78118 -0.00807  0.09220
   0.78863 -0.00642  0.11558
   0.79611 -0.00475  0.13630
   0.80361 -0.00306  0.16061
   0.81108 -0.00138  0.18342
   0.81847  0.00029  0.20633
   0.82574  0.00191  0.22998
   0.83289  0.00348  0.25190
   0.83991  0.00499  0.27233
   0.84680  0.00644  0.29195
   0.85358  0.00782  0.31130
   0.86023  0.00913  0.32751
   0.86676  0.01036  0.34601
   0.87316  0.01151  0.36015
   0.87944  0.01258  0.37647
   0.88561  0.01356  0.38826
   0.89167  0.01445  0.40044
   0.89763  0.01526  0.41116
   0.90349  0.01599  0.42070
   0.90927  0.01663  0.42846
   0.91493  0.01718  0.43803
   0.92047  0.01765  0.44394
   0.92588  0.01803  0.45210
   0.93120  0.01832  0.45569
   0.93644  0.01853  0.45648
   0.94160  0.01868  0.45937
   0.94662  0.01876  0.46633
   0.95140  0.01879  0.48162
   0.95595  0.01872  0.49128
   0.96030  0.01853  0.49633
   0.96456  0.01820  0.48138
   0.96881  0.01775  0.45384
   0.97308  0.01723  0.42673
   0.97733  0.01672  0.41452
   0.98147  0.01621  0.42763
   0.98549  0.01562  0.43452
   0.98945  0.01488  0.38930
   0.99342  0.01406  0.32460
   0.99738  0.01325  0.29923
   1.00000  0.01271  0.25412
