GRUMMAN K-2 AIRFOIL                             
 Alfa =  -1.05500 Re =        0.000 Xflap,Yflap =     0.000000    0.000000
#    x        y        Cp  
   1.00000  0.01371  0.25410
   0.99740  0.01444  0.09893
   0.99329  0.01549  0.06108
   0.98889  0.01657  0.04547
   0.98423  0.01772  0.00488
   0.97929  0.01890 -0.03022
   0.97409  0.02011 -0.05631
   0.96867  0.02135 -0.08693
   0.96305  0.02259 -0.11361
   0.95727  0.02381 -0.13540
   0.95131  0.02502 -0.15654
   0.94520  0.02620 -0.17178
   0.93893  0.02735 -0.18502
   0.93253  0.02848 -0.19640
   0.92600  0.02957 -0.20368
   0.91932  0.03065 -0.20996
   0.91254  0.03170 -0.21698
   0.90568  0.03272 -0.22582
   0.89876  0.03372 -0.23333
   0.89181  0.03467 -0.24163
   0.88484  0.03559 -0.24774
   0.87782  0.03647 -0.25048
   0.87073  0.03731 -0.25175
   0.86355  0.03812 -0.25301
   0.85628  0.03891 -0.25183
   0.84891  0.03968 -0.25117
   0.84146  0.04044 -0.25119
   0.83396  0.04117 -0.25128
   0.82645  0.04190 -0.25710
   0.81896  0.04260 -0.26218
   0.81149  0.04327 -0.26589
   0.80402  0.04391 -0.26851
   0.79655  0.04452 -0.27113
   0.78909  0.04510 -0.27334
   0.78162  0.04565 -0.27430
   0.77414  0.04617 -0.27391
   0.76665  0.04666 -0.27447
   0.75914  0.04713 -0.27331
   0.75161  0.04756 -0.27161
   0.74405  0.04798 -0.26995
   0.73646  0.04837 -0.26719
   0.72884  0.04874 -0.26484
   0.72118  0.04909 -0.26209
   0.71350  0.04943 -0.25890
   0.70580  0.04974 -0.25719
   0.69806  0.05004 -0.25424
   0.69030  0.05033 -0.25236
   0.68252  0.05060 -0.25033
   0.67473  0.05086 -0.24871
   0.66693  0.05111 -0.24660
   0.65911  0.05135 -0.24545
   0.65129  0.05157 -0.24412
   0.64347  0.05178 -0.24217
   0.63563  0.05197 -0.24117
   0.62779  0.05216 -0.23978
   0.61994  0.05233 -0.23786
   0.61208  0.05249 -0.23742
   0.60421  0.05264 -0.23504
   0.59633  0.05278 -0.23435
   0.58846  0.05291 -0.23324
   0.58058  0.05303 -0.23275
   0.57270  0.05314 -0.23162
   0.56482  0.05324 -0.23084
   0.55693  0.05333 -0.22989
   0.54904  0.05340 -0.22937
   0.54115  0.05347 -0.22808
   0.53326  0.05353 -0.22787
   0.52537  0.05358 -0.22664
   0.51748  0.05361 -0.22589
   0.50958  0.05364 -0.22572
   0.50169  0.05366 -0.22424
   0.49380  0.05367 -0.22475
   0.48590  0.05367 -0.22321
   0.47801  0.05366 -0.22373
   0.47012  0.05363 -0.22284
   0.46224  0.05360 -0.22226
   0.45437  0.05356 -0.22179
   0.44650  0.05351 -0.22140
   0.43864  0.05345 -0.22044
   0.43079  0.05338 -0.22039
   0.42295  0.05330 -0.22022
   0.41514  0.05321 -0.22002
   0.40737  0.05312 -0.22082
   0.39966  0.05301 -0.22040
   0.39202  0.05289 -0.22176
   0.38445  0.05276 -0.21900
   0.37694  0.05262 -0.21649
   0.36954  0.05249 -0.21566
   0.36229  0.05236 -0.22303
   0.35524  0.05223 -0.23417
   0.34842  0.05207 -0.24359
   0.34179  0.05185 -0.23494
   0.33530  0.05159 -0.20789
   0.32892  0.05132 -0.18108
   0.32258  0.05111 -0.16741
   0.31625  0.05098 -0.18405
   0.30988  0.05089 -0.21385
   0.30343  0.05078 -0.24162
   0.29682  0.05061 -0.24412
   0.29002  0.05037 -0.23177
   0.28299  0.05009 -0.22002
   0.27579  0.04982 -0.21895
   0.26847  0.04954 -0.22328
   0.26108  0.04924 -0.22547
   0.25361  0.04892 -0.22460
   0.24607  0.04858 -0.22491
   0.23850  0.04823 -0.22618
   0.23092  0.04786 -0.22691
   0.22333  0.04747 -0.22802
   0.21574  0.04707 -0.22885
   0.20817  0.04664 -0.23100
   0.20063  0.04620 -0.23183
   0.19311  0.04574 -0.23299
   0.18563  0.04526 -0.23655
   0.17820  0.04475 -0.23665
   0.17081  0.04423 -0.23835
   0.16349  0.04368 -0.24120
   0.15624  0.04311 -0.24171
   0.14907  0.04251 -0.24465
   0.14200  0.04189 -0.24581
   0.13503  0.04125 -0.24735
   0.12818  0.04059 -0.24870
   0.12147  0.03990 -0.24956
   0.11493  0.03919 -0.25021
   0.10856  0.03847 -0.25094
   0.10240  0.03773 -0.25119
   0.09647  0.03699 -0.25291
   0.09078  0.03624 -0.25541
   0.08537  0.03550 -0.25485
   0.08024  0.03476 -0.26100
   0.07540  0.03403 -0.26366
   0.07085  0.03331 -0.26836
   0.06658  0.03261 -0.28219
   0.06257  0.03190 -0.28387
   0.05879  0.03120 -0.29622
   0.05523  0.03050 -0.30148
   0.05189  0.02978 -0.30058
   0.04873  0.02906 -0.29533
   0.04574  0.02833 -0.28522
   0.04291  0.02760 -0.27678
   0.04024  0.02687 -0.26262
   0.03771  0.02615 -0.25139
   0.03531  0.02543 -0.24443
   0.03305  0.02471 -0.22018
   0.03089  0.02399 -0.19048
   0.02884  0.02329 -0.16732
   0.02688  0.02260 -0.15258
   0.02502  0.02195 -0.15199
   0.02326  0.02131 -0.15161
   0.02159  0.02067 -0.15180
   0.02000  0.02005 -0.14720
   0.01849  0.01942 -0.13779
   0.01706  0.01880 -0.12071
   0.01569  0.01817 -0.09502
   0.01439  0.01754 -0.07364
   0.01314  0.01692 -0.05140
   0.01194  0.01630 -0.03228
   0.01080  0.01568 -0.01457
   0.00971  0.01507  0.00202
   0.00867  0.01445  0.02535
   0.00767  0.01383  0.04049
   0.00672  0.01321  0.06231
   0.00581  0.01258  0.07957
   0.00495  0.01194  0.10740
   0.00414  0.01128  0.12711
   0.00338  0.01061  0.15045
   0.00268  0.00990  0.17932
   0.00207  0.00914  0.29142
   0.00154  0.00835  0.38199
   0.00111  0.00752  0.50548
   0.00078  0.00665  0.64667
   0.00053  0.00577  0.76171
   0.00035  0.00489  0.84593
   0.00022  0.00400  0.90361
   0.00012  0.00312  0.94665
   0.00005  0.00224  0.97346
   0.00001  0.00137  0.99050
  -0.00000  0.00051  0.99891
   0.00001 -0.00034  0.99930
   0.00004 -0.00120  0.99243
   0.00010 -0.00206  0.97813
   0.00020 -0.00292  0.96397
   0.00027 -0.00380  0.92787
   0.00039 -0.00468  0.89784
   0.00054 -0.00556  0.85446
   0.00072 -0.00645  0.80084
   0.00092 -0.00735  0.74073
   0.00115 -0.00824  0.66958
   0.00142 -0.00914  0.57862
   0.00173 -0.01004  0.47725
   0.00207 -0.01094  0.36091
   0.00247 -0.01182  0.19727
   0.00292 -0.01269  0.11771
   0.00342 -0.01356 -0.20465
   0.00402 -0.01437 -0.26987
   0.00470 -0.01514 -0.37683
   0.00546 -0.01587 -0.41627
   0.00629 -0.01657 -0.44937
   0.00717 -0.01724 -0.46512
   0.00811 -0.01789 -0.48427
   0.00910 -0.01851 -0.48667
   0.01015 -0.01912 -0.48655
   0.01125 -0.01971 -0.48984
   0.01240 -0.02029 -0.48556
   0.01361 -0.02086 -0.48256
   0.01488 -0.02142 -0.47789
   0.01621 -0.02198 -0.46607
   0.01761 -0.02253 -0.46066
   0.01908 -0.02307 -0.44738
   0.02063 -0.02362 -0.44446
   0.02226 -0.02417 -0.43376
   0.02397 -0.02472 -0.42077
   0.02579 -0.02528 -0.41530
   0.02770 -0.02584 -0.40666
   0.02973 -0.02641 -0.40051
   0.03189 -0.02700 -0.39436
   0.03419 -0.02759 -0.38947
   0.03663 -0.02820 -0.38028
   0.03924 -0.02882 -0.37515
   0.04203 -0.02945 -0.36583
   0.04502 -0.03011 -0.36050
   0.04822 -0.03078 -0.35596
   0.05165 -0.03148 -0.35379
   0.05533 -0.03220 -0.35051
   0.05925 -0.03293 -0.34854
   0.06344 -0.03368 -0.34488
   0.06789 -0.03445 -0.34386
   0.07262 -0.03522 -0.34008
   0.07761 -0.03600 -0.33957
   0.08288 -0.03679 -0.33716
   0.08842 -0.03758 -0.33479
   0.09419 -0.03836 -0.33263
   0.10019 -0.03914 -0.33140
   0.10638 -0.03991 -0.33129
   0.11276 -0.04065 -0.33104
   0.11929 -0.04138 -0.33094
   0.12594 -0.04208 -0.33025
   0.13272 -0.04276 -0.32979
   0.13959 -0.04340 -0.32893
   0.14656 -0.04401 -0.32639
   0.15362 -0.04460 -0.32520
   0.16075 -0.04515 -0.32180
   0.16794 -0.04567 -0.32001
   0.17519 -0.04616 -0.31710
   0.18248 -0.04663 -0.31551
   0.18981 -0.04706 -0.31370
   0.19717 -0.04747 -0.31269
   0.20456 -0.04785 -0.30885
   0.21197 -0.04820 -0.30830
   0.21942 -0.04852 -0.30452
   0.22690 -0.04882 -0.30225
   0.23441 -0.04909 -0.29782
   0.24195 -0.04934 -0.29598
   0.24951 -0.04956 -0.29419
   0.25708 -0.04977 -0.29119
   0.26468 -0.04995 -0.29013
   0.27229 -0.05011 -0.28612
   0.27991 -0.05024 -0.28491
   0.28756 -0.05036 -0.28170
   0.29522 -0.05046 -0.27997
   0.30289 -0.05054 -0.27831
   0.31057 -0.05060 -0.27641
   0.31825 -0.05064 -0.27438
   0.32595 -0.05066 -0.27300
   0.33364 -0.05066 -0.27165
   0.34135 -0.05065 -0.27002
   0.34906 -0.05061 -0.26848
   0.35677 -0.05056 -0.26685
   0.36448 -0.05048 -0.26539
   0.37219 -0.05039 -0.26397
   0.37990 -0.05028 -0.26215
   0.38761 -0.05015 -0.26095
   0.39532 -0.05001 -0.25981
   0.40302 -0.04984 -0.25859
   0.41072 -0.04966 -0.25667
   0.41842 -0.04945 -0.25623
   0.42610 -0.04923 -0.25501
   0.43378 -0.04899 -0.25442
   0.44144 -0.04873 -0.25244
   0.44910 -0.04845 -0.25205
   0.45674 -0.04815 -0.25065
   0.46437 -0.04783 -0.25007
   0.47199 -0.04749 -0.24852
   0.47960 -0.04713 -0.24679
   0.48720 -0.04674 -0.24564
   0.49478 -0.04634 -0.24404
   0.50235 -0.04590 -0.24180
   0.50991 -0.04545 -0.24073
   0.51745 -0.04497 -0.23820
   0.52498 -0.04447 -0.23594
   0.53250 -0.04395 -0.23394
   0.54000 -0.04340 -0.23152
   0.54749 -0.04282 -0.22880
   0.55497 -0.04222 -0.22579
   0.56243 -0.04159 -0.22231
   0.56987 -0.04093 -0.21908
   0.57730 -0.04025 -0.21552
   0.58471 -0.03954 -0.21154
   0.59210 -0.03881 -0.20746
   0.59948 -0.03804 -0.20317
   0.60683 -0.03724 -0.19869
   0.61417 -0.03642 -0.19259
   0.62149 -0.03556 -0.18801
   0.62879 -0.03468 -0.18089
   0.63608 -0.03376 -0.17533
   0.64335 -0.03281 -0.16730
   0.65061 -0.03183 -0.16037
   0.65786 -0.03081 -0.15193
   0.66510 -0.02976 -0.14316
   0.67232 -0.02867 -0.13355
   0.67954 -0.02755 -0.12359
   0.68676 -0.02640 -0.11312
   0.69397 -0.02520 -0.10209
   0.70117 -0.02398 -0.08946
   0.70838 -0.02271 -0.07690
   0.71559 -0.02141 -0.06355
   0.72281 -0.02007 -0.04930
   0.73004 -0.01870 -0.03468
   0.73728 -0.01729 -0.01874
   0.74453 -0.01584 -0.00137
   0.75180 -0.01436  0.01488
   0.75910 -0.01284  0.03472
   0.76642 -0.01128  0.05261
   0.77378 -0.00969  0.07427
   0.78118 -0.00807  0.09299
   0.78863 -0.00642  0.11632
   0.79611 -0.00475  0.13701
   0.80361 -0.00306  0.16128
   0.81108 -0.00138  0.18405
   0.81847  0.00029  0.20694
   0.82574  0.00191  0.23055
   0.83289  0.00348  0.25244
   0.83991  0.00499  0.27283
   0.84680  0.00644  0.29243
   0.85358  0.00782  0.31176
   0.86023  0.00913  0.32795
   0.86676  0.01036  0.34642
   0.87316  0.01151  0.36055
   0.87944  0.01258  0.37684
   0.88561  0.01356  0.38861
   0.89167  0.01445  0.40078
   0.89763  0.01526  0.41148
   0.90349  0.01599  0.42102
   0.90927  0.01663  0.42876
   0.91493  0.01718  0.43830
   0.92047  0.01765  0.44422
   0.92588  0.01803  0.45234
   0.93120  0.01832  0.45594
   0.93644  0.01853  0.45672
   0.94160  0.01868  0.45959
   0.94662  0.01876  0.46656
   0.95140  0.01879  0.48181
   0.95595  0.01872  0.49148
   0.96030  0.01853  0.49652
   0.96456  0.01820  0.48155
   0.96881  0.01775  0.45402
   0.97308  0.01723  0.42690
   0.97733  0.01672  0.41469
   0.98147  0.01621  0.42778
   0.98549  0.01562  0.43465
   0.98945  0.01488  0.38943
   0.99342  0.01406  0.32473
   0.99738  0.01325  0.29933
   1.00000  0.01271  0.25410
