GRUMMAN K-2 AIRFOIL                             
 Alfa =  -1.23200 Re =        0.000 Xflap,Yflap =     0.000000    0.000000
#    x        y        Cp  
   1.00000  0.01371  0.25418
   0.99740  0.01444  0.09915
   0.99329  0.01549  0.06138
   0.98889  0.01657  0.04598
   0.98423  0.01772  0.00557
   0.97929  0.01890 -0.02941
   0.97409  0.02011 -0.05541
   0.96867  0.02135 -0.08584
   0.96305  0.02259 -0.11241
   0.95727  0.02381 -0.13409
   0.95131  0.02502 -0.15506
   0.94520  0.02620 -0.17017
   0.93893  0.02735 -0.18328
   0.93253  0.02848 -0.19453
   0.92600  0.02957 -0.20174
   0.91932  0.03065 -0.20784
   0.91254  0.03170 -0.21481
   0.90568  0.03272 -0.22348
   0.89876  0.03372 -0.23094
   0.89181  0.03467 -0.23907
   0.88484  0.03559 -0.24507
   0.87782  0.03647 -0.24774
   0.87073  0.03731 -0.24890
   0.86355  0.03812 -0.25005
   0.85628  0.03891 -0.24882
   0.84891  0.03968 -0.24799
   0.84146  0.04044 -0.24797
   0.83396  0.04117 -0.24793
   0.82645  0.04190 -0.25368
   0.81896  0.04260 -0.25863
   0.81149  0.04327 -0.26223
   0.80402  0.04391 -0.26478
   0.79655  0.04452 -0.26725
   0.78909  0.04510 -0.26945
   0.78162  0.04565 -0.27023
   0.77414  0.04617 -0.26978
   0.76665  0.04666 -0.27020
   0.75914  0.04713 -0.26899
   0.75161  0.04756 -0.26720
   0.74405  0.04798 -0.26550
   0.73646  0.04837 -0.26260
   0.72884  0.04874 -0.26020
   0.72118  0.04909 -0.25735
   0.71350  0.04943 -0.25406
   0.70580  0.04974 -0.25228
   0.69806  0.05004 -0.24929
   0.69030  0.05033 -0.24726
   0.68252  0.05060 -0.24520
   0.67473  0.05086 -0.24344
   0.66693  0.05111 -0.24127
   0.65911  0.05135 -0.24005
   0.65129  0.05157 -0.23859
   0.64347  0.05178 -0.23657
   0.63563  0.05197 -0.23549
   0.62779  0.05216 -0.23400
   0.61994  0.05233 -0.23196
   0.61208  0.05249 -0.23147
   0.60421  0.05264 -0.22898
   0.59633  0.05278 -0.22818
   0.58846  0.05291 -0.22699
   0.58058  0.05303 -0.22639
   0.57270  0.05314 -0.22518
   0.56482  0.05324 -0.22431
   0.55693  0.05333 -0.22325
   0.54904  0.05340 -0.22262
   0.54115  0.05347 -0.22122
   0.53326  0.05353 -0.22091
   0.52537  0.05358 -0.21958
   0.51748  0.05361 -0.21870
   0.50958  0.05364 -0.21843
   0.50169  0.05366 -0.21685
   0.49380  0.05367 -0.21724
   0.48590  0.05367 -0.21559
   0.47801  0.05366 -0.21598
   0.47012  0.05363 -0.21499
   0.46224  0.05360 -0.21427
   0.45437  0.05356 -0.21367
   0.44650  0.05351 -0.21317
   0.43864  0.05345 -0.21209
   0.43079  0.05338 -0.21189
   0.42295  0.05330 -0.21160
   0.41514  0.05321 -0.21126
   0.40737  0.05312 -0.21192
   0.39966  0.05301 -0.21133
   0.39202  0.05289 -0.21256
   0.38445  0.05276 -0.20965
   0.37694  0.05262 -0.20704
   0.36954  0.05249 -0.20606
   0.36229  0.05236 -0.21323
   0.35524  0.05223 -0.22410
   0.34842  0.05207 -0.23333
   0.34179  0.05185 -0.22457
   0.33530  0.05159 -0.19761
   0.32892  0.05132 -0.17090
   0.32258  0.05111 -0.15718
   0.31625  0.05098 -0.17355
   0.30988  0.05089 -0.20293
   0.30343  0.05078 -0.23027
   0.29682  0.05061 -0.23258
   0.29002  0.05037 -0.22015
   0.28299  0.05009 -0.20832
   0.27579  0.04982 -0.20704
   0.26847  0.04954 -0.21112
   0.26108  0.04924 -0.21306
   0.25361  0.04892 -0.21195
   0.24607  0.04858 -0.21200
   0.23850  0.04823 -0.21301
   0.23092  0.04786 -0.21345
   0.22333  0.04747 -0.21426
   0.21574  0.04707 -0.21478
   0.20817  0.04664 -0.21659
   0.20063  0.04620 -0.21709
   0.19311  0.04574 -0.21789
   0.18563  0.04526 -0.22103
   0.17820  0.04475 -0.22075
   0.17081  0.04423 -0.22203
   0.16349  0.04368 -0.22442
   0.15624  0.04311 -0.22447
   0.14907  0.04251 -0.22689
   0.14200  0.04189 -0.22754
   0.13503  0.04125 -0.22853
   0.12818  0.04059 -0.22930
   0.12147  0.03990 -0.22956
   0.11493  0.03919 -0.22959
   0.10856  0.03847 -0.22965
   0.10240  0.03773 -0.22922
   0.09647  0.03699 -0.23019
   0.09078  0.03624 -0.23191
   0.08537  0.03550 -0.23057
   0.08024  0.03476 -0.23581
   0.07540  0.03403 -0.23756
   0.07085  0.03331 -0.24132
   0.06658  0.03261 -0.25395
   0.06257  0.03190 -0.25468
   0.05879  0.03120 -0.26578
   0.05523  0.03050 -0.26992
   0.05189  0.02978 -0.26801
   0.04873  0.02906 -0.26182
   0.04574  0.02833 -0.25088
   0.04291  0.02760 -0.24154
   0.04024  0.02687 -0.22663
   0.03771  0.02615 -0.21453
   0.03531  0.02543 -0.20655
   0.03305  0.02471 -0.18180
   0.03089  0.02399 -0.15175
   0.02884  0.02329 -0.12810
   0.02688  0.02260 -0.11250
   0.02502  0.02195 -0.11056
   0.02326  0.02131 -0.10874
   0.02159  0.02067 -0.10741
   0.02000  0.02005 -0.10137
   0.01849  0.01942 -0.09061
   0.01706  0.01880 -0.07250
   0.01569  0.01817 -0.04603
   0.01439  0.01754 -0.02374
   0.01314  0.01692 -0.00048
   0.01194  0.01630  0.01988
   0.01080  0.01568  0.03899
   0.00971  0.01507  0.05709
   0.00867  0.01445  0.08187
   0.00767  0.01383  0.09889
   0.00672  0.01321  0.12266
   0.00581  0.01258  0.14225
   0.00495  0.01194  0.17225
   0.00414  0.01128  0.19487
   0.00338  0.01061  0.22177
   0.00268  0.00990  0.25425
   0.00207  0.00914  0.36287
   0.00154  0.00835  0.45138
   0.00111  0.00752  0.56843
   0.00078  0.00665  0.69835
   0.00053  0.00577  0.80243
   0.00035  0.00489  0.87727
   0.00022  0.00400  0.92743
   0.00012  0.00312  0.96360
   0.00005  0.00224  0.98475
   0.00001  0.00137  0.99656
  -0.00000  0.00051  0.99997
   0.00001 -0.00034  0.99586
   0.00004 -0.00120  0.98441
   0.00010 -0.00206  0.96526
   0.00020 -0.00292  0.94932
   0.00027 -0.00380  0.90560
   0.00039 -0.00468  0.87263
   0.00054 -0.00556  0.82448
   0.00072 -0.00645  0.76585
   0.00092 -0.00735  0.70087
   0.00115 -0.00824  0.62453
   0.00142 -0.00914  0.52743
   0.00173 -0.01004  0.41974
   0.00207 -0.01094  0.29704
   0.00247 -0.01182  0.12403
   0.00292 -0.01269  0.04333
   0.00342 -0.01356 -0.29842
   0.00402 -0.01437 -0.36122
   0.00470 -0.01514 -0.46956
   0.00546 -0.01587 -0.50556
   0.00629 -0.01657 -0.53559
   0.00717 -0.01724 -0.54761
   0.00811 -0.01789 -0.56367
   0.00910 -0.01851 -0.56258
   0.01015 -0.01912 -0.55909
   0.01125 -0.01971 -0.55944
   0.01240 -0.02029 -0.55225
   0.01361 -0.02086 -0.54655
   0.01488 -0.02142 -0.53927
   0.01621 -0.02198 -0.52482
   0.01761 -0.02253 -0.51709
   0.01908 -0.02307 -0.50151
   0.02063 -0.02362 -0.49660
   0.02226 -0.02417 -0.48386
   0.02397 -0.02472 -0.46888
   0.02579 -0.02528 -0.46164
   0.02770 -0.02584 -0.45131
   0.02973 -0.02641 -0.44358
   0.03189 -0.02700 -0.43591
   0.03419 -0.02759 -0.42957
   0.03663 -0.02820 -0.41891
   0.03924 -0.02882 -0.41241
   0.04203 -0.02945 -0.40170
   0.04502 -0.03011 -0.39510
   0.04822 -0.03078 -0.38934
   0.05165 -0.03148 -0.38605
   0.05533 -0.03220 -0.38165
   0.05925 -0.03293 -0.37862
   0.06344 -0.03368 -0.37390
   0.06789 -0.03445 -0.37188
   0.07262 -0.03522 -0.36713
   0.07761 -0.03600 -0.36570
   0.08288 -0.03679 -0.36239
   0.08842 -0.03758 -0.35917
   0.09419 -0.03836 -0.35617
   0.10019 -0.03914 -0.35418
   0.10638 -0.03991 -0.35335
   0.11276 -0.04065 -0.35243
   0.11929 -0.04138 -0.35168
   0.12594 -0.04208 -0.35037
   0.13272 -0.04276 -0.34933
   0.13959 -0.04340 -0.34791
   0.14656 -0.04401 -0.34483
   0.15362 -0.04460 -0.34312
   0.16075 -0.04515 -0.33923
   0.16794 -0.04567 -0.33697
   0.17519 -0.04616 -0.33360
   0.18248 -0.04663 -0.33159
   0.18981 -0.04706 -0.32939
   0.19717 -0.04747 -0.32799
   0.20456 -0.04785 -0.32379
   0.21197 -0.04820 -0.32290
   0.21942 -0.04852 -0.31876
   0.22690 -0.04882 -0.31616
   0.23441 -0.04909 -0.31140
   0.24195 -0.04934 -0.30926
   0.24951 -0.04956 -0.30719
   0.25708 -0.04977 -0.30391
   0.26468 -0.04995 -0.30258
   0.27229 -0.05011 -0.29830
   0.27991 -0.05024 -0.29684
   0.28756 -0.05036 -0.29340
   0.29522 -0.05046 -0.29143
   0.30289 -0.05054 -0.28955
   0.31057 -0.05060 -0.28742
   0.31825 -0.05064 -0.28520
   0.32595 -0.05066 -0.28359
   0.33364 -0.05066 -0.28206
   0.34135 -0.05065 -0.28023
   0.34906 -0.05061 -0.27851
   0.35677 -0.05056 -0.27669
   0.36448 -0.05048 -0.27504
   0.37219 -0.05039 -0.27348
   0.37990 -0.05028 -0.27146
   0.38761 -0.05015 -0.27013
   0.39532 -0.05001 -0.26880
   0.40302 -0.04984 -0.26744
   0.41072 -0.04966 -0.26537
   0.41842 -0.04945 -0.26477
   0.42610 -0.04923 -0.26341
   0.43378 -0.04899 -0.26269
   0.44144 -0.04873 -0.26057
   0.44910 -0.04845 -0.26002
   0.45674 -0.04815 -0.25850
   0.46437 -0.04783 -0.25779
   0.47199 -0.04749 -0.25611
   0.47960 -0.04713 -0.25426
   0.48720 -0.04674 -0.25297
   0.49478 -0.04634 -0.25126
   0.50235 -0.04590 -0.24889
   0.50991 -0.04545 -0.24768
   0.51745 -0.04497 -0.24506
   0.52498 -0.04447 -0.24266
   0.53250 -0.04395 -0.24055
   0.54000 -0.04340 -0.23800
   0.54749 -0.04282 -0.23517
   0.55497 -0.04222 -0.23205
   0.56243 -0.04159 -0.22843
   0.56987 -0.04093 -0.22510
   0.57730 -0.04025 -0.22143
   0.58471 -0.03954 -0.21732
   0.59210 -0.03881 -0.21314
   0.59948 -0.03804 -0.20873
   0.60683 -0.03724 -0.20415
   0.61417 -0.03642 -0.19793
   0.62149 -0.03556 -0.19323
   0.62879 -0.03468 -0.18599
   0.63608 -0.03376 -0.18032
   0.64335 -0.03281 -0.17219
   0.65061 -0.03183 -0.16512
   0.65786 -0.03081 -0.15658
   0.66510 -0.02976 -0.14770
   0.67232 -0.02867 -0.13795
   0.67954 -0.02755 -0.12787
   0.68676 -0.02640 -0.11732
   0.69397 -0.02520 -0.10614
   0.70117 -0.02398 -0.09340
   0.70838 -0.02271 -0.08071
   0.71559 -0.02141 -0.06723
   0.72281 -0.02007 -0.05289
   0.73004 -0.01870 -0.03816
   0.73728 -0.01729 -0.02208
   0.74453 -0.01584 -0.00454
   0.75180 -0.01436  0.01177
   0.75910 -0.01284  0.03174
   0.76642 -0.01128  0.04979
   0.77378 -0.00969  0.07156
   0.78118 -0.00807  0.09038
   0.78863 -0.00642  0.11384
   0.79611 -0.00475  0.13466
   0.80361 -0.00306  0.15905
   0.81108 -0.00138  0.18194
   0.81847  0.00029  0.20491
   0.82574  0.00191  0.22865
   0.83289  0.00348  0.25064
   0.83991  0.00499  0.27114
   0.84680  0.00644  0.29082
   0.85358  0.00782  0.31022
   0.86023  0.00913  0.32650
   0.86676  0.01036  0.34507
   0.87316  0.01151  0.35920
   0.87944  0.01258  0.37562
   0.88561  0.01356  0.38744
   0.89167  0.01445  0.39965
   0.89763  0.01526  0.41043
   0.90349  0.01599  0.41998
   0.90927  0.01663  0.42778
   0.91493  0.01718  0.43741
   0.92047  0.01765  0.44329
   0.92588  0.01803  0.45152
   0.93120  0.01832  0.45512
   0.93644  0.01853  0.45595
   0.94160  0.01868  0.45886
   0.94662  0.01876  0.46581
   0.95140  0.01879  0.48117
   0.95595  0.01872  0.49084
   0.96030  0.01853  0.49592
   0.96456  0.01820  0.48099
   0.96881  0.01775  0.45342
   0.97308  0.01723  0.42633
   0.97733  0.01672  0.41413
   0.98147  0.01621  0.42730
   0.98549  0.01562  0.43423
   0.98945  0.01488  0.38899
   0.99342  0.01406  0.32430
   0.99738  0.01325  0.29898
   1.00000  0.01271  0.25418
