GRUMMAN K-2 AIRFOIL                             
 Alfa =  -1.18500 Re =        0.000 Xflap,Yflap =     0.000000    0.000000
#    x        y        Cp  
   1.00000  0.01371  0.25416
   0.99740  0.01444  0.09909
   0.99329  0.01549  0.06130
   0.98889  0.01657  0.04584
   0.98423  0.01772  0.00539
   0.97929  0.01890 -0.02963
   0.97409  0.02011 -0.05565
   0.96867  0.02135 -0.08613
   0.96305  0.02259 -0.11273
   0.95727  0.02381 -0.13444
   0.95131  0.02502 -0.15545
   0.94520  0.02620 -0.17060
   0.93893  0.02735 -0.18374
   0.93253  0.02848 -0.19503
   0.92600  0.02957 -0.20225
   0.91932  0.03065 -0.20841
   0.91254  0.03170 -0.21539
   0.90568  0.03272 -0.22410
   0.89876  0.03372 -0.23157
   0.89181  0.03467 -0.23976
   0.88484  0.03559 -0.24578
   0.87782  0.03647 -0.24847
   0.87073  0.03731 -0.24966
   0.86355  0.03812 -0.25084
   0.85628  0.03891 -0.24962
   0.84891  0.03968 -0.24884
   0.84146  0.04044 -0.24883
   0.83396  0.04117 -0.24882
   0.82645  0.04190 -0.25459
   0.81896  0.04260 -0.25957
   0.81149  0.04327 -0.26321
   0.80402  0.04391 -0.26577
   0.79655  0.04452 -0.26829
   0.78909  0.04510 -0.27049
   0.78162  0.04565 -0.27131
   0.77414  0.04617 -0.27088
   0.76665  0.04666 -0.27133
   0.75914  0.04713 -0.27014
   0.75161  0.04756 -0.26838
   0.74405  0.04798 -0.26668
   0.73646  0.04837 -0.26382
   0.72884  0.04874 -0.26143
   0.72118  0.04909 -0.25861
   0.71350  0.04943 -0.25535
   0.70580  0.04974 -0.25359
   0.69806  0.05004 -0.25061
   0.69030  0.05033 -0.24862
   0.68252  0.05060 -0.24657
   0.67473  0.05086 -0.24484
   0.66693  0.05111 -0.24269
   0.65911  0.05135 -0.24148
   0.65129  0.05157 -0.24006
   0.64347  0.05178 -0.23806
   0.63563  0.05197 -0.23700
   0.62779  0.05216 -0.23553
   0.61994  0.05233 -0.23353
   0.61208  0.05249 -0.23305
   0.60421  0.05264 -0.23059
   0.59633  0.05278 -0.22982
   0.58846  0.05291 -0.22865
   0.58058  0.05303 -0.22808
   0.57270  0.05314 -0.22689
   0.56482  0.05324 -0.22604
   0.55693  0.05333 -0.22501
   0.54904  0.05340 -0.22442
   0.54115  0.05347 -0.22304
   0.53326  0.05353 -0.22276
   0.52537  0.05358 -0.22145
   0.51748  0.05361 -0.22061
   0.50958  0.05364 -0.22037
   0.50169  0.05366 -0.21881
   0.49380  0.05367 -0.21923
   0.48590  0.05367 -0.21761
   0.47801  0.05366 -0.21804
   0.47012  0.05363 -0.21707
   0.46224  0.05360 -0.21639
   0.45437  0.05356 -0.21583
   0.44650  0.05351 -0.21535
   0.43864  0.05345 -0.21431
   0.43079  0.05338 -0.21414
   0.42295  0.05330 -0.21389
   0.41514  0.05321 -0.21358
   0.40737  0.05312 -0.21428
   0.39966  0.05301 -0.21374
   0.39202  0.05289 -0.21500
   0.38445  0.05276 -0.21213
   0.37694  0.05262 -0.20955
   0.36954  0.05249 -0.20861
   0.36229  0.05236 -0.21583
   0.35524  0.05223 -0.22677
   0.34842  0.05207 -0.23606
   0.34179  0.05185 -0.22732
   0.33530  0.05159 -0.20034
   0.32892  0.05132 -0.17360
   0.32258  0.05111 -0.15990
   0.31625  0.05098 -0.17634
   0.30988  0.05089 -0.20583
   0.30343  0.05078 -0.23328
   0.29682  0.05061 -0.23564
   0.29002  0.05037 -0.22323
   0.28299  0.05009 -0.21142
   0.27579  0.04982 -0.21020
   0.26847  0.04954 -0.21434
   0.26108  0.04924 -0.21635
   0.25361  0.04892 -0.21531
   0.24607  0.04858 -0.21543
   0.23850  0.04823 -0.21650
   0.23092  0.04786 -0.21702
   0.22333  0.04747 -0.21791
   0.21574  0.04707 -0.21851
   0.20817  0.04664 -0.22041
   0.20063  0.04620 -0.22100
   0.19311  0.04574 -0.22189
   0.18563  0.04526 -0.22514
   0.17820  0.04475 -0.22497
   0.17081  0.04423 -0.22635
   0.16349  0.04368 -0.22886
   0.15624  0.04311 -0.22904
   0.14907  0.04251 -0.23160
   0.14200  0.04189 -0.23238
   0.13503  0.04125 -0.23351
   0.12818  0.04059 -0.23444
   0.12147  0.03990 -0.23486
   0.11493  0.03919 -0.23505
   0.10856  0.03847 -0.23529
   0.10240  0.03773 -0.23503
   0.09647  0.03699 -0.23620
   0.09078  0.03624 -0.23813
   0.08537  0.03550 -0.23699
   0.08024  0.03476 -0.24248
   0.07540  0.03403 -0.24447
   0.07085  0.03331 -0.24847
   0.06658  0.03261 -0.26142
   0.06257  0.03190 -0.26240
   0.05879  0.03120 -0.27383
   0.05523  0.03050 -0.27827
   0.05189  0.02978 -0.27662
   0.04873  0.02906 -0.27068
   0.04574  0.02833 -0.25995
   0.04291  0.02760 -0.25085
   0.04024  0.02687 -0.23614
   0.03771  0.02615 -0.22427
   0.03531  0.02543 -0.21655
   0.03305  0.02471 -0.19193
   0.03089  0.02399 -0.16198
   0.02884  0.02329 -0.13845
   0.02688  0.02260 -0.12307
   0.02502  0.02195 -0.12149
   0.02326  0.02131 -0.12005
   0.02159  0.02067 -0.11911
   0.02000  0.02005 -0.11345
   0.01849  0.01942 -0.10305
   0.01706  0.01880 -0.08520
   0.01569  0.01817 -0.05893
   0.01439  0.01754 -0.03688
   0.01314  0.01692 -0.01388
   0.01194  0.01630  0.00616
   0.01080  0.01568  0.02491
   0.00971  0.01507  0.04262
   0.00867  0.01445  0.06703
   0.00767  0.01383  0.08356
   0.00672  0.01321  0.10683
   0.00581  0.01258  0.12582
   0.00495  0.01194  0.15526
   0.00414  0.01128  0.17714
   0.00338  0.01061  0.20313
   0.00268  0.00990  0.23470
   0.00207  0.00914  0.34427
   0.00154  0.00835  0.43335
   0.00111  0.00752  0.55213
   0.00078  0.00665  0.68502
   0.00053  0.00577  0.79199
   0.00035  0.00489  0.86929
   0.00022  0.00400  0.92143
   0.00012  0.00312  0.95941
   0.00005  0.00224  0.98206
   0.00001  0.00137  0.99524
  -0.00000  0.00051  0.99998
   0.00001 -0.00034  0.99705
   0.00004 -0.00120  0.98682
   0.00010 -0.00206  0.96897
   0.00020 -0.00292  0.95345
   0.00027 -0.00380  0.91180
   0.00039 -0.00468  0.87959
   0.00054 -0.00556  0.83271
   0.00072 -0.00645  0.77542
   0.00092 -0.00735  0.71173
   0.00115 -0.00824  0.63677
   0.00142 -0.00914  0.54130
   0.00173 -0.01004  0.43530
   0.00207 -0.01094  0.31429
   0.00247 -0.01182  0.14378
   0.00292 -0.01269  0.06337
   0.00342 -0.01356 -0.27318
   0.00402 -0.01437 -0.33666
   0.00470 -0.01514 -0.44464
   0.00546 -0.01587 -0.48159
   0.00629 -0.01657 -0.51246
   0.00717 -0.01724 -0.52549
   0.00811 -0.01789 -0.54239
   0.00910 -0.01851 -0.54224
   0.01015 -0.01912 -0.53966
   0.01125 -0.01971 -0.54081
   0.01240 -0.02029 -0.53441
   0.01361 -0.02086 -0.52942
   0.01488 -0.02142 -0.52286
   0.01621 -0.02198 -0.50911
   0.01761 -0.02253 -0.50200
   0.01908 -0.02307 -0.48704
   0.02063 -0.02362 -0.48267
   0.02226 -0.02417 -0.47048
   0.02397 -0.02472 -0.45603
   0.02579 -0.02528 -0.44926
   0.02770 -0.02584 -0.43939
   0.02973 -0.02641 -0.43209
   0.03189 -0.02700 -0.42482
   0.03419 -0.02759 -0.41887
   0.03663 -0.02820 -0.40860
   0.03924 -0.02882 -0.40247
   0.04203 -0.02945 -0.39213
   0.04502 -0.03011 -0.38587
   0.04822 -0.03078 -0.38044
   0.05165 -0.03148 -0.37745
   0.05533 -0.03220 -0.37335
   0.05925 -0.03293 -0.37060
   0.06344 -0.03368 -0.36617
   0.06789 -0.03445 -0.36442
   0.07262 -0.03522 -0.35992
   0.07761 -0.03600 -0.35874
   0.08288 -0.03679 -0.35567
   0.08842 -0.03758 -0.35268
   0.09419 -0.03836 -0.34990
   0.10019 -0.03914 -0.34812
   0.10638 -0.03991 -0.34748
   0.11276 -0.04065 -0.34673
   0.11929 -0.04138 -0.34616
   0.12594 -0.04208 -0.34501
   0.13272 -0.04276 -0.34413
   0.13959 -0.04340 -0.34286
   0.14656 -0.04401 -0.33993
   0.15362 -0.04460 -0.33836
   0.16075 -0.04515 -0.33459
   0.16794 -0.04567 -0.33245
   0.17519 -0.04616 -0.32921
   0.18248 -0.04663 -0.32731
   0.18981 -0.04706 -0.32522
   0.19717 -0.04747 -0.32392
   0.20456 -0.04785 -0.31982
   0.21197 -0.04820 -0.31902
   0.21942 -0.04852 -0.31498
   0.22690 -0.04882 -0.31246
   0.23441 -0.04909 -0.30779
   0.24195 -0.04934 -0.30573
   0.24951 -0.04956 -0.30373
   0.25708 -0.04977 -0.30053
   0.26468 -0.04995 -0.29927
   0.27229 -0.05011 -0.29506
   0.27991 -0.05024 -0.29367
   0.28756 -0.05036 -0.29029
   0.29522 -0.05046 -0.28839
   0.30289 -0.05054 -0.28656
   0.31057 -0.05060 -0.28449
   0.31825 -0.05064 -0.28233
   0.32595 -0.05066 -0.28078
   0.33364 -0.05066 -0.27930
   0.34135 -0.05065 -0.27752
   0.34906 -0.05061 -0.27585
   0.35677 -0.05056 -0.27407
   0.36448 -0.05048 -0.27248
   0.37219 -0.05039 -0.27096
   0.37990 -0.05028 -0.26898
   0.38761 -0.05015 -0.26769
   0.39532 -0.05001 -0.26641
   0.40302 -0.04984 -0.26509
   0.41072 -0.04966 -0.26306
   0.41842 -0.04945 -0.26250
   0.42610 -0.04923 -0.26118
   0.43378 -0.04899 -0.26049
   0.44144 -0.04873 -0.25841
   0.44910 -0.04845 -0.25791
   0.45674 -0.04815 -0.25641
   0.46437 -0.04783 -0.25574
   0.47199 -0.04749 -0.25409
   0.47960 -0.04713 -0.25228
   0.48720 -0.04674 -0.25102
   0.49478 -0.04634 -0.24934
   0.50235 -0.04590 -0.24701
   0.50991 -0.04545 -0.24584
   0.51745 -0.04497 -0.24324
   0.52498 -0.04447 -0.24087
   0.53250 -0.04395 -0.23880
   0.54000 -0.04340 -0.23628
   0.54749 -0.04282 -0.23348
   0.55497 -0.04222 -0.23039
   0.56243 -0.04159 -0.22680
   0.56987 -0.04093 -0.22350
   0.57730 -0.04025 -0.21986
   0.58471 -0.03954 -0.21579
   0.59210 -0.03881 -0.21163
   0.59948 -0.03804 -0.20726
   0.60683 -0.03724 -0.20270
   0.61417 -0.03642 -0.19651
   0.62149 -0.03556 -0.19184
   0.62879 -0.03468 -0.18464
   0.63608 -0.03376 -0.17899
   0.64335 -0.03281 -0.17090
   0.65061 -0.03183 -0.16386
   0.65786 -0.03081 -0.15535
   0.66510 -0.02976 -0.14649
   0.67232 -0.02867 -0.13678
   0.67954 -0.02755 -0.12673
   0.68676 -0.02640 -0.11621
   0.69397 -0.02520 -0.10507
   0.70117 -0.02398 -0.09236
   0.70838 -0.02271 -0.07970
   0.71559 -0.02141 -0.06625
   0.72281 -0.02007 -0.05194
   0.73004 -0.01870 -0.03724
   0.73728 -0.01729 -0.02119
   0.74453 -0.01584 -0.00370
   0.75180 -0.01436  0.01259
   0.75910 -0.01284  0.03253
   0.76642 -0.01128  0.05054
   0.77378 -0.00969  0.07228
   0.78118 -0.00807  0.09107
   0.78863 -0.00642  0.11450
   0.79611 -0.00475  0.13528
   0.80361 -0.00306  0.15964
   0.81108 -0.00138  0.18250
   0.81847  0.00029  0.20545
   0.82574  0.00191  0.22915
   0.83289  0.00348  0.25112
   0.83991  0.00499  0.27159
   0.84680  0.00644  0.29125
   0.85358  0.00782  0.31063
   0.86023  0.00913  0.32688
   0.86676  0.01036  0.34542
   0.87316  0.01151  0.35956
   0.87944  0.01258  0.37594
   0.88561  0.01356  0.38775
   0.89167  0.01445  0.39995
   0.89763  0.01526  0.41071
   0.90349  0.01599  0.42025
   0.90927  0.01663  0.42804
   0.91493  0.01718  0.43764
   0.92047  0.01765  0.44353
   0.92588  0.01803  0.45174
   0.93120  0.01832  0.45534
   0.93644  0.01853  0.45615
   0.94160  0.01868  0.45905
   0.94662  0.01876  0.46601
   0.95140  0.01879  0.48134
   0.95595  0.01872  0.49101
   0.96030  0.01853  0.49607
   0.96456  0.01820  0.48114
   0.96881  0.01775  0.45358
   0.97308  0.01723  0.42648
   0.97733  0.01672  0.41428
   0.98147  0.01621  0.42742
   0.98549  0.01562  0.43434
   0.98945  0.01488  0.38911
   0.99342  0.01406  0.32441
   0.99738  0.01325  0.29907
   1.00000  0.01271  0.25416
