GRUMMAN K-2 AIRFOIL                             
 Alfa =  -1.12700 Re =        0.000 Xflap,Yflap =     0.000000    0.000000
#    x        y        Cp  
   1.00000  0.01371  0.25413
   0.99740  0.01444  0.09902
   0.99329  0.01549  0.06120
   0.98889  0.01657  0.04568
   0.98423  0.01772  0.00516
   0.97929  0.01890 -0.02989
   0.97409  0.02011 -0.05595
   0.96867  0.02135 -0.08649
   0.96305  0.02259 -0.11312
   0.95727  0.02381 -0.13487
   0.95131  0.02502 -0.15594
   0.94520  0.02620 -0.17113
   0.93893  0.02735 -0.18431
   0.93253  0.02848 -0.19564
   0.92600  0.02957 -0.20289
   0.91932  0.03065 -0.20910
   0.91254  0.03170 -0.21610
   0.90568  0.03272 -0.22487
   0.89876  0.03372 -0.23236
   0.89181  0.03467 -0.24059
   0.88484  0.03559 -0.24666
   0.87782  0.03647 -0.24937
   0.87073  0.03731 -0.25059
   0.86355  0.03812 -0.25181
   0.85628  0.03891 -0.25061
   0.84891  0.03968 -0.24988
   0.84146  0.04044 -0.24988
   0.83396  0.04117 -0.24992
   0.82645  0.04190 -0.25571
   0.81896  0.04260 -0.26074
   0.81149  0.04327 -0.26441
   0.80402  0.04391 -0.26699
   0.79655  0.04452 -0.26956
   0.78909  0.04510 -0.27176
   0.78162  0.04565 -0.27265
   0.77414  0.04617 -0.27223
   0.76665  0.04666 -0.27273
   0.75914  0.04713 -0.27155
   0.75161  0.04756 -0.26982
   0.74405  0.04798 -0.26814
   0.73646  0.04837 -0.26533
   0.72884  0.04874 -0.26295
   0.72118  0.04909 -0.26016
   0.71350  0.04943 -0.25693
   0.70580  0.04974 -0.25520
   0.69806  0.05004 -0.25223
   0.69030  0.05033 -0.25029
   0.68252  0.05060 -0.24825
   0.67473  0.05086 -0.24657
   0.66693  0.05111 -0.24443
   0.65911  0.05135 -0.24325
   0.65129  0.05157 -0.24187
   0.64347  0.05178 -0.23989
   0.63563  0.05197 -0.23886
   0.62779  0.05216 -0.23743
   0.61994  0.05233 -0.23546
   0.61208  0.05249 -0.23500
   0.60421  0.05264 -0.23257
   0.59633  0.05278 -0.23184
   0.58846  0.05291 -0.23070
   0.58058  0.05303 -0.23016
   0.57270  0.05314 -0.22900
   0.56482  0.05324 -0.22818
   0.55693  0.05333 -0.22719
   0.54904  0.05340 -0.22663
   0.54115  0.05347 -0.22529
   0.53326  0.05353 -0.22504
   0.52537  0.05358 -0.22377
   0.51748  0.05361 -0.22297
   0.50958  0.05364 -0.22276
   0.50169  0.05366 -0.22123
   0.49380  0.05367 -0.22170
   0.48590  0.05367 -0.22011
   0.47801  0.05366 -0.22058
   0.47012  0.05363 -0.21965
   0.46224  0.05360 -0.21901
   0.45437  0.05356 -0.21849
   0.44650  0.05351 -0.21805
   0.43864  0.05345 -0.21704
   0.43079  0.05338 -0.21693
   0.42295  0.05330 -0.21671
   0.41514  0.05321 -0.21646
   0.40737  0.05312 -0.21720
   0.39966  0.05301 -0.21671
   0.39202  0.05289 -0.21802
   0.38445  0.05276 -0.21519
   0.37694  0.05262 -0.21265
   0.36954  0.05249 -0.21175
   0.36229  0.05236 -0.21904
   0.35524  0.05223 -0.23007
   0.34842  0.05207 -0.23942
   0.34179  0.05185 -0.23072
   0.33530  0.05159 -0.20371
   0.32892  0.05132 -0.17693
   0.32258  0.05111 -0.16325
   0.31625  0.05098 -0.17978
   0.30988  0.05089 -0.20940
   0.30343  0.05078 -0.23700
   0.29682  0.05061 -0.23942
   0.29002  0.05037 -0.22704
   0.28299  0.05009 -0.21526
   0.27579  0.04982 -0.21410
   0.26847  0.04954 -0.21833
   0.26108  0.04924 -0.22042
   0.25361  0.04892 -0.21945
   0.24607  0.04858 -0.21965
   0.23850  0.04823 -0.22081
   0.23092  0.04786 -0.22143
   0.22333  0.04747 -0.22241
   0.21574  0.04707 -0.22312
   0.20817  0.04664 -0.22513
   0.20063  0.04620 -0.22583
   0.19311  0.04574 -0.22684
   0.18563  0.04526 -0.23023
   0.17820  0.04475 -0.23017
   0.17081  0.04423 -0.23170
   0.16349  0.04368 -0.23436
   0.15624  0.04311 -0.23468
   0.14907  0.04251 -0.23741
   0.14200  0.04189 -0.23836
   0.13503  0.04125 -0.23968
   0.12818  0.04059 -0.24079
   0.12147  0.03990 -0.24141
   0.11493  0.03919 -0.24181
   0.10856  0.03847 -0.24226
   0.10240  0.03773 -0.24223
   0.09647  0.03699 -0.24364
   0.09078  0.03624 -0.24583
   0.08537  0.03550 -0.24495
   0.08024  0.03476 -0.25073
   0.07540  0.03403 -0.25302
   0.07085  0.03331 -0.25732
   0.06658  0.03261 -0.27067
   0.06257  0.03190 -0.27196
   0.05879  0.03120 -0.28380
   0.05523  0.03050 -0.28860
   0.05189  0.02978 -0.28728
   0.04873  0.02906 -0.28165
   0.04574  0.02833 -0.27120
   0.04291  0.02760 -0.26239
   0.04024  0.02687 -0.24792
   0.03771  0.02615 -0.23633
   0.03531  0.02543 -0.22895
   0.03305  0.02471 -0.20449
   0.03089  0.02399 -0.17465
   0.02884  0.02329 -0.15129
   0.02688  0.02260 -0.13619
   0.02502  0.02195 -0.13505
   0.02326  0.02131 -0.13408
   0.02159  0.02067 -0.13364
   0.02000  0.02005 -0.12845
   0.01849  0.01942 -0.11848
   0.01706  0.01880 -0.10097
   0.01569  0.01817 -0.07496
   0.01439  0.01754 -0.05320
   0.01314  0.01692 -0.03053
   0.01194  0.01630 -0.01090
   0.01080  0.01568  0.00739
   0.00971  0.01507  0.02461
   0.00867  0.01445  0.04854
   0.00767  0.01383  0.06447
   0.00672  0.01321  0.08710
   0.00581  0.01258  0.10533
   0.00495  0.01194  0.13407
   0.00414  0.01128  0.15500
   0.00338  0.01061  0.17984
   0.00268  0.00990  0.21023
   0.00207  0.00914  0.32094
   0.00154  0.00835  0.41071
   0.00111  0.00752  0.53160
   0.00078  0.00665  0.66818
   0.00053  0.00577  0.77874
   0.00035  0.00489  0.85910
   0.00022  0.00400  0.91370
   0.00012  0.00312  0.95393
   0.00005  0.00224  0.97843
   0.00001  0.00137  0.99333
  -0.00000  0.00051  0.99970
   0.00001 -0.00034  0.99825
   0.00004 -0.00120  0.98951
   0.00010 -0.00206  0.97325
   0.00020 -0.00292  0.95831
   0.00027 -0.00380  0.91917
   0.00039 -0.00468  0.88792
   0.00054 -0.00556  0.84260
   0.00072 -0.00645  0.78695
   0.00092 -0.00735  0.72486
   0.00115 -0.00824  0.65160
   0.00142 -0.00914  0.55815
   0.00173 -0.01004  0.45421
   0.00207 -0.01094  0.33529
   0.00247 -0.01182  0.16786
   0.00292 -0.01269  0.08781
   0.00342 -0.01356 -0.24237
   0.00402 -0.01437 -0.30665
   0.00470 -0.01514 -0.41419
   0.00546 -0.01587 -0.45227
   0.00629 -0.01657 -0.48414
   0.00717 -0.01724 -0.49841
   0.00811 -0.01789 -0.51632
   0.00910 -0.01851 -0.51732
   0.01015 -0.01912 -0.51585
   0.01125 -0.01971 -0.51796
   0.01240 -0.02029 -0.51252
   0.01361 -0.02086 -0.50843
   0.01488 -0.02142 -0.50271
   0.01621 -0.02198 -0.48983
   0.01761 -0.02253 -0.48349
   0.01908 -0.02307 -0.46928
   0.02063 -0.02362 -0.46556
   0.02226 -0.02417 -0.45404
   0.02397 -0.02472 -0.44025
   0.02579 -0.02528 -0.43406
   0.02770 -0.02584 -0.42474
   0.02973 -0.02641 -0.41796
   0.03189 -0.02700 -0.41119
   0.03419 -0.02759 -0.40572
   0.03663 -0.02820 -0.39593
   0.03924 -0.02882 -0.39025
   0.04203 -0.02945 -0.38037
   0.04502 -0.03011 -0.37453
   0.04822 -0.03078 -0.36949
   0.05165 -0.03148 -0.36687
   0.05533 -0.03220 -0.36314
   0.05925 -0.03293 -0.36074
   0.06344 -0.03368 -0.35665
   0.06789 -0.03445 -0.35523
   0.07262 -0.03522 -0.35106
   0.07761 -0.03600 -0.35017
   0.08288 -0.03679 -0.34740
   0.08842 -0.03758 -0.34469
   0.09419 -0.03836 -0.34219
   0.10019 -0.03914 -0.34065
   0.10638 -0.03991 -0.34025
   0.11276 -0.04065 -0.33972
   0.11929 -0.04138 -0.33936
   0.12594 -0.04208 -0.33842
   0.13272 -0.04276 -0.33772
   0.13959 -0.04340 -0.33664
   0.14656 -0.04401 -0.33388
   0.15362 -0.04460 -0.33248
   0.16075 -0.04515 -0.32888
   0.16794 -0.04567 -0.32690
   0.17519 -0.04616 -0.32380
   0.18248 -0.04663 -0.32204
   0.18981 -0.04706 -0.32008
   0.19717 -0.04747 -0.31891
   0.20456 -0.04785 -0.31492
   0.21197 -0.04820 -0.31424
   0.21942 -0.04852 -0.31031
   0.22690 -0.04882 -0.30790
   0.23441 -0.04909 -0.30334
   0.24195 -0.04934 -0.30138
   0.24951 -0.04956 -0.29947
   0.25708 -0.04977 -0.29636
   0.26468 -0.04995 -0.29519
   0.27229 -0.05011 -0.29107
   0.27991 -0.05024 -0.28976
   0.28756 -0.05036 -0.28645
   0.29522 -0.05046 -0.28463
   0.30289 -0.05054 -0.28288
   0.31057 -0.05060 -0.28089
   0.31825 -0.05064 -0.27878
   0.32595 -0.05066 -0.27730
   0.33364 -0.05066 -0.27589
   0.34135 -0.05065 -0.27417
   0.34906 -0.05061 -0.27256
   0.35677 -0.05056 -0.27085
   0.36448 -0.05048 -0.26931
   0.37219 -0.05039 -0.26784
   0.37990 -0.05028 -0.26593
   0.38761 -0.05015 -0.26468
   0.39532 -0.05001 -0.26346
   0.40302 -0.04984 -0.26219
   0.41072 -0.04966 -0.26021
   0.41842 -0.04945 -0.25970
   0.42610 -0.04923 -0.25843
   0.43378 -0.04899 -0.25778
   0.44144 -0.04873 -0.25574
   0.44910 -0.04845 -0.25529
   0.45674 -0.04815 -0.25384
   0.46437 -0.04783 -0.25321
   0.47199 -0.04749 -0.25160
   0.47960 -0.04713 -0.24983
   0.48720 -0.04674 -0.24862
   0.49478 -0.04634 -0.24698
   0.50235 -0.04590 -0.24468
   0.50991 -0.04545 -0.24356
   0.51745 -0.04497 -0.24099
   0.52498 -0.04447 -0.23867
   0.53250 -0.04395 -0.23663
   0.54000 -0.04340 -0.23415
   0.54749 -0.04282 -0.23139
   0.55497 -0.04222 -0.22834
   0.56243 -0.04159 -0.22480
   0.56987 -0.04093 -0.22153
   0.57730 -0.04025 -0.21792
   0.58471 -0.03954 -0.21389
   0.59210 -0.03881 -0.20977
   0.59948 -0.03804 -0.20544
   0.60683 -0.03724 -0.20091
   0.61417 -0.03642 -0.19476
   0.62149 -0.03556 -0.19013
   0.62879 -0.03468 -0.18297
   0.63608 -0.03376 -0.17736
   0.64335 -0.03281 -0.16929
   0.65061 -0.03183 -0.16231
   0.65786 -0.03081 -0.15383
   0.66510 -0.02976 -0.14501
   0.67232 -0.02867 -0.13534
   0.67954 -0.02755 -0.12533
   0.68676 -0.02640 -0.11483
   0.69397 -0.02520 -0.10374
   0.70117 -0.02398 -0.09106
   0.70838 -0.02271 -0.07845
   0.71559 -0.02141 -0.06505
   0.72281 -0.02007 -0.05076
   0.73004 -0.01870 -0.03610
   0.73728 -0.01729 -0.02010
   0.74453 -0.01584 -0.00266
   0.75180 -0.01436  0.01361
   0.75910 -0.01284  0.03351
   0.76642 -0.01128  0.05146
   0.77378 -0.00969  0.07317
   0.78118 -0.00807  0.09192
   0.78863 -0.00642  0.11531
   0.79611 -0.00475  0.13605
   0.80361 -0.00306  0.16037
   0.81108 -0.00138  0.18319
   0.81847  0.00029  0.20611
   0.82574  0.00191  0.22977
   0.83289  0.00348  0.25171
   0.83991  0.00499  0.27215
   0.84680  0.00644  0.29177
   0.85358  0.00782  0.31113
   0.86023  0.00913  0.32736
   0.86676  0.01036  0.34587
   0.87316  0.01151  0.36000
   0.87944  0.01258  0.37634
   0.88561  0.01356  0.38813
   0.89167  0.01445  0.40032
   0.89763  0.01526  0.41105
   0.90349  0.01599  0.42059
   0.90927  0.01663  0.42836
   0.91493  0.01718  0.43794
   0.92047  0.01765  0.44384
   0.92588  0.01803  0.45201
   0.93120  0.01832  0.45561
   0.93644  0.01853  0.45640
   0.94160  0.01868  0.45929
   0.94662  0.01876  0.46625
   0.95140  0.01879  0.48155
   0.95595  0.01872  0.49122
   0.96030  0.01853  0.49627
   0.96456  0.01820  0.48132
   0.96881  0.01775  0.45378
   0.97308  0.01723  0.42667
   0.97733  0.01672  0.41446
   0.98147  0.01621  0.42758
   0.98549  0.01562  0.43448
   0.98945  0.01488  0.38925
   0.99342  0.01406  0.32455
   0.99738  0.01325  0.29919
   1.00000  0.01271  0.25413
