GRUMMAN K-2 AIRFOIL                             
 Alfa =  -1.05800 Re =        0.000 Xflap,Yflap =     0.000000    0.000000
#    x        y        Cp  
   1.00000  0.01371  0.25410
   0.99740  0.01444  0.09894
   0.99329  0.01549  0.06108
   0.98889  0.01657  0.04548
   0.98423  0.01772  0.00489
   0.97929  0.01890 -0.03020
   0.97409  0.02011 -0.05630
   0.96867  0.02135 -0.08691
   0.96305  0.02259 -0.11359
   0.95727  0.02381 -0.13538
   0.95131  0.02502 -0.15651
   0.94520  0.02620 -0.17176
   0.93893  0.02735 -0.18499
   0.93253  0.02848 -0.19637
   0.92600  0.02957 -0.20364
   0.91932  0.03065 -0.20992
   0.91254  0.03170 -0.21694
   0.90568  0.03272 -0.22579
   0.89876  0.03372 -0.23329
   0.89181  0.03467 -0.24159
   0.88484  0.03559 -0.24769
   0.87782  0.03647 -0.25043
   0.87073  0.03731 -0.25170
   0.86355  0.03812 -0.25296
   0.85628  0.03891 -0.25178
   0.84891  0.03968 -0.25111
   0.84146  0.04044 -0.25114
   0.83396  0.04117 -0.25122
   0.82645  0.04190 -0.25704
   0.81896  0.04260 -0.26212
   0.81149  0.04327 -0.26583
   0.80402  0.04391 -0.26844
   0.79655  0.04452 -0.27107
   0.78909  0.04510 -0.27328
   0.78162  0.04565 -0.27423
   0.77414  0.04617 -0.27384
   0.76665  0.04666 -0.27439
   0.75914  0.04713 -0.27323
   0.75161  0.04756 -0.27154
   0.74405  0.04798 -0.26987
   0.73646  0.04837 -0.26712
   0.72884  0.04874 -0.26476
   0.72118  0.04909 -0.26201
   0.71350  0.04943 -0.25882
   0.70580  0.04974 -0.25711
   0.69806  0.05004 -0.25415
   0.69030  0.05033 -0.25228
   0.68252  0.05060 -0.25024
   0.67473  0.05086 -0.24862
   0.66693  0.05111 -0.24651
   0.65911  0.05135 -0.24535
   0.65129  0.05157 -0.24402
   0.64347  0.05178 -0.24207
   0.63563  0.05197 -0.24107
   0.62779  0.05216 -0.23968
   0.61994  0.05233 -0.23776
   0.61208  0.05249 -0.23732
   0.60421  0.05264 -0.23493
   0.59633  0.05278 -0.23424
   0.58846  0.05291 -0.23314
   0.58058  0.05303 -0.23264
   0.57270  0.05314 -0.23152
   0.56482  0.05324 -0.23073
   0.55693  0.05333 -0.22978
   0.54904  0.05340 -0.22926
   0.54115  0.05347 -0.22796
   0.53326  0.05353 -0.22775
   0.52537  0.05358 -0.22652
   0.51748  0.05361 -0.22577
   0.50958  0.05364 -0.22559
   0.50169  0.05366 -0.22412
   0.49380  0.05367 -0.22462
   0.48590  0.05367 -0.22308
   0.47801  0.05366 -0.22360
   0.47012  0.05363 -0.22271
   0.46224  0.05360 -0.22213
   0.45437  0.05356 -0.22165
   0.44650  0.05351 -0.22126
   0.43864  0.05345 -0.22030
   0.43079  0.05338 -0.22025
   0.42295  0.05330 -0.22007
   0.41514  0.05321 -0.21987
   0.40737  0.05312 -0.22067
   0.39966  0.05301 -0.22025
   0.39202  0.05289 -0.22160
   0.38445  0.05276 -0.21884
   0.37694  0.05262 -0.21633
   0.36954  0.05249 -0.21550
   0.36229  0.05236 -0.22287
   0.35524  0.05223 -0.23399
   0.34842  0.05207 -0.24342
   0.34179  0.05185 -0.23476
   0.33530  0.05159 -0.20772
   0.32892  0.05132 -0.18091
   0.32258  0.05111 -0.16723
   0.31625  0.05098 -0.18388
   0.30988  0.05089 -0.21367
   0.30343  0.05078 -0.24143
   0.29682  0.05061 -0.24392
   0.29002  0.05037 -0.23157
   0.28299  0.05009 -0.21982
   0.27579  0.04982 -0.21875
   0.26847  0.04954 -0.22307
   0.26108  0.04924 -0.22526
   0.25361  0.04892 -0.22439
   0.24607  0.04858 -0.22469
   0.23850  0.04823 -0.22595
   0.23092  0.04786 -0.22669
   0.22333  0.04747 -0.22778
   0.21574  0.04707 -0.22861
   0.20817  0.04664 -0.23076
   0.20063  0.04620 -0.23158
   0.19311  0.04574 -0.23273
   0.18563  0.04526 -0.23629
   0.17820  0.04475 -0.23638
   0.17081  0.04423 -0.23807
   0.16349  0.04368 -0.24092
   0.15624  0.04311 -0.24142
   0.14907  0.04251 -0.24435
   0.14200  0.04189 -0.24550
   0.13503  0.04125 -0.24703
   0.12818  0.04059 -0.24837
   0.12147  0.03990 -0.24922
   0.11493  0.03919 -0.24986
   0.10856  0.03847 -0.25058
   0.10240  0.03773 -0.25082
   0.09647  0.03699 -0.25252
   0.09078  0.03624 -0.25501
   0.08537  0.03550 -0.25444
   0.08024  0.03476 -0.26057
   0.07540  0.03403 -0.26322
   0.07085  0.03331 -0.26790
   0.06658  0.03261 -0.28171
   0.06257  0.03190 -0.28337
   0.05879  0.03120 -0.29571
   0.05523  0.03050 -0.30094
   0.05189  0.02978 -0.30002
   0.04873  0.02906 -0.29476
   0.04574  0.02833 -0.28463
   0.04291  0.02760 -0.27618
   0.04024  0.02687 -0.26201
   0.03771  0.02615 -0.25076
   0.03531  0.02543 -0.24378
   0.03305  0.02471 -0.21952
   0.03089  0.02399 -0.18982
   0.02884  0.02329 -0.16665
   0.02688  0.02260 -0.15189
   0.02502  0.02195 -0.15128
   0.02326  0.02131 -0.15088
   0.02159  0.02067 -0.15104
   0.02000  0.02005 -0.14641
   0.01849  0.01942 -0.13698
   0.01706  0.01880 -0.11988
   0.01569  0.01817 -0.09418
   0.01439  0.01754 -0.07278
   0.01314  0.01692 -0.05052
   0.01194  0.01630 -0.03139
   0.01080  0.01568 -0.01365
   0.00971  0.01507  0.00297
   0.00867  0.01445  0.02632
   0.00767  0.01383  0.04150
   0.00672  0.01321  0.06335
   0.00581  0.01258  0.08065
   0.00495  0.01194  0.10852
   0.00414  0.01128  0.12828
   0.00338  0.01061  0.15169
   0.00268  0.00990  0.18062
   0.00207  0.00914  0.29267
   0.00154  0.00835  0.38320
   0.00111  0.00752  0.50658
   0.00078  0.00665  0.64758
   0.00053  0.00577  0.76244
   0.00035  0.00489  0.84649
   0.00022  0.00400  0.90404
   0.00012  0.00312  0.94696
   0.00005  0.00224  0.97368
   0.00001  0.00137  0.99063
  -0.00000  0.00051  0.99895
   0.00001 -0.00034  0.99927
   0.00004 -0.00120  0.99232
   0.00010 -0.00206  0.97793
   0.00020 -0.00292  0.96374
   0.00027 -0.00380  0.92752
   0.00039 -0.00468  0.89743
   0.00054 -0.00556  0.85397
   0.00072 -0.00645  0.80027
   0.00092 -0.00735  0.74008
   0.00115 -0.00824  0.66884
   0.00142 -0.00914  0.57777
   0.00173 -0.01004  0.47630
   0.00207 -0.01094  0.35985
   0.00247 -0.01182  0.19606
   0.00292 -0.01269  0.11647
   0.00342 -0.01356 -0.20621
   0.00402 -0.01437 -0.27140
   0.00470 -0.01514 -0.37838
   0.00546 -0.01587 -0.41776
   0.00629 -0.01657 -0.45081
   0.00717 -0.01724 -0.46650
   0.00811 -0.01789 -0.48560
   0.00910 -0.01851 -0.48794
   0.01015 -0.01912 -0.48777
   0.01125 -0.01971 -0.49101
   0.01240 -0.02029 -0.48668
   0.01361 -0.02086 -0.48363
   0.01488 -0.02142 -0.47892
   0.01621 -0.02198 -0.46706
   0.01761 -0.02253 -0.46161
   0.01908 -0.02307 -0.44829
   0.02063 -0.02362 -0.44534
   0.02226 -0.02417 -0.43460
   0.02397 -0.02472 -0.42158
   0.02579 -0.02528 -0.41607
   0.02770 -0.02584 -0.40741
   0.02973 -0.02641 -0.40124
   0.03189 -0.02700 -0.39506
   0.03419 -0.02759 -0.39014
   0.03663 -0.02820 -0.38093
   0.03924 -0.02882 -0.37578
   0.04203 -0.02945 -0.36643
   0.04502 -0.03011 -0.36109
   0.04822 -0.03078 -0.35652
   0.05165 -0.03148 -0.35433
   0.05533 -0.03220 -0.35103
   0.05925 -0.03293 -0.34905
   0.06344 -0.03368 -0.34537
   0.06789 -0.03445 -0.34433
   0.07262 -0.03522 -0.34054
   0.07761 -0.03600 -0.34001
   0.08288 -0.03679 -0.33758
   0.08842 -0.03758 -0.33521
   0.09419 -0.03836 -0.33303
   0.10019 -0.03914 -0.33179
   0.10638 -0.03991 -0.33166
   0.11276 -0.04065 -0.33140
   0.11929 -0.04138 -0.33129
   0.12594 -0.04208 -0.33059
   0.13272 -0.04276 -0.33012
   0.13959 -0.04340 -0.32925
   0.14656 -0.04401 -0.32671
   0.15362 -0.04460 -0.32551
   0.16075 -0.04515 -0.32210
   0.16794 -0.04567 -0.32029
   0.17519 -0.04616 -0.31738
   0.18248 -0.04663 -0.31578
   0.18981 -0.04706 -0.31396
   0.19717 -0.04747 -0.31295
   0.20456 -0.04785 -0.30911
   0.21197 -0.04820 -0.30855
   0.21942 -0.04852 -0.30476
   0.22690 -0.04882 -0.30248
   0.23441 -0.04909 -0.29805
   0.24195 -0.04934 -0.29621
   0.24951 -0.04956 -0.29441
   0.25708 -0.04977 -0.29141
   0.26468 -0.04995 -0.29034
   0.27229 -0.05011 -0.28632
   0.27991 -0.05024 -0.28511
   0.28756 -0.05036 -0.28190
   0.29522 -0.05046 -0.28017
   0.30289 -0.05054 -0.27850
   0.31057 -0.05060 -0.27660
   0.31825 -0.05064 -0.27457
   0.32595 -0.05066 -0.27318
   0.33364 -0.05066 -0.27183
   0.34135 -0.05065 -0.27020
   0.34906 -0.05061 -0.26865
   0.35677 -0.05056 -0.26701
   0.36448 -0.05048 -0.26555
   0.37219 -0.05039 -0.26413
   0.37990 -0.05028 -0.26231
   0.38761 -0.05015 -0.26111
   0.39532 -0.05001 -0.25996
   0.40302 -0.04984 -0.25874
   0.41072 -0.04966 -0.25681
   0.41842 -0.04945 -0.25637
   0.42610 -0.04923 -0.25516
   0.43378 -0.04899 -0.25456
   0.44144 -0.04873 -0.25257
   0.44910 -0.04845 -0.25219
   0.45674 -0.04815 -0.25078
   0.46437 -0.04783 -0.25021
   0.47199 -0.04749 -0.24864
   0.47960 -0.04713 -0.24692
   0.48720 -0.04674 -0.24576
   0.49478 -0.04634 -0.24417
   0.50235 -0.04590 -0.24192
   0.50991 -0.04545 -0.24085
   0.51745 -0.04497 -0.23831
   0.52498 -0.04447 -0.23606
   0.53250 -0.04395 -0.23406
   0.54000 -0.04340 -0.23163
   0.54749 -0.04282 -0.22891
   0.55497 -0.04222 -0.22590
   0.56243 -0.04159 -0.22241
   0.56987 -0.04093 -0.21918
   0.57730 -0.04025 -0.21562
   0.58471 -0.03954 -0.21164
   0.59210 -0.03881 -0.20755
   0.59948 -0.03804 -0.20327
   0.60683 -0.03724 -0.19878
   0.61417 -0.03642 -0.19268
   0.62149 -0.03556 -0.18810
   0.62879 -0.03468 -0.18098
   0.63608 -0.03376 -0.17541
   0.64335 -0.03281 -0.16739
   0.65061 -0.03183 -0.16045
   0.65786 -0.03081 -0.15201
   0.66510 -0.02976 -0.14324
   0.67232 -0.02867 -0.13363
   0.67954 -0.02755 -0.12366
   0.68676 -0.02640 -0.11319
   0.69397 -0.02520 -0.10215
   0.70117 -0.02398 -0.08953
   0.70838 -0.02271 -0.07697
   0.71559 -0.02141 -0.06361
   0.72281 -0.02007 -0.04936
   0.73004 -0.01870 -0.03474
   0.73728 -0.01729 -0.01880
   0.74453 -0.01584 -0.00142
   0.75180 -0.01436  0.01483
   0.75910 -0.01284  0.03467
   0.76642 -0.01128  0.05256
   0.77378 -0.00969  0.07422
   0.78118 -0.00807  0.09294
   0.78863 -0.00642  0.11628
   0.79611 -0.00475  0.13697
   0.80361 -0.00306  0.16124
   0.81108 -0.00138  0.18401
   0.81847  0.00029  0.20690
   0.82574  0.00191  0.23051
   0.83289  0.00348  0.25241
   0.83991  0.00499  0.27281
   0.84680  0.00644  0.29240
   0.85358  0.00782  0.31174
   0.86023  0.00913  0.32792
   0.86676  0.01036  0.34639
   0.87316  0.01151  0.36053
   0.87944  0.01258  0.37682
   0.88561  0.01356  0.38859
   0.89167  0.01445  0.40076
   0.89763  0.01526  0.41146
   0.90349  0.01599  0.42100
   0.90927  0.01663  0.42874
   0.91493  0.01718  0.43829
   0.92047  0.01765  0.44420
   0.92588  0.01803  0.45233
   0.93120  0.01832  0.45593
   0.93644  0.01853  0.45670
   0.94160  0.01868  0.45958
   0.94662  0.01876  0.46655
   0.95140  0.01879  0.48180
   0.95595  0.01872  0.49147
   0.96030  0.01853  0.49650
   0.96456  0.01820  0.48154
   0.96881  0.01775  0.45401
   0.97308  0.01723  0.42689
   0.97733  0.01672  0.41468
   0.98147  0.01621  0.42777
   0.98549  0.01562  0.43464
   0.98945  0.01488  0.38942
   0.99342  0.01406  0.32472
   0.99738  0.01325  0.29933
   1.00000  0.01271  0.25410
