GRUMMAN K-2 AIRFOIL                             
 Alfa =  -1.06400 Re =        0.000 Xflap,Yflap =     0.000000    0.000000
#    x        y        Cp  
   1.00000  0.01371  0.25411
   0.99740  0.01444  0.09894
   0.99329  0.01549  0.06109
   0.98889  0.01657  0.04549
   0.98423  0.01772  0.00491
   0.97929  0.01890 -0.03018
   0.97409  0.02011 -0.05627
   0.96867  0.02135 -0.08688
   0.96305  0.02259 -0.11355
   0.95727  0.02381 -0.13533
   0.95131  0.02502 -0.15646
   0.94520  0.02620 -0.17170
   0.93893  0.02735 -0.18493
   0.93253  0.02848 -0.19631
   0.92600  0.02957 -0.20358
   0.91932  0.03065 -0.20985
   0.91254  0.03170 -0.21687
   0.90568  0.03272 -0.22571
   0.89876  0.03372 -0.23321
   0.89181  0.03467 -0.24150
   0.88484  0.03559 -0.24760
   0.87782  0.03647 -0.25034
   0.87073  0.03731 -0.25161
   0.86355  0.03812 -0.25286
   0.85628  0.03891 -0.25167
   0.84891  0.03968 -0.25101
   0.84146  0.04044 -0.25103
   0.83396  0.04117 -0.25111
   0.82645  0.04190 -0.25692
   0.81896  0.04260 -0.26200
   0.81149  0.04327 -0.26571
   0.80402  0.04391 -0.26832
   0.79655  0.04452 -0.27094
   0.78909  0.04510 -0.27314
   0.78162  0.04565 -0.27410
   0.77414  0.04617 -0.27370
   0.76665  0.04666 -0.27425
   0.75914  0.04713 -0.27309
   0.75161  0.04756 -0.27139
   0.74405  0.04798 -0.26972
   0.73646  0.04837 -0.26696
   0.72884  0.04874 -0.26461
   0.72118  0.04909 -0.26184
   0.71350  0.04943 -0.25865
   0.70580  0.04974 -0.25695
   0.69806  0.05004 -0.25399
   0.69030  0.05033 -0.25210
   0.68252  0.05060 -0.25007
   0.67473  0.05086 -0.24844
   0.66693  0.05111 -0.24633
   0.65911  0.05135 -0.24517
   0.65129  0.05157 -0.24384
   0.64347  0.05178 -0.24188
   0.63563  0.05197 -0.24088
   0.62779  0.05216 -0.23949
   0.61994  0.05233 -0.23756
   0.61208  0.05249 -0.23711
   0.60421  0.05264 -0.23473
   0.59633  0.05278 -0.23403
   0.58846  0.05291 -0.23292
   0.58058  0.05303 -0.23242
   0.57270  0.05314 -0.23130
   0.56482  0.05324 -0.23051
   0.55693  0.05333 -0.22955
   0.54904  0.05340 -0.22903
   0.54115  0.05347 -0.22773
   0.53326  0.05353 -0.22752
   0.52537  0.05358 -0.22628
   0.51748  0.05361 -0.22553
   0.50958  0.05364 -0.22535
   0.50169  0.05366 -0.22387
   0.49380  0.05367 -0.22437
   0.48590  0.05367 -0.22282
   0.47801  0.05366 -0.22334
   0.47012  0.05363 -0.22244
   0.46224  0.05360 -0.22186
   0.45437  0.05356 -0.22138
   0.44650  0.05351 -0.22098
   0.43864  0.05345 -0.22001
   0.43079  0.05338 -0.21996
   0.42295  0.05330 -0.21978
   0.41514  0.05321 -0.21957
   0.40737  0.05312 -0.22037
   0.39966  0.05301 -0.21994
   0.39202  0.05289 -0.22129
   0.38445  0.05276 -0.21852
   0.37694  0.05262 -0.21601
   0.36954  0.05249 -0.21517
   0.36229  0.05236 -0.22253
   0.35524  0.05223 -0.23365
   0.34842  0.05207 -0.24307
   0.34179  0.05185 -0.23441
   0.33530  0.05159 -0.20737
   0.32892  0.05132 -0.18056
   0.32258  0.05111 -0.16689
   0.31625  0.05098 -0.18352
   0.30988  0.05089 -0.21329
   0.30343  0.05078 -0.24105
   0.29682  0.05061 -0.24353
   0.29002  0.05037 -0.23118
   0.28299  0.05009 -0.21943
   0.27579  0.04982 -0.21834
   0.26847  0.04954 -0.22266
   0.26108  0.04924 -0.22483
   0.25361  0.04892 -0.22396
   0.24607  0.04858 -0.22425
   0.23850  0.04823 -0.22550
   0.23092  0.04786 -0.22623
   0.22333  0.04747 -0.22732
   0.21574  0.04707 -0.22813
   0.20817  0.04664 -0.23027
   0.20063  0.04620 -0.23108
   0.19311  0.04574 -0.23222
   0.18563  0.04526 -0.23576
   0.17820  0.04475 -0.23584
   0.17081  0.04423 -0.23752
   0.16349  0.04368 -0.24035
   0.15624  0.04311 -0.24083
   0.14907  0.04251 -0.24374
   0.14200  0.04189 -0.24488
   0.13503  0.04125 -0.24639
   0.12818  0.04059 -0.24771
   0.12147  0.03990 -0.24854
   0.11493  0.03919 -0.24916
   0.10856  0.03847 -0.24985
   0.10240  0.03773 -0.25007
   0.09647  0.03699 -0.25175
   0.09078  0.03624 -0.25421
   0.08537  0.03550 -0.25361
   0.08024  0.03476 -0.25972
   0.07540  0.03403 -0.26233
   0.07085  0.03331 -0.26697
   0.06658  0.03261 -0.28075
   0.06257  0.03190 -0.28238
   0.05879  0.03120 -0.29467
   0.05523  0.03050 -0.29986
   0.05189  0.02978 -0.29891
   0.04873  0.02906 -0.29361
   0.04574  0.02833 -0.28346
   0.04291  0.02760 -0.27498
   0.04024  0.02687 -0.26078
   0.03771  0.02615 -0.24950
   0.03531  0.02543 -0.24249
   0.03305  0.02471 -0.21821
   0.03089  0.02399 -0.18850
   0.02884  0.02329 -0.16531
   0.02688  0.02260 -0.15053
   0.02502  0.02195 -0.14986
   0.02326  0.02131 -0.14941
   0.02159  0.02067 -0.14952
   0.02000  0.02005 -0.14485
   0.01849  0.01942 -0.13537
   0.01706  0.01880 -0.11823
   0.01569  0.01817 -0.09250
   0.01439  0.01754 -0.07107
   0.01314  0.01692 -0.04878
   0.01194  0.01630 -0.02960
   0.01080  0.01568 -0.01182
   0.00971  0.01507  0.00486
   0.00867  0.01445  0.02826
   0.00767  0.01383  0.04350
   0.00672  0.01321  0.06542
   0.00581  0.01258  0.08281
   0.00495  0.01194  0.11075
   0.00414  0.01128  0.13062
   0.00338  0.01061  0.15415
   0.00268  0.00990  0.18322
   0.00207  0.00914  0.29515
   0.00154  0.00835  0.38562
   0.00111  0.00752  0.50878
   0.00078  0.00665  0.64939
   0.00053  0.00577  0.76388
   0.00035  0.00489  0.84761
   0.00022  0.00400  0.90490
   0.00012  0.00312  0.94759
   0.00005  0.00224  0.97411
   0.00001  0.00137  0.99088
  -0.00000  0.00051  0.99904
   0.00001 -0.00034  0.99920
   0.00004 -0.00120  0.99209
   0.00010 -0.00206  0.97754
   0.00020 -0.00292  0.96329
   0.00027 -0.00380  0.92681
   0.00039 -0.00468  0.89662
   0.00054 -0.00556  0.85300
   0.00072 -0.00645  0.79913
   0.00092 -0.00735  0.73877
   0.00115 -0.00824  0.66736
   0.00142 -0.00914  0.57608
   0.00173 -0.01004  0.47439
   0.00207 -0.01094  0.35773
   0.00247 -0.01182  0.19362
   0.00292 -0.01269  0.11400
   0.00342 -0.01356 -0.20933
   0.00402 -0.01437 -0.27444
   0.00470 -0.01514 -0.38147
   0.00546 -0.01587 -0.42075
   0.00629 -0.01657 -0.45369
   0.00717 -0.01724 -0.46926
   0.00811 -0.01789 -0.48825
   0.00910 -0.01851 -0.49049
   0.01015 -0.01912 -0.49020
   0.01125 -0.01971 -0.49334
   0.01240 -0.02029 -0.48892
   0.01361 -0.02086 -0.48578
   0.01488 -0.02142 -0.48099
   0.01621 -0.02198 -0.46903
   0.01761 -0.02253 -0.46350
   0.01908 -0.02307 -0.45011
   0.02063 -0.02362 -0.44709
   0.02226 -0.02417 -0.43629
   0.02397 -0.02472 -0.42320
   0.02579 -0.02528 -0.41763
   0.02770 -0.02584 -0.40891
   0.02973 -0.02641 -0.40269
   0.03189 -0.02700 -0.39645
   0.03419 -0.02759 -0.39149
   0.03663 -0.02820 -0.38223
   0.03924 -0.02882 -0.37704
   0.04203 -0.02945 -0.36764
   0.04502 -0.03011 -0.36225
   0.04822 -0.03078 -0.35764
   0.05165 -0.03148 -0.35542
   0.05533 -0.03220 -0.35208
   0.05925 -0.03293 -0.35007
   0.06344 -0.03368 -0.34635
   0.06789 -0.03445 -0.34528
   0.07262 -0.03522 -0.34145
   0.07761 -0.03600 -0.34089
   0.08288 -0.03679 -0.33844
   0.08842 -0.03758 -0.33603
   0.09419 -0.03836 -0.33382
   0.10019 -0.03914 -0.33256
   0.10638 -0.03991 -0.33241
   0.11276 -0.04065 -0.33213
   0.11929 -0.04138 -0.33199
   0.12594 -0.04208 -0.33127
   0.13272 -0.04276 -0.33078
   0.13959 -0.04340 -0.32989
   0.14656 -0.04401 -0.32733
   0.15362 -0.04460 -0.32611
   0.16075 -0.04515 -0.32269
   0.16794 -0.04567 -0.32087
   0.17519 -0.04616 -0.31793
   0.18248 -0.04663 -0.31632
   0.18981 -0.04706 -0.31450
   0.19717 -0.04747 -0.31346
   0.20456 -0.04785 -0.30961
   0.21197 -0.04820 -0.30904
   0.21942 -0.04852 -0.30524
   0.22690 -0.04882 -0.30295
   0.23441 -0.04909 -0.29851
   0.24195 -0.04934 -0.29666
   0.24951 -0.04956 -0.29485
   0.25708 -0.04977 -0.29184
   0.26468 -0.04995 -0.29076
   0.27229 -0.05011 -0.28673
   0.27991 -0.05024 -0.28551
   0.28756 -0.05036 -0.28229
   0.29522 -0.05046 -0.28056
   0.30289 -0.05054 -0.27888
   0.31057 -0.05060 -0.27697
   0.31825 -0.05064 -0.27493
   0.32595 -0.05066 -0.27354
   0.33364 -0.05066 -0.27218
   0.34135 -0.05065 -0.27054
   0.34906 -0.05061 -0.26899
   0.35677 -0.05056 -0.26735
   0.36448 -0.05048 -0.26588
   0.37219 -0.05039 -0.26445
   0.37990 -0.05028 -0.26262
   0.38761 -0.05015 -0.26142
   0.39532 -0.05001 -0.26026
   0.40302 -0.04984 -0.25904
   0.41072 -0.04966 -0.25711
   0.41842 -0.04945 -0.25666
   0.42610 -0.04923 -0.25544
   0.43378 -0.04899 -0.25484
   0.44144 -0.04873 -0.25285
   0.44910 -0.04845 -0.25246
   0.45674 -0.04815 -0.25105
   0.46437 -0.04783 -0.25047
   0.47199 -0.04749 -0.24890
   0.47960 -0.04713 -0.24717
   0.48720 -0.04674 -0.24601
   0.49478 -0.04634 -0.24441
   0.50235 -0.04590 -0.24216
   0.50991 -0.04545 -0.24109
   0.51745 -0.04497 -0.23854
   0.52498 -0.04447 -0.23628
   0.53250 -0.04395 -0.23428
   0.54000 -0.04340 -0.23185
   0.54749 -0.04282 -0.22912
   0.55497 -0.04222 -0.22611
   0.56243 -0.04159 -0.22262
   0.56987 -0.04093 -0.21938
   0.57730 -0.04025 -0.21582
   0.58471 -0.03954 -0.21184
   0.59210 -0.03881 -0.20775
   0.59948 -0.03804 -0.20346
   0.60683 -0.03724 -0.19897
   0.61417 -0.03642 -0.19286
   0.62149 -0.03556 -0.18827
   0.62879 -0.03468 -0.18115
   0.63608 -0.03376 -0.17558
   0.64335 -0.03281 -0.16755
   0.65061 -0.03183 -0.16061
   0.65786 -0.03081 -0.15217
   0.66510 -0.02976 -0.14339
   0.67232 -0.02867 -0.13378
   0.67954 -0.02755 -0.12381
   0.68676 -0.02640 -0.11334
   0.69397 -0.02520 -0.10229
   0.70117 -0.02398 -0.08966
   0.70838 -0.02271 -0.07709
   0.71559 -0.02141 -0.06373
   0.72281 -0.02007 -0.04948
   0.73004 -0.01870 -0.03486
   0.73728 -0.01729 -0.01891
   0.74453 -0.01584 -0.00153
   0.75180 -0.01436  0.01472
   0.75910 -0.01284  0.03457
   0.76642 -0.01128  0.05247
   0.77378 -0.00969  0.07413
   0.78118 -0.00807  0.09285
   0.78863 -0.00642  0.11620
   0.79611 -0.00475  0.13689
   0.80361 -0.00306  0.16116
   0.81108 -0.00138  0.18394
   0.81847  0.00029  0.20683
   0.82574  0.00191  0.23045
   0.83289  0.00348  0.25235
   0.83991  0.00499  0.27275
   0.84680  0.00644  0.29235
   0.85358  0.00782  0.31168
   0.86023  0.00913  0.32787
   0.86676  0.01036  0.34635
   0.87316  0.01151  0.36048
   0.87944  0.01258  0.37678
   0.88561  0.01356  0.38855
   0.89167  0.01445  0.40072
   0.89763  0.01526  0.41143
   0.90349  0.01599  0.42096
   0.90927  0.01663  0.42871
   0.91493  0.01718  0.43826
   0.92047  0.01765  0.44417
   0.92588  0.01803  0.45230
   0.93120  0.01832  0.45590
   0.93644  0.01853  0.45668
   0.94160  0.01868  0.45955
   0.94662  0.01876  0.46652
   0.95140  0.01879  0.48178
   0.95595  0.01872  0.49144
   0.96030  0.01853  0.49648
   0.96456  0.01820  0.48152
   0.96881  0.01775  0.45399
   0.97308  0.01723  0.42687
   0.97733  0.01672  0.41466
   0.98147  0.01621  0.42775
   0.98549  0.01562  0.43463
   0.98945  0.01488  0.38941
   0.99342  0.01406  0.32470
   0.99738  0.01325  0.29931
   1.00000  0.01271  0.25411
