GRUMMAN K-2 AIRFOIL                             
 Alfa =  -1.21500 Re =        0.000 Xflap,Yflap =     0.000000    0.000000
#    x        y        Cp  
   1.00000  0.01371  0.25418
   0.99740  0.01444  0.09913
   0.99329  0.01549  0.06135
   0.98889  0.01657  0.04593
   0.98423  0.01772  0.00551
   0.97929  0.01890 -0.02949
   0.97409  0.02011 -0.05550
   0.96867  0.02135 -0.08595
   0.96305  0.02259 -0.11252
   0.95727  0.02381 -0.13421
   0.95131  0.02502 -0.15520
   0.94520  0.02620 -0.17033
   0.93893  0.02735 -0.18344
   0.93253  0.02848 -0.19471
   0.92600  0.02957 -0.20192
   0.91932  0.03065 -0.20805
   0.91254  0.03170 -0.21502
   0.90568  0.03272 -0.22371
   0.89876  0.03372 -0.23117
   0.89181  0.03467 -0.23932
   0.88484  0.03559 -0.24533
   0.87782  0.03647 -0.24800
   0.87073  0.03731 -0.24917
   0.86355  0.03812 -0.25033
   0.85628  0.03891 -0.24911
   0.84891  0.03968 -0.24830
   0.84146  0.04044 -0.24828
   0.83396  0.04117 -0.24826
   0.82645  0.04190 -0.25401
   0.81896  0.04260 -0.25897
   0.81149  0.04327 -0.26258
   0.80402  0.04391 -0.26514
   0.79655  0.04452 -0.26763
   0.78909  0.04510 -0.26983
   0.78162  0.04565 -0.27062
   0.77414  0.04617 -0.27018
   0.76665  0.04666 -0.27061
   0.75914  0.04713 -0.26941
   0.75161  0.04756 -0.26763
   0.74405  0.04798 -0.26593
   0.73646  0.04837 -0.26304
   0.72884  0.04874 -0.26064
   0.72118  0.04909 -0.25780
   0.71350  0.04943 -0.25453
   0.70580  0.04974 -0.25275
   0.69806  0.05004 -0.24977
   0.69030  0.05033 -0.24775
   0.68252  0.05060 -0.24570
   0.67473  0.05086 -0.24395
   0.66693  0.05111 -0.24178
   0.65911  0.05135 -0.24057
   0.65129  0.05157 -0.23912
   0.64347  0.05178 -0.23711
   0.63563  0.05197 -0.23603
   0.62779  0.05216 -0.23455
   0.61994  0.05233 -0.23253
   0.61208  0.05249 -0.23204
   0.60421  0.05264 -0.22956
   0.59633  0.05278 -0.22877
   0.58846  0.05291 -0.22759
   0.58058  0.05303 -0.22700
   0.57270  0.05314 -0.22580
   0.56482  0.05324 -0.22493
   0.55693  0.05333 -0.22389
   0.54904  0.05340 -0.22327
   0.54115  0.05347 -0.22188
   0.53326  0.05353 -0.22158
   0.52537  0.05358 -0.22026
   0.51748  0.05361 -0.21939
   0.50958  0.05364 -0.21913
   0.50169  0.05366 -0.21756
   0.49380  0.05367 -0.21796
   0.48590  0.05367 -0.21632
   0.47801  0.05366 -0.21673
   0.47012  0.05363 -0.21574
   0.46224  0.05360 -0.21503
   0.45437  0.05356 -0.21445
   0.44650  0.05351 -0.21396
   0.43864  0.05345 -0.21289
   0.43079  0.05338 -0.21270
   0.42295  0.05330 -0.21243
   0.41514  0.05321 -0.21210
   0.40737  0.05312 -0.21277
   0.39966  0.05301 -0.21220
   0.39202  0.05289 -0.21345
   0.38445  0.05276 -0.21055
   0.37694  0.05262 -0.20794
   0.36954  0.05249 -0.20698
   0.36229  0.05236 -0.21417
   0.35524  0.05223 -0.22507
   0.34842  0.05207 -0.23432
   0.34179  0.05185 -0.22556
   0.33530  0.05159 -0.19860
   0.32892  0.05132 -0.17187
   0.32258  0.05111 -0.15817
   0.31625  0.05098 -0.17456
   0.30988  0.05089 -0.20398
   0.30343  0.05078 -0.23136
   0.29682  0.05061 -0.23369
   0.29002  0.05037 -0.22126
   0.28299  0.05009 -0.20944
   0.27579  0.04982 -0.20818
   0.26847  0.04954 -0.21228
   0.26108  0.04924 -0.21425
   0.25361  0.04892 -0.21316
   0.24607  0.04858 -0.21324
   0.23850  0.04823 -0.21427
   0.23092  0.04786 -0.21474
   0.22333  0.04747 -0.21558
   0.21574  0.04707 -0.21613
   0.20817  0.04664 -0.21797
   0.20063  0.04620 -0.21850
   0.19311  0.04574 -0.21933
   0.18563  0.04526 -0.22252
   0.17820  0.04475 -0.22228
   0.17081  0.04423 -0.22359
   0.16349  0.04368 -0.22602
   0.15624  0.04311 -0.22612
   0.14907  0.04251 -0.22859
   0.14200  0.04189 -0.22929
   0.13503  0.04125 -0.23033
   0.12818  0.04059 -0.23115
   0.12147  0.03990 -0.23148
   0.11493  0.03919 -0.23156
   0.10856  0.03847 -0.23169
   0.10240  0.03773 -0.23132
   0.09647  0.03699 -0.23236
   0.09078  0.03624 -0.23416
   0.08537  0.03550 -0.23289
   0.08024  0.03476 -0.23822
   0.07540  0.03403 -0.24006
   0.07085  0.03331 -0.24390
   0.06658  0.03261 -0.25665
   0.06257  0.03190 -0.25747
   0.05879  0.03120 -0.26869
   0.05523  0.03050 -0.27294
   0.05189  0.02978 -0.27112
   0.04873  0.02906 -0.26502
   0.04574  0.02833 -0.25416
   0.04291  0.02760 -0.24490
   0.04024  0.02687 -0.23006
   0.03771  0.02615 -0.21805
   0.03531  0.02543 -0.21017
   0.03305  0.02471 -0.18546
   0.03089  0.02399 -0.15544
   0.02884  0.02329 -0.13184
   0.02688  0.02260 -0.11632
   0.02502  0.02195 -0.11451
   0.02326  0.02131 -0.11282
   0.02159  0.02067 -0.11164
   0.02000  0.02005 -0.10573
   0.01849  0.01942 -0.09510
   0.01706  0.01880 -0.07709
   0.01569  0.01817 -0.05069
   0.01439  0.01754 -0.02849
   0.01314  0.01692 -0.00532
   0.01194  0.01630  0.01493
   0.01080  0.01568  0.03391
   0.00971  0.01507  0.05187
   0.00867  0.01445  0.07651
   0.00767  0.01383  0.09336
   0.00672  0.01321  0.11695
   0.00581  0.01258  0.13633
   0.00495  0.01194  0.16612
   0.00414  0.01128  0.18848
   0.00338  0.01061  0.21505
   0.00268  0.00990  0.24721
   0.00207  0.00914  0.35618
   0.00154  0.00835  0.44489
   0.00111  0.00752  0.56257
   0.00078  0.00665  0.69356
   0.00053  0.00577  0.79869
   0.00035  0.00489  0.87441
   0.00022  0.00400  0.92529
   0.00012  0.00312  0.96211
   0.00005  0.00224  0.98380
   0.00001  0.00137  0.99611
  -0.00000  0.00051  1.00000
   0.00001 -0.00034  0.99631
   0.00004 -0.00120  0.98530
   0.00010 -0.00206  0.96662
   0.00020 -0.00292  0.95083
   0.00027 -0.00380  0.90787
   0.00039 -0.00468  0.87517
   0.00054 -0.00556  0.82748
   0.00072 -0.00645  0.76933
   0.00092 -0.00735  0.70482
   0.00115 -0.00824  0.62898
   0.00142 -0.00914  0.53247
   0.00173 -0.01004  0.42539
   0.00207 -0.01094  0.30330
   0.00247 -0.01182  0.13120
   0.00292 -0.01269  0.05060
   0.00342 -0.01356 -0.28926
   0.00402 -0.01437 -0.35231
   0.00470 -0.01514 -0.46052
   0.00546 -0.01587 -0.49687
   0.00629 -0.01657 -0.52720
   0.00717 -0.01724 -0.53959
   0.00811 -0.01789 -0.55595
   0.00910 -0.01851 -0.55521
   0.01015 -0.01912 -0.55205
   0.01125 -0.01971 -0.55269
   0.01240 -0.02029 -0.54579
   0.01361 -0.02086 -0.54034
   0.01488 -0.02142 -0.53333
   0.01621 -0.02198 -0.51913
   0.01761 -0.02253 -0.51162
   0.01908 -0.02307 -0.49627
   0.02063 -0.02362 -0.49155
   0.02226 -0.02417 -0.47901
   0.02397 -0.02472 -0.46422
   0.02579 -0.02528 -0.45716
   0.02770 -0.02584 -0.44699
   0.02973 -0.02641 -0.43942
   0.03189 -0.02700 -0.43189
   0.03419 -0.02759 -0.42569
   0.03663 -0.02820 -0.41518
   0.03924 -0.02882 -0.40881
   0.04203 -0.02945 -0.39823
   0.04502 -0.03011 -0.39176
   0.04822 -0.03078 -0.38612
   0.05165 -0.03148 -0.38293
   0.05533 -0.03220 -0.37864
   0.05925 -0.03293 -0.37572
   0.06344 -0.03368 -0.37110
   0.06789 -0.03445 -0.36918
   0.07262 -0.03522 -0.36452
   0.07761 -0.03600 -0.36318
   0.08288 -0.03679 -0.35996
   0.08842 -0.03758 -0.35682
   0.09419 -0.03836 -0.35391
   0.10019 -0.03914 -0.35199
   0.10638 -0.03991 -0.35123
   0.11276 -0.04065 -0.35037
   0.11929 -0.04138 -0.34968
   0.12594 -0.04208 -0.34843
   0.13272 -0.04276 -0.34745
   0.13959 -0.04340 -0.34608
   0.14656 -0.04401 -0.34306
   0.15362 -0.04460 -0.34140
   0.16075 -0.04515 -0.33755
   0.16794 -0.04567 -0.33533
   0.17519 -0.04616 -0.33201
   0.18248 -0.04663 -0.33004
   0.18981 -0.04706 -0.32788
   0.19717 -0.04747 -0.32652
   0.20456 -0.04785 -0.32235
   0.21197 -0.04820 -0.32150
   0.21942 -0.04852 -0.31739
   0.22690 -0.04882 -0.31482
   0.23441 -0.04909 -0.31010
   0.24195 -0.04934 -0.30799
   0.24951 -0.04956 -0.30594
   0.25708 -0.04977 -0.30268
   0.26468 -0.04995 -0.30138
   0.27229 -0.05011 -0.29713
   0.27991 -0.05024 -0.29569
   0.28756 -0.05036 -0.29227
   0.29522 -0.05046 -0.29033
   0.30289 -0.05054 -0.28847
   0.31057 -0.05060 -0.28636
   0.31825 -0.05064 -0.28416
   0.32595 -0.05066 -0.28257
   0.33364 -0.05066 -0.28106
   0.34135 -0.05065 -0.27925
   0.34906 -0.05061 -0.27755
   0.35677 -0.05056 -0.27574
   0.36448 -0.05048 -0.27411
   0.37219 -0.05039 -0.27257
   0.37990 -0.05028 -0.27056
   0.38761 -0.05015 -0.26925
   0.39532 -0.05001 -0.26793
   0.40302 -0.04984 -0.26659
   0.41072 -0.04966 -0.26453
   0.41842 -0.04945 -0.26395
   0.42610 -0.04923 -0.26260
   0.43378 -0.04899 -0.26189
   0.44144 -0.04873 -0.25979
   0.44910 -0.04845 -0.25926
   0.45674 -0.04815 -0.25775
   0.46437 -0.04783 -0.25705
   0.47199 -0.04749 -0.25538
   0.47960 -0.04713 -0.25354
   0.48720 -0.04674 -0.25226
   0.49478 -0.04634 -0.25057
   0.50235 -0.04590 -0.24821
   0.50991 -0.04545 -0.24701
   0.51745 -0.04497 -0.24440
   0.52498 -0.04447 -0.24201
   0.53250 -0.04395 -0.23992
   0.54000 -0.04340 -0.23737
   0.54749 -0.04282 -0.23456
   0.55497 -0.04222 -0.23145
   0.56243 -0.04159 -0.22784
   0.56987 -0.04093 -0.22452
   0.57730 -0.04025 -0.22086
   0.58471 -0.03954 -0.21676
   0.59210 -0.03881 -0.21259
   0.59948 -0.03804 -0.20820
   0.60683 -0.03724 -0.20362
   0.61417 -0.03642 -0.19742
   0.62149 -0.03556 -0.19273
   0.62879 -0.03468 -0.18550
   0.63608 -0.03376 -0.17984
   0.64335 -0.03281 -0.17172
   0.65061 -0.03183 -0.16467
   0.65786 -0.03081 -0.15613
   0.66510 -0.02976 -0.14726
   0.67232 -0.02867 -0.13753
   0.67954 -0.02755 -0.12746
   0.68676 -0.02640 -0.11692
   0.69397 -0.02520 -0.10575
   0.70117 -0.02398 -0.09302
   0.70838 -0.02271 -0.08035
   0.71559 -0.02141 -0.06688
   0.72281 -0.02007 -0.05254
   0.73004 -0.01870 -0.03782
   0.73728 -0.01729 -0.02176
   0.74453 -0.01584 -0.00424
   0.75180 -0.01436  0.01207
   0.75910 -0.01284  0.03203
   0.76642 -0.01128  0.05006
   0.77378 -0.00969  0.07182
   0.78118 -0.00807  0.09063
   0.78863 -0.00642  0.11407
   0.79611 -0.00475  0.13488
   0.80361 -0.00306  0.15926
   0.81108 -0.00138  0.18214
   0.81847  0.00029  0.20511
   0.82574  0.00191  0.22883
   0.83289  0.00348  0.25081
   0.83991  0.00499  0.27131
   0.84680  0.00644  0.29097
   0.85358  0.00782  0.31037
   0.86023  0.00913  0.32664
   0.86676  0.01036  0.34520
   0.87316  0.01151  0.35933
   0.87944  0.01258  0.37574
   0.88561  0.01356  0.38755
   0.89167  0.01445  0.39976
   0.89763  0.01526  0.41053
   0.90349  0.01599  0.42008
   0.90927  0.01663  0.42787
   0.91493  0.01718  0.43749
   0.92047  0.01765  0.44338
   0.92588  0.01803  0.45160
   0.93120  0.01832  0.45520
   0.93644  0.01853  0.45602
   0.94160  0.01868  0.45893
   0.94662  0.01876  0.46588
   0.95140  0.01879  0.48123
   0.95595  0.01872  0.49090
   0.96030  0.01853  0.49597
   0.96456  0.01820  0.48104
   0.96881  0.01775  0.45348
   0.97308  0.01723  0.42638
   0.97733  0.01672  0.41419
   0.98147  0.01621  0.42734
   0.98549  0.01562  0.43427
   0.98945  0.01488  0.38903
   0.99342  0.01406  0.32434
   0.99738  0.01325  0.29901
   1.00000  0.01271  0.25418
