GRUMMAN K-2 AIRFOIL                             
 Alfa =  -1.07700 Re =        0.000 Xflap,Yflap =     0.000000    0.000000
#    x        y        Cp  
   1.00000  0.01371  0.25411
   0.99740  0.01444  0.09896
   0.99329  0.01549  0.06111
   0.98889  0.01657  0.04553
   0.98423  0.01772  0.00496
   0.97929  0.01890 -0.03012
   0.97409  0.02011 -0.05620
   0.96867  0.02135 -0.08680
   0.96305  0.02259 -0.11346
   0.95727  0.02381 -0.13524
   0.95131  0.02502 -0.15636
   0.94520  0.02620 -0.17158
   0.93893  0.02735 -0.18480
   0.93253  0.02848 -0.19617
   0.92600  0.02957 -0.20344
   0.91932  0.03065 -0.20970
   0.91254  0.03170 -0.21671
   0.90568  0.03272 -0.22553
   0.89876  0.03372 -0.23304
   0.89181  0.03467 -0.24131
   0.88484  0.03559 -0.24741
   0.87782  0.03647 -0.25014
   0.87073  0.03731 -0.25140
   0.86355  0.03812 -0.25265
   0.85628  0.03891 -0.25145
   0.84891  0.03968 -0.25077
   0.84146  0.04044 -0.25079
   0.83396  0.04117 -0.25086
   0.82645  0.04190 -0.25667
   0.81896  0.04260 -0.26174
   0.81149  0.04327 -0.26544
   0.80402  0.04391 -0.26804
   0.79655  0.04452 -0.27065
   0.78909  0.04510 -0.27286
   0.78162  0.04565 -0.27380
   0.77414  0.04617 -0.27340
   0.76665  0.04666 -0.27394
   0.75914  0.04713 -0.27277
   0.75161  0.04756 -0.27106
   0.74405  0.04798 -0.26940
   0.73646  0.04837 -0.26662
   0.72884  0.04874 -0.26426
   0.72118  0.04909 -0.26150
   0.71350  0.04943 -0.25830
   0.70580  0.04974 -0.25658
   0.69806  0.05004 -0.25362
   0.69030  0.05033 -0.25173
   0.68252  0.05060 -0.24969
   0.67473  0.05086 -0.24806
   0.66693  0.05111 -0.24594
   0.65911  0.05135 -0.24478
   0.65129  0.05157 -0.24343
   0.64347  0.05178 -0.24147
   0.63563  0.05197 -0.24046
   0.62779  0.05216 -0.23906
   0.61994  0.05233 -0.23712
   0.61208  0.05249 -0.23668
   0.60421  0.05264 -0.23428
   0.59633  0.05278 -0.23358
   0.58846  0.05291 -0.23246
   0.58058  0.05303 -0.23196
   0.57270  0.05314 -0.23082
   0.56482  0.05324 -0.23003
   0.55693  0.05333 -0.22907
   0.54904  0.05340 -0.22854
   0.54115  0.05347 -0.22722
   0.53326  0.05353 -0.22701
   0.52537  0.05358 -0.22576
   0.51748  0.05361 -0.22500
   0.50958  0.05364 -0.22481
   0.50169  0.05366 -0.22332
   0.49380  0.05367 -0.22382
   0.48590  0.05367 -0.22226
   0.47801  0.05366 -0.22277
   0.47012  0.05363 -0.22187
   0.46224  0.05360 -0.22127
   0.45437  0.05356 -0.22078
   0.44650  0.05351 -0.22038
   0.43864  0.05345 -0.21940
   0.43079  0.05338 -0.21933
   0.42295  0.05330 -0.21915
   0.41514  0.05321 -0.21893
   0.40737  0.05312 -0.21971
   0.39966  0.05301 -0.21927
   0.39202  0.05289 -0.22061
   0.38445  0.05276 -0.21783
   0.37694  0.05262 -0.21532
   0.36954  0.05249 -0.21447
   0.36229  0.05236 -0.22181
   0.35524  0.05223 -0.23291
   0.34842  0.05207 -0.24232
   0.34179  0.05185 -0.23365
   0.33530  0.05159 -0.20661
   0.32892  0.05132 -0.17981
   0.32258  0.05111 -0.16614
   0.31625  0.05098 -0.18275
   0.30988  0.05089 -0.21249
   0.30343  0.05078 -0.24021
   0.29682  0.05061 -0.24268
   0.29002  0.05037 -0.23032
   0.28299  0.05009 -0.21857
   0.27579  0.04982 -0.21747
   0.26847  0.04954 -0.22177
   0.26108  0.04924 -0.22392
   0.25361  0.04892 -0.22303
   0.24607  0.04858 -0.22330
   0.23850  0.04823 -0.22454
   0.23092  0.04786 -0.22524
   0.22333  0.04747 -0.22630
   0.21574  0.04707 -0.22709
   0.20817  0.04664 -0.22921
   0.20063  0.04620 -0.23000
   0.19311  0.04574 -0.23111
   0.18563  0.04526 -0.23462
   0.17820  0.04475 -0.23467
   0.17081  0.04423 -0.23632
   0.16349  0.04368 -0.23911
   0.15624  0.04311 -0.23956
   0.14907  0.04251 -0.24243
   0.14200  0.04189 -0.24353
   0.13503  0.04125 -0.24500
   0.12818  0.04059 -0.24628
   0.12147  0.03990 -0.24706
   0.11493  0.03919 -0.24764
   0.10856  0.03847 -0.24828
   0.10240  0.03773 -0.24845
   0.09647  0.03699 -0.25007
   0.09078  0.03624 -0.25248
   0.08537  0.03550 -0.25182
   0.08024  0.03476 -0.25786
   0.07540  0.03403 -0.26041
   0.07085  0.03331 -0.26498
   0.06658  0.03261 -0.27867
   0.06257  0.03190 -0.28022
   0.05879  0.03120 -0.29242
   0.05523  0.03050 -0.29754
   0.05189  0.02978 -0.29651
   0.04873  0.02906 -0.29114
   0.04574  0.02833 -0.28093
   0.04291  0.02760 -0.27237
   0.04024  0.02687 -0.25812
   0.03771  0.02615 -0.24678
   0.03531  0.02543 -0.23969
   0.03305  0.02471 -0.21538
   0.03089  0.02399 -0.18564
   0.02884  0.02329 -0.16241
   0.02688  0.02260 -0.14756
   0.02502  0.02195 -0.14680
   0.02326  0.02131 -0.14624
   0.02159  0.02067 -0.14623
   0.02000  0.02005 -0.14145
   0.01849  0.01942 -0.13187
   0.01706  0.01880 -0.11466
   0.01569  0.01817 -0.08887
   0.01439  0.01754 -0.06737
   0.01314  0.01692 -0.04500
   0.01194  0.01630 -0.02573
   0.01080  0.01568 -0.00784
   0.00971  0.01507  0.00895
   0.00867  0.01445  0.03247
   0.00767  0.01383  0.04785
   0.00672  0.01321  0.06992
   0.00581  0.01258  0.08748
   0.00495  0.01194  0.11559
   0.00414  0.01128  0.13568
   0.00338  0.01061  0.15948
   0.00268  0.00990  0.18883
   0.00207  0.00914  0.30051
   0.00154  0.00835  0.39084
   0.00111  0.00752  0.51354
   0.00078  0.00665  0.65331
   0.00053  0.00577  0.76698
   0.00035  0.00489  0.85002
   0.00022  0.00400  0.90675
   0.00012  0.00312  0.94893
   0.00005  0.00224  0.97503
   0.00001  0.00137  0.99142
  -0.00000  0.00051  0.99921
   0.00001 -0.00034  0.99903
   0.00004 -0.00120  0.99159
   0.00010 -0.00206  0.97669
   0.00020 -0.00292  0.96229
   0.00027 -0.00380  0.92527
   0.00039 -0.00468  0.89485
   0.00054 -0.00556  0.85088
   0.00072 -0.00645  0.79665
   0.00092 -0.00735  0.73593
   0.00115 -0.00824  0.66413
   0.00142 -0.00914  0.57241
   0.00173 -0.01004  0.47026
   0.00207 -0.01094  0.35313
   0.00247 -0.01182  0.18834
   0.00292 -0.01269  0.10862
   0.00342 -0.01356 -0.21611
   0.00402 -0.01437 -0.28106
   0.00470 -0.01514 -0.38819
   0.00546 -0.01587 -0.42722
   0.00629 -0.01657 -0.45995
   0.00717 -0.01724 -0.47525
   0.00811 -0.01789 -0.49402
   0.00910 -0.01851 -0.49600
   0.01015 -0.01912 -0.49548
   0.01125 -0.01971 -0.49841
   0.01240 -0.02029 -0.49377
   0.01361 -0.02086 -0.49044
   0.01488 -0.02142 -0.48546
   0.01621 -0.02198 -0.47331
   0.01761 -0.02253 -0.46762
   0.01908 -0.02307 -0.45406
   0.02063 -0.02362 -0.45089
   0.02226 -0.02417 -0.43994
   0.02397 -0.02472 -0.42671
   0.02579 -0.02528 -0.42102
   0.02770 -0.02584 -0.41217
   0.02973 -0.02641 -0.40583
   0.03189 -0.02700 -0.39949
   0.03419 -0.02759 -0.39442
   0.03663 -0.02820 -0.38505
   0.03924 -0.02882 -0.37976
   0.04203 -0.02945 -0.37026
   0.04502 -0.03011 -0.36478
   0.04822 -0.03078 -0.36008
   0.05165 -0.03148 -0.35778
   0.05533 -0.03220 -0.35436
   0.05925 -0.03293 -0.35227
   0.06344 -0.03368 -0.34848
   0.06789 -0.03445 -0.34733
   0.07262 -0.03522 -0.34343
   0.07761 -0.03600 -0.34280
   0.08288 -0.03679 -0.34028
   0.08842 -0.03758 -0.33781
   0.09419 -0.03836 -0.33555
   0.10019 -0.03914 -0.33422
   0.10638 -0.03991 -0.33403
   0.11276 -0.04065 -0.33369
   0.11929 -0.04138 -0.33351
   0.12594 -0.04208 -0.33274
   0.13272 -0.04276 -0.33221
   0.13959 -0.04340 -0.33128
   0.14656 -0.04401 -0.32868
   0.15362 -0.04460 -0.32743
   0.16075 -0.04515 -0.32396
   0.16794 -0.04567 -0.32211
   0.17519 -0.04616 -0.31914
   0.18248 -0.04663 -0.31750
   0.18981 -0.04706 -0.31565
   0.19717 -0.04747 -0.31459
   0.20456 -0.04785 -0.31071
   0.21197 -0.04820 -0.31012
   0.21942 -0.04852 -0.30629
   0.22690 -0.04882 -0.30397
   0.23441 -0.04909 -0.29950
   0.24195 -0.04934 -0.29763
   0.24951 -0.04956 -0.29580
   0.25708 -0.04977 -0.29277
   0.26468 -0.04995 -0.29167
   0.27229 -0.05011 -0.28763
   0.27991 -0.05024 -0.28639
   0.28756 -0.05036 -0.28315
   0.29522 -0.05046 -0.28140
   0.30289 -0.05054 -0.27971
   0.31057 -0.05060 -0.27778
   0.31825 -0.05064 -0.27573
   0.32595 -0.05066 -0.27431
   0.33364 -0.05066 -0.27295
   0.34135 -0.05065 -0.27129
   0.34906 -0.05061 -0.26973
   0.35677 -0.05056 -0.26807
   0.36448 -0.05048 -0.26659
   0.37219 -0.05039 -0.26515
   0.37990 -0.05028 -0.26330
   0.38761 -0.05015 -0.26209
   0.39532 -0.05001 -0.26092
   0.40302 -0.04984 -0.25969
   0.41072 -0.04966 -0.25775
   0.41842 -0.04945 -0.25729
   0.42610 -0.04923 -0.25606
   0.43378 -0.04899 -0.25545
   0.44144 -0.04873 -0.25345
   0.44910 -0.04845 -0.25304
   0.45674 -0.04815 -0.25162
   0.46437 -0.04783 -0.25103
   0.47199 -0.04749 -0.24946
   0.47960 -0.04713 -0.24772
   0.48720 -0.04674 -0.24655
   0.49478 -0.04634 -0.24494
   0.50235 -0.04590 -0.24268
   0.50991 -0.04545 -0.24160
   0.51745 -0.04497 -0.23905
   0.52498 -0.04447 -0.23678
   0.53250 -0.04395 -0.23477
   0.54000 -0.04340 -0.23232
   0.54749 -0.04282 -0.22959
   0.55497 -0.04222 -0.22657
   0.56243 -0.04159 -0.22307
   0.56987 -0.04093 -0.21982
   0.57730 -0.04025 -0.21625
   0.58471 -0.03954 -0.21226
   0.59210 -0.03881 -0.20816
   0.59948 -0.03804 -0.20386
   0.60683 -0.03724 -0.19937
   0.61417 -0.03642 -0.19325
   0.62149 -0.03556 -0.18866
   0.62879 -0.03468 -0.18152
   0.63608 -0.03376 -0.17595
   0.64335 -0.03281 -0.16791
   0.65061 -0.03183 -0.16096
   0.65786 -0.03081 -0.15251
   0.66510 -0.02976 -0.14372
   0.67232 -0.02867 -0.13410
   0.67954 -0.02755 -0.12412
   0.68676 -0.02640 -0.11365
   0.69397 -0.02520 -0.10259
   0.70117 -0.02398 -0.08995
   0.70838 -0.02271 -0.07737
   0.71559 -0.02141 -0.06400
   0.72281 -0.02007 -0.04975
   0.73004 -0.01870 -0.03511
   0.73728 -0.01729 -0.01916
   0.74453 -0.01584 -0.00176
   0.75180 -0.01436  0.01449
   0.75910 -0.01284  0.03435
   0.76642 -0.01128  0.05226
   0.77378 -0.00969  0.07393
   0.78118 -0.00807  0.09266
   0.78863 -0.00642  0.11601
   0.79611 -0.00475  0.13672
   0.80361 -0.00306  0.16100
   0.81108 -0.00138  0.18379
   0.81847  0.00029  0.20668
   0.82574  0.00191  0.23031
   0.83289  0.00348  0.25222
   0.83991  0.00499  0.27262
   0.84680  0.00644  0.29223
   0.85358  0.00782  0.31157
   0.86023  0.00913  0.32776
   0.86676  0.01036  0.34625
   0.87316  0.01151  0.36038
   0.87944  0.01258  0.37669
   0.88561  0.01356  0.38846
   0.89167  0.01445  0.40064
   0.89763  0.01526  0.41135
   0.90349  0.01599  0.42089
   0.90927  0.01663  0.42863
   0.91493  0.01718  0.43819
   0.92047  0.01765  0.44410
   0.92588  0.01803  0.45224
   0.93120  0.01832  0.45584
   0.93644  0.01853  0.45662
   0.94160  0.01868  0.45950
   0.94662  0.01876  0.46646
   0.95140  0.01879  0.48173
   0.95595  0.01872  0.49140
   0.96030  0.01853  0.49644
   0.96456  0.01820  0.48148
   0.96881  0.01775  0.45395
   0.97308  0.01723  0.42683
   0.97733  0.01672  0.41462
   0.98147  0.01621  0.42772
   0.98549  0.01562  0.43460
   0.98945  0.01488  0.38937
   0.99342  0.01406  0.32467
   0.99738  0.01325  0.29929
   1.00000  0.01271  0.25411
