GRUMMAN K-2 AIRFOIL                             
 Alfa =  -1.13900 Re =        0.000 Xflap,Yflap =     0.000000    0.000000
#    x        y        Cp  
   1.00000  0.01371  0.25414
   0.99740  0.01444  0.09903
   0.99329  0.01549  0.06122
   0.98889  0.01657  0.04571
   0.98423  0.01772  0.00520
   0.97929  0.01890 -0.02984
   0.97409  0.02011 -0.05589
   0.96867  0.02135 -0.08642
   0.96305  0.02259 -0.11304
   0.95727  0.02381 -0.13478
   0.95131  0.02502 -0.15584
   0.94520  0.02620 -0.17102
   0.93893  0.02735 -0.18419
   0.93253  0.02848 -0.19552
   0.92600  0.02957 -0.20276
   0.91932  0.03065 -0.20896
   0.91254  0.03170 -0.21595
   0.90568  0.03272 -0.22471
   0.89876  0.03372 -0.23220
   0.89181  0.03467 -0.24042
   0.88484  0.03559 -0.24648
   0.87782  0.03647 -0.24918
   0.87073  0.03731 -0.25040
   0.86355  0.03812 -0.25161
   0.85628  0.03891 -0.25040
   0.84891  0.03968 -0.24966
   0.84146  0.04044 -0.24966
   0.83396  0.04117 -0.24969
   0.82645  0.04190 -0.25548
   0.81896  0.04260 -0.26050
   0.81149  0.04327 -0.26416
   0.80402  0.04391 -0.26674
   0.79655  0.04452 -0.26929
   0.78909  0.04510 -0.27150
   0.78162  0.04565 -0.27237
   0.77414  0.04617 -0.27195
   0.76665  0.04666 -0.27244
   0.75914  0.04713 -0.27126
   0.75161  0.04756 -0.26952
   0.74405  0.04798 -0.26784
   0.73646  0.04837 -0.26502
   0.72884  0.04874 -0.26264
   0.72118  0.04909 -0.25984
   0.71350  0.04943 -0.25661
   0.70580  0.04974 -0.25486
   0.69806  0.05004 -0.25189
   0.69030  0.05033 -0.24994
   0.68252  0.05060 -0.24790
   0.67473  0.05086 -0.24621
   0.66693  0.05111 -0.24407
   0.65911  0.05135 -0.24289
   0.65129  0.05157 -0.24149
   0.64347  0.05178 -0.23951
   0.63563  0.05197 -0.23847
   0.62779  0.05216 -0.23704
   0.61994  0.05233 -0.23506
   0.61208  0.05249 -0.23460
   0.60421  0.05264 -0.23216
   0.59633  0.05278 -0.23142
   0.58846  0.05291 -0.23027
   0.58058  0.05303 -0.22973
   0.57270  0.05314 -0.22857
   0.56482  0.05324 -0.22774
   0.55693  0.05333 -0.22674
   0.54904  0.05340 -0.22617
   0.54115  0.05347 -0.22482
   0.53326  0.05353 -0.22457
   0.52537  0.05358 -0.22329
   0.51748  0.05361 -0.22248
   0.50958  0.05364 -0.22226
   0.50169  0.05366 -0.22073
   0.49380  0.05367 -0.22119
   0.48590  0.05367 -0.21959
   0.47801  0.05366 -0.22005
   0.47012  0.05363 -0.21911
   0.46224  0.05360 -0.21847
   0.45437  0.05356 -0.21794
   0.44650  0.05351 -0.21749
   0.43864  0.05345 -0.21648
   0.43079  0.05338 -0.21635
   0.42295  0.05330 -0.21613
   0.41514  0.05321 -0.21586
   0.40737  0.05312 -0.21659
   0.39966  0.05301 -0.21609
   0.39202  0.05289 -0.21739
   0.38445  0.05276 -0.21456
   0.37694  0.05262 -0.21200
   0.36954  0.05249 -0.21110
   0.36229  0.05236 -0.21838
   0.35524  0.05223 -0.22939
   0.34842  0.05207 -0.23872
   0.34179  0.05185 -0.23001
   0.33530  0.05159 -0.20301
   0.32892  0.05132 -0.17624
   0.32258  0.05111 -0.16255
   0.31625  0.05098 -0.17907
   0.30988  0.05089 -0.20866
   0.30343  0.05078 -0.23623
   0.29682  0.05061 -0.23864
   0.29002  0.05037 -0.22625
   0.28299  0.05009 -0.21446
   0.27579  0.04982 -0.21329
   0.26847  0.04954 -0.21750
   0.26108  0.04924 -0.21958
   0.25361  0.04892 -0.21859
   0.24607  0.04858 -0.21878
   0.23850  0.04823 -0.21992
   0.23092  0.04786 -0.22052
   0.22333  0.04747 -0.22148
   0.21574  0.04707 -0.22216
   0.20817  0.04664 -0.22415
   0.20063  0.04620 -0.22483
   0.19311  0.04574 -0.22581
   0.18563  0.04526 -0.22918
   0.17820  0.04475 -0.22910
   0.17081  0.04423 -0.23059
   0.16349  0.04368 -0.23322
   0.15624  0.04311 -0.23351
   0.14907  0.04251 -0.23621
   0.14200  0.04189 -0.23712
   0.13503  0.04125 -0.23840
   0.12818  0.04059 -0.23947
   0.12147  0.03990 -0.24005
   0.11493  0.03919 -0.24041
   0.10856  0.03847 -0.24082
   0.10240  0.03773 -0.24074
   0.09647  0.03699 -0.24210
   0.09078  0.03624 -0.24423
   0.08537  0.03550 -0.24330
   0.08024  0.03476 -0.24902
   0.07540  0.03403 -0.25125
   0.07085  0.03331 -0.25549
   0.06658  0.03261 -0.26875
   0.06257  0.03190 -0.26998
   0.05879  0.03120 -0.28173
   0.05523  0.03050 -0.28646
   0.05189  0.02978 -0.28507
   0.04873  0.02906 -0.27938
   0.04574  0.02833 -0.26887
   0.04291  0.02760 -0.26000
   0.04024  0.02687 -0.24548
   0.03771  0.02615 -0.23383
   0.03531  0.02543 -0.22638
   0.03305  0.02471 -0.20189
   0.03089  0.02399 -0.17203
   0.02884  0.02329 -0.14863
   0.02688  0.02260 -0.13347
   0.02502  0.02195 -0.13224
   0.02326  0.02131 -0.13117
   0.02159  0.02067 -0.13062
   0.02000  0.02005 -0.12533
   0.01849  0.01942 -0.11528
   0.01706  0.01880 -0.09770
   0.01569  0.01817 -0.07163
   0.01439  0.01754 -0.04981
   0.01314  0.01692 -0.02708
   0.01194  0.01630 -0.00736
   0.01080  0.01568  0.01103
   0.00971  0.01507  0.02835
   0.00867  0.01445  0.05238
   0.00767  0.01383  0.06843
   0.00672  0.01321  0.09120
   0.00581  0.01258  0.10959
   0.00495  0.01194  0.13848
   0.00414  0.01128  0.15961
   0.00338  0.01061  0.18468
   0.00268  0.00990  0.21533
   0.00207  0.00914  0.32580
   0.00154  0.00835  0.41543
   0.00111  0.00752  0.53589
   0.00078  0.00665  0.67170
   0.00053  0.00577  0.78151
   0.00035  0.00489  0.86124
   0.00022  0.00400  0.91533
   0.00012  0.00312  0.95509
   0.00005  0.00224  0.97921
   0.00001  0.00137  0.99375
  -0.00000  0.00051  0.99979
   0.00001 -0.00034  0.99803
   0.00004 -0.00120  0.98898
   0.00010 -0.00206  0.97239
   0.00020 -0.00292  0.95733
   0.00027 -0.00380  0.91767
   0.00039 -0.00468  0.88622
   0.00054 -0.00556  0.84058
   0.00072 -0.00645  0.78459
   0.00092 -0.00735  0.72217
   0.00115 -0.00824  0.64856
   0.00142 -0.00914  0.55469
   0.00173 -0.01004  0.45033
   0.00207 -0.01094  0.33097
   0.00247 -0.01182  0.16291
   0.00292 -0.01269  0.08278
   0.00342 -0.01356 -0.24872
   0.00402 -0.01437 -0.31283
   0.00470 -0.01514 -0.42046
   0.00546 -0.01587 -0.45831
   0.00629 -0.01657 -0.48998
   0.00717 -0.01724 -0.50399
   0.00811 -0.01789 -0.52169
   0.00910 -0.01851 -0.52246
   0.01015 -0.01912 -0.52076
   0.01125 -0.01971 -0.52268
   0.01240 -0.02029 -0.51703
   0.01361 -0.02086 -0.51276
   0.01488 -0.02142 -0.50687
   0.01621 -0.02198 -0.49381
   0.01761 -0.02253 -0.48731
   0.01908 -0.02307 -0.47295
   0.02063 -0.02362 -0.46909
   0.02226 -0.02417 -0.45743
   0.02397 -0.02472 -0.44350
   0.02579 -0.02528 -0.43720
   0.02770 -0.02584 -0.42776
   0.02973 -0.02641 -0.42088
   0.03189 -0.02700 -0.41400
   0.03419 -0.02759 -0.40843
   0.03663 -0.02820 -0.39855
   0.03924 -0.02882 -0.39278
   0.04203 -0.02945 -0.38280
   0.04502 -0.03011 -0.37687
   0.04822 -0.03078 -0.37175
   0.05165 -0.03148 -0.36905
   0.05533 -0.03220 -0.36525
   0.05925 -0.03293 -0.36278
   0.06344 -0.03368 -0.35862
   0.06789 -0.03445 -0.35713
   0.07262 -0.03522 -0.35289
   0.07761 -0.03600 -0.35194
   0.08288 -0.03679 -0.34911
   0.08842 -0.03758 -0.34634
   0.09419 -0.03836 -0.34378
   0.10019 -0.03914 -0.34219
   0.10638 -0.03991 -0.34174
   0.11276 -0.04065 -0.34117
   0.11929 -0.04138 -0.34077
   0.12594 -0.04208 -0.33978
   0.13272 -0.04276 -0.33905
   0.13959 -0.04340 -0.33792
   0.14656 -0.04401 -0.33513
   0.15362 -0.04460 -0.33370
   0.16075 -0.04515 -0.33006
   0.16794 -0.04567 -0.32805
   0.17519 -0.04616 -0.32492
   0.18248 -0.04663 -0.32313
   0.18981 -0.04706 -0.32114
   0.19717 -0.04747 -0.31994
   0.20456 -0.04785 -0.31594
   0.21197 -0.04820 -0.31522
   0.21942 -0.04852 -0.31127
   0.22690 -0.04882 -0.30884
   0.23441 -0.04909 -0.30426
   0.24195 -0.04934 -0.30228
   0.24951 -0.04956 -0.30035
   0.25708 -0.04977 -0.29722
   0.26468 -0.04995 -0.29603
   0.27229 -0.05011 -0.29189
   0.27991 -0.05024 -0.29057
   0.28756 -0.05036 -0.28725
   0.29522 -0.05046 -0.28541
   0.30289 -0.05054 -0.28364
   0.31057 -0.05060 -0.28163
   0.31825 -0.05064 -0.27952
   0.32595 -0.05066 -0.27802
   0.33364 -0.05066 -0.27659
   0.34135 -0.05065 -0.27487
   0.34906 -0.05061 -0.27324
   0.35677 -0.05056 -0.27151
   0.36448 -0.05048 -0.26997
   0.37219 -0.05039 -0.26848
   0.37990 -0.05028 -0.26656
   0.38761 -0.05015 -0.26531
   0.39532 -0.05001 -0.26407
   0.40302 -0.04984 -0.26279
   0.41072 -0.04966 -0.26080
   0.41842 -0.04945 -0.26028
   0.42610 -0.04923 -0.25900
   0.43378 -0.04899 -0.25834
   0.44144 -0.04873 -0.25630
   0.44910 -0.04845 -0.25583
   0.45674 -0.04815 -0.25437
   0.46437 -0.04783 -0.25374
   0.47199 -0.04749 -0.25212
   0.47960 -0.04713 -0.25034
   0.48720 -0.04674 -0.24912
   0.49478 -0.04634 -0.24747
   0.50235 -0.04590 -0.24516
   0.50991 -0.04545 -0.24403
   0.51745 -0.04497 -0.24145
   0.52498 -0.04447 -0.23913
   0.53250 -0.04395 -0.23708
   0.54000 -0.04340 -0.23459
   0.54749 -0.04282 -0.23183
   0.55497 -0.04222 -0.22876
   0.56243 -0.04159 -0.22521
   0.56987 -0.04093 -0.22194
   0.57730 -0.04025 -0.21833
   0.58471 -0.03954 -0.21429
   0.59210 -0.03881 -0.21016
   0.59948 -0.03804 -0.20581
   0.60683 -0.03724 -0.20128
   0.61417 -0.03642 -0.19513
   0.62149 -0.03556 -0.19049
   0.62879 -0.03468 -0.18331
   0.63608 -0.03376 -0.17770
   0.64335 -0.03281 -0.16963
   0.65061 -0.03183 -0.16263
   0.65786 -0.03081 -0.15414
   0.66510 -0.02976 -0.14531
   0.67232 -0.02867 -0.13564
   0.67954 -0.02755 -0.12562
   0.68676 -0.02640 -0.11512
   0.69397 -0.02520 -0.10401
   0.70117 -0.02398 -0.09133
   0.70838 -0.02271 -0.07871
   0.71559 -0.02141 -0.06530
   0.72281 -0.02007 -0.05100
   0.73004 -0.01870 -0.03633
   0.73728 -0.01729 -0.02033
   0.74453 -0.01584 -0.00288
   0.75180 -0.01436  0.01340
   0.75910 -0.01284  0.03330
   0.76642 -0.01128  0.05127
   0.77378 -0.00969  0.07298
   0.78118 -0.00807  0.09175
   0.78863 -0.00642  0.11514
   0.79611 -0.00475  0.13589
   0.80361 -0.00306  0.16022
   0.81108 -0.00138  0.18305
   0.81847  0.00029  0.20597
   0.82574  0.00191  0.22965
   0.83289  0.00348  0.25158
   0.83991  0.00499  0.27203
   0.84680  0.00644  0.29166
   0.85358  0.00782  0.31103
   0.86023  0.00913  0.32726
   0.86676  0.01036  0.34577
   0.87316  0.01151  0.35991
   0.87944  0.01258  0.37626
   0.88561  0.01356  0.38805
   0.89167  0.01445  0.40024
   0.89763  0.01526  0.41098
   0.90349  0.01599  0.42052
   0.90927  0.01663  0.42829
   0.91493  0.01718  0.43788
   0.92047  0.01765  0.44377
   0.92588  0.01803  0.45195
   0.93120  0.01832  0.45555
   0.93644  0.01853  0.45635
   0.94160  0.01868  0.45924
   0.94662  0.01876  0.46620
   0.95140  0.01879  0.48150
   0.95595  0.01872  0.49117
   0.96030  0.01853  0.49623
   0.96456  0.01820  0.48128
   0.96881  0.01775  0.45374
   0.97308  0.01723  0.42663
   0.97733  0.01672  0.41443
   0.98147  0.01621  0.42755
   0.98549  0.01562  0.43445
   0.98945  0.01488  0.38922
   0.99342  0.01406  0.32452
   0.99738  0.01325  0.29916
   1.00000  0.01271  0.25414
