GRUMMAN K-2 AIRFOIL                             
 Alfa =  -1.03600 Re =        0.000 Xflap,Yflap =     0.000000    0.000000
#    x        y        Cp  
   1.00000  0.01371  0.25409
   0.99740  0.01444  0.09891
   0.99329  0.01549  0.06105
   0.98889  0.01657  0.04542
   0.98423  0.01772  0.00480
   0.97929  0.01890 -0.03030
   0.97409  0.02011 -0.05641
   0.96867  0.02135 -0.08705
   0.96305  0.02259 -0.11374
   0.95727  0.02381 -0.13554
   0.95131  0.02502 -0.15670
   0.94520  0.02620 -0.17195
   0.93893  0.02735 -0.18520
   0.93253  0.02848 -0.19660
   0.92600  0.02957 -0.20388
   0.91932  0.03065 -0.21019
   0.91254  0.03170 -0.21721
   0.90568  0.03272 -0.22608
   0.89876  0.03372 -0.23359
   0.89181  0.03467 -0.24190
   0.88484  0.03559 -0.24802
   0.87782  0.03647 -0.25077
   0.87073  0.03731 -0.25206
   0.86355  0.03812 -0.25333
   0.85628  0.03891 -0.25215
   0.84891  0.03968 -0.25151
   0.84146  0.04044 -0.25153
   0.83396  0.04117 -0.25164
   0.82645  0.04190 -0.25746
   0.81896  0.04260 -0.26256
   0.81149  0.04327 -0.26629
   0.80402  0.04391 -0.26891
   0.79655  0.04452 -0.27155
   0.78909  0.04510 -0.27376
   0.78162  0.04565 -0.27474
   0.77414  0.04617 -0.27435
   0.76665  0.04666 -0.27492
   0.75914  0.04713 -0.27377
   0.75161  0.04756 -0.27208
   0.74405  0.04798 -0.27042
   0.73646  0.04837 -0.26768
   0.72884  0.04874 -0.26534
   0.72118  0.04909 -0.26259
   0.71350  0.04943 -0.25942
   0.70580  0.04974 -0.25772
   0.69806  0.05004 -0.25477
   0.69030  0.05033 -0.25291
   0.68252  0.05060 -0.25088
   0.67473  0.05086 -0.24928
   0.66693  0.05111 -0.24717
   0.65911  0.05135 -0.24602
   0.65129  0.05157 -0.24471
   0.64347  0.05178 -0.24277
   0.63563  0.05197 -0.24178
   0.62779  0.05216 -0.24040
   0.61994  0.05233 -0.23849
   0.61208  0.05249 -0.23805
   0.60421  0.05264 -0.23568
   0.59633  0.05278 -0.23501
   0.58846  0.05291 -0.23391
   0.58058  0.05303 -0.23343
   0.57270  0.05314 -0.23232
   0.56482  0.05324 -0.23154
   0.55693  0.05333 -0.23060
   0.54904  0.05340 -0.23010
   0.54115  0.05347 -0.22881
   0.53326  0.05353 -0.22862
   0.52537  0.05358 -0.22740
   0.51748  0.05361 -0.22666
   0.50958  0.05364 -0.22650
   0.50169  0.05366 -0.22503
   0.49380  0.05367 -0.22556
   0.48590  0.05367 -0.22403
   0.47801  0.05366 -0.22456
   0.47012  0.05363 -0.22369
   0.46224  0.05360 -0.22312
   0.45437  0.05356 -0.22266
   0.44650  0.05351 -0.22229
   0.43864  0.05345 -0.22134
   0.43079  0.05338 -0.22130
   0.42295  0.05330 -0.22115
   0.41514  0.05321 -0.22096
   0.40737  0.05312 -0.22178
   0.39966  0.05301 -0.22137
   0.39202  0.05289 -0.22274
   0.38445  0.05276 -0.22000
   0.37694  0.05262 -0.21751
   0.36954  0.05249 -0.21669
   0.36229  0.05236 -0.22409
   0.35524  0.05223 -0.23525
   0.34842  0.05207 -0.24470
   0.34179  0.05185 -0.23605
   0.33530  0.05159 -0.20900
   0.32892  0.05132 -0.18217
   0.32258  0.05111 -0.16851
   0.31625  0.05098 -0.18518
   0.30988  0.05089 -0.21502
   0.30343  0.05078 -0.24285
   0.29682  0.05061 -0.24536
   0.29002  0.05037 -0.23302
   0.28299  0.05009 -0.22128
   0.27579  0.04982 -0.22023
   0.26847  0.04954 -0.22459
   0.26108  0.04924 -0.22680
   0.25361  0.04892 -0.22596
   0.24607  0.04858 -0.22629
   0.23850  0.04823 -0.22759
   0.23092  0.04786 -0.22836
   0.22333  0.04747 -0.22950
   0.21574  0.04707 -0.23036
   0.20817  0.04664 -0.23255
   0.20063  0.04620 -0.23342
   0.19311  0.04574 -0.23462
   0.18563  0.04526 -0.23822
   0.17820  0.04475 -0.23836
   0.17081  0.04423 -0.24011
   0.16349  0.04368 -0.24301
   0.15624  0.04311 -0.24357
   0.14907  0.04251 -0.24656
   0.14200  0.04189 -0.24778
   0.13503  0.04125 -0.24937
   0.12818  0.04059 -0.25079
   0.12147  0.03990 -0.25171
   0.11493  0.03919 -0.25244
   0.10856  0.03847 -0.25323
   0.10240  0.03773 -0.25356
   0.09647  0.03699 -0.25536
   0.09078  0.03624 -0.25795
   0.08537  0.03550 -0.25747
   0.08024  0.03476 -0.26372
   0.07540  0.03403 -0.26648
   0.07085  0.03331 -0.27127
   0.06658  0.03261 -0.28524
   0.06257  0.03190 -0.28702
   0.05879  0.03120 -0.29951
   0.05523  0.03050 -0.30489
   0.05189  0.02978 -0.30410
   0.04873  0.02906 -0.29895
   0.04574  0.02833 -0.28893
   0.04291  0.02760 -0.28059
   0.04024  0.02687 -0.26651
   0.03771  0.02615 -0.25538
   0.03531  0.02543 -0.24853
   0.03305  0.02471 -0.22433
   0.03089  0.02399 -0.19468
   0.02884  0.02329 -0.17157
   0.02688  0.02260 -0.15692
   0.02502  0.02195 -0.15648
   0.02326  0.02131 -0.15626
   0.02159  0.02067 -0.15661
   0.02000  0.02005 -0.15217
   0.01849  0.01942 -0.14291
   0.01706  0.01880 -0.12594
   0.01569  0.01817 -0.10034
   0.01439  0.01754 -0.07906
   0.01314  0.01692 -0.05694
   0.01194  0.01630 -0.03796
   0.01080  0.01568 -0.02041
   0.00971  0.01507 -0.00398
   0.00867  0.01445  0.01918
   0.00767  0.01383  0.03411
   0.00672  0.01321  0.05571
   0.00581  0.01258  0.07271
   0.00495  0.01194  0.10029
   0.00414  0.01128  0.11968
   0.00338  0.01061  0.14261
   0.00268  0.00990  0.17107
   0.00207  0.00914  0.28353
   0.00154  0.00835  0.37430
   0.00111  0.00752  0.49847
   0.00078  0.00665  0.64088
   0.00053  0.00577  0.75712
   0.00035  0.00489  0.84235
   0.00022  0.00400  0.90085
   0.00012  0.00312  0.94464
   0.00005  0.00224  0.97207
   0.00001  0.00137  0.98967
  -0.00000  0.00051  0.99862
   0.00001 -0.00034  0.99950
   0.00004 -0.00120  0.99312
   0.00010 -0.00206  0.97933
   0.00020 -0.00292  0.96540
   0.00027 -0.00380  0.93008
   0.00039 -0.00468  0.90038
   0.00054 -0.00556  0.85751
   0.00072 -0.00645  0.80443
   0.00092 -0.00735  0.74484
   0.00115 -0.00824  0.67424
   0.00142 -0.00914  0.58394
   0.00173 -0.01004  0.48324
   0.00207 -0.01094  0.36758
   0.00247 -0.01182  0.20494
   0.00292 -0.01269  0.12551
   0.00342 -0.01356 -0.19479
   0.00402 -0.01437 -0.26025
   0.00470 -0.01514 -0.36705
   0.00546 -0.01587 -0.40685
   0.00629 -0.01657 -0.44026
   0.00717 -0.01724 -0.45640
   0.00811 -0.01789 -0.47586
   0.00910 -0.01851 -0.47863
   0.01015 -0.01912 -0.47887
   0.01125 -0.01971 -0.48246
   0.01240 -0.02029 -0.47849
   0.01361 -0.02086 -0.47576
   0.01488 -0.02142 -0.47138
   0.01621 -0.02198 -0.45983
   0.01761 -0.02253 -0.45466
   0.01908 -0.02307 -0.44163
   0.02063 -0.02362 -0.43892
   0.02226 -0.02417 -0.42843
   0.02397 -0.02472 -0.41565
   0.02579 -0.02528 -0.41036
   0.02770 -0.02584 -0.40190
   0.02973 -0.02641 -0.39593
   0.03189 -0.02700 -0.38993
   0.03419 -0.02759 -0.38520
   0.03663 -0.02820 -0.37616
   0.03924 -0.02882 -0.37118
   0.04203 -0.02945 -0.36200
   0.04502 -0.03011 -0.35681
   0.04822 -0.03078 -0.35239
   0.05165 -0.03148 -0.35035
   0.05533 -0.03220 -0.34718
   0.05925 -0.03293 -0.34533
   0.06344 -0.03368 -0.34179
   0.06789 -0.03445 -0.34086
   0.07262 -0.03522 -0.33719
   0.07761 -0.03600 -0.33677
   0.08288 -0.03679 -0.33446
   0.08842 -0.03758 -0.33219
   0.09419 -0.03836 -0.33011
   0.10019 -0.03914 -0.32897
   0.10638 -0.03991 -0.32893
   0.11276 -0.04065 -0.32876
   0.11929 -0.04138 -0.32872
   0.12594 -0.04208 -0.32809
   0.13272 -0.04276 -0.32770
   0.13959 -0.04340 -0.32690
   0.14656 -0.04401 -0.32442
   0.15362 -0.04460 -0.32329
   0.16075 -0.04515 -0.31994
   0.16794 -0.04567 -0.31819
   0.17519 -0.04616 -0.31533
   0.18248 -0.04663 -0.31379
   0.18981 -0.04706 -0.31202
   0.19717 -0.04747 -0.31105
   0.20456 -0.04785 -0.30725
   0.21197 -0.04820 -0.30674
   0.21942 -0.04852 -0.30300
   0.22690 -0.04882 -0.30076
   0.23441 -0.04909 -0.29636
   0.24195 -0.04934 -0.29456
   0.24951 -0.04956 -0.29279
   0.25708 -0.04977 -0.28983
   0.26468 -0.04995 -0.28879
   0.27229 -0.05011 -0.28481
   0.27991 -0.05024 -0.28363
   0.28756 -0.05036 -0.28045
   0.29522 -0.05046 -0.27875
   0.30289 -0.05054 -0.27711
   0.31057 -0.05060 -0.27523
   0.31825 -0.05064 -0.27322
   0.32595 -0.05066 -0.27186
   0.33364 -0.05066 -0.27054
   0.34135 -0.05065 -0.26893
   0.34906 -0.05061 -0.26740
   0.35677 -0.05056 -0.26579
   0.36448 -0.05048 -0.26435
   0.37219 -0.05039 -0.26295
   0.37990 -0.05028 -0.26115
   0.38761 -0.05015 -0.25997
   0.39532 -0.05001 -0.25884
   0.40302 -0.04984 -0.25764
   0.41072 -0.04966 -0.25573
   0.41842 -0.04945 -0.25531
   0.42610 -0.04923 -0.25411
   0.43378 -0.04899 -0.25354
   0.44144 -0.04873 -0.25156
   0.44910 -0.04845 -0.25120
   0.45674 -0.04815 -0.24980
   0.46437 -0.04783 -0.24925
   0.47199 -0.04749 -0.24770
   0.47960 -0.04713 -0.24599
   0.48720 -0.04674 -0.24485
   0.49478 -0.04634 -0.24327
   0.50235 -0.04590 -0.24104
   0.50991 -0.04545 -0.23999
   0.51745 -0.04497 -0.23746
   0.52498 -0.04447 -0.23522
   0.53250 -0.04395 -0.23323
   0.54000 -0.04340 -0.23082
   0.54749 -0.04282 -0.22812
   0.55497 -0.04222 -0.22512
   0.56243 -0.04159 -0.22165
   0.56987 -0.04093 -0.21843
   0.57730 -0.04025 -0.21488
   0.58471 -0.03954 -0.21092
   0.59210 -0.03881 -0.20685
   0.59948 -0.03804 -0.20258
   0.60683 -0.03724 -0.19810
   0.61417 -0.03642 -0.19202
   0.62149 -0.03556 -0.18745
   0.62879 -0.03468 -0.18034
   0.63608 -0.03376 -0.17479
   0.64335 -0.03281 -0.16678
   0.65061 -0.03183 -0.15986
   0.65786 -0.03081 -0.15143
   0.66510 -0.02976 -0.14267
   0.67232 -0.02867 -0.13308
   0.67954 -0.02755 -0.12313
   0.68676 -0.02640 -0.11267
   0.69397 -0.02520 -0.10165
   0.70117 -0.02398 -0.08903
   0.70838 -0.02271 -0.07649
   0.71559 -0.02141 -0.06315
   0.72281 -0.02007 -0.04892
   0.73004 -0.01870 -0.03430
   0.73728 -0.01729 -0.01838
   0.74453 -0.01584 -0.00102
   0.75180 -0.01436  0.01521
   0.75910 -0.01284  0.03504
   0.76642 -0.01128  0.05291
   0.77378 -0.00969  0.07456
   0.78118 -0.00807  0.09327
   0.78863 -0.00642  0.11659
   0.79611 -0.00475  0.13726
   0.80361 -0.00306  0.16152
   0.81108 -0.00138  0.18428
   0.81847  0.00029  0.20715
   0.82574  0.00191  0.23075
   0.83289  0.00348  0.25263
   0.83991  0.00499  0.27302
   0.84680  0.00644  0.29260
   0.85358  0.00782  0.31193
   0.86023  0.00913  0.32810
   0.86676  0.01036  0.34656
   0.87316  0.01151  0.36070
   0.87944  0.01258  0.37697
   0.88561  0.01356  0.38874
   0.89167  0.01445  0.40090
   0.89763  0.01526  0.41159
   0.90349  0.01599  0.42113
   0.90927  0.01663  0.42886
   0.91493  0.01718  0.43840
   0.92047  0.01765  0.44432
   0.92588  0.01803  0.45243
   0.93120  0.01832  0.45603
   0.93644  0.01853  0.45680
   0.94160  0.01868  0.45967
   0.94662  0.01876  0.46664
   0.95140  0.01879  0.48188
   0.95595  0.01872  0.49155
   0.96030  0.01853  0.49658
   0.96456  0.01820  0.48161
   0.96881  0.01775  0.45409
   0.97308  0.01723  0.42696
   0.97733  0.01672  0.41475
   0.98147  0.01621  0.42783
   0.98549  0.01562  0.43469
   0.98945  0.01488  0.38948
   0.99342  0.01406  0.32477
   0.99738  0.01325  0.29937
   1.00000  0.01271  0.25409
