GRUMMAN K-2 AIRFOIL                             
 Alfa =  -1.12200 Re =        0.000 Xflap,Yflap =     0.000000    0.000000
#    x        y        Cp  
   1.00000  0.01371  0.25413
   0.99740  0.01444  0.09901
   0.99329  0.01549  0.06119
   0.98889  0.01657  0.04566
   0.98423  0.01772  0.00514
   0.97929  0.01890 -0.02991
   0.97409  0.02011 -0.05597
   0.96867  0.02135 -0.08652
   0.96305  0.02259 -0.11316
   0.95727  0.02381 -0.13490
   0.95131  0.02502 -0.15598
   0.94520  0.02620 -0.17118
   0.93893  0.02735 -0.18436
   0.93253  0.02848 -0.19570
   0.92600  0.02957 -0.20294
   0.91932  0.03065 -0.20916
   0.91254  0.03170 -0.21616
   0.90568  0.03272 -0.22494
   0.89876  0.03372 -0.23243
   0.89181  0.03467 -0.24067
   0.88484  0.03559 -0.24673
   0.87782  0.03647 -0.24944
   0.87073  0.03731 -0.25067
   0.86355  0.03812 -0.25189
   0.85628  0.03891 -0.25069
   0.84891  0.03968 -0.24997
   0.84146  0.04044 -0.24997
   0.83396  0.04117 -0.25001
   0.82645  0.04190 -0.25580
   0.81896  0.04260 -0.26084
   0.81149  0.04327 -0.26451
   0.80402  0.04391 -0.26710
   0.79655  0.04452 -0.26967
   0.78909  0.04510 -0.27187
   0.78162  0.04565 -0.27276
   0.77414  0.04617 -0.27235
   0.76665  0.04666 -0.27285
   0.75914  0.04713 -0.27167
   0.75161  0.04756 -0.26994
   0.74405  0.04798 -0.26827
   0.73646  0.04837 -0.26546
   0.72884  0.04874 -0.26309
   0.72118  0.04909 -0.26029
   0.71350  0.04943 -0.25707
   0.70580  0.04974 -0.25534
   0.69806  0.05004 -0.25237
   0.69030  0.05033 -0.25043
   0.68252  0.05060 -0.24839
   0.67473  0.05086 -0.24672
   0.66693  0.05111 -0.24458
   0.65911  0.05135 -0.24340
   0.65129  0.05157 -0.24203
   0.64347  0.05178 -0.24005
   0.63563  0.05197 -0.23902
   0.62779  0.05216 -0.23759
   0.61994  0.05233 -0.23563
   0.61208  0.05249 -0.23517
   0.60421  0.05264 -0.23274
   0.59633  0.05278 -0.23201
   0.58846  0.05291 -0.23087
   0.58058  0.05303 -0.23034
   0.57270  0.05314 -0.22919
   0.56482  0.05324 -0.22837
   0.55693  0.05333 -0.22738
   0.54904  0.05340 -0.22682
   0.54115  0.05347 -0.22548
   0.53326  0.05353 -0.22524
   0.52537  0.05358 -0.22397
   0.51748  0.05361 -0.22317
   0.50958  0.05364 -0.22296
   0.50169  0.05366 -0.22144
   0.49380  0.05367 -0.22191
   0.48590  0.05367 -0.22033
   0.47801  0.05366 -0.22080
   0.47012  0.05363 -0.21987
   0.46224  0.05360 -0.21924
   0.45437  0.05356 -0.21872
   0.44650  0.05351 -0.21828
   0.43864  0.05345 -0.21728
   0.43079  0.05338 -0.21717
   0.42295  0.05330 -0.21696
   0.41514  0.05321 -0.21670
   0.40737  0.05312 -0.21745
   0.39966  0.05301 -0.21696
   0.39202  0.05289 -0.21827
   0.38445  0.05276 -0.21546
   0.37694  0.05262 -0.21291
   0.36954  0.05249 -0.21203
   0.36229  0.05236 -0.21932
   0.35524  0.05223 -0.23035
   0.34842  0.05207 -0.23971
   0.34179  0.05185 -0.23101
   0.33530  0.05159 -0.20400
   0.32892  0.05132 -0.17722
   0.32258  0.05111 -0.16354
   0.31625  0.05098 -0.18008
   0.30988  0.05089 -0.20971
   0.30343  0.05078 -0.23732
   0.29682  0.05061 -0.23975
   0.29002  0.05037 -0.22736
   0.28299  0.05009 -0.21559
   0.27579  0.04982 -0.21444
   0.26847  0.04954 -0.21867
   0.26108  0.04924 -0.22077
   0.25361  0.04892 -0.21981
   0.24607  0.04858 -0.22002
   0.23850  0.04823 -0.22119
   0.23092  0.04786 -0.22181
   0.22333  0.04747 -0.22280
   0.21574  0.04707 -0.22351
   0.20817  0.04664 -0.22554
   0.20063  0.04620 -0.22624
   0.19311  0.04574 -0.22727
   0.18563  0.04526 -0.23067
   0.17820  0.04475 -0.23062
   0.17081  0.04423 -0.23216
   0.16349  0.04368 -0.23484
   0.15624  0.04311 -0.23517
   0.14907  0.04251 -0.23791
   0.14200  0.04189 -0.23888
   0.13503  0.04125 -0.24021
   0.12818  0.04059 -0.24134
   0.12147  0.03990 -0.24197
   0.11493  0.03919 -0.24239
   0.10856  0.03847 -0.24286
   0.10240  0.03773 -0.24285
   0.09647  0.03699 -0.24429
   0.09078  0.03624 -0.24649
   0.08537  0.03550 -0.24563
   0.08024  0.03476 -0.25144
   0.07540  0.03403 -0.25376
   0.07085  0.03331 -0.25809
   0.06658  0.03261 -0.27147
   0.06257  0.03190 -0.27278
   0.05879  0.03120 -0.28466
   0.05523  0.03050 -0.28949
   0.05189  0.02978 -0.28820
   0.04873  0.02906 -0.28260
   0.04574  0.02833 -0.27217
   0.04291  0.02760 -0.26338
   0.04024  0.02687 -0.24894
   0.03771  0.02615 -0.23738
   0.03531  0.02543 -0.23003
   0.03305  0.02471 -0.20558
   0.03089  0.02399 -0.17575
   0.02884  0.02329 -0.15240
   0.02688  0.02260 -0.13733
   0.02502  0.02195 -0.13622
   0.02326  0.02131 -0.13529
   0.02159  0.02067 -0.13489
   0.02000  0.02005 -0.12974
   0.01849  0.01942 -0.11982
   0.01706  0.01880 -0.10234
   0.01569  0.01817 -0.07634
   0.01439  0.01754 -0.05461
   0.01314  0.01692 -0.03198
   0.01194  0.01630 -0.01238
   0.01080  0.01568  0.00587
   0.00971  0.01507  0.02305
   0.00867  0.01445  0.04694
   0.00767  0.01383  0.06281
   0.00672  0.01321  0.08539
   0.00581  0.01258  0.10355
   0.00495  0.01194  0.13223
   0.00414  0.01128  0.15308
   0.00338  0.01061  0.17781
   0.00268  0.00990  0.20810
   0.00207  0.00914  0.31892
   0.00154  0.00835  0.40874
   0.00111  0.00752  0.52981
   0.00078  0.00665  0.66671
   0.00053  0.00577  0.77758
   0.00035  0.00489  0.85821
   0.00022  0.00400  0.91302
   0.00012  0.00312  0.95344
   0.00005  0.00224  0.97810
   0.00001  0.00137  0.99315
  -0.00000  0.00051  0.99966
   0.00001 -0.00034  0.99834
   0.00004 -0.00120  0.98973
   0.00010 -0.00206  0.97360
   0.00020 -0.00292  0.95872
   0.00027 -0.00380  0.91979
   0.00039 -0.00468  0.88862
   0.00054 -0.00556  0.84344
   0.00072 -0.00645  0.78793
   0.00092 -0.00735  0.72598
   0.00115 -0.00824  0.65286
   0.00142 -0.00914  0.55958
   0.00173 -0.01004  0.45583
   0.00207 -0.01094  0.33709
   0.00247 -0.01182  0.16992
   0.00292 -0.01269  0.08990
   0.00342 -0.01356 -0.23973
   0.00402 -0.01437 -0.30408
   0.00470 -0.01514 -0.41158
   0.00546 -0.01587 -0.44975
   0.00629 -0.01657 -0.48172
   0.00717 -0.01724 -0.49608
   0.00811 -0.01789 -0.51408
   0.00910 -0.01851 -0.51519
   0.01015 -0.01912 -0.51381
   0.01125 -0.01971 -0.51600
   0.01240 -0.02029 -0.51064
   0.01361 -0.02086 -0.50662
   0.01488 -0.02142 -0.50098
   0.01621 -0.02198 -0.48818
   0.01761 -0.02253 -0.48190
   0.01908 -0.02307 -0.46776
   0.02063 -0.02362 -0.46409
   0.02226 -0.02417 -0.45263
   0.02397 -0.02472 -0.43889
   0.02579 -0.02528 -0.43275
   0.02770 -0.02584 -0.42348
   0.02973 -0.02641 -0.41674
   0.03189 -0.02700 -0.41002
   0.03419 -0.02759 -0.40458
   0.03663 -0.02820 -0.39484
   0.03924 -0.02882 -0.38920
   0.04203 -0.02945 -0.37935
   0.04502 -0.03011 -0.37355
   0.04822 -0.03078 -0.36855
   0.05165 -0.03148 -0.36596
   0.05533 -0.03220 -0.36226
   0.05925 -0.03293 -0.35989
   0.06344 -0.03368 -0.35584
   0.06789 -0.03445 -0.35443
   0.07262 -0.03522 -0.35029
   0.07761 -0.03600 -0.34943
   0.08288 -0.03679 -0.34669
   0.08842 -0.03758 -0.34400
   0.09419 -0.03836 -0.34152
   0.10019 -0.03914 -0.34000
   0.10638 -0.03991 -0.33962
   0.11276 -0.04065 -0.33912
   0.11929 -0.04138 -0.33878
   0.12594 -0.04208 -0.33785
   0.13272 -0.04276 -0.33717
   0.13959 -0.04340 -0.33610
   0.14656 -0.04401 -0.33336
   0.15362 -0.04460 -0.33198
   0.16075 -0.04515 -0.32839
   0.16794 -0.04567 -0.32642
   0.17519 -0.04616 -0.32334
   0.18248 -0.04663 -0.32159
   0.18981 -0.04706 -0.31963
   0.19717 -0.04747 -0.31847
   0.20456 -0.04785 -0.31450
   0.21197 -0.04820 -0.31382
   0.21942 -0.04852 -0.30991
   0.22690 -0.04882 -0.30751
   0.23441 -0.04909 -0.30296
   0.24195 -0.04934 -0.30101
   0.24951 -0.04956 -0.29910
   0.25708 -0.04977 -0.29600
   0.26468 -0.04995 -0.29484
   0.27229 -0.05011 -0.29072
   0.27991 -0.05024 -0.28942
   0.28756 -0.05036 -0.28612
   0.29522 -0.05046 -0.28431
   0.30289 -0.05054 -0.28256
   0.31057 -0.05060 -0.28058
   0.31825 -0.05064 -0.27848
   0.32595 -0.05066 -0.27701
   0.33364 -0.05066 -0.27559
   0.34135 -0.05065 -0.27389
   0.34906 -0.05061 -0.27228
   0.35677 -0.05056 -0.27057
   0.36448 -0.05048 -0.26904
   0.37219 -0.05039 -0.26757
   0.37990 -0.05028 -0.26567
   0.38761 -0.05015 -0.26443
   0.39532 -0.05001 -0.26321
   0.40302 -0.04984 -0.26194
   0.41072 -0.04966 -0.25996
   0.41842 -0.04945 -0.25946
   0.42610 -0.04923 -0.25819
   0.43378 -0.04899 -0.25755
   0.44144 -0.04873 -0.25551
   0.44910 -0.04845 -0.25507
   0.45674 -0.04815 -0.25362
   0.46437 -0.04783 -0.25300
   0.47199 -0.04749 -0.25139
   0.47960 -0.04713 -0.24962
   0.48720 -0.04674 -0.24841
   0.49478 -0.04634 -0.24678
   0.50235 -0.04590 -0.24448
   0.50991 -0.04545 -0.24336
   0.51745 -0.04497 -0.24079
   0.52498 -0.04447 -0.23848
   0.53250 -0.04395 -0.23645
   0.54000 -0.04340 -0.23397
   0.54749 -0.04282 -0.23121
   0.55497 -0.04222 -0.22816
   0.56243 -0.04159 -0.22462
   0.56987 -0.04093 -0.22136
   0.57730 -0.04025 -0.21776
   0.58471 -0.03954 -0.21373
   0.59210 -0.03881 -0.20961
   0.59948 -0.03804 -0.20528
   0.60683 -0.03724 -0.20076
   0.61417 -0.03642 -0.19461
   0.62149 -0.03556 -0.18999
   0.62879 -0.03468 -0.18282
   0.63608 -0.03376 -0.17722
   0.64335 -0.03281 -0.16916
   0.65061 -0.03183 -0.16217
   0.65786 -0.03081 -0.15369
   0.66510 -0.02976 -0.14488
   0.67232 -0.02867 -0.13522
   0.67954 -0.02755 -0.12521
   0.68676 -0.02640 -0.11471
   0.69397 -0.02520 -0.10362
   0.70117 -0.02398 -0.09095
   0.70838 -0.02271 -0.07834
   0.71559 -0.02141 -0.06494
   0.72281 -0.02007 -0.05066
   0.73004 -0.01870 -0.03600
   0.73728 -0.01729 -0.02001
   0.74453 -0.01584 -0.00257
   0.75180 -0.01436  0.01370
   0.75910 -0.01284  0.03359
   0.76642 -0.01128  0.05154
   0.77378 -0.00969  0.07324
   0.78118 -0.00807  0.09200
   0.78863 -0.00642  0.11538
   0.79611 -0.00475  0.13612
   0.80361 -0.00306  0.16043
   0.81108 -0.00138  0.18325
   0.81847  0.00029  0.20617
   0.82574  0.00191  0.22983
   0.83289  0.00348  0.25176
   0.83991  0.00499  0.27219
   0.84680  0.00644  0.29182
   0.85358  0.00782  0.31118
   0.86023  0.00913  0.32740
   0.86676  0.01036  0.34590
   0.87316  0.01151  0.36004
   0.87944  0.01258  0.37638
   0.88561  0.01356  0.38817
   0.89167  0.01445  0.40035
   0.89763  0.01526  0.41108
   0.90349  0.01599  0.42062
   0.90927  0.01663  0.42838
   0.91493  0.01718  0.43796
   0.92047  0.01765  0.44386
   0.92588  0.01803  0.45203
   0.93120  0.01832  0.45563
   0.93644  0.01853  0.45642
   0.94160  0.01868  0.45931
   0.94662  0.01876  0.46627
   0.95140  0.01879  0.48157
   0.95595  0.01872  0.49123
   0.96030  0.01853  0.49629
   0.96456  0.01820  0.48134
   0.96881  0.01775  0.45379
   0.97308  0.01723  0.42668
   0.97733  0.01672  0.41448
   0.98147  0.01621  0.42759
   0.98549  0.01562  0.43449
   0.98945  0.01488  0.38926
   0.99342  0.01406  0.32456
   0.99738  0.01325  0.29920
   1.00000  0.01271  0.25413
