GRUMMAN K-2 AIRFOIL                             
 Alfa =  -1.18200 Re =        0.000 Xflap,Yflap =     0.000000    0.000000
#    x        y        Cp  
   1.00000  0.01371  0.25416
   0.99740  0.01444  0.09909
   0.99329  0.01549  0.06129
   0.98889  0.01657  0.04583
   0.98423  0.01772  0.00538
   0.97929  0.01890 -0.02964
   0.97409  0.02011 -0.05567
   0.96867  0.02135 -0.08615
   0.96305  0.02259 -0.11275
   0.95727  0.02381 -0.13446
   0.95131  0.02502 -0.15548
   0.94520  0.02620 -0.17063
   0.93893  0.02735 -0.18377
   0.93253  0.02848 -0.19506
   0.92600  0.02957 -0.20229
   0.91932  0.03065 -0.20844
   0.91254  0.03170 -0.21543
   0.90568  0.03272 -0.22414
   0.89876  0.03372 -0.23161
   0.89181  0.03467 -0.23980
   0.88484  0.03559 -0.24583
   0.87782  0.03647 -0.24852
   0.87073  0.03731 -0.24970
   0.86355  0.03812 -0.25089
   0.85628  0.03891 -0.24967
   0.84891  0.03968 -0.24889
   0.84146  0.04044 -0.24888
   0.83396  0.04117 -0.24888
   0.82645  0.04190 -0.25465
   0.81896  0.04260 -0.25963
   0.81149  0.04327 -0.26327
   0.80402  0.04391 -0.26583
   0.79655  0.04452 -0.26835
   0.78909  0.04510 -0.27055
   0.78162  0.04565 -0.27138
   0.77414  0.04617 -0.27095
   0.76665  0.04666 -0.27141
   0.75914  0.04713 -0.27021
   0.75161  0.04756 -0.26845
   0.74405  0.04798 -0.26676
   0.73646  0.04837 -0.26390
   0.72884  0.04874 -0.26151
   0.72118  0.04909 -0.25869
   0.71350  0.04943 -0.25543
   0.70580  0.04974 -0.25367
   0.69806  0.05004 -0.25069
   0.69030  0.05033 -0.24871
   0.68252  0.05060 -0.24665
   0.67473  0.05086 -0.24493
   0.66693  0.05111 -0.24278
   0.65911  0.05135 -0.24157
   0.65129  0.05157 -0.24015
   0.64347  0.05178 -0.23815
   0.63563  0.05197 -0.23709
   0.62779  0.05216 -0.23563
   0.61994  0.05233 -0.23363
   0.61208  0.05249 -0.23315
   0.60421  0.05264 -0.23069
   0.59633  0.05278 -0.22992
   0.58846  0.05291 -0.22875
   0.58058  0.05303 -0.22819
   0.57270  0.05314 -0.22700
   0.56482  0.05324 -0.22615
   0.55693  0.05333 -0.22513
   0.54904  0.05340 -0.22453
   0.54115  0.05347 -0.22316
   0.53326  0.05353 -0.22288
   0.52537  0.05358 -0.22157
   0.51748  0.05361 -0.22073
   0.50958  0.05364 -0.22049
   0.50169  0.05366 -0.21894
   0.49380  0.05367 -0.21936
   0.48590  0.05367 -0.21774
   0.47801  0.05366 -0.21817
   0.47012  0.05363 -0.21721
   0.46224  0.05360 -0.21653
   0.45437  0.05356 -0.21597
   0.44650  0.05351 -0.21549
   0.43864  0.05345 -0.21445
   0.43079  0.05338 -0.21429
   0.42295  0.05330 -0.21403
   0.41514  0.05321 -0.21373
   0.40737  0.05312 -0.21443
   0.39966  0.05301 -0.21389
   0.39202  0.05289 -0.21516
   0.38445  0.05276 -0.21229
   0.37694  0.05262 -0.20971
   0.36954  0.05249 -0.20877
   0.36229  0.05236 -0.21599
   0.35524  0.05223 -0.22694
   0.34842  0.05207 -0.23623
   0.34179  0.05185 -0.22749
   0.33530  0.05159 -0.20051
   0.32892  0.05132 -0.17377
   0.32258  0.05111 -0.16007
   0.31625  0.05098 -0.17652
   0.30988  0.05089 -0.20601
   0.30343  0.05078 -0.23347
   0.29682  0.05061 -0.23584
   0.29002  0.05037 -0.22343
   0.28299  0.05009 -0.21162
   0.27579  0.04982 -0.21040
   0.26847  0.04954 -0.21455
   0.26108  0.04924 -0.21656
   0.25361  0.04892 -0.21552
   0.24607  0.04858 -0.21564
   0.23850  0.04823 -0.21672
   0.23092  0.04786 -0.21725
   0.22333  0.04747 -0.21814
   0.21574  0.04707 -0.21875
   0.20817  0.04664 -0.22066
   0.20063  0.04620 -0.22125
   0.19311  0.04574 -0.22215
   0.18563  0.04526 -0.22541
   0.17820  0.04475 -0.22524
   0.17081  0.04423 -0.22663
   0.16349  0.04368 -0.22915
   0.15624  0.04311 -0.22933
   0.14907  0.04251 -0.23190
   0.14200  0.04189 -0.23269
   0.13503  0.04125 -0.23383
   0.12818  0.04059 -0.23476
   0.12147  0.03990 -0.23520
   0.11493  0.03919 -0.23540
   0.10856  0.03847 -0.23565
   0.10240  0.03773 -0.23541
   0.09647  0.03699 -0.23659
   0.09078  0.03624 -0.23853
   0.08537  0.03550 -0.23741
   0.08024  0.03476 -0.24290
   0.07540  0.03403 -0.24491
   0.07085  0.03331 -0.24893
   0.06658  0.03261 -0.26190
   0.06257  0.03190 -0.26289
   0.05879  0.03120 -0.27434
   0.05523  0.03050 -0.27880
   0.05189  0.02978 -0.27717
   0.04873  0.02906 -0.27125
   0.04574  0.02833 -0.26053
   0.04291  0.02760 -0.25145
   0.04024  0.02687 -0.23674
   0.03771  0.02615 -0.22489
   0.03531  0.02543 -0.21719
   0.03305  0.02471 -0.19258
   0.03089  0.02399 -0.16263
   0.02884  0.02329 -0.13911
   0.02688  0.02260 -0.12375
   0.02502  0.02195 -0.12219
   0.02326  0.02131 -0.12077
   0.02159  0.02067 -0.11986
   0.02000  0.02005 -0.11422
   0.01849  0.01942 -0.10384
   0.01706  0.01880 -0.08601
   0.01569  0.01817 -0.05976
   0.01439  0.01754 -0.03772
   0.01314  0.01692 -0.01474
   0.01194  0.01630  0.00528
   0.01080  0.01568  0.02401
   0.00971  0.01507  0.04169
   0.00867  0.01445  0.06607
   0.00767  0.01383  0.08258
   0.00672  0.01321  0.10581
   0.00581  0.01258  0.12477
   0.00495  0.01194  0.15417
   0.00414  0.01128  0.17601
   0.00338  0.01061  0.20194
   0.00268  0.00990  0.23344
   0.00207  0.00914  0.34307
   0.00154  0.00835  0.43219
   0.00111  0.00752  0.55108
   0.00078  0.00665  0.68416
   0.00053  0.00577  0.79132
   0.00035  0.00489  0.86877
   0.00022  0.00400  0.92104
   0.00012  0.00312  0.95914
   0.00005  0.00224  0.98188
   0.00001  0.00137  0.99515
  -0.00000  0.00051  0.99997
   0.00001 -0.00034  0.99712
   0.00004 -0.00120  0.98697
   0.00010 -0.00206  0.96919
   0.00020 -0.00292  0.95371
   0.00027 -0.00380  0.91219
   0.00039 -0.00468  0.88003
   0.00054 -0.00556  0.83323
   0.00072 -0.00645  0.77602
   0.00092 -0.00735  0.71242
   0.00115 -0.00824  0.63754
   0.00142 -0.00914  0.54218
   0.00173 -0.01004  0.43628
   0.00207 -0.01094  0.31538
   0.00247 -0.01182  0.14504
   0.00292 -0.01269  0.06464
   0.00342 -0.01356 -0.27158
   0.00402 -0.01437 -0.33510
   0.00470 -0.01514 -0.44306
   0.00546 -0.01587 -0.48006
   0.00629 -0.01657 -0.51099
   0.00717 -0.01724 -0.52408
   0.00811 -0.01789 -0.54103
   0.00910 -0.01851 -0.54095
   0.01015 -0.01912 -0.53842
   0.01125 -0.01971 -0.53962
   0.01240 -0.02029 -0.53327
   0.01361 -0.02086 -0.52834
   0.01488 -0.02142 -0.52181
   0.01621 -0.02198 -0.50811
   0.01761 -0.02253 -0.50104
   0.01908 -0.02307 -0.48612
   0.02063 -0.02362 -0.48178
   0.02226 -0.02417 -0.46962
   0.02397 -0.02472 -0.45521
   0.02579 -0.02528 -0.44848
   0.02770 -0.02584 -0.43863
   0.02973 -0.02641 -0.43135
   0.03189 -0.02700 -0.42411
   0.03419 -0.02759 -0.41819
   0.03663 -0.02820 -0.40794
   0.03924 -0.02882 -0.40184
   0.04203 -0.02945 -0.39152
   0.04502 -0.03011 -0.38529
   0.04822 -0.03078 -0.37987
   0.05165 -0.03148 -0.37690
   0.05533 -0.03220 -0.37282
   0.05925 -0.03293 -0.37009
   0.06344 -0.03368 -0.36568
   0.06789 -0.03445 -0.36394
   0.07262 -0.03522 -0.35946
   0.07761 -0.03600 -0.35830
   0.08288 -0.03679 -0.35524
   0.08842 -0.03758 -0.35226
   0.09419 -0.03836 -0.34951
   0.10019 -0.03914 -0.34773
   0.10638 -0.03991 -0.34710
   0.11276 -0.04065 -0.34637
   0.11929 -0.04138 -0.34581
   0.12594 -0.04208 -0.34467
   0.13272 -0.04276 -0.34380
   0.13959 -0.04340 -0.34254
   0.14656 -0.04401 -0.33961
   0.15362 -0.04460 -0.33805
   0.16075 -0.04515 -0.33430
   0.16794 -0.04567 -0.33217
   0.17519 -0.04616 -0.32893
   0.18248 -0.04663 -0.32704
   0.18981 -0.04706 -0.32495
   0.19717 -0.04747 -0.32366
   0.20456 -0.04785 -0.31957
   0.21197 -0.04820 -0.31877
   0.21942 -0.04852 -0.31473
   0.22690 -0.04882 -0.31222
   0.23441 -0.04909 -0.30756
   0.24195 -0.04934 -0.30551
   0.24951 -0.04956 -0.30351
   0.25708 -0.04977 -0.30031
   0.26468 -0.04995 -0.29906
   0.27229 -0.05011 -0.29486
   0.27991 -0.05024 -0.29347
   0.28756 -0.05036 -0.29009
   0.29522 -0.05046 -0.28819
   0.30289 -0.05054 -0.28637
   0.31057 -0.05060 -0.28431
   0.31825 -0.05064 -0.28214
   0.32595 -0.05066 -0.28060
   0.33364 -0.05066 -0.27912
   0.34135 -0.05065 -0.27735
   0.34906 -0.05061 -0.27568
   0.35677 -0.05056 -0.27391
   0.36448 -0.05048 -0.27231
   0.37219 -0.05039 -0.27080
   0.37990 -0.05028 -0.26883
   0.38761 -0.05015 -0.26754
   0.39532 -0.05001 -0.26626
   0.40302 -0.04984 -0.26494
   0.41072 -0.04966 -0.26291
   0.41842 -0.04945 -0.26236
   0.42610 -0.04923 -0.26104
   0.43378 -0.04899 -0.26035
   0.44144 -0.04873 -0.25827
   0.44910 -0.04845 -0.25777
   0.45674 -0.04815 -0.25628
   0.46437 -0.04783 -0.25561
   0.47199 -0.04749 -0.25396
   0.47960 -0.04713 -0.25215
   0.48720 -0.04674 -0.25090
   0.49478 -0.04634 -0.24922
   0.50235 -0.04590 -0.24689
   0.50991 -0.04545 -0.24572
   0.51745 -0.04497 -0.24312
   0.52498 -0.04447 -0.24076
   0.53250 -0.04395 -0.23869
   0.54000 -0.04340 -0.23617
   0.54749 -0.04282 -0.23337
   0.55497 -0.04222 -0.23028
   0.56243 -0.04159 -0.22670
   0.56987 -0.04093 -0.22340
   0.57730 -0.04025 -0.21976
   0.58471 -0.03954 -0.21569
   0.59210 -0.03881 -0.21154
   0.59948 -0.03804 -0.20716
   0.60683 -0.03724 -0.20261
   0.61417 -0.03642 -0.19642
   0.62149 -0.03556 -0.19176
   0.62879 -0.03468 -0.18455
   0.63608 -0.03376 -0.17891
   0.64335 -0.03281 -0.17081
   0.65061 -0.03183 -0.16378
   0.65786 -0.03081 -0.15527
   0.66510 -0.02976 -0.14642
   0.67232 -0.02867 -0.13671
   0.67954 -0.02755 -0.12666
   0.68676 -0.02640 -0.11614
   0.69397 -0.02520 -0.10500
   0.70117 -0.02398 -0.09229
   0.70838 -0.02271 -0.07964
   0.71559 -0.02141 -0.06619
   0.72281 -0.02007 -0.05188
   0.73004 -0.01870 -0.03718
   0.73728 -0.01729 -0.02114
   0.74453 -0.01584 -0.00365
   0.75180 -0.01436  0.01265
   0.75910 -0.01284  0.03258
   0.76642 -0.01128  0.05058
   0.77378 -0.00969  0.07232
   0.78118 -0.00807  0.09112
   0.78863 -0.00642  0.11454
   0.79611 -0.00475  0.13532
   0.80361 -0.00306  0.15968
   0.81108 -0.00138  0.18254
   0.81847  0.00029  0.20548
   0.82574  0.00191  0.22919
   0.83289  0.00348  0.25115
   0.83991  0.00499  0.27162
   0.84680  0.00644  0.29127
   0.85358  0.00782  0.31066
   0.86023  0.00913  0.32691
   0.86676  0.01036  0.34545
   0.87316  0.01151  0.35958
   0.87944  0.01258  0.37596
   0.88561  0.01356  0.38777
   0.89167  0.01445  0.39997
   0.89763  0.01526  0.41072
   0.90349  0.01599  0.42027
   0.90927  0.01663  0.42805
   0.91493  0.01718  0.43766
   0.92047  0.01765  0.44355
   0.92588  0.01803  0.45175
   0.93120  0.01832  0.45535
   0.93644  0.01853  0.45616
   0.94160  0.01868  0.45906
   0.94662  0.01876  0.46602
   0.95140  0.01879  0.48135
   0.95595  0.01872  0.49102
   0.96030  0.01853  0.49608
   0.96456  0.01820  0.48115
   0.96881  0.01775  0.45359
   0.97308  0.01723  0.42649
   0.97733  0.01672  0.41429
   0.98147  0.01621  0.42743
   0.98549  0.01562  0.43435
   0.98945  0.01488  0.38911
   0.99342  0.01406  0.32442
   0.99738  0.01325  0.29908
   1.00000  0.01271  0.25416
