GRUMMAN K-2 AIRFOIL                             
 Alfa =  -1.06200 Re =        0.000 Xflap,Yflap =     0.000000    0.000000
#    x        y        Cp  
   1.00000  0.01371  0.25410
   0.99740  0.01444  0.09894
   0.99329  0.01549  0.06109
   0.98889  0.01657  0.04549
   0.98423  0.01772  0.00490
   0.97929  0.01890 -0.03018
   0.97409  0.02011 -0.05628
   0.96867  0.02135 -0.08689
   0.96305  0.02259 -0.11356
   0.95727  0.02381 -0.13535
   0.95131  0.02502 -0.15648
   0.94520  0.02620 -0.17172
   0.93893  0.02735 -0.18495
   0.93253  0.02848 -0.19633
   0.92600  0.02957 -0.20360
   0.91932  0.03065 -0.20988
   0.91254  0.03170 -0.21689
   0.90568  0.03272 -0.22573
   0.89876  0.03372 -0.23324
   0.89181  0.03467 -0.24153
   0.88484  0.03559 -0.24763
   0.87782  0.03647 -0.25037
   0.87073  0.03731 -0.25164
   0.86355  0.03812 -0.25290
   0.85628  0.03891 -0.25171
   0.84891  0.03968 -0.25104
   0.84146  0.04044 -0.25106
   0.83396  0.04117 -0.25115
   0.82645  0.04190 -0.25696
   0.81896  0.04260 -0.26204
   0.81149  0.04327 -0.26575
   0.80402  0.04391 -0.26836
   0.79655  0.04452 -0.27098
   0.78909  0.04510 -0.27319
   0.78162  0.04565 -0.27414
   0.77414  0.04617 -0.27375
   0.76665  0.04666 -0.27430
   0.75914  0.04713 -0.27313
   0.75161  0.04756 -0.27144
   0.74405  0.04798 -0.26977
   0.73646  0.04837 -0.26701
   0.72884  0.04874 -0.26466
   0.72118  0.04909 -0.26190
   0.71350  0.04943 -0.25871
   0.70580  0.04974 -0.25700
   0.69806  0.05004 -0.25404
   0.69030  0.05033 -0.25216
   0.68252  0.05060 -0.25013
   0.67473  0.05086 -0.24850
   0.66693  0.05111 -0.24639
   0.65911  0.05135 -0.24523
   0.65129  0.05157 -0.24390
   0.64347  0.05178 -0.24195
   0.63563  0.05197 -0.24095
   0.62779  0.05216 -0.23955
   0.61994  0.05233 -0.23762
   0.61208  0.05249 -0.23718
   0.60421  0.05264 -0.23480
   0.59633  0.05278 -0.23410
   0.58846  0.05291 -0.23299
   0.58058  0.05303 -0.23250
   0.57270  0.05314 -0.23137
   0.56482  0.05324 -0.23058
   0.55693  0.05333 -0.22963
   0.54904  0.05340 -0.22911
   0.54115  0.05347 -0.22780
   0.53326  0.05353 -0.22760
   0.52537  0.05358 -0.22636
   0.51748  0.05361 -0.22561
   0.50958  0.05364 -0.22543
   0.50169  0.05366 -0.22395
   0.49380  0.05367 -0.22445
   0.48590  0.05367 -0.22291
   0.47801  0.05366 -0.22343
   0.47012  0.05363 -0.22253
   0.46224  0.05360 -0.22195
   0.45437  0.05356 -0.22147
   0.44650  0.05351 -0.22108
   0.43864  0.05345 -0.22011
   0.43079  0.05338 -0.22005
   0.42295  0.05330 -0.21988
   0.41514  0.05321 -0.21967
   0.40737  0.05312 -0.22047
   0.39966  0.05301 -0.22004
   0.39202  0.05289 -0.22139
   0.38445  0.05276 -0.21863
   0.37694  0.05262 -0.21612
   0.36954  0.05249 -0.21528
   0.36229  0.05236 -0.22264
   0.35524  0.05223 -0.23377
   0.34842  0.05207 -0.24319
   0.34179  0.05185 -0.23452
   0.33530  0.05159 -0.20748
   0.32892  0.05132 -0.18068
   0.32258  0.05111 -0.16700
   0.31625  0.05098 -0.18364
   0.30988  0.05089 -0.21342
   0.30343  0.05078 -0.24117
   0.29682  0.05061 -0.24366
   0.29002  0.05037 -0.23131
   0.28299  0.05009 -0.21956
   0.27579  0.04982 -0.21848
   0.26847  0.04954 -0.22280
   0.26108  0.04924 -0.22498
   0.25361  0.04892 -0.22410
   0.24607  0.04858 -0.22440
   0.23850  0.04823 -0.22565
   0.23092  0.04786 -0.22638
   0.22333  0.04747 -0.22747
   0.21574  0.04707 -0.22829
   0.20817  0.04664 -0.23043
   0.20063  0.04620 -0.23125
   0.19311  0.04574 -0.23239
   0.18563  0.04526 -0.23593
   0.17820  0.04475 -0.23602
   0.17081  0.04423 -0.23770
   0.16349  0.04368 -0.24054
   0.15624  0.04311 -0.24102
   0.14907  0.04251 -0.24394
   0.14200  0.04189 -0.24508
   0.13503  0.04125 -0.24660
   0.12818  0.04059 -0.24793
   0.12147  0.03990 -0.24876
   0.11493  0.03919 -0.24939
   0.10856  0.03847 -0.25009
   0.10240  0.03773 -0.25032
   0.09647  0.03699 -0.25201
   0.09078  0.03624 -0.25448
   0.08537  0.03550 -0.25389
   0.08024  0.03476 -0.26000
   0.07540  0.03403 -0.26263
   0.07085  0.03331 -0.26728
   0.06658  0.03261 -0.28107
   0.06257  0.03190 -0.28271
   0.05879  0.03120 -0.29501
   0.05523  0.03050 -0.30022
   0.05189  0.02978 -0.29928
   0.04873  0.02906 -0.29400
   0.04574  0.02833 -0.28385
   0.04291  0.02760 -0.27538
   0.04024  0.02687 -0.26119
   0.03771  0.02615 -0.24992
   0.03531  0.02543 -0.24292
   0.03305  0.02471 -0.21865
   0.03089  0.02399 -0.18894
   0.02884  0.02329 -0.16576
   0.02688  0.02260 -0.15098
   0.02502  0.02195 -0.15033
   0.02326  0.02131 -0.14990
   0.02159  0.02067 -0.15002
   0.02000  0.02005 -0.14537
   0.01849  0.01942 -0.13590
   0.01706  0.01880 -0.11878
   0.01569  0.01817 -0.09306
   0.01439  0.01754 -0.07164
   0.01314  0.01692 -0.04936
   0.01194  0.01630 -0.03019
   0.01080  0.01568 -0.01243
   0.00971  0.01507  0.00423
   0.00867  0.01445  0.02762
   0.00767  0.01383  0.04284
   0.00672  0.01321  0.06473
   0.00581  0.01258  0.08209
   0.00495  0.01194  0.11001
   0.00414  0.01128  0.12984
   0.00338  0.01061  0.15333
   0.00268  0.00990  0.18235
   0.00207  0.00914  0.29432
   0.00154  0.00835  0.38481
   0.00111  0.00752  0.50805
   0.00078  0.00665  0.64879
   0.00053  0.00577  0.76340
   0.00035  0.00489  0.84723
   0.00022  0.00400  0.90461
   0.00012  0.00312  0.94738
   0.00005  0.00224  0.97397
   0.00001  0.00137  0.99080
  -0.00000  0.00051  0.99901
   0.00001 -0.00034  0.99922
   0.00004 -0.00120  0.99217
   0.00010 -0.00206  0.97767
   0.00020 -0.00292  0.96344
   0.00027 -0.00380  0.92705
   0.00039 -0.00468  0.89689
   0.00054 -0.00556  0.85332
   0.00072 -0.00645  0.79951
   0.00092 -0.00735  0.73921
   0.00115 -0.00824  0.66785
   0.00142 -0.00914  0.57665
   0.00173 -0.01004  0.47503
   0.00207 -0.01094  0.35844
   0.00247 -0.01182  0.19443
   0.00292 -0.01269  0.11482
   0.00342 -0.01356 -0.20829
   0.00402 -0.01437 -0.27343
   0.00470 -0.01514 -0.38044
   0.00546 -0.01587 -0.41975
   0.00629 -0.01657 -0.45273
   0.00717 -0.01724 -0.46834
   0.00811 -0.01789 -0.48737
   0.00910 -0.01851 -0.48964
   0.01015 -0.01912 -0.48939
   0.01125 -0.01971 -0.49256
   0.01240 -0.02029 -0.48817
   0.01361 -0.02086 -0.48506
   0.01488 -0.02142 -0.48030
   0.01621 -0.02198 -0.46837
   0.01761 -0.02253 -0.46287
   0.01908 -0.02307 -0.44950
   0.02063 -0.02362 -0.44651
   0.02226 -0.02417 -0.43572
   0.02397 -0.02472 -0.42266
   0.02579 -0.02528 -0.41711
   0.02770 -0.02584 -0.40841
   0.02973 -0.02641 -0.40220
   0.03189 -0.02700 -0.39599
   0.03419 -0.02759 -0.39104
   0.03663 -0.02820 -0.38180
   0.03924 -0.02882 -0.37662
   0.04203 -0.02945 -0.36724
   0.04502 -0.03011 -0.36186
   0.04822 -0.03078 -0.35727
   0.05165 -0.03148 -0.35506
   0.05533 -0.03220 -0.35173
   0.05925 -0.03293 -0.34973
   0.06344 -0.03368 -0.34603
   0.06789 -0.03445 -0.34496
   0.07262 -0.03522 -0.34115
   0.07761 -0.03600 -0.34060
   0.08288 -0.03679 -0.33815
   0.08842 -0.03758 -0.33575
   0.09419 -0.03836 -0.33356
   0.10019 -0.03914 -0.33230
   0.10638 -0.03991 -0.33216
   0.11276 -0.04065 -0.33189
   0.11929 -0.04138 -0.33176
   0.12594 -0.04208 -0.33104
   0.13272 -0.04276 -0.33056
   0.13959 -0.04340 -0.32968
   0.14656 -0.04401 -0.32712
   0.15362 -0.04460 -0.32591
   0.16075 -0.04515 -0.32249
   0.16794 -0.04567 -0.32068
   0.17519 -0.04616 -0.31775
   0.18248 -0.04663 -0.31614
   0.18981 -0.04706 -0.31432
   0.19717 -0.04747 -0.31329
   0.20456 -0.04785 -0.30944
   0.21197 -0.04820 -0.30888
   0.21942 -0.04852 -0.30508
   0.22690 -0.04882 -0.30279
   0.23441 -0.04909 -0.29836
   0.24195 -0.04934 -0.29651
   0.24951 -0.04956 -0.29470
   0.25708 -0.04977 -0.29169
   0.26468 -0.04995 -0.29062
   0.27229 -0.05011 -0.28660
   0.27991 -0.05024 -0.28538
   0.28756 -0.05036 -0.28216
   0.29522 -0.05046 -0.28043
   0.30289 -0.05054 -0.27876
   0.31057 -0.05060 -0.27685
   0.31825 -0.05064 -0.27481
   0.32595 -0.05066 -0.27342
   0.33364 -0.05066 -0.27207
   0.34135 -0.05065 -0.27043
   0.34906 -0.05061 -0.26888
   0.35677 -0.05056 -0.26723
   0.36448 -0.05048 -0.26577
   0.37219 -0.05039 -0.26434
   0.37990 -0.05028 -0.26252
   0.38761 -0.05015 -0.26132
   0.39532 -0.05001 -0.26016
   0.40302 -0.04984 -0.25894
   0.41072 -0.04966 -0.25701
   0.41842 -0.04945 -0.25656
   0.42610 -0.04923 -0.25535
   0.43378 -0.04899 -0.25475
   0.44144 -0.04873 -0.25276
   0.44910 -0.04845 -0.25237
   0.45674 -0.04815 -0.25096
   0.46437 -0.04783 -0.25038
   0.47199 -0.04749 -0.24882
   0.47960 -0.04713 -0.24709
   0.48720 -0.04674 -0.24593
   0.49478 -0.04634 -0.24433
   0.50235 -0.04590 -0.24208
   0.50991 -0.04545 -0.24101
   0.51745 -0.04497 -0.23847
   0.52498 -0.04447 -0.23621
   0.53250 -0.04395 -0.23421
   0.54000 -0.04340 -0.23177
   0.54749 -0.04282 -0.22905
   0.55497 -0.04222 -0.22604
   0.56243 -0.04159 -0.22255
   0.56987 -0.04093 -0.21931
   0.57730 -0.04025 -0.21575
   0.58471 -0.03954 -0.21177
   0.59210 -0.03881 -0.20768
   0.59948 -0.03804 -0.20339
   0.60683 -0.03724 -0.19890
   0.61417 -0.03642 -0.19280
   0.62149 -0.03556 -0.18822
   0.62879 -0.03468 -0.18109
   0.63608 -0.03376 -0.17553
   0.64335 -0.03281 -0.16750
   0.65061 -0.03183 -0.16056
   0.65786 -0.03081 -0.15212
   0.66510 -0.02976 -0.14334
   0.67232 -0.02867 -0.13373
   0.67954 -0.02755 -0.12376
   0.68676 -0.02640 -0.11329
   0.69397 -0.02520 -0.10225
   0.70117 -0.02398 -0.08961
   0.70838 -0.02271 -0.07705
   0.71559 -0.02141 -0.06369
   0.72281 -0.02007 -0.04944
   0.73004 -0.01870 -0.03482
   0.73728 -0.01729 -0.01888
   0.74453 -0.01584 -0.00149
   0.75180 -0.01436  0.01475
   0.75910 -0.01284  0.03460
   0.76642 -0.01128  0.05250
   0.77378 -0.00969  0.07416
   0.78118 -0.00807  0.09288
   0.78863 -0.00642  0.11623
   0.79611 -0.00475  0.13691
   0.80361 -0.00306  0.16119
   0.81108 -0.00138  0.18397
   0.81847  0.00029  0.20686
   0.82574  0.00191  0.23047
   0.83289  0.00348  0.25237
   0.83991  0.00499  0.27277
   0.84680  0.00644  0.29237
   0.85358  0.00782  0.31170
   0.86023  0.00913  0.32789
   0.86676  0.01036  0.34636
   0.87316  0.01151  0.36050
   0.87944  0.01258  0.37679
   0.88561  0.01356  0.38856
   0.89167  0.01445  0.40073
   0.89763  0.01526  0.41144
   0.90349  0.01599  0.42097
   0.90927  0.01663  0.42872
   0.91493  0.01718  0.43827
   0.92047  0.01765  0.44418
   0.92588  0.01803  0.45231
   0.93120  0.01832  0.45591
   0.93644  0.01853  0.45669
   0.94160  0.01868  0.45956
   0.94662  0.01876  0.46653
   0.95140  0.01879  0.48178
   0.95595  0.01872  0.49145
   0.96030  0.01853  0.49649
   0.96456  0.01820  0.48152
   0.96881  0.01775  0.45400
   0.97308  0.01723  0.42688
   0.97733  0.01672  0.41467
   0.98147  0.01621  0.42776
   0.98549  0.01562  0.43463
   0.98945  0.01488  0.38941
   0.99342  0.01406  0.32471
   0.99738  0.01325  0.29932
   1.00000  0.01271  0.25410
