GRUMMAN K-2 AIRFOIL                             
 Alfa =  -1.14400 Re =        0.000 Xflap,Yflap =     0.000000    0.000000
#    x        y        Cp  
   1.00000  0.01371  0.25414
   0.99740  0.01444  0.09904
   0.99329  0.01549  0.06123
   0.98889  0.01657  0.04572
   0.98423  0.01772  0.00522
   0.97929  0.01890 -0.02981
   0.97409  0.02011 -0.05586
   0.96867  0.02135 -0.08639
   0.96305  0.02259 -0.11301
   0.95727  0.02381 -0.13474
   0.95131  0.02502 -0.15580
   0.94520  0.02620 -0.17098
   0.93893  0.02735 -0.18414
   0.93253  0.02848 -0.19547
   0.92600  0.02957 -0.20270
   0.91932  0.03065 -0.20890
   0.91254  0.03170 -0.21589
   0.90568  0.03272 -0.22465
   0.89876  0.03372 -0.23213
   0.89181  0.03467 -0.24035
   0.88484  0.03559 -0.24640
   0.87782  0.03647 -0.24910
   0.87073  0.03731 -0.25032
   0.86355  0.03812 -0.25152
   0.85628  0.03891 -0.25032
   0.84891  0.03968 -0.24957
   0.84146  0.04044 -0.24957
   0.83396  0.04117 -0.24960
   0.82645  0.04190 -0.25538
   0.81896  0.04260 -0.26040
   0.81149  0.04327 -0.26405
   0.80402  0.04391 -0.26664
   0.79655  0.04452 -0.26918
   0.78909  0.04510 -0.27139
   0.78162  0.04565 -0.27226
   0.77414  0.04617 -0.27184
   0.76665  0.04666 -0.27232
   0.75914  0.04713 -0.27114
   0.75161  0.04756 -0.26940
   0.74405  0.04798 -0.26771
   0.73646  0.04837 -0.26489
   0.72884  0.04874 -0.26251
   0.72118  0.04909 -0.25971
   0.71350  0.04943 -0.25647
   0.70580  0.04974 -0.25473
   0.69806  0.05004 -0.25175
   0.69030  0.05033 -0.24980
   0.68252  0.05060 -0.24775
   0.67473  0.05086 -0.24606
   0.66693  0.05111 -0.24392
   0.65911  0.05135 -0.24273
   0.65129  0.05157 -0.24134
   0.64347  0.05178 -0.23935
   0.63563  0.05197 -0.23831
   0.62779  0.05216 -0.23687
   0.61994  0.05233 -0.23489
   0.61208  0.05249 -0.23443
   0.60421  0.05264 -0.23199
   0.59633  0.05278 -0.23125
   0.58846  0.05291 -0.23010
   0.58058  0.05303 -0.22955
   0.57270  0.05314 -0.22838
   0.56482  0.05324 -0.22755
   0.55693  0.05333 -0.22655
   0.54904  0.05340 -0.22598
   0.54115  0.05347 -0.22463
   0.53326  0.05353 -0.22437
   0.52537  0.05358 -0.22309
   0.51748  0.05361 -0.22228
   0.50958  0.05364 -0.22206
   0.50169  0.05366 -0.22052
   0.49380  0.05367 -0.22097
   0.48590  0.05367 -0.21938
   0.47801  0.05366 -0.21983
   0.47012  0.05363 -0.21889
   0.46224  0.05360 -0.21824
   0.45437  0.05356 -0.21771
   0.44650  0.05351 -0.21726
   0.43864  0.05345 -0.21624
   0.43079  0.05338 -0.21611
   0.42295  0.05330 -0.21589
   0.41514  0.05321 -0.21561
   0.40737  0.05312 -0.21634
   0.39966  0.05301 -0.21584
   0.39202  0.05289 -0.21713
   0.38445  0.05276 -0.21429
   0.37694  0.05262 -0.21174
   0.36954  0.05249 -0.21083
   0.36229  0.05236 -0.21810
   0.35524  0.05223 -0.22910
   0.34842  0.05207 -0.23843
   0.34179  0.05185 -0.22972
   0.33530  0.05159 -0.20272
   0.32892  0.05132 -0.17596
   0.32258  0.05111 -0.16226
   0.31625  0.05098 -0.17877
   0.30988  0.05089 -0.20835
   0.30343  0.05078 -0.23591
   0.29682  0.05061 -0.23831
   0.29002  0.05037 -0.22592
   0.28299  0.05009 -0.21413
   0.27579  0.04982 -0.21296
   0.26847  0.04954 -0.21716
   0.26108  0.04924 -0.21923
   0.25361  0.04892 -0.21823
   0.24607  0.04858 -0.21841
   0.23850  0.04823 -0.21955
   0.23092  0.04786 -0.22014
   0.22333  0.04747 -0.22109
   0.21574  0.04707 -0.22177
   0.20817  0.04664 -0.22375
   0.20063  0.04620 -0.22441
   0.19311  0.04574 -0.22539
   0.18563  0.04526 -0.22874
   0.17820  0.04475 -0.22865
   0.17081  0.04423 -0.23013
   0.16349  0.04368 -0.23275
   0.15624  0.04311 -0.23303
   0.14907  0.04251 -0.23571
   0.14200  0.04189 -0.23661
   0.13503  0.04125 -0.23787
   0.12818  0.04059 -0.23893
   0.12147  0.03990 -0.23949
   0.11493  0.03919 -0.23982
   0.10856  0.03847 -0.24021
   0.10240  0.03773 -0.24012
   0.09647  0.03699 -0.24146
   0.09078  0.03624 -0.24357
   0.08537  0.03550 -0.24261
   0.08024  0.03476 -0.24831
   0.07540  0.03403 -0.25051
   0.07085  0.03331 -0.25473
   0.06658  0.03261 -0.26796
   0.06257  0.03190 -0.26915
   0.05879  0.03120 -0.28087
   0.05523  0.03050 -0.28556
   0.05189  0.02978 -0.28415
   0.04873  0.02906 -0.27843
   0.04574  0.02833 -0.26790
   0.04291  0.02760 -0.25900
   0.04024  0.02687 -0.24446
   0.03771  0.02615 -0.23279
   0.03531  0.02543 -0.22531
   0.03305  0.02471 -0.20080
   0.03089  0.02399 -0.17093
   0.02884  0.02329 -0.14752
   0.02688  0.02260 -0.13234
   0.02502  0.02195 -0.13107
   0.02326  0.02131 -0.12996
   0.02159  0.02067 -0.12937
   0.02000  0.02005 -0.12404
   0.01849  0.01942 -0.11395
   0.01706  0.01880 -0.09634
   0.01569  0.01817 -0.07025
   0.01439  0.01754 -0.04840
   0.01314  0.01692 -0.02564
   0.01194  0.01630 -0.00589
   0.01080  0.01568  0.01254
   0.00971  0.01507  0.02990
   0.00867  0.01445  0.05398
   0.00767  0.01383  0.07008
   0.00672  0.01321  0.09290
   0.00581  0.01258  0.11136
   0.00495  0.01194  0.14031
   0.00414  0.01128  0.16152
   0.00338  0.01061  0.18670
   0.00268  0.00990  0.21744
   0.00207  0.00914  0.32782
   0.00154  0.00835  0.41739
   0.00111  0.00752  0.53767
   0.00078  0.00665  0.67316
   0.00053  0.00577  0.78267
   0.00035  0.00489  0.86213
   0.00022  0.00400  0.91601
   0.00012  0.00312  0.95557
   0.00005  0.00224  0.97953
   0.00001  0.00137  0.99392
  -0.00000  0.00051  0.99982
   0.00001 -0.00034  0.99793
   0.00004 -0.00120  0.98876
   0.00010 -0.00206  0.97203
   0.00020 -0.00292  0.95692
   0.00027 -0.00380  0.91705
   0.00039 -0.00468  0.88551
   0.00054 -0.00556  0.83973
   0.00072 -0.00645  0.78360
   0.00092 -0.00735  0.72105
   0.00115 -0.00824  0.64728
   0.00142 -0.00914  0.55324
   0.00173 -0.01004  0.44870
   0.00207 -0.01094  0.32917
   0.00247 -0.01182  0.16084
   0.00292 -0.01269  0.08068
   0.00342 -0.01356 -0.25136
   0.00402 -0.01437 -0.31541
   0.00470 -0.01514 -0.42308
   0.00546 -0.01587 -0.46083
   0.00629 -0.01657 -0.49242
   0.00717 -0.01724 -0.50632
   0.00811 -0.01789 -0.52394
   0.00910 -0.01851 -0.52461
   0.01015 -0.01912 -0.52281
   0.01125 -0.01971 -0.52464
   0.01240 -0.02029 -0.51892
   0.01361 -0.02086 -0.51457
   0.01488 -0.02142 -0.50861
   0.01621 -0.02198 -0.49547
   0.01761 -0.02253 -0.48890
   0.01908 -0.02307 -0.47448
   0.02063 -0.02362 -0.47057
   0.02226 -0.02417 -0.45885
   0.02397 -0.02472 -0.44486
   0.02579 -0.02528 -0.43851
   0.02770 -0.02584 -0.42903
   0.02973 -0.02641 -0.42209
   0.03189 -0.02700 -0.41518
   0.03419 -0.02759 -0.40956
   0.03663 -0.02820 -0.39964
   0.03924 -0.02882 -0.39383
   0.04203 -0.02945 -0.38381
   0.04502 -0.03011 -0.37785
   0.04822 -0.03078 -0.37270
   0.05165 -0.03148 -0.36996
   0.05533 -0.03220 -0.36613
   0.05925 -0.03293 -0.36363
   0.06344 -0.03368 -0.35944
   0.06789 -0.03445 -0.35792
   0.07262 -0.03522 -0.35365
   0.07761 -0.03600 -0.35268
   0.08288 -0.03679 -0.34982
   0.08842 -0.03758 -0.34703
   0.09419 -0.03836 -0.34445
   0.10019 -0.03914 -0.34283
   0.10638 -0.03991 -0.34236
   0.11276 -0.04065 -0.34178
   0.11929 -0.04138 -0.34135
   0.12594 -0.04208 -0.34035
   0.13272 -0.04276 -0.33960
   0.13959 -0.04340 -0.33846
   0.14656 -0.04401 -0.33565
   0.15362 -0.04460 -0.33420
   0.16075 -0.04515 -0.33055
   0.16794 -0.04567 -0.32852
   0.17519 -0.04616 -0.32539
   0.18248 -0.04663 -0.32359
   0.18981 -0.04706 -0.32158
   0.19717 -0.04747 -0.32037
   0.20456 -0.04785 -0.31636
   0.21197 -0.04820 -0.31564
   0.21942 -0.04852 -0.31168
   0.22690 -0.04882 -0.30923
   0.23441 -0.04909 -0.30464
   0.24195 -0.04934 -0.30266
   0.24951 -0.04956 -0.30072
   0.25708 -0.04977 -0.29758
   0.26468 -0.04995 -0.29638
   0.27229 -0.05011 -0.29224
   0.27991 -0.05024 -0.29091
   0.28756 -0.05036 -0.28758
   0.29522 -0.05046 -0.28573
   0.30289 -0.05054 -0.28396
   0.31057 -0.05060 -0.28194
   0.31825 -0.05064 -0.27982
   0.32595 -0.05066 -0.27832
   0.33364 -0.05066 -0.27689
   0.34135 -0.05065 -0.27515
   0.34906 -0.05061 -0.27352
   0.35677 -0.05056 -0.27179
   0.36448 -0.05048 -0.27024
   0.37219 -0.05039 -0.26875
   0.37990 -0.05028 -0.26683
   0.38761 -0.05015 -0.26557
   0.39532 -0.05001 -0.26433
   0.40302 -0.04984 -0.26304
   0.41072 -0.04966 -0.26104
   0.41842 -0.04945 -0.26052
   0.42610 -0.04923 -0.25923
   0.43378 -0.04899 -0.25858
   0.44144 -0.04873 -0.25653
   0.44910 -0.04845 -0.25606
   0.45674 -0.04815 -0.25460
   0.46437 -0.04783 -0.25396
   0.47199 -0.04749 -0.25233
   0.47960 -0.04713 -0.25055
   0.48720 -0.04674 -0.24932
   0.49478 -0.04634 -0.24767
   0.50235 -0.04590 -0.24536
   0.50991 -0.04545 -0.24423
   0.51745 -0.04497 -0.24165
   0.52498 -0.04447 -0.23932
   0.53250 -0.04395 -0.23727
   0.54000 -0.04340 -0.23478
   0.54749 -0.04282 -0.23201
   0.55497 -0.04222 -0.22894
   0.56243 -0.04159 -0.22539
   0.56987 -0.04093 -0.22211
   0.57730 -0.04025 -0.21849
   0.58471 -0.03954 -0.21445
   0.59210 -0.03881 -0.21032
   0.59948 -0.03804 -0.20597
   0.60683 -0.03724 -0.20143
   0.61417 -0.03642 -0.19528
   0.62149 -0.03556 -0.19064
   0.62879 -0.03468 -0.18346
   0.63608 -0.03376 -0.17784
   0.64335 -0.03281 -0.16976
   0.65061 -0.03183 -0.16276
   0.65786 -0.03081 -0.15427
   0.66510 -0.02976 -0.14544
   0.67232 -0.02867 -0.13576
   0.67954 -0.02755 -0.12574
   0.68676 -0.02640 -0.11524
   0.69397 -0.02520 -0.10413
   0.70117 -0.02398 -0.09144
   0.70838 -0.02271 -0.07882
   0.71559 -0.02141 -0.06540
   0.72281 -0.02007 -0.05111
   0.73004 -0.01870 -0.03643
   0.73728 -0.01729 -0.02042
   0.74453 -0.01584 -0.00297
   0.75180 -0.01436  0.01331
   0.75910 -0.01284  0.03322
   0.76642 -0.01128  0.05119
   0.77378 -0.00969  0.07291
   0.78118 -0.00807  0.09167
   0.78863 -0.00642  0.11507
   0.79611 -0.00475  0.13583
   0.80361 -0.00306  0.16015
   0.81108 -0.00138  0.18299
   0.81847  0.00029  0.20592
   0.82574  0.00191  0.22959
   0.83289  0.00348  0.25153
   0.83991  0.00499  0.27198
   0.84680  0.00644  0.29162
   0.85358  0.00782  0.31099
   0.86023  0.00913  0.32722
   0.86676  0.01036  0.34574
   0.87316  0.01151  0.35987
   0.87944  0.01258  0.37622
   0.88561  0.01356  0.38802
   0.89167  0.01445  0.40021
   0.89763  0.01526  0.41095
   0.90349  0.01599  0.42049
   0.90927  0.01663  0.42826
   0.91493  0.01718  0.43785
   0.92047  0.01765  0.44375
   0.92588  0.01803  0.45193
   0.93120  0.01832  0.45553
   0.93644  0.01853  0.45633
   0.94160  0.01868  0.45922
   0.94662  0.01876  0.46618
   0.95140  0.01879  0.48149
   0.95595  0.01872  0.49115
   0.96030  0.01853  0.49621
   0.96456  0.01820  0.48127
   0.96881  0.01775  0.45372
   0.97308  0.01723  0.42661
   0.97733  0.01672  0.41441
   0.98147  0.01621  0.42753
   0.98549  0.01562  0.43444
   0.98945  0.01488  0.38921
   0.99342  0.01406  0.32451
   0.99738  0.01325  0.29915
   1.00000  0.01271  0.25414
