GRUMMAN K-2 AIRFOIL                             
 Alfa =  -1.17000 Re =        0.000 Xflap,Yflap =     0.000000    0.000000
#    x        y        Cp  
   1.00000  0.01371  0.25415
   0.99740  0.01444  0.09907
   0.99329  0.01549  0.06127
   0.98889  0.01657  0.04580
   0.98423  0.01772  0.00533
   0.97929  0.01890 -0.02970
   0.97409  0.02011 -0.05573
   0.96867  0.02135 -0.08623
   0.96305  0.02259 -0.11283
   0.95727  0.02381 -0.13455
   0.95131  0.02502 -0.15558
   0.94520  0.02620 -0.17074
   0.93893  0.02735 -0.18389
   0.93253  0.02848 -0.19519
   0.92600  0.02957 -0.20242
   0.91932  0.03065 -0.20859
   0.91254  0.03170 -0.21557
   0.90568  0.03272 -0.22430
   0.89876  0.03372 -0.23178
   0.89181  0.03467 -0.23997
   0.88484  0.03559 -0.24601
   0.87782  0.03647 -0.24870
   0.87073  0.03731 -0.24990
   0.86355  0.03812 -0.25109
   0.85628  0.03891 -0.24988
   0.84891  0.03968 -0.24911
   0.84146  0.04044 -0.24910
   0.83396  0.04117 -0.24911
   0.82645  0.04190 -0.25488
   0.81896  0.04260 -0.25987
   0.81149  0.04327 -0.26352
   0.80402  0.04391 -0.26609
   0.79655  0.04452 -0.26861
   0.78909  0.04510 -0.27082
   0.78162  0.04565 -0.27166
   0.77414  0.04617 -0.27123
   0.76665  0.04666 -0.27169
   0.75914  0.04713 -0.27050
   0.75161  0.04756 -0.26875
   0.74405  0.04798 -0.26706
   0.73646  0.04837 -0.26421
   0.72884  0.04874 -0.26183
   0.72118  0.04909 -0.25901
   0.71350  0.04943 -0.25576
   0.70580  0.04974 -0.25400
   0.69806  0.05004 -0.25103
   0.69030  0.05033 -0.24905
   0.68252  0.05060 -0.24700
   0.67473  0.05086 -0.24529
   0.66693  0.05111 -0.24314
   0.65911  0.05135 -0.24194
   0.65129  0.05157 -0.24053
   0.64347  0.05178 -0.23853
   0.63563  0.05197 -0.23748
   0.62779  0.05216 -0.23602
   0.61994  0.05233 -0.23403
   0.61208  0.05249 -0.23356
   0.60421  0.05264 -0.23110
   0.59633  0.05278 -0.23034
   0.58846  0.05291 -0.22918
   0.58058  0.05303 -0.22862
   0.57270  0.05314 -0.22744
   0.56482  0.05324 -0.22660
   0.55693  0.05333 -0.22558
   0.54904  0.05340 -0.22499
   0.54115  0.05347 -0.22362
   0.53326  0.05353 -0.22335
   0.52537  0.05358 -0.22205
   0.51748  0.05361 -0.22122
   0.50958  0.05364 -0.22099
   0.50169  0.05366 -0.21944
   0.49380  0.05367 -0.21987
   0.48590  0.05367 -0.21826
   0.47801  0.05366 -0.21870
   0.47012  0.05363 -0.21774
   0.46224  0.05360 -0.21707
   0.45437  0.05356 -0.21652
   0.44650  0.05351 -0.21605
   0.43864  0.05345 -0.21501
   0.43079  0.05338 -0.21486
   0.42295  0.05330 -0.21462
   0.41514  0.05321 -0.21433
   0.40737  0.05312 -0.21504
   0.39966  0.05301 -0.21450
   0.39202  0.05289 -0.21578
   0.38445  0.05276 -0.21292
   0.37694  0.05262 -0.21035
   0.36954  0.05249 -0.20942
   0.36229  0.05236 -0.21666
   0.35524  0.05223 -0.22762
   0.34842  0.05207 -0.23692
   0.34179  0.05185 -0.22820
   0.33530  0.05159 -0.20121
   0.32892  0.05132 -0.17446
   0.32258  0.05111 -0.16076
   0.31625  0.05098 -0.17723
   0.30988  0.05089 -0.20675
   0.30343  0.05078 -0.23424
   0.29682  0.05061 -0.23662
   0.29002  0.05037 -0.22421
   0.28299  0.05009 -0.21241
   0.27579  0.04982 -0.21121
   0.26847  0.04954 -0.21537
   0.26108  0.04924 -0.21740
   0.25361  0.04892 -0.21638
   0.24607  0.04858 -0.21652
   0.23850  0.04823 -0.21761
   0.23092  0.04786 -0.21816
   0.22333  0.04747 -0.21907
   0.21574  0.04707 -0.21970
   0.20817  0.04664 -0.22163
   0.20063  0.04620 -0.22224
   0.19311  0.04574 -0.22317
   0.18563  0.04526 -0.22646
   0.17820  0.04475 -0.22631
   0.17081  0.04423 -0.22774
   0.16349  0.04368 -0.23029
   0.15624  0.04311 -0.23050
   0.14907  0.04251 -0.23310
   0.14200  0.04189 -0.23392
   0.13503  0.04125 -0.23511
   0.12818  0.04059 -0.23608
   0.12147  0.03990 -0.23655
   0.11493  0.03919 -0.23680
   0.10856  0.03847 -0.23709
   0.10240  0.03773 -0.23689
   0.09647  0.03699 -0.23813
   0.09078  0.03624 -0.24012
   0.08537  0.03550 -0.23905
   0.08024  0.03476 -0.24461
   0.07540  0.03403 -0.24668
   0.07085  0.03331 -0.25076
   0.06658  0.03261 -0.26381
   0.06257  0.03190 -0.26487
   0.05879  0.03120 -0.27640
   0.05523  0.03050 -0.28093
   0.05189  0.02978 -0.27937
   0.04873  0.02906 -0.27351
   0.04574  0.02833 -0.26286
   0.04291  0.02760 -0.25383
   0.04024  0.02687 -0.23918
   0.03771  0.02615 -0.22738
   0.03531  0.02543 -0.21976
   0.03305  0.02471 -0.19517
   0.03089  0.02399 -0.16525
   0.02884  0.02329 -0.14176
   0.02688  0.02260 -0.12646
   0.02502  0.02195 -0.12499
   0.02326  0.02131 -0.12367
   0.02159  0.02067 -0.12286
   0.02000  0.02005 -0.11732
   0.01849  0.01942 -0.10703
   0.01706  0.01880 -0.08927
   0.01569  0.01817 -0.06306
   0.01439  0.01754 -0.04109
   0.01314  0.01692 -0.01817
   0.01194  0.01630  0.00176
   0.01080  0.01568  0.02039
   0.00971  0.01507  0.03798
   0.00867  0.01445  0.06226
   0.00767  0.01383  0.07864
   0.00672  0.01321  0.10175
   0.00581  0.01258  0.12054
   0.00495  0.01194  0.14981
   0.00414  0.01128  0.17145
   0.00338  0.01061  0.19714
   0.00268  0.00990  0.22841
   0.00207  0.00914  0.33828
   0.00154  0.00835  0.42754
   0.00111  0.00752  0.54687
   0.00078  0.00665  0.68071
   0.00053  0.00577  0.78860
   0.00035  0.00489  0.86669
   0.00022  0.00400  0.91947
   0.00012  0.00312  0.95803
   0.00005  0.00224  0.98115
   0.00001  0.00137  0.99478
  -0.00000  0.00051  0.99994
   0.00001 -0.00034  0.99739
   0.00004 -0.00120  0.98755
   0.00010 -0.00206  0.97010
   0.00020 -0.00292  0.95474
   0.00027 -0.00380  0.91374
   0.00039 -0.00468  0.88178
   0.00054 -0.00556  0.83530
   0.00072 -0.00645  0.77843
   0.00092 -0.00735  0.71516
   0.00115 -0.00824  0.64063
   0.00142 -0.00914  0.54569
   0.00173 -0.01004  0.44022
   0.00207 -0.01094  0.31975
   0.00247 -0.01182  0.15004
   0.00292 -0.01269  0.06972
   0.00342 -0.01356 -0.26518
   0.00402 -0.01437 -0.32887
   0.00470 -0.01514 -0.43673
   0.00546 -0.01587 -0.47398
   0.00629 -0.01657 -0.50511
   0.00717 -0.01724 -0.51846
   0.00811 -0.01789 -0.53562
   0.00910 -0.01851 -0.53578
   0.01015 -0.01912 -0.53349
   0.01125 -0.01971 -0.53488
   0.01240 -0.02029 -0.52873
   0.01361 -0.02086 -0.52398
   0.01488 -0.02142 -0.51764
   0.01621 -0.02198 -0.50411
   0.01761 -0.02253 -0.49720
   0.01908 -0.02307 -0.48244
   0.02063 -0.02362 -0.47823
   0.02226 -0.02417 -0.46622
   0.02397 -0.02472 -0.45194
   0.02579 -0.02528 -0.44533
   0.02770 -0.02584 -0.43559
   0.02973 -0.02641 -0.42843
   0.03189 -0.02700 -0.42129
   0.03419 -0.02759 -0.41546
   0.03663 -0.02820 -0.40532
   0.03924 -0.02882 -0.39931
   0.04203 -0.02945 -0.38908
   0.04502 -0.03011 -0.38293
   0.04822 -0.03078 -0.37760
   0.05165 -0.03148 -0.37471
   0.05533 -0.03220 -0.37070
   0.05925 -0.03293 -0.36805
   0.06344 -0.03368 -0.36371
   0.06789 -0.03445 -0.36204
   0.07262 -0.03522 -0.35763
   0.07761 -0.03600 -0.35652
   0.08288 -0.03679 -0.35353
   0.08842 -0.03758 -0.35061
   0.09419 -0.03836 -0.34791
   0.10019 -0.03914 -0.34618
   0.10638 -0.03991 -0.34561
   0.11276 -0.04065 -0.34492
   0.11929 -0.04138 -0.34440
   0.12594 -0.04208 -0.34330
   0.13272 -0.04276 -0.34247
   0.13959 -0.04340 -0.34125
   0.14656 -0.04401 -0.33836
   0.15362 -0.04460 -0.33684
   0.16075 -0.04515 -0.33311
   0.16794 -0.04567 -0.33102
   0.17519 -0.04616 -0.32781
   0.18248 -0.04663 -0.32595
   0.18981 -0.04706 -0.32389
   0.19717 -0.04747 -0.32262
   0.20456 -0.04785 -0.31855
   0.21197 -0.04820 -0.31778
   0.21942 -0.04852 -0.31377
   0.22690 -0.04882 -0.31128
   0.23441 -0.04909 -0.30664
   0.24195 -0.04934 -0.30461
   0.24951 -0.04956 -0.30263
   0.25708 -0.04977 -0.29945
   0.26468 -0.04995 -0.29821
   0.27229 -0.05011 -0.29403
   0.27991 -0.05024 -0.29266
   0.28756 -0.05036 -0.28930
   0.29522 -0.05046 -0.28742
   0.30289 -0.05054 -0.28561
   0.31057 -0.05060 -0.28356
   0.31825 -0.05064 -0.28141
   0.32595 -0.05066 -0.27988
   0.33364 -0.05066 -0.27842
   0.34135 -0.05065 -0.27665
   0.34906 -0.05061 -0.27500
   0.35677 -0.05056 -0.27324
   0.36448 -0.05048 -0.27166
   0.37219 -0.05039 -0.27015
   0.37990 -0.05028 -0.26819
   0.38761 -0.05015 -0.26691
   0.39532 -0.05001 -0.26565
   0.40302 -0.04984 -0.26434
   0.41072 -0.04966 -0.26232
   0.41842 -0.04945 -0.26178
   0.42610 -0.04923 -0.26047
   0.43378 -0.04899 -0.25979
   0.44144 -0.04873 -0.25772
   0.44910 -0.04845 -0.25723
   0.45674 -0.04815 -0.25575
   0.46437 -0.04783 -0.25509
   0.47199 -0.04749 -0.25345
   0.47960 -0.04713 -0.25164
   0.48720 -0.04674 -0.25040
   0.49478 -0.04634 -0.24873
   0.50235 -0.04590 -0.24641
   0.50991 -0.04545 -0.24525
   0.51745 -0.04497 -0.24265
   0.52498 -0.04447 -0.24030
   0.53250 -0.04395 -0.23824
   0.54000 -0.04340 -0.23573
   0.54749 -0.04282 -0.23294
   0.55497 -0.04222 -0.22986
   0.56243 -0.04159 -0.22628
   0.56987 -0.04093 -0.22299
   0.57730 -0.04025 -0.21936
   0.58471 -0.03954 -0.21530
   0.59210 -0.03881 -0.21115
   0.59948 -0.03804 -0.20679
   0.60683 -0.03724 -0.20224
   0.61417 -0.03642 -0.19606
   0.62149 -0.03556 -0.19140
   0.62879 -0.03468 -0.18420
   0.63608 -0.03376 -0.17857
   0.64335 -0.03281 -0.17048
   0.65061 -0.03183 -0.16346
   0.65786 -0.03081 -0.15495
   0.66510 -0.02976 -0.14611
   0.67232 -0.02867 -0.13641
   0.67954 -0.02755 -0.12637
   0.68676 -0.02640 -0.11585
   0.69397 -0.02520 -0.10472
   0.70117 -0.02398 -0.09202
   0.70838 -0.02271 -0.07938
   0.71559 -0.02141 -0.06594
   0.72281 -0.02007 -0.05163
   0.73004 -0.01870 -0.03694
   0.73728 -0.01729 -0.02091
   0.74453 -0.01584 -0.00343
   0.75180 -0.01436  0.01286
   0.75910 -0.01284  0.03278
   0.76642 -0.01128  0.05077
   0.77378 -0.00969  0.07251
   0.78118 -0.00807  0.09129
   0.78863 -0.00642  0.11471
   0.79611 -0.00475  0.13548
   0.80361 -0.00306  0.15983
   0.81108 -0.00138  0.18268
   0.81847  0.00029  0.20562
   0.82574  0.00191  0.22931
   0.83289  0.00348  0.25127
   0.83991  0.00499  0.27173
   0.84680  0.00644  0.29138
   0.85358  0.00782  0.31076
   0.86023  0.00913  0.32700
   0.86676  0.01036  0.34554
   0.87316  0.01151  0.35967
   0.87944  0.01258  0.37604
   0.88561  0.01356  0.38785
   0.89167  0.01445  0.40004
   0.89763  0.01526  0.41080
   0.90349  0.01599  0.42034
   0.90927  0.01663  0.42812
   0.91493  0.01718  0.43772
   0.92047  0.01765  0.44361
   0.92588  0.01803  0.45181
   0.93120  0.01832  0.45541
   0.93644  0.01853  0.45621
   0.94160  0.01868  0.45911
   0.94662  0.01876  0.46607
   0.95140  0.01879  0.48139
   0.95595  0.01872  0.49106
   0.96030  0.01853  0.49613
   0.96456  0.01820  0.48118
   0.96881  0.01775  0.45363
   0.97308  0.01723  0.42653
   0.97733  0.01672  0.41433
   0.98147  0.01621  0.42746
   0.98549  0.01562  0.43437
   0.98945  0.01488  0.38914
   0.99342  0.01406  0.32444
   0.99738  0.01325  0.29910
   1.00000  0.01271  0.25415
