GRUMMAN K-2 AIRFOIL                             
 Alfa =  -1.05200 Re =        0.000 Xflap,Yflap =     0.000000    0.000000
#    x        y        Cp  
   1.00000  0.01371  0.25410
   0.99740  0.01444  0.09893
   0.99329  0.01549  0.06107
   0.98889  0.01657  0.04546
   0.98423  0.01772  0.00486
   0.97929  0.01890 -0.03023
   0.97409  0.02011 -0.05633
   0.96867  0.02135 -0.08695
   0.96305  0.02259 -0.11363
   0.95727  0.02381 -0.13542
   0.95131  0.02502 -0.15656
   0.94520  0.02620 -0.17181
   0.93893  0.02735 -0.18505
   0.93253  0.02848 -0.19643
   0.92600  0.02957 -0.20371
   0.91932  0.03065 -0.20999
   0.91254  0.03170 -0.21702
   0.90568  0.03272 -0.22586
   0.89876  0.03372 -0.23337
   0.89181  0.03467 -0.24167
   0.88484  0.03559 -0.24778
   0.87782  0.03647 -0.25053
   0.87073  0.03731 -0.25180
   0.86355  0.03812 -0.25306
   0.85628  0.03891 -0.25188
   0.84891  0.03968 -0.25122
   0.84146  0.04044 -0.25124
   0.83396  0.04117 -0.25134
   0.82645  0.04190 -0.25715
   0.81896  0.04260 -0.26224
   0.81149  0.04327 -0.26596
   0.80402  0.04391 -0.26857
   0.79655  0.04452 -0.27120
   0.78909  0.04510 -0.27341
   0.78162  0.04565 -0.27437
   0.77414  0.04617 -0.27398
   0.76665  0.04666 -0.27454
   0.75914  0.04713 -0.27338
   0.75161  0.04756 -0.27169
   0.74405  0.04798 -0.27002
   0.73646  0.04837 -0.26727
   0.72884  0.04874 -0.26492
   0.72118  0.04909 -0.26217
   0.71350  0.04943 -0.25898
   0.70580  0.04974 -0.25728
   0.69806  0.05004 -0.25432
   0.69030  0.05033 -0.25245
   0.68252  0.05060 -0.25042
   0.67473  0.05086 -0.24880
   0.66693  0.05111 -0.24669
   0.65911  0.05135 -0.24554
   0.65129  0.05157 -0.24421
   0.64347  0.05178 -0.24226
   0.63563  0.05197 -0.24127
   0.62779  0.05216 -0.23988
   0.61994  0.05233 -0.23795
   0.61208  0.05249 -0.23752
   0.60421  0.05264 -0.23514
   0.59633  0.05278 -0.23445
   0.58846  0.05291 -0.23335
   0.58058  0.05303 -0.23285
   0.57270  0.05314 -0.23173
   0.56482  0.05324 -0.23095
   0.55693  0.05333 -0.23000
   0.54904  0.05340 -0.22949
   0.54115  0.05347 -0.22819
   0.53326  0.05353 -0.22799
   0.52537  0.05358 -0.22676
   0.51748  0.05361 -0.22601
   0.50958  0.05364 -0.22584
   0.50169  0.05366 -0.22437
   0.49380  0.05367 -0.22488
   0.48590  0.05367 -0.22334
   0.47801  0.05366 -0.22386
   0.47012  0.05363 -0.22298
   0.46224  0.05360 -0.22240
   0.45437  0.05356 -0.22193
   0.44650  0.05351 -0.22154
   0.43864  0.05345 -0.22058
   0.43079  0.05338 -0.22053
   0.42295  0.05330 -0.22037
   0.41514  0.05321 -0.22017
   0.40737  0.05312 -0.22097
   0.39966  0.05301 -0.22055
   0.39202  0.05289 -0.22191
   0.38445  0.05276 -0.21915
   0.37694  0.05262 -0.21665
   0.36954  0.05249 -0.21582
   0.36229  0.05236 -0.22320
   0.35524  0.05223 -0.23434
   0.34842  0.05207 -0.24377
   0.34179  0.05185 -0.23511
   0.33530  0.05159 -0.20807
   0.32892  0.05132 -0.18125
   0.32258  0.05111 -0.16758
   0.31625  0.05098 -0.18423
   0.30988  0.05089 -0.21404
   0.30343  0.05078 -0.24182
   0.29682  0.05061 -0.24431
   0.29002  0.05037 -0.23196
   0.28299  0.05009 -0.22022
   0.27579  0.04982 -0.21915
   0.26847  0.04954 -0.22349
   0.26108  0.04924 -0.22568
   0.25361  0.04892 -0.22481
   0.24607  0.04858 -0.22513
   0.23850  0.04823 -0.22640
   0.23092  0.04786 -0.22714
   0.22333  0.04747 -0.22825
   0.21574  0.04707 -0.22908
   0.20817  0.04664 -0.23125
   0.20063  0.04620 -0.23209
   0.19311  0.04574 -0.23325
   0.18563  0.04526 -0.23681
   0.17820  0.04475 -0.23692
   0.17081  0.04423 -0.23863
   0.16349  0.04368 -0.24149
   0.15624  0.04311 -0.24200
   0.14907  0.04251 -0.24495
   0.14200  0.04189 -0.24612
   0.13503  0.04125 -0.24767
   0.12818  0.04059 -0.24903
   0.12147  0.03990 -0.24990
   0.11493  0.03919 -0.25056
   0.10856  0.03847 -0.25130
   0.10240  0.03773 -0.25156
   0.09647  0.03699 -0.25329
   0.09078  0.03624 -0.25581
   0.08537  0.03550 -0.25527
   0.08024  0.03476 -0.26143
   0.07540  0.03403 -0.26411
   0.07085  0.03331 -0.26882
   0.06658  0.03261 -0.28268
   0.06257  0.03190 -0.28436
   0.05879  0.03120 -0.29674
   0.05523  0.03050 -0.30201
   0.05189  0.02978 -0.30113
   0.04873  0.02906 -0.29590
   0.04574  0.02833 -0.28580
   0.04291  0.02760 -0.27738
   0.04024  0.02687 -0.26324
   0.03771  0.02615 -0.25202
   0.03531  0.02543 -0.24508
   0.03305  0.02471 -0.22083
   0.03089  0.02399 -0.19115
   0.02884  0.02329 -0.16800
   0.02688  0.02260 -0.15327
   0.02502  0.02195 -0.15269
   0.02326  0.02131 -0.15235
   0.02159  0.02067 -0.15255
   0.02000  0.02005 -0.14798
   0.01849  0.01942 -0.13860
   0.01706  0.01880 -0.12153
   0.01569  0.01817 -0.09586
   0.01439  0.01754 -0.07449
   0.01314  0.01692 -0.05227
   0.01194  0.01630 -0.03318
   0.01080  0.01568 -0.01550
   0.00971  0.01507  0.00107
   0.00867  0.01445  0.02438
   0.00767  0.01383  0.03949
   0.00672  0.01321  0.06127
   0.00581  0.01258  0.07848
   0.00495  0.01194  0.10628
   0.00414  0.01128  0.12594
   0.00338  0.01061  0.14922
   0.00268  0.00990  0.17802
   0.00207  0.00914  0.29018
   0.00154  0.00835  0.38078
   0.00111  0.00752  0.50437
   0.00078  0.00665  0.64575
   0.00053  0.00577  0.76099
   0.00035  0.00489  0.84536
   0.00022  0.00400  0.90318
   0.00012  0.00312  0.94633
   0.00005  0.00224  0.97324
   0.00001  0.00137  0.99037
  -0.00000  0.00051  0.99887
   0.00001 -0.00034  0.99934
   0.00004 -0.00120  0.99254
   0.00010 -0.00206  0.97832
   0.00020 -0.00292  0.96420
   0.00027 -0.00380  0.92822
   0.00039 -0.00468  0.89824
   0.00054 -0.00556  0.85494
   0.00072 -0.00645  0.80141
   0.00092 -0.00735  0.74138
   0.00115 -0.00824  0.67032
   0.00142 -0.00914  0.57946
   0.00173 -0.01004  0.47819
   0.00207 -0.01094  0.36196
   0.00247 -0.01182  0.19848
   0.00292 -0.01269  0.11894
   0.00342 -0.01356 -0.20309
   0.00402 -0.01437 -0.26835
   0.00470 -0.01514 -0.37528
   0.00546 -0.01587 -0.41478
   0.00629 -0.01657 -0.44793
   0.00717 -0.01724 -0.46374
   0.00811 -0.01789 -0.48294
   0.00910 -0.01851 -0.48540
   0.01015 -0.01912 -0.48534
   0.01125 -0.01971 -0.48867
   0.01240 -0.02029 -0.48444
   0.01361 -0.02086 -0.48148
   0.01488 -0.02142 -0.47686
   0.01621 -0.02198 -0.46509
   0.01761 -0.02253 -0.45971
   0.01908 -0.02307 -0.44647
   0.02063 -0.02362 -0.44358
   0.02226 -0.02417 -0.43292
   0.02397 -0.02472 -0.41996
   0.02579 -0.02528 -0.41452
   0.02770 -0.02584 -0.40591
   0.02973 -0.02641 -0.39979
   0.03189 -0.02700 -0.39366
   0.03419 -0.02759 -0.38879
   0.03663 -0.02820 -0.37963
   0.03924 -0.02882 -0.37453
   0.04203 -0.02945 -0.36522
   0.04502 -0.03011 -0.35992
   0.04822 -0.03078 -0.35539
   0.05165 -0.03148 -0.35324
   0.05533 -0.03220 -0.34998
   0.05925 -0.03293 -0.34804
   0.06344 -0.03368 -0.34439
   0.06789 -0.03445 -0.34338
   0.07262 -0.03522 -0.33963
   0.07761 -0.03600 -0.33913
   0.08288 -0.03679 -0.33673
   0.08842 -0.03758 -0.33438
   0.09419 -0.03836 -0.33223
   0.10019 -0.03914 -0.33102
   0.10638 -0.03991 -0.33092
   0.11276 -0.04065 -0.33068
   0.11929 -0.04138 -0.33059
   0.12594 -0.04208 -0.32991
   0.13272 -0.04276 -0.32946
   0.13959 -0.04340 -0.32861
   0.14656 -0.04401 -0.32608
   0.15362 -0.04460 -0.32490
   0.16075 -0.04515 -0.32151
   0.16794 -0.04567 -0.31972
   0.17519 -0.04616 -0.31682
   0.18248 -0.04663 -0.31524
   0.18981 -0.04706 -0.31343
   0.19717 -0.04747 -0.31243
   0.20456 -0.04785 -0.30860
   0.21197 -0.04820 -0.30806
   0.21942 -0.04852 -0.30428
   0.22690 -0.04882 -0.30201
   0.23441 -0.04909 -0.29759
   0.24195 -0.04934 -0.29576
   0.24951 -0.04956 -0.29397
   0.25708 -0.04977 -0.29098
   0.26468 -0.04995 -0.28992
   0.27229 -0.05011 -0.28591
   0.27991 -0.05024 -0.28471
   0.28756 -0.05036 -0.28150
   0.29522 -0.05046 -0.27978
   0.30289 -0.05054 -0.27812
   0.31057 -0.05060 -0.27622
   0.31825 -0.05064 -0.27420
   0.32595 -0.05066 -0.27282
   0.33364 -0.05066 -0.27148
   0.34135 -0.05065 -0.26985
   0.34906 -0.05061 -0.26831
   0.35677 -0.05056 -0.26668
   0.36448 -0.05048 -0.26523
   0.37219 -0.05039 -0.26381
   0.37990 -0.05028 -0.26199
   0.38761 -0.05015 -0.26080
   0.39532 -0.05001 -0.25965
   0.40302 -0.04984 -0.25844
   0.41072 -0.04966 -0.25652
   0.41842 -0.04945 -0.25608
   0.42610 -0.04923 -0.25487
   0.43378 -0.04899 -0.25428
   0.44144 -0.04873 -0.25230
   0.44910 -0.04845 -0.25192
   0.45674 -0.04815 -0.25051
   0.46437 -0.04783 -0.24994
   0.47199 -0.04749 -0.24839
   0.47960 -0.04713 -0.24667
   0.48720 -0.04674 -0.24551
   0.49478 -0.04634 -0.24392
   0.50235 -0.04590 -0.24168
   0.50991 -0.04545 -0.24062
   0.51745 -0.04497 -0.23808
   0.52498 -0.04447 -0.23583
   0.53250 -0.04395 -0.23383
   0.54000 -0.04340 -0.23141
   0.54749 -0.04282 -0.22869
   0.55497 -0.04222 -0.22569
   0.56243 -0.04159 -0.22220
   0.56987 -0.04093 -0.21897
   0.57730 -0.04025 -0.21542
   0.58471 -0.03954 -0.21145
   0.59210 -0.03881 -0.20736
   0.59948 -0.03804 -0.20308
   0.60683 -0.03724 -0.19860
   0.61417 -0.03642 -0.19250
   0.62149 -0.03556 -0.18792
   0.62879 -0.03468 -0.18080
   0.63608 -0.03376 -0.17524
   0.64335 -0.03281 -0.16722
   0.65061 -0.03183 -0.16029
   0.65786 -0.03081 -0.15185
   0.66510 -0.02976 -0.14308
   0.67232 -0.02867 -0.13348
   0.67954 -0.02755 -0.12352
   0.68676 -0.02640 -0.11305
   0.69397 -0.02520 -0.10202
   0.70117 -0.02398 -0.08939
   0.70838 -0.02271 -0.07684
   0.71559 -0.02141 -0.06348
   0.72281 -0.02007 -0.04924
   0.73004 -0.01870 -0.03462
   0.73728 -0.01729 -0.01869
   0.74453 -0.01584 -0.00131
   0.75180 -0.01436  0.01493
   0.75910 -0.01284  0.03477
   0.76642 -0.01128  0.05266
   0.77378 -0.00969  0.07432
   0.78118 -0.00807  0.09303
   0.78863 -0.00642  0.11637
   0.79611 -0.00475  0.13705
   0.80361 -0.00306  0.16132
   0.81108 -0.00138  0.18409
   0.81847  0.00029  0.20697
   0.82574  0.00191  0.23058
   0.83289  0.00348  0.25247
   0.83991  0.00499  0.27286
   0.84680  0.00644  0.29246
   0.85358  0.00782  0.31179
   0.86023  0.00913  0.32797
   0.86676  0.01036  0.34644
   0.87316  0.01151  0.36058
   0.87944  0.01258  0.37686
   0.88561  0.01356  0.38863
   0.89167  0.01445  0.40080
   0.89763  0.01526  0.41150
   0.90349  0.01599  0.42103
   0.90927  0.01663  0.42877
   0.91493  0.01718  0.43832
   0.92047  0.01765  0.44423
   0.92588  0.01803  0.45236
   0.93120  0.01832  0.45595
   0.93644  0.01853  0.45673
   0.94160  0.01868  0.45960
   0.94662  0.01876  0.46657
   0.95140  0.01879  0.48182
   0.95595  0.01872  0.49149
   0.96030  0.01853  0.49653
   0.96456  0.01820  0.48156
   0.96881  0.01775  0.45403
   0.97308  0.01723  0.42691
   0.97733  0.01672  0.41470
   0.98147  0.01621  0.42778
   0.98549  0.01562  0.43466
   0.98945  0.01488  0.38944
   0.99342  0.01406  0.32473
   0.99738  0.01325  0.29934
   1.00000  0.01271  0.25410
