GRUMMAN K-2 AIRFOIL                             
 Alfa =  -1.21800 Re =        0.000 Xflap,Yflap =     0.000000    0.000000
#    x        y        Cp  
   1.00000  0.01371  0.25418
   0.99740  0.01444  0.09913
   0.99329  0.01549  0.06136
   0.98889  0.01657  0.04594
   0.98423  0.01772  0.00552
   0.97929  0.01890 -0.02948
   0.97409  0.02011 -0.05548
   0.96867  0.02135 -0.08593
   0.96305  0.02259 -0.11250
   0.95727  0.02381 -0.13419
   0.95131  0.02502 -0.15517
   0.94520  0.02620 -0.17030
   0.93893  0.02735 -0.18341
   0.93253  0.02848 -0.19468
   0.92600  0.02957 -0.20189
   0.91932  0.03065 -0.20801
   0.91254  0.03170 -0.21498
   0.90568  0.03272 -0.22367
   0.89876  0.03372 -0.23113
   0.89181  0.03467 -0.23928
   0.88484  0.03559 -0.24528
   0.87782  0.03647 -0.24796
   0.87073  0.03731 -0.24912
   0.86355  0.03812 -0.25028
   0.85628  0.03891 -0.24906
   0.84891  0.03968 -0.24825
   0.84146  0.04044 -0.24823
   0.83396  0.04117 -0.24820
   0.82645  0.04190 -0.25395
   0.81896  0.04260 -0.25891
   0.81149  0.04327 -0.26252
   0.80402  0.04391 -0.26508
   0.79655  0.04452 -0.26756
   0.78909  0.04510 -0.26976
   0.78162  0.04565 -0.27055
   0.77414  0.04617 -0.27011
   0.76665  0.04666 -0.27054
   0.75914  0.04713 -0.26933
   0.75161  0.04756 -0.26755
   0.74405  0.04798 -0.26585
   0.73646  0.04837 -0.26297
   0.72884  0.04874 -0.26057
   0.72118  0.04909 -0.25772
   0.71350  0.04943 -0.25444
   0.70580  0.04974 -0.25267
   0.69806  0.05004 -0.24968
   0.69030  0.05033 -0.24767
   0.68252  0.05060 -0.24561
   0.67473  0.05086 -0.24386
   0.66693  0.05111 -0.24169
   0.65911  0.05135 -0.24048
   0.65129  0.05157 -0.23902
   0.64347  0.05178 -0.23701
   0.63563  0.05197 -0.23594
   0.62779  0.05216 -0.23446
   0.61994  0.05233 -0.23243
   0.61208  0.05249 -0.23194
   0.60421  0.05264 -0.22946
   0.59633  0.05278 -0.22867
   0.58846  0.05291 -0.22748
   0.58058  0.05303 -0.22689
   0.57270  0.05314 -0.22569
   0.56482  0.05324 -0.22482
   0.55693  0.05333 -0.22378
   0.54904  0.05340 -0.22316
   0.54115  0.05347 -0.22176
   0.53326  0.05353 -0.22146
   0.52537  0.05358 -0.22014
   0.51748  0.05361 -0.21927
   0.50958  0.05364 -0.21901
   0.50169  0.05366 -0.21743
   0.49380  0.05367 -0.21783
   0.48590  0.05367 -0.21619
   0.47801  0.05366 -0.21659
   0.47012  0.05363 -0.21561
   0.46224  0.05360 -0.21490
   0.45437  0.05356 -0.21432
   0.44650  0.05351 -0.21382
   0.43864  0.05345 -0.21275
   0.43079  0.05338 -0.21256
   0.42295  0.05330 -0.21228
   0.41514  0.05321 -0.21195
   0.40737  0.05312 -0.21262
   0.39966  0.05301 -0.21204
   0.39202  0.05289 -0.21329
   0.38445  0.05276 -0.21039
   0.37694  0.05262 -0.20778
   0.36954  0.05249 -0.20682
   0.36229  0.05236 -0.21400
   0.35524  0.05223 -0.22490
   0.34842  0.05207 -0.23414
   0.34179  0.05185 -0.22539
   0.33530  0.05159 -0.19843
   0.32892  0.05132 -0.17170
   0.32258  0.05111 -0.15799
   0.31625  0.05098 -0.17438
   0.30988  0.05089 -0.20379
   0.30343  0.05078 -0.23116
   0.29682  0.05061 -0.23349
   0.29002  0.05037 -0.22106
   0.28299  0.05009 -0.20924
   0.27579  0.04982 -0.20798
   0.26847  0.04954 -0.21208
   0.26108  0.04924 -0.21404
   0.25361  0.04892 -0.21295
   0.24607  0.04858 -0.21302
   0.23850  0.04823 -0.21405
   0.23092  0.04786 -0.21451
   0.22333  0.04747 -0.21534
   0.21574  0.04707 -0.21589
   0.20817  0.04664 -0.21773
   0.20063  0.04620 -0.21825
   0.19311  0.04574 -0.21908
   0.18563  0.04526 -0.22226
   0.17820  0.04475 -0.22201
   0.17081  0.04423 -0.22331
   0.16349  0.04368 -0.22574
   0.15624  0.04311 -0.22583
   0.14907  0.04251 -0.22829
   0.14200  0.04189 -0.22898
   0.13503  0.04125 -0.23001
   0.12818  0.04059 -0.23083
   0.12147  0.03990 -0.23114
   0.11493  0.03919 -0.23121
   0.10856  0.03847 -0.23133
   0.10240  0.03773 -0.23095
   0.09647  0.03699 -0.23198
   0.09078  0.03624 -0.23376
   0.08537  0.03550 -0.23248
   0.08024  0.03476 -0.23780
   0.07540  0.03403 -0.23962
   0.07085  0.03331 -0.24345
   0.06658  0.03261 -0.25618
   0.06257  0.03190 -0.25698
   0.05879  0.03120 -0.26817
   0.05523  0.03050 -0.27240
   0.05189  0.02978 -0.27057
   0.04873  0.02906 -0.26446
   0.04574  0.02833 -0.25358
   0.04291  0.02760 -0.24431
   0.04024  0.02687 -0.22946
   0.03771  0.02615 -0.21743
   0.03531  0.02543 -0.20953
   0.03305  0.02471 -0.18481
   0.03089  0.02399 -0.15479
   0.02884  0.02329 -0.13118
   0.02688  0.02260 -0.11564
   0.02502  0.02195 -0.11381
   0.02326  0.02131 -0.11210
   0.02159  0.02067 -0.11089
   0.02000  0.02005 -0.10496
   0.01849  0.01942 -0.09431
   0.01706  0.01880 -0.07628
   0.01569  0.01817 -0.04987
   0.01439  0.01754 -0.02765
   0.01314  0.01692 -0.00446
   0.01194  0.01630  0.01580
   0.01080  0.01568  0.03481
   0.00971  0.01507  0.05279
   0.00867  0.01445  0.07746
   0.00767  0.01383  0.09434
   0.00672  0.01321  0.11796
   0.00581  0.01258  0.13737
   0.00495  0.01194  0.16721
   0.00414  0.01128  0.18961
   0.00338  0.01061  0.21624
   0.00268  0.00990  0.24845
   0.00207  0.00914  0.35736
   0.00154  0.00835  0.44604
   0.00111  0.00752  0.56361
   0.00078  0.00665  0.69441
   0.00053  0.00577  0.79935
   0.00035  0.00489  0.87492
   0.00022  0.00400  0.92567
   0.00012  0.00312  0.96237
   0.00005  0.00224  0.98397
   0.00001  0.00137  0.99619
  -0.00000  0.00051  0.99999
   0.00001 -0.00034  0.99623
   0.00004 -0.00120  0.98515
   0.00010 -0.00206  0.96639
   0.00020 -0.00292  0.95057
   0.00027 -0.00380  0.90747
   0.00039 -0.00468  0.87473
   0.00054 -0.00556  0.82695
   0.00072 -0.00645  0.76872
   0.00092 -0.00735  0.70413
   0.00115 -0.00824  0.62819
   0.00142 -0.00914  0.53158
   0.00173 -0.01004  0.42439
   0.00207 -0.01094  0.30220
   0.00247 -0.01182  0.12993
   0.00292 -0.01269  0.04932
   0.00342 -0.01356 -0.29088
   0.00402 -0.01437 -0.35388
   0.00470 -0.01514 -0.46211
   0.00546 -0.01587 -0.49840
   0.00629 -0.01657 -0.52868
   0.00717 -0.01724 -0.54100
   0.00811 -0.01789 -0.55731
   0.00910 -0.01851 -0.55651
   0.01015 -0.01912 -0.55329
   0.01125 -0.01971 -0.55388
   0.01240 -0.02029 -0.54693
   0.01361 -0.02086 -0.54144
   0.01488 -0.02142 -0.53438
   0.01621 -0.02198 -0.52013
   0.01761 -0.02253 -0.51259
   0.01908 -0.02307 -0.49720
   0.02063 -0.02362 -0.49244
   0.02226 -0.02417 -0.47987
   0.02397 -0.02472 -0.46504
   0.02579 -0.02528 -0.45795
   0.02770 -0.02584 -0.44775
   0.02973 -0.02641 -0.44015
   0.03189 -0.02700 -0.43260
   0.03419 -0.02759 -0.42638
   0.03663 -0.02820 -0.41583
   0.03924 -0.02882 -0.40945
   0.04203 -0.02945 -0.39884
   0.04502 -0.03011 -0.39235
   0.04822 -0.03078 -0.38669
   0.05165 -0.03148 -0.38348
   0.05533 -0.03220 -0.37917
   0.05925 -0.03293 -0.37623
   0.06344 -0.03368 -0.37160
   0.06789 -0.03445 -0.36966
   0.07262 -0.03522 -0.36498
   0.07761 -0.03600 -0.36363
   0.08288 -0.03679 -0.36039
   0.08842 -0.03758 -0.35723
   0.09419 -0.03836 -0.35431
   0.10019 -0.03914 -0.35237
   0.10638 -0.03991 -0.35160
   0.11276 -0.04065 -0.35073
   0.11929 -0.04138 -0.35004
   0.12594 -0.04208 -0.34877
   0.13272 -0.04276 -0.34778
   0.13959 -0.04340 -0.34640
   0.14656 -0.04401 -0.34337
   0.15362 -0.04460 -0.34170
   0.16075 -0.04515 -0.33784
   0.16794 -0.04567 -0.33562
   0.17519 -0.04616 -0.33229
   0.18248 -0.04663 -0.33032
   0.18981 -0.04706 -0.32815
   0.19717 -0.04747 -0.32678
   0.20456 -0.04785 -0.32261
   0.21197 -0.04820 -0.32174
   0.21942 -0.04852 -0.31763
   0.22690 -0.04882 -0.31505
   0.23441 -0.04909 -0.31033
   0.24195 -0.04934 -0.30821
   0.24951 -0.04956 -0.30616
   0.25708 -0.04977 -0.30290
   0.26468 -0.04995 -0.30160
   0.27229 -0.05011 -0.29734
   0.27991 -0.05024 -0.29590
   0.28756 -0.05036 -0.29247
   0.29522 -0.05046 -0.29053
   0.30289 -0.05054 -0.28866
   0.31057 -0.05060 -0.28655
   0.31825 -0.05064 -0.28435
   0.32595 -0.05066 -0.28275
   0.33364 -0.05066 -0.28124
   0.34135 -0.05065 -0.27942
   0.34906 -0.05061 -0.27772
   0.35677 -0.05056 -0.27591
   0.36448 -0.05048 -0.27428
   0.37219 -0.05039 -0.27273
   0.37990 -0.05028 -0.27072
   0.38761 -0.05015 -0.26940
   0.39532 -0.05001 -0.26809
   0.40302 -0.04984 -0.26674
   0.41072 -0.04966 -0.26468
   0.41842 -0.04945 -0.26409
   0.42610 -0.04923 -0.26274
   0.43378 -0.04899 -0.26203
   0.44144 -0.04873 -0.25993
   0.44910 -0.04845 -0.25939
   0.45674 -0.04815 -0.25788
   0.46437 -0.04783 -0.25718
   0.47199 -0.04749 -0.25551
   0.47960 -0.04713 -0.25367
   0.48720 -0.04674 -0.25239
   0.49478 -0.04634 -0.25069
   0.50235 -0.04590 -0.24833
   0.50991 -0.04545 -0.24713
   0.51745 -0.04497 -0.24451
   0.52498 -0.04447 -0.24212
   0.53250 -0.04395 -0.24003
   0.54000 -0.04340 -0.23748
   0.54749 -0.04282 -0.23467
   0.55497 -0.04222 -0.23156
   0.56243 -0.04159 -0.22794
   0.56987 -0.04093 -0.22463
   0.57730 -0.04025 -0.22096
   0.58471 -0.03954 -0.21686
   0.59210 -0.03881 -0.21269
   0.59948 -0.03804 -0.20829
   0.60683 -0.03724 -0.20372
   0.61417 -0.03642 -0.19751
   0.62149 -0.03556 -0.19282
   0.62879 -0.03468 -0.18559
   0.63608 -0.03376 -0.17992
   0.64335 -0.03281 -0.17181
   0.65061 -0.03183 -0.16475
   0.65786 -0.03081 -0.15621
   0.66510 -0.02976 -0.14734
   0.67232 -0.02867 -0.13760
   0.67954 -0.02755 -0.12753
   0.68676 -0.02640 -0.11699
   0.69397 -0.02520 -0.10582
   0.70117 -0.02398 -0.09309
   0.70838 -0.02271 -0.08041
   0.71559 -0.02141 -0.06694
   0.72281 -0.02007 -0.05260
   0.73004 -0.01870 -0.03788
   0.73728 -0.01729 -0.02181
   0.74453 -0.01584 -0.00429
   0.75180 -0.01436  0.01202
   0.75910 -0.01284  0.03197
   0.76642 -0.01128  0.05001
   0.77378 -0.00969  0.07177
   0.78118 -0.00807  0.09059
   0.78863 -0.00642  0.11403
   0.79611 -0.00475  0.13484
   0.80361 -0.00306  0.15922
   0.81108 -0.00138  0.18211
   0.81847  0.00029  0.20507
   0.82574  0.00191  0.22880
   0.83289  0.00348  0.25078
   0.83991  0.00499  0.27128
   0.84680  0.00644  0.29095
   0.85358  0.00782  0.31034
   0.86023  0.00913  0.32661
   0.86676  0.01036  0.34517
   0.87316  0.01151  0.35931
   0.87944  0.01258  0.37571
   0.88561  0.01356  0.38753
   0.89167  0.01445  0.39974
   0.89763  0.01526  0.41051
   0.90349  0.01599  0.42006
   0.90927  0.01663  0.42786
   0.91493  0.01718  0.43748
   0.92047  0.01765  0.44336
   0.92588  0.01803  0.45159
   0.93120  0.01832  0.45518
   0.93644  0.01853  0.45601
   0.94160  0.01868  0.45891
   0.94662  0.01876  0.46587
   0.95140  0.01879  0.48122
   0.95595  0.01872  0.49089
   0.96030  0.01853  0.49596
   0.96456  0.01820  0.48104
   0.96881  0.01775  0.45347
   0.97308  0.01723  0.42637
   0.97733  0.01672  0.41418
   0.98147  0.01621  0.42734
   0.98549  0.01562  0.43426
   0.98945  0.01488  0.38902
   0.99342  0.01406  0.32433
   0.99738  0.01325  0.29901
   1.00000  0.01271  0.25418
