GRUMMAN K-2 AIRFOIL                             
 Alfa =  -1.05400 Re =        0.000 Xflap,Yflap =     0.000000    0.000000
#    x        y        Cp  
   1.00000  0.01371  0.25410
   0.99740  0.01444  0.09893
   0.99329  0.01549  0.06107
   0.98889  0.01657  0.04547
   0.98423  0.01772  0.00487
   0.97929  0.01890 -0.03022
   0.97409  0.02011 -0.05632
   0.96867  0.02135 -0.08694
   0.96305  0.02259 -0.11361
   0.95727  0.02381 -0.13541
   0.95131  0.02502 -0.15655
   0.94520  0.02620 -0.17179
   0.93893  0.02735 -0.18503
   0.93253  0.02848 -0.19641
   0.92600  0.02957 -0.20369
   0.91932  0.03065 -0.20997
   0.91254  0.03170 -0.21699
   0.90568  0.03272 -0.22584
   0.89876  0.03372 -0.23335
   0.89181  0.03467 -0.24164
   0.88484  0.03559 -0.24775
   0.87782  0.03647 -0.25050
   0.87073  0.03731 -0.25177
   0.86355  0.03812 -0.25303
   0.85628  0.03891 -0.25184
   0.84891  0.03968 -0.25119
   0.84146  0.04044 -0.25121
   0.83396  0.04117 -0.25130
   0.82645  0.04190 -0.25712
   0.81896  0.04260 -0.26220
   0.81149  0.04327 -0.26591
   0.80402  0.04391 -0.26853
   0.79655  0.04452 -0.27116
   0.78909  0.04510 -0.27336
   0.78162  0.04565 -0.27433
   0.77414  0.04617 -0.27393
   0.76665  0.04666 -0.27449
   0.75914  0.04713 -0.27333
   0.75161  0.04756 -0.27164
   0.74405  0.04798 -0.26997
   0.73646  0.04837 -0.26722
   0.72884  0.04874 -0.26487
   0.72118  0.04909 -0.26211
   0.71350  0.04943 -0.25893
   0.70580  0.04974 -0.25722
   0.69806  0.05004 -0.25427
   0.69030  0.05033 -0.25239
   0.68252  0.05060 -0.25036
   0.67473  0.05086 -0.24874
   0.66693  0.05111 -0.24663
   0.65911  0.05135 -0.24548
   0.65129  0.05157 -0.24415
   0.64347  0.05178 -0.24220
   0.63563  0.05197 -0.24120
   0.62779  0.05216 -0.23981
   0.61994  0.05233 -0.23789
   0.61208  0.05249 -0.23745
   0.60421  0.05264 -0.23507
   0.59633  0.05278 -0.23438
   0.58846  0.05291 -0.23328
   0.58058  0.05303 -0.23278
   0.57270  0.05314 -0.23166
   0.56482  0.05324 -0.23088
   0.55693  0.05333 -0.22993
   0.54904  0.05340 -0.22941
   0.54115  0.05347 -0.22811
   0.53326  0.05353 -0.22791
   0.52537  0.05358 -0.22668
   0.51748  0.05361 -0.22593
   0.50958  0.05364 -0.22576
   0.50169  0.05366 -0.22428
   0.49380  0.05367 -0.22479
   0.48590  0.05367 -0.22325
   0.47801  0.05366 -0.22378
   0.47012  0.05363 -0.22289
   0.46224  0.05360 -0.22231
   0.45437  0.05356 -0.22183
   0.44650  0.05351 -0.22145
   0.43864  0.05345 -0.22049
   0.43079  0.05338 -0.22044
   0.42295  0.05330 -0.22027
   0.41514  0.05321 -0.22007
   0.40737  0.05312 -0.22087
   0.39966  0.05301 -0.22045
   0.39202  0.05289 -0.22181
   0.38445  0.05276 -0.21905
   0.37694  0.05262 -0.21655
   0.36954  0.05249 -0.21571
   0.36229  0.05236 -0.22309
   0.35524  0.05223 -0.23422
   0.34842  0.05207 -0.24365
   0.34179  0.05185 -0.23499
   0.33530  0.05159 -0.20795
   0.32892  0.05132 -0.18114
   0.32258  0.05111 -0.16747
   0.31625  0.05098 -0.18411
   0.30988  0.05089 -0.21391
   0.30343  0.05078 -0.24169
   0.29682  0.05061 -0.24418
   0.29002  0.05037 -0.23183
   0.28299  0.05009 -0.22009
   0.27579  0.04982 -0.21902
   0.26847  0.04954 -0.22335
   0.26108  0.04924 -0.22554
   0.25361  0.04892 -0.22467
   0.24607  0.04858 -0.22498
   0.23850  0.04823 -0.22625
   0.23092  0.04786 -0.22699
   0.22333  0.04747 -0.22810
   0.21574  0.04707 -0.22893
   0.20817  0.04664 -0.23108
   0.20063  0.04620 -0.23192
   0.19311  0.04574 -0.23308
   0.18563  0.04526 -0.23664
   0.17820  0.04475 -0.23674
   0.17081  0.04423 -0.23844
   0.16349  0.04368 -0.24130
   0.15624  0.04311 -0.24181
   0.14907  0.04251 -0.24475
   0.14200  0.04189 -0.24591
   0.13503  0.04125 -0.24745
   0.12818  0.04059 -0.24881
   0.12147  0.03990 -0.24967
   0.11493  0.03919 -0.25033
   0.10856  0.03847 -0.25106
   0.10240  0.03773 -0.25131
   0.09647  0.03699 -0.25304
   0.09078  0.03624 -0.25555
   0.08537  0.03550 -0.25499
   0.08024  0.03476 -0.26115
   0.07540  0.03403 -0.26381
   0.07085  0.03331 -0.26851
   0.06658  0.03261 -0.28235
   0.06257  0.03190 -0.28403
   0.05879  0.03120 -0.29640
   0.05523  0.03050 -0.30166
   0.05189  0.02978 -0.30076
   0.04873  0.02906 -0.29552
   0.04574  0.02833 -0.28541
   0.04291  0.02760 -0.27698
   0.04024  0.02687 -0.26283
   0.03771  0.02615 -0.25160
   0.03531  0.02543 -0.24465
   0.03305  0.02471 -0.22040
   0.03089  0.02399 -0.19070
   0.02884  0.02329 -0.16755
   0.02688  0.02260 -0.15281
   0.02502  0.02195 -0.15222
   0.02326  0.02131 -0.15186
   0.02159  0.02067 -0.15205
   0.02000  0.02005 -0.14746
   0.01849  0.01942 -0.13806
   0.01706  0.01880 -0.12098
   0.01569  0.01817 -0.09530
   0.01439  0.01754 -0.07392
   0.01314  0.01692 -0.05169
   0.01194  0.01630 -0.03258
   0.01080  0.01568 -0.01488
   0.00971  0.01507  0.00170
   0.00867  0.01445  0.02503
   0.00767  0.01383  0.04016
   0.00672  0.01321  0.06196
   0.00581  0.01258  0.07920
   0.00495  0.01194  0.10702
   0.00414  0.01128  0.12672
   0.00338  0.01061  0.15004
   0.00268  0.00990  0.17889
   0.00207  0.00914  0.29101
   0.00154  0.00835  0.38158
   0.00111  0.00752  0.50511
   0.00078  0.00665  0.64636
   0.00053  0.00577  0.76147
   0.00035  0.00489  0.84574
   0.00022  0.00400  0.90346
   0.00012  0.00312  0.94654
   0.00005  0.00224  0.97339
   0.00001  0.00137  0.99046
  -0.00000  0.00051  0.99890
   0.00001 -0.00034  0.99931
   0.00004 -0.00120  0.99247
   0.00010 -0.00206  0.97819
   0.00020 -0.00292  0.96405
   0.00027 -0.00380  0.92799
   0.00039 -0.00468  0.89797
   0.00054 -0.00556  0.85462
   0.00072 -0.00645  0.80103
   0.00092 -0.00735  0.74095
   0.00115 -0.00824  0.66982
   0.00142 -0.00914  0.57890
   0.00173 -0.01004  0.47756
   0.00207 -0.01094  0.36126
   0.00247 -0.01182  0.19767
   0.00292 -0.01269  0.11812
   0.00342 -0.01356 -0.20413
   0.00402 -0.01437 -0.26937
   0.00470 -0.01514 -0.37631
   0.00546 -0.01587 -0.41578
   0.00629 -0.01657 -0.44889
   0.00717 -0.01724 -0.46466
   0.00811 -0.01789 -0.48382
   0.00910 -0.01851 -0.48625
   0.01015 -0.01912 -0.48615
   0.01125 -0.01971 -0.48945
   0.01240 -0.02029 -0.48519
   0.01361 -0.02086 -0.48220
   0.01488 -0.02142 -0.47755
   0.01621 -0.02198 -0.46574
   0.01761 -0.02253 -0.46034
   0.01908 -0.02307 -0.44708
   0.02063 -0.02362 -0.44417
   0.02226 -0.02417 -0.43348
   0.02397 -0.02472 -0.42050
   0.02579 -0.02528 -0.41504
   0.02770 -0.02584 -0.40641
   0.02973 -0.02641 -0.40027
   0.03189 -0.02700 -0.39412
   0.03419 -0.02759 -0.38924
   0.03663 -0.02820 -0.38006
   0.03924 -0.02882 -0.37494
   0.04203 -0.02945 -0.36563
   0.04502 -0.03011 -0.36031
   0.04822 -0.03078 -0.35577
   0.05165 -0.03148 -0.35361
   0.05533 -0.03220 -0.35033
   0.05925 -0.03293 -0.34837
   0.06344 -0.03368 -0.34472
   0.06789 -0.03445 -0.34370
   0.07262 -0.03522 -0.33993
   0.07761 -0.03600 -0.33942
   0.08288 -0.03679 -0.33702
   0.08842 -0.03758 -0.33466
   0.09419 -0.03836 -0.33250
   0.10019 -0.03914 -0.33127
   0.10638 -0.03991 -0.33117
   0.11276 -0.04065 -0.33092
   0.11929 -0.04138 -0.33083
   0.12594 -0.04208 -0.33013
   0.13272 -0.04276 -0.32968
   0.13959 -0.04340 -0.32883
   0.14656 -0.04401 -0.32629
   0.15362 -0.04460 -0.32510
   0.16075 -0.04515 -0.32171
   0.16794 -0.04567 -0.31991
   0.17519 -0.04616 -0.31700
   0.18248 -0.04663 -0.31542
   0.18981 -0.04706 -0.31361
   0.19717 -0.04747 -0.31260
   0.20456 -0.04785 -0.30877
   0.21197 -0.04820 -0.30822
   0.21942 -0.04852 -0.30444
   0.22690 -0.04882 -0.30217
   0.23441 -0.04909 -0.29774
   0.24195 -0.04934 -0.29591
   0.24951 -0.04956 -0.29411
   0.25708 -0.04977 -0.29112
   0.26468 -0.04995 -0.29006
   0.27229 -0.05011 -0.28605
   0.27991 -0.05024 -0.28484
   0.28756 -0.05036 -0.28163
   0.29522 -0.05046 -0.27991
   0.30289 -0.05054 -0.27825
   0.31057 -0.05060 -0.27635
   0.31825 -0.05064 -0.27432
   0.32595 -0.05066 -0.27294
   0.33364 -0.05066 -0.27160
   0.34135 -0.05065 -0.26997
   0.34906 -0.05061 -0.26842
   0.35677 -0.05056 -0.26679
   0.36448 -0.05048 -0.26534
   0.37219 -0.05039 -0.26391
   0.37990 -0.05028 -0.26210
   0.38761 -0.05015 -0.26090
   0.39532 -0.05001 -0.25976
   0.40302 -0.04984 -0.25854
   0.41072 -0.04966 -0.25662
   0.41842 -0.04945 -0.25618
   0.42610 -0.04923 -0.25497
   0.43378 -0.04899 -0.25438
   0.44144 -0.04873 -0.25239
   0.44910 -0.04845 -0.25201
   0.45674 -0.04815 -0.25060
   0.46437 -0.04783 -0.25003
   0.47199 -0.04749 -0.24847
   0.47960 -0.04713 -0.24675
   0.48720 -0.04674 -0.24559
   0.49478 -0.04634 -0.24400
   0.50235 -0.04590 -0.24176
   0.50991 -0.04545 -0.24070
   0.51745 -0.04497 -0.23816
   0.52498 -0.04447 -0.23591
   0.53250 -0.04395 -0.23391
   0.54000 -0.04340 -0.23148
   0.54749 -0.04282 -0.22876
   0.55497 -0.04222 -0.22576
   0.56243 -0.04159 -0.22227
   0.56987 -0.04093 -0.21904
   0.57730 -0.04025 -0.21548
   0.58471 -0.03954 -0.21151
   0.59210 -0.03881 -0.20743
   0.59948 -0.03804 -0.20314
   0.60683 -0.03724 -0.19866
   0.61417 -0.03642 -0.19256
   0.62149 -0.03556 -0.18798
   0.62879 -0.03468 -0.18086
   0.63608 -0.03376 -0.17530
   0.64335 -0.03281 -0.16728
   0.65061 -0.03183 -0.16034
   0.65786 -0.03081 -0.15191
   0.66510 -0.02976 -0.14313
   0.67232 -0.02867 -0.13353
   0.67954 -0.02755 -0.12357
   0.68676 -0.02640 -0.11310
   0.69397 -0.02520 -0.10206
   0.70117 -0.02398 -0.08944
   0.70838 -0.02271 -0.07688
   0.71559 -0.02141 -0.06352
   0.72281 -0.02007 -0.04928
   0.73004 -0.01870 -0.03466
   0.73728 -0.01729 -0.01872
   0.74453 -0.01584 -0.00135
   0.75180 -0.01436  0.01490
   0.75910 -0.01284  0.03474
   0.76642 -0.01128  0.05263
   0.77378 -0.00969  0.07428
   0.78118 -0.00807  0.09300
   0.78863 -0.00642  0.11634
   0.79611 -0.00475  0.13702
   0.80361 -0.00306  0.16129
   0.81108 -0.00138  0.18406
   0.81847  0.00029  0.20695
   0.82574  0.00191  0.23056
   0.83289  0.00348  0.25245
   0.83991  0.00499  0.27284
   0.84680  0.00644  0.29244
   0.85358  0.00782  0.31177
   0.86023  0.00913  0.32795
   0.86676  0.01036  0.34642
   0.87316  0.01151  0.36056
   0.87944  0.01258  0.37685
   0.88561  0.01356  0.38862
   0.89167  0.01445  0.40078
   0.89763  0.01526  0.41149
   0.90349  0.01599  0.42102
   0.90927  0.01663  0.42876
   0.91493  0.01718  0.43831
   0.92047  0.01765  0.44422
   0.92588  0.01803  0.45235
   0.93120  0.01832  0.45594
   0.93644  0.01853  0.45672
   0.94160  0.01868  0.45959
   0.94662  0.01876  0.46656
   0.95140  0.01879  0.48181
   0.95595  0.01872  0.49148
   0.96030  0.01853  0.49652
   0.96456  0.01820  0.48155
   0.96881  0.01775  0.45403
   0.97308  0.01723  0.42690
   0.97733  0.01672  0.41470
   0.98147  0.01621  0.42778
   0.98549  0.01562  0.43465
   0.98945  0.01488  0.38943
   0.99342  0.01406  0.32473
   0.99738  0.01325  0.29933
   1.00000  0.01271  0.25410
