GRUMMAN K-2 AIRFOIL                             
 Alfa =  -1.01300 Re =        0.000 Xflap,Yflap =     0.000000    0.000000
#    x        y        Cp  
   1.00000  0.01371  0.25408
   0.99740  0.01444  0.09888
   0.99329  0.01549  0.06101
   0.98889  0.01657  0.04535
   0.98423  0.01772  0.00471
   0.97929  0.01890 -0.03040
   0.97409  0.02011 -0.05652
   0.96867  0.02135 -0.08719
   0.96305  0.02259 -0.11389
   0.95727  0.02381 -0.13571
   0.95131  0.02502 -0.15689
   0.94520  0.02620 -0.17216
   0.93893  0.02735 -0.18543
   0.93253  0.02848 -0.19684
   0.92600  0.02957 -0.20413
   0.91932  0.03065 -0.21046
   0.91254  0.03170 -0.21749
   0.90568  0.03272 -0.22638
   0.89876  0.03372 -0.23390
   0.89181  0.03467 -0.24223
   0.88484  0.03559 -0.24837
   0.87782  0.03647 -0.25113
   0.87073  0.03731 -0.25243
   0.86355  0.03812 -0.25372
   0.85628  0.03891 -0.25254
   0.84891  0.03968 -0.25192
   0.84146  0.04044 -0.25195
   0.83396  0.04117 -0.25207
   0.82645  0.04190 -0.25790
   0.81896  0.04260 -0.26302
   0.81149  0.04327 -0.26676
   0.80402  0.04391 -0.26939
   0.79655  0.04452 -0.27205
   0.78909  0.04510 -0.27426
   0.78162  0.04565 -0.27527
   0.77414  0.04617 -0.27489
   0.76665  0.04666 -0.27548
   0.75914  0.04713 -0.27433
   0.75161  0.04756 -0.27266
   0.74405  0.04798 -0.27100
   0.73646  0.04837 -0.26828
   0.72884  0.04874 -0.26594
   0.72118  0.04909 -0.26321
   0.71350  0.04943 -0.26004
   0.70580  0.04974 -0.25836
   0.69806  0.05004 -0.25541
   0.69030  0.05033 -0.25357
   0.68252  0.05060 -0.25155
   0.67473  0.05086 -0.24996
   0.66693  0.05111 -0.24786
   0.65911  0.05135 -0.24673
   0.65129  0.05157 -0.24543
   0.64347  0.05178 -0.24349
   0.63563  0.05197 -0.24252
   0.62779  0.05216 -0.24115
   0.61994  0.05233 -0.23925
   0.61208  0.05249 -0.23883
   0.60421  0.05264 -0.23647
   0.59633  0.05278 -0.23581
   0.58846  0.05291 -0.23472
   0.58058  0.05303 -0.23425
   0.57270  0.05314 -0.23315
   0.56482  0.05324 -0.23239
   0.55693  0.05333 -0.23147
   0.54904  0.05340 -0.23098
   0.54115  0.05347 -0.22970
   0.53326  0.05353 -0.22952
   0.52537  0.05358 -0.22832
   0.51748  0.05361 -0.22760
   0.50958  0.05364 -0.22745
   0.50169  0.05366 -0.22600
   0.49380  0.05367 -0.22653
   0.48590  0.05367 -0.22502
   0.47801  0.05366 -0.22557
   0.47012  0.05363 -0.22471
   0.46224  0.05360 -0.22416
   0.45437  0.05356 -0.22371
   0.44650  0.05351 -0.22336
   0.43864  0.05345 -0.22242
   0.43079  0.05338 -0.22241
   0.42295  0.05330 -0.22227
   0.41514  0.05321 -0.22210
   0.40737  0.05312 -0.22294
   0.39966  0.05301 -0.22255
   0.39202  0.05289 -0.22394
   0.38445  0.05276 -0.22122
   0.37694  0.05262 -0.21874
   0.36954  0.05249 -0.21794
   0.36229  0.05236 -0.22536
   0.35524  0.05223 -0.23656
   0.34842  0.05207 -0.24603
   0.34179  0.05185 -0.23740
   0.33530  0.05159 -0.21033
   0.32892  0.05132 -0.18350
   0.32258  0.05111 -0.16984
   0.31625  0.05098 -0.18655
   0.30988  0.05089 -0.21645
   0.30343  0.05078 -0.24432
   0.29682  0.05061 -0.24686
   0.29002  0.05037 -0.23453
   0.28299  0.05009 -0.22280
   0.27579  0.04982 -0.22178
   0.26847  0.04954 -0.22617
   0.26108  0.04924 -0.22841
   0.25361  0.04892 -0.22761
   0.24607  0.04858 -0.22797
   0.23850  0.04823 -0.22931
   0.23092  0.04786 -0.23012
   0.22333  0.04747 -0.23129
   0.21574  0.04707 -0.23219
   0.20817  0.04664 -0.23443
   0.20063  0.04620 -0.23534
   0.19311  0.04574 -0.23659
   0.18563  0.04526 -0.24024
   0.17820  0.04475 -0.24044
   0.17081  0.04423 -0.24224
   0.16349  0.04368 -0.24520
   0.15624  0.04311 -0.24581
   0.14907  0.04251 -0.24888
   0.14200  0.04189 -0.25016
   0.13503  0.04125 -0.25183
   0.12818  0.04059 -0.25332
   0.12147  0.03990 -0.25432
   0.11493  0.03919 -0.25513
   0.10856  0.03847 -0.25601
   0.10240  0.03773 -0.25643
   0.09647  0.03699 -0.25833
   0.09078  0.03624 -0.26102
   0.08537  0.03550 -0.26065
   0.08024  0.03476 -0.26701
   0.07540  0.03403 -0.26989
   0.07085  0.03331 -0.27481
   0.06658  0.03261 -0.28894
   0.06257  0.03190 -0.29084
   0.05879  0.03120 -0.30350
   0.05523  0.03050 -0.30902
   0.05189  0.02978 -0.30837
   0.04873  0.02906 -0.30334
   0.04574  0.02833 -0.29343
   0.04291  0.02760 -0.28521
   0.04024  0.02687 -0.27123
   0.03771  0.02615 -0.26021
   0.03531  0.02543 -0.25350
   0.03305  0.02471 -0.22937
   0.03089  0.02399 -0.19976
   0.02884  0.02329 -0.17673
   0.02688  0.02260 -0.16219
   0.02502  0.02195 -0.16192
   0.02326  0.02131 -0.16190
   0.02159  0.02067 -0.16245
   0.02000  0.02005 -0.15821
   0.01849  0.01942 -0.14913
   0.01706  0.01880 -0.13230
   0.01569  0.01817 -0.10680
   0.01439  0.01754 -0.08565
   0.01314  0.01692 -0.06366
   0.01194  0.01630 -0.04486
   0.01080  0.01568 -0.02750
   0.00971  0.01507 -0.01127
   0.00867  0.01445  0.01169
   0.00767  0.01383  0.02637
   0.00672  0.01321  0.04770
   0.00581  0.01258  0.06437
   0.00495  0.01194  0.09165
   0.00414  0.01128  0.11064
   0.00338  0.01061  0.13307
   0.00268  0.00990  0.16102
   0.00207  0.00914  0.27391
   0.00154  0.00835  0.36492
   0.00111  0.00752  0.48991
   0.00078  0.00665  0.63380
   0.00053  0.00577  0.75149
   0.00035  0.00489  0.83797
   0.00022  0.00400  0.89746
   0.00012  0.00312  0.94215
   0.00005  0.00224  0.97033
   0.00001  0.00137  0.98862
  -0.00000  0.00051  0.99822
   0.00001 -0.00034  0.99970
   0.00004 -0.00120  0.99391
   0.00010 -0.00206  0.98074
   0.00020 -0.00292  0.96708
   0.00027 -0.00380  0.93272
   0.00039 -0.00468  0.90341
   0.00054 -0.00556  0.86116
   0.00072 -0.00645  0.80873
   0.00092 -0.00735  0.74977
   0.00115 -0.00824  0.67985
   0.00142 -0.00914  0.59033
   0.00173 -0.01004  0.49045
   0.00207 -0.01094  0.37562
   0.00247 -0.01182  0.21418
   0.00292 -0.01269  0.13491
   0.00342 -0.01356 -0.18291
   0.00402 -0.01437 -0.24866
   0.00470 -0.01514 -0.35527
   0.00546 -0.01587 -0.39548
   0.00629 -0.01657 -0.42927
   0.00717 -0.01724 -0.44588
   0.00811 -0.01789 -0.46573
   0.00910 -0.01851 -0.46893
   0.01015 -0.01912 -0.46959
   0.01125 -0.01971 -0.47355
   0.01240 -0.02029 -0.46995
   0.01361 -0.02086 -0.46757
   0.01488 -0.02142 -0.46351
   0.01621 -0.02198 -0.45230
   0.01761 -0.02253 -0.44742
   0.01908 -0.02307 -0.43468
   0.02063 -0.02362 -0.43222
   0.02226 -0.02417 -0.42199
   0.02397 -0.02472 -0.40947
   0.02579 -0.02528 -0.40440
   0.02770 -0.02584 -0.39616
   0.02973 -0.02641 -0.39039
   0.03189 -0.02700 -0.38458
   0.03419 -0.02759 -0.38003
   0.03663 -0.02820 -0.37119
   0.03924 -0.02882 -0.36638
   0.04203 -0.02945 -0.35738
   0.04502 -0.03011 -0.35235
   0.04822 -0.03078 -0.34809
   0.05165 -0.03148 -0.34619
   0.05533 -0.03220 -0.34317
   0.05925 -0.03293 -0.34145
   0.06344 -0.03368 -0.33804
   0.06789 -0.03445 -0.33724
   0.07262 -0.03522 -0.33370
   0.07761 -0.03600 -0.33340
   0.08288 -0.03679 -0.33120
   0.08842 -0.03758 -0.32904
   0.09419 -0.03836 -0.32707
   0.10019 -0.03914 -0.32602
   0.10638 -0.03991 -0.32608
   0.11276 -0.04065 -0.32599
   0.11929 -0.04138 -0.32604
   0.12594 -0.04208 -0.32549
   0.13272 -0.04276 -0.32517
   0.13959 -0.04340 -0.32444
   0.14656 -0.04401 -0.32203
   0.15362 -0.04460 -0.32097
   0.16075 -0.04515 -0.31768
   0.16794 -0.04567 -0.31600
   0.17519 -0.04616 -0.31319
   0.18248 -0.04663 -0.31170
   0.18981 -0.04706 -0.30998
   0.19717 -0.04747 -0.30907
   0.20456 -0.04785 -0.30532
   0.21197 -0.04820 -0.30485
   0.21942 -0.04852 -0.30115
   0.22690 -0.04882 -0.29895
   0.23441 -0.04909 -0.29460
   0.24195 -0.04934 -0.29284
   0.24951 -0.04956 -0.29111
   0.25708 -0.04977 -0.28818
   0.26468 -0.04995 -0.28718
   0.27229 -0.05011 -0.28323
   0.27991 -0.05024 -0.28208
   0.28756 -0.05036 -0.27893
   0.29522 -0.05046 -0.27726
   0.30289 -0.05054 -0.27565
   0.31057 -0.05060 -0.27380
   0.31825 -0.05064 -0.27182
   0.32595 -0.05066 -0.27049
   0.33364 -0.05066 -0.26919
   0.34135 -0.05065 -0.26760
   0.34906 -0.05061 -0.26610
   0.35677 -0.05056 -0.26451
   0.36448 -0.05048 -0.26310
   0.37219 -0.05039 -0.26171
   0.37990 -0.05028 -0.25994
   0.38761 -0.05015 -0.25878
   0.39532 -0.05001 -0.25767
   0.40302 -0.04984 -0.25650
   0.41072 -0.04966 -0.25460
   0.41842 -0.04945 -0.25420
   0.42610 -0.04923 -0.25302
   0.43378 -0.04899 -0.25246
   0.44144 -0.04873 -0.25051
   0.44910 -0.04845 -0.25016
   0.45674 -0.04815 -0.24878
   0.46437 -0.04783 -0.24824
   0.47199 -0.04749 -0.24671
   0.47960 -0.04713 -0.24502
   0.48720 -0.04674 -0.24390
   0.49478 -0.04634 -0.24233
   0.50235 -0.04590 -0.24012
   0.50991 -0.04545 -0.23909
   0.51745 -0.04497 -0.23657
   0.52498 -0.04447 -0.23435
   0.53250 -0.04395 -0.23238
   0.54000 -0.04340 -0.22998
   0.54749 -0.04282 -0.22729
   0.55497 -0.04222 -0.22431
   0.56243 -0.04159 -0.22085
   0.56987 -0.04093 -0.21764
   0.57730 -0.04025 -0.21411
   0.58471 -0.03954 -0.21017
   0.59210 -0.03881 -0.20611
   0.59948 -0.03804 -0.20185
   0.60683 -0.03724 -0.19739
   0.61417 -0.03642 -0.19132
   0.62149 -0.03556 -0.18677
   0.62879 -0.03468 -0.17968
   0.63608 -0.03376 -0.17414
   0.64335 -0.03281 -0.16614
   0.65061 -0.03183 -0.15924
   0.65786 -0.03081 -0.15083
   0.66510 -0.02976 -0.14208
   0.67232 -0.02867 -0.13251
   0.67954 -0.02755 -0.12258
   0.68676 -0.02640 -0.11213
   0.69397 -0.02520 -0.10112
   0.70117 -0.02398 -0.08852
   0.70838 -0.02271 -0.07599
   0.71559 -0.02141 -0.06267
   0.72281 -0.02007 -0.04845
   0.73004 -0.01870 -0.03385
   0.73728 -0.01729 -0.01795
   0.74453 -0.01584 -0.00061
   0.75180 -0.01436  0.01562
   0.75910 -0.01284  0.03543
   0.76642 -0.01128  0.05328
   0.77378 -0.00969  0.07491
   0.78118 -0.00807  0.09361
   0.78863 -0.00642  0.11692
   0.79611 -0.00475  0.13757
   0.80361 -0.00306  0.16181
   0.81108 -0.00138  0.18455
   0.81847  0.00029  0.20742
   0.82574  0.00191  0.23100
   0.83289  0.00348  0.25287
   0.83991  0.00499  0.27324
   0.84680  0.00644  0.29281
   0.85358  0.00782  0.31213
   0.86023  0.00913  0.32829
   0.86676  0.01036  0.34674
   0.87316  0.01151  0.36087
   0.87944  0.01258  0.37713
   0.88561  0.01356  0.38889
   0.89167  0.01445  0.40105
   0.89763  0.01526  0.41173
   0.90349  0.01599  0.42126
   0.90927  0.01663  0.42899
   0.91493  0.01718  0.43852
   0.92047  0.01765  0.44444
   0.92588  0.01803  0.45254
   0.93120  0.01832  0.45614
   0.93644  0.01853  0.45690
   0.94160  0.01868  0.45976
   0.94662  0.01876  0.46674
   0.95140  0.01879  0.48196
   0.95595  0.01872  0.49163
   0.96030  0.01853  0.49666
   0.96456  0.01820  0.48168
   0.96881  0.01775  0.45417
   0.97308  0.01723  0.42704
   0.97733  0.01672  0.41483
   0.98147  0.01621  0.42789
   0.98549  0.01562  0.43475
   0.98945  0.01488  0.38953
   0.99342  0.01406  0.32483
   0.99738  0.01325  0.29942
   1.00000  0.01271  0.25408
