GRUMMAN K-2 AIRFOIL                             
 Alfa =  -1.09700 Re =        0.000 Xflap,Yflap =     0.000000    0.000000
#    x        y        Cp  
   1.00000  0.01371  0.25412
   0.99740  0.01444  0.09898
   0.99329  0.01549  0.06115
   0.98889  0.01657  0.04559
   0.98423  0.01772  0.00504
   0.97929  0.01890 -0.03003
   0.97409  0.02011 -0.05610
   0.96867  0.02135 -0.08668
   0.96305  0.02259 -0.11332
   0.95727  0.02381 -0.13509
   0.95131  0.02502 -0.15619
   0.94520  0.02620 -0.17140
   0.93893  0.02735 -0.18461
   0.93253  0.02848 -0.19596
   0.92600  0.02957 -0.20322
   0.91932  0.03065 -0.20946
   0.91254  0.03170 -0.21647
   0.90568  0.03272 -0.22527
   0.89876  0.03372 -0.23277
   0.89181  0.03467 -0.24103
   0.88484  0.03559 -0.24711
   0.87782  0.03647 -0.24983
   0.87073  0.03731 -0.25108
   0.86355  0.03812 -0.25231
   0.85628  0.03891 -0.25112
   0.84891  0.03968 -0.25042
   0.84146  0.04044 -0.25043
   0.83396  0.04117 -0.25049
   0.82645  0.04190 -0.25629
   0.81896  0.04260 -0.26134
   0.81149  0.04327 -0.26503
   0.80402  0.04391 -0.26762
   0.79655  0.04452 -0.27021
   0.78909  0.04510 -0.27242
   0.78162  0.04565 -0.27334
   0.77414  0.04617 -0.27293
   0.76665  0.04666 -0.27346
   0.75914  0.04713 -0.27228
   0.75161  0.04756 -0.27057
   0.74405  0.04798 -0.26889
   0.73646  0.04837 -0.26611
   0.72884  0.04874 -0.26374
   0.72118  0.04909 -0.26096
   0.71350  0.04943 -0.25775
   0.70580  0.04974 -0.25603
   0.69806  0.05004 -0.25307
   0.69030  0.05033 -0.25115
   0.68252  0.05060 -0.24912
   0.67473  0.05086 -0.24746
   0.66693  0.05111 -0.24533
   0.65911  0.05135 -0.24417
   0.65129  0.05157 -0.24281
   0.64347  0.05178 -0.24084
   0.63563  0.05197 -0.23982
   0.62779  0.05216 -0.23841
   0.61994  0.05233 -0.23646
   0.61208  0.05249 -0.23601
   0.60421  0.05264 -0.23360
   0.59633  0.05278 -0.23288
   0.58846  0.05291 -0.23176
   0.58058  0.05303 -0.23124
   0.57270  0.05314 -0.23010
   0.56482  0.05324 -0.22929
   0.55693  0.05333 -0.22832
   0.54904  0.05340 -0.22777
   0.54115  0.05347 -0.22645
   0.53326  0.05353 -0.22622
   0.52537  0.05358 -0.22497
   0.51748  0.05361 -0.22418
   0.50958  0.05364 -0.22399
   0.50169  0.05366 -0.22249
   0.49380  0.05367 -0.22297
   0.48590  0.05367 -0.22140
   0.47801  0.05366 -0.22189
   0.47012  0.05363 -0.22098
   0.46224  0.05360 -0.22037
   0.45437  0.05356 -0.21986
   0.44650  0.05351 -0.21945
   0.43864  0.05345 -0.21846
   0.43079  0.05338 -0.21837
   0.42295  0.05330 -0.21817
   0.41514  0.05321 -0.21794
   0.40737  0.05312 -0.21871
   0.39966  0.05301 -0.21825
   0.39202  0.05289 -0.21957
   0.38445  0.05276 -0.21678
   0.37694  0.05262 -0.21425
   0.36954  0.05249 -0.21338
   0.36229  0.05236 -0.22070
   0.35524  0.05223 -0.23178
   0.34842  0.05207 -0.24116
   0.34179  0.05185 -0.23247
   0.33530  0.05159 -0.20545
   0.32892  0.05132 -0.17866
   0.32258  0.05111 -0.16498
   0.31625  0.05098 -0.18156
   0.30988  0.05089 -0.21126
   0.30343  0.05078 -0.23893
   0.29682  0.05061 -0.24138
   0.29002  0.05037 -0.22901
   0.28299  0.05009 -0.21724
   0.27579  0.04982 -0.21612
   0.26847  0.04954 -0.22039
   0.26108  0.04924 -0.22252
   0.25361  0.04892 -0.22159
   0.24607  0.04858 -0.22184
   0.23850  0.04823 -0.22305
   0.23092  0.04786 -0.22371
   0.22333  0.04747 -0.22475
   0.21574  0.04707 -0.22550
   0.20817  0.04664 -0.22758
   0.20063  0.04620 -0.22833
   0.19311  0.04574 -0.22940
   0.18563  0.04526 -0.23286
   0.17820  0.04475 -0.23287
   0.17081  0.04423 -0.23447
   0.16349  0.04368 -0.23721
   0.15624  0.04311 -0.23761
   0.14907  0.04251 -0.24042
   0.14200  0.04189 -0.24146
   0.13503  0.04125 -0.24287
   0.12818  0.04059 -0.24408
   0.12147  0.03990 -0.24480
   0.11493  0.03919 -0.24531
   0.10856  0.03847 -0.24587
   0.10240  0.03773 -0.24596
   0.09647  0.03699 -0.24750
   0.09078  0.03624 -0.24982
   0.08537  0.03550 -0.24907
   0.08024  0.03476 -0.25500
   0.07540  0.03403 -0.25745
   0.07085  0.03331 -0.26192
   0.06658  0.03261 -0.27547
   0.06257  0.03190 -0.27691
   0.05879  0.03120 -0.28897
   0.05523  0.03050 -0.29396
   0.05189  0.02978 -0.29281
   0.04873  0.02906 -0.28734
   0.04574  0.02833 -0.27703
   0.04291  0.02760 -0.26837
   0.04024  0.02687 -0.25403
   0.03771  0.02615 -0.24260
   0.03531  0.02543 -0.23539
   0.03305  0.02471 -0.21102
   0.03089  0.02399 -0.18124
   0.02884  0.02329 -0.15796
   0.02688  0.02260 -0.14301
   0.02502  0.02195 -0.14209
   0.02326  0.02131 -0.14137
   0.02159  0.02067 -0.14119
   0.02000  0.02005 -0.13624
   0.01849  0.01942 -0.12651
   0.01706  0.01880 -0.10917
   0.01569  0.01817 -0.08329
   0.01439  0.01754 -0.06169
   0.01314  0.01692 -0.03920
   0.01194  0.01630 -0.01979
   0.01080  0.01568 -0.00173
   0.00971  0.01507  0.01523
   0.00867  0.01445  0.03891
   0.00767  0.01383  0.05451
   0.00672  0.01321  0.07681
   0.00581  0.01258  0.09464
   0.00495  0.01194  0.12300
   0.00414  0.01128  0.14344
   0.00338  0.01061  0.16765
   0.00268  0.00990  0.19743
   0.00207  0.00914  0.30872
   0.00154  0.00835  0.39883
   0.00111  0.00752  0.52080
   0.00078  0.00665  0.65930
   0.00053  0.00577  0.77172
   0.00035  0.00489  0.85368
   0.00022  0.00400  0.90957
   0.00012  0.00312  0.95096
   0.00005  0.00224  0.97642
   0.00001  0.00137  0.99221
  -0.00000  0.00051  0.99943
   0.00001 -0.00034  0.99875
   0.00004 -0.00120  0.99079
   0.00010 -0.00206  0.97534
   0.00020 -0.00292  0.96072
   0.00027 -0.00380  0.92286
   0.00039 -0.00468  0.89211
   0.00054 -0.00556  0.84760
   0.00072 -0.00645  0.79279
   0.00092 -0.00735  0.73153
   0.00115 -0.00824  0.65915
   0.00142 -0.00914  0.56673
   0.00173 -0.01004  0.46387
   0.00207 -0.01094  0.34602
   0.00247 -0.01182  0.18018
   0.00292 -0.01269  0.10033
   0.00342 -0.01356 -0.22658
   0.00402 -0.01437 -0.29127
   0.00470 -0.01514 -0.39856
   0.00546 -0.01587 -0.43721
   0.00629 -0.01657 -0.46960
   0.00717 -0.01724 -0.48449
   0.00811 -0.01789 -0.50292
   0.00910 -0.01851 -0.50451
   0.01015 -0.01912 -0.50361
   0.01125 -0.01971 -0.50621
   0.01240 -0.02029 -0.50126
   0.01361 -0.02086 -0.49762
   0.01488 -0.02142 -0.49235
   0.01621 -0.02198 -0.47991
   0.01761 -0.02253 -0.47395
   0.01908 -0.02307 -0.46014
   0.02063 -0.02362 -0.45675
   0.02226 -0.02417 -0.44557
   0.02397 -0.02472 -0.43211
   0.02579 -0.02528 -0.42623
   0.02770 -0.02584 -0.41719
   0.02973 -0.02641 -0.41068
   0.03189 -0.02700 -0.40416
   0.03419 -0.02759 -0.39893
   0.03663 -0.02820 -0.38940
   0.03924 -0.02882 -0.38395
   0.04203 -0.02945 -0.37430
   0.04502 -0.03011 -0.36868
   0.04822 -0.03078 -0.36384
   0.05165 -0.03148 -0.36141
   0.05533 -0.03220 -0.35787
   0.05925 -0.03293 -0.35565
   0.06344 -0.03368 -0.35174
   0.06789 -0.03445 -0.35048
   0.07262 -0.03522 -0.34648
   0.07761 -0.03600 -0.34575
   0.08288 -0.03679 -0.34313
   0.08842 -0.03758 -0.34056
   0.09419 -0.03836 -0.33820
   0.10019 -0.03914 -0.33679
   0.10638 -0.03991 -0.33651
   0.11276 -0.04065 -0.33610
   0.11929 -0.04138 -0.33585
   0.12594 -0.04208 -0.33501
   0.13272 -0.04276 -0.33441
   0.13959 -0.04340 -0.33343
   0.14656 -0.04401 -0.33076
   0.15362 -0.04460 -0.32945
   0.16075 -0.04515 -0.32593
   0.16794 -0.04567 -0.32402
   0.17519 -0.04616 -0.32101
   0.18248 -0.04663 -0.31932
   0.18981 -0.04706 -0.31742
   0.19717 -0.04747 -0.31631
   0.20456 -0.04785 -0.31239
   0.21197 -0.04820 -0.31176
   0.21942 -0.04852 -0.30790
   0.22690 -0.04882 -0.30554
   0.23441 -0.04909 -0.30104
   0.24195 -0.04934 -0.29913
   0.24951 -0.04956 -0.29727
   0.25708 -0.04977 -0.29421
   0.26468 -0.04995 -0.29308
   0.27229 -0.05011 -0.28900
   0.27991 -0.05024 -0.28774
   0.28756 -0.05036 -0.28447
   0.29522 -0.05046 -0.28269
   0.30289 -0.05054 -0.28098
   0.31057 -0.05060 -0.27902
   0.31825 -0.05064 -0.27695
   0.32595 -0.05066 -0.27551
   0.33364 -0.05066 -0.27412
   0.34135 -0.05065 -0.27244
   0.34906 -0.05061 -0.27086
   0.35677 -0.05056 -0.26918
   0.36448 -0.05048 -0.26768
   0.37219 -0.05039 -0.26623
   0.37990 -0.05028 -0.26436
   0.38761 -0.05015 -0.26313
   0.39532 -0.05001 -0.26194
   0.40302 -0.04984 -0.26069
   0.41072 -0.04966 -0.25873
   0.41842 -0.04945 -0.25825
   0.42610 -0.04923 -0.25701
   0.43378 -0.04899 -0.25638
   0.44144 -0.04873 -0.25437
   0.44910 -0.04845 -0.25394
   0.45674 -0.04815 -0.25251
   0.46437 -0.04783 -0.25191
   0.47199 -0.04749 -0.25032
   0.47960 -0.04713 -0.24856
   0.48720 -0.04674 -0.24738
   0.49478 -0.04634 -0.24576
   0.50235 -0.04590 -0.24348
   0.50991 -0.04545 -0.24238
   0.51745 -0.04497 -0.23982
   0.52498 -0.04447 -0.23754
   0.53250 -0.04395 -0.23551
   0.54000 -0.04340 -0.23306
   0.54749 -0.04282 -0.23031
   0.55497 -0.04222 -0.22728
   0.56243 -0.04159 -0.22376
   0.56987 -0.04093 -0.22051
   0.57730 -0.04025 -0.21692
   0.58471 -0.03954 -0.21291
   0.59210 -0.03881 -0.20881
   0.59948 -0.03804 -0.20449
   0.60683 -0.03724 -0.19998
   0.61417 -0.03642 -0.19386
   0.62149 -0.03556 -0.18925
   0.62879 -0.03468 -0.18210
   0.63608 -0.03376 -0.17651
   0.64335 -0.03281 -0.16847
   0.65061 -0.03183 -0.16150
   0.65786 -0.03081 -0.15304
   0.66510 -0.02976 -0.14424
   0.67232 -0.02867 -0.13460
   0.67954 -0.02755 -0.12461
   0.68676 -0.02640 -0.11412
   0.69397 -0.02520 -0.10305
   0.70117 -0.02398 -0.09040
   0.70838 -0.02271 -0.07781
   0.71559 -0.02141 -0.06442
   0.72281 -0.02007 -0.05015
   0.73004 -0.01870 -0.03551
   0.73728 -0.01729 -0.01954
   0.74453 -0.01584 -0.00212
   0.75180 -0.01436  0.01414
   0.75910 -0.01284  0.03401
   0.76642 -0.01128  0.05194
   0.77378 -0.00969  0.07363
   0.78118 -0.00807  0.09237
   0.78863 -0.00642  0.11573
   0.79611 -0.00475  0.13645
   0.80361 -0.00306  0.16075
   0.81108 -0.00138  0.18355
   0.81847  0.00029  0.20646
   0.82574  0.00191  0.23010
   0.83289  0.00348  0.25201
   0.83991  0.00499  0.27243
   0.84680  0.00644  0.29205
   0.85358  0.00782  0.31140
   0.86023  0.00913  0.32760
   0.86676  0.01036  0.34610
   0.87316  0.01151  0.36023
   0.87944  0.01258  0.37655
   0.88561  0.01356  0.38833
   0.89167  0.01445  0.40051
   0.89763  0.01526  0.41123
   0.90349  0.01599  0.42077
   0.90927  0.01663  0.42852
   0.91493  0.01718  0.43809
   0.92047  0.01765  0.44400
   0.92588  0.01803  0.45215
   0.93120  0.01832  0.45574
   0.93644  0.01853  0.45653
   0.94160  0.01868  0.45941
   0.94662  0.01876  0.46638
   0.95140  0.01879  0.48166
   0.95595  0.01872  0.49132
   0.96030  0.01853  0.49637
   0.96456  0.01820  0.48141
   0.96881  0.01775  0.45388
   0.97308  0.01723  0.42676
   0.97733  0.01672  0.41456
   0.98147  0.01621  0.42766
   0.98549  0.01562  0.43455
   0.98945  0.01488  0.38932
   0.99342  0.01406  0.32462
   0.99738  0.01325  0.29925
   1.00000  0.01271  0.25412
