GRUMMAN K-2 AIRFOIL                             
 Alfa =  -1.09500 Re =        0.000 Xflap,Yflap =     0.000000    0.000000
#    x        y        Cp  
   1.00000  0.01371  0.25412
   0.99740  0.01444  0.09898
   0.99329  0.01549  0.06114
   0.98889  0.01657  0.04558
   0.98423  0.01772  0.00503
   0.97929  0.01890 -0.03004
   0.97409  0.02011 -0.05611
   0.96867  0.02135 -0.08669
   0.96305  0.02259 -0.11334
   0.95727  0.02381 -0.13510
   0.95131  0.02502 -0.15621
   0.94520  0.02620 -0.17142
   0.93893  0.02735 -0.18463
   0.93253  0.02848 -0.19598
   0.92600  0.02957 -0.20324
   0.91932  0.03065 -0.20948
   0.91254  0.03170 -0.21649
   0.90568  0.03272 -0.22530
   0.89876  0.03372 -0.23279
   0.89181  0.03467 -0.24105
   0.88484  0.03559 -0.24714
   0.87782  0.03647 -0.24986
   0.87073  0.03731 -0.25111
   0.86355  0.03812 -0.25234
   0.85628  0.03891 -0.25115
   0.84891  0.03968 -0.25045
   0.84146  0.04044 -0.25046
   0.83396  0.04117 -0.25052
   0.82645  0.04190 -0.25633
   0.81896  0.04260 -0.26138
   0.81149  0.04327 -0.26507
   0.80402  0.04391 -0.26767
   0.79655  0.04452 -0.27026
   0.78909  0.04510 -0.27246
   0.78162  0.04565 -0.27338
   0.77414  0.04617 -0.27298
   0.76665  0.04666 -0.27350
   0.75914  0.04713 -0.27233
   0.75161  0.04756 -0.27062
   0.74405  0.04798 -0.26894
   0.73646  0.04837 -0.26616
   0.72884  0.04874 -0.26379
   0.72118  0.04909 -0.26102
   0.71350  0.04943 -0.25781
   0.70580  0.04974 -0.25609
   0.69806  0.05004 -0.25312
   0.69030  0.05033 -0.25121
   0.68252  0.05060 -0.24917
   0.67473  0.05086 -0.24752
   0.66693  0.05111 -0.24539
   0.65911  0.05135 -0.24423
   0.65129  0.05157 -0.24287
   0.64347  0.05178 -0.24090
   0.63563  0.05197 -0.23989
   0.62779  0.05216 -0.23847
   0.61994  0.05233 -0.23652
   0.61208  0.05249 -0.23607
   0.60421  0.05264 -0.23367
   0.59633  0.05278 -0.23295
   0.58846  0.05291 -0.23183
   0.58058  0.05303 -0.23131
   0.57270  0.05314 -0.23017
   0.56482  0.05324 -0.22936
   0.55693  0.05333 -0.22839
   0.54904  0.05340 -0.22785
   0.54115  0.05347 -0.22653
   0.53326  0.05353 -0.22630
   0.52537  0.05358 -0.22505
   0.51748  0.05361 -0.22427
   0.50958  0.05364 -0.22407
   0.50169  0.05366 -0.22257
   0.49380  0.05367 -0.22305
   0.48590  0.05367 -0.22149
   0.47801  0.05366 -0.22198
   0.47012  0.05363 -0.22107
   0.46224  0.05360 -0.22046
   0.45437  0.05356 -0.21995
   0.44650  0.05351 -0.21954
   0.43864  0.05345 -0.21855
   0.43079  0.05338 -0.21847
   0.42295  0.05330 -0.21827
   0.41514  0.05321 -0.21804
   0.40737  0.05312 -0.21881
   0.39966  0.05301 -0.21835
   0.39202  0.05289 -0.21968
   0.38445  0.05276 -0.21688
   0.37694  0.05262 -0.21436
   0.36954  0.05249 -0.21349
   0.36229  0.05236 -0.22081
   0.35524  0.05223 -0.23189
   0.34842  0.05207 -0.24127
   0.34179  0.05185 -0.23259
   0.33530  0.05159 -0.20557
   0.32892  0.05132 -0.17878
   0.32258  0.05111 -0.16510
   0.31625  0.05098 -0.18168
   0.30988  0.05089 -0.21138
   0.30343  0.05078 -0.23906
   0.29682  0.05061 -0.24151
   0.29002  0.05037 -0.22914
   0.28299  0.05009 -0.21737
   0.27579  0.04982 -0.21625
   0.26847  0.04954 -0.22053
   0.26108  0.04924 -0.22266
   0.25361  0.04892 -0.22174
   0.24607  0.04858 -0.22199
   0.23850  0.04823 -0.22320
   0.23092  0.04786 -0.22387
   0.22333  0.04747 -0.22490
   0.21574  0.04707 -0.22566
   0.20817  0.04664 -0.22774
   0.20063  0.04620 -0.22850
   0.19311  0.04574 -0.22957
   0.18563  0.04526 -0.23304
   0.17820  0.04475 -0.23305
   0.17081  0.04423 -0.23466
   0.16349  0.04368 -0.23740
   0.15624  0.04311 -0.23780
   0.14907  0.04251 -0.24063
   0.14200  0.04189 -0.24167
   0.13503  0.04125 -0.24308
   0.12818  0.04059 -0.24430
   0.12147  0.03990 -0.24503
   0.11493  0.03919 -0.24554
   0.10856  0.03847 -0.24611
   0.10240  0.03773 -0.24621
   0.09647  0.03699 -0.24776
   0.09078  0.03624 -0.25008
   0.08537  0.03550 -0.24935
   0.08024  0.03476 -0.25529
   0.07540  0.03403 -0.25774
   0.07085  0.03331 -0.26222
   0.06658  0.03261 -0.27579
   0.06257  0.03190 -0.27724
   0.05879  0.03120 -0.28931
   0.05523  0.03050 -0.29431
   0.05189  0.02978 -0.29318
   0.04873  0.02906 -0.28772
   0.04574  0.02833 -0.27742
   0.04291  0.02760 -0.26877
   0.04024  0.02687 -0.25444
   0.03771  0.02615 -0.24302
   0.03531  0.02543 -0.23582
   0.03305  0.02471 -0.21145
   0.03089  0.02399 -0.18168
   0.02884  0.02329 -0.15840
   0.02688  0.02260 -0.14346
   0.02502  0.02195 -0.14256
   0.02326  0.02131 -0.14185
   0.02159  0.02067 -0.14169
   0.02000  0.02005 -0.13676
   0.01849  0.01942 -0.12704
   0.01706  0.01880 -0.10972
   0.01569  0.01817 -0.08385
   0.01439  0.01754 -0.06226
   0.01314  0.01692 -0.03978
   0.01194  0.01630 -0.02038
   0.01080  0.01568 -0.00234
   0.00971  0.01507  0.01460
   0.00867  0.01445  0.03827
   0.00767  0.01383  0.05385
   0.00672  0.01321  0.07612
   0.00581  0.01258  0.09392
   0.00495  0.01194  0.12226
   0.00414  0.01128  0.14266
   0.00338  0.01061  0.16684
   0.00268  0.00990  0.19657
   0.00207  0.00914  0.30790
   0.00154  0.00835  0.39803
   0.00111  0.00752  0.52008
   0.00078  0.00665  0.65870
   0.00053  0.00577  0.77125
   0.00035  0.00489  0.85332
   0.00022  0.00400  0.90929
   0.00012  0.00312  0.95076
   0.00005  0.00224  0.97629
   0.00001  0.00137  0.99213
  -0.00000  0.00051  0.99941
   0.00001 -0.00034  0.99878
   0.00004 -0.00120  0.99087
   0.00010 -0.00206  0.97548
   0.00020 -0.00292  0.96088
   0.00027 -0.00380  0.92310
   0.00039 -0.00468  0.89238
   0.00054 -0.00556  0.84793
   0.00072 -0.00645  0.79318
   0.00092 -0.00735  0.73197
   0.00115 -0.00824  0.65965
   0.00142 -0.00914  0.56730
   0.00173 -0.01004  0.46451
   0.00207 -0.01094  0.34674
   0.00247 -0.01182  0.18100
   0.00292 -0.01269  0.10116
   0.00342 -0.01356 -0.22553
   0.00402 -0.01437 -0.29024
   0.00470 -0.01514 -0.39752
   0.00546 -0.01587 -0.43621
   0.00629 -0.01657 -0.46864
   0.00717 -0.01724 -0.48357
   0.00811 -0.01789 -0.50203
   0.00910 -0.01851 -0.50366
   0.01015 -0.01912 -0.50280
   0.01125 -0.01971 -0.50543
   0.01240 -0.02029 -0.50051
   0.01361 -0.02086 -0.49690
   0.01488 -0.02142 -0.49166
   0.01621 -0.02198 -0.47925
   0.01761 -0.02253 -0.47332
   0.01908 -0.02307 -0.45953
   0.02063 -0.02362 -0.45616
   0.02226 -0.02417 -0.44501
   0.02397 -0.02472 -0.43157
   0.02579 -0.02528 -0.42571
   0.02770 -0.02584 -0.41669
   0.02973 -0.02641 -0.41019
   0.03189 -0.02700 -0.40370
   0.03419 -0.02759 -0.39848
   0.03663 -0.02820 -0.38896
   0.03924 -0.02882 -0.38353
   0.04203 -0.02945 -0.37389
   0.04502 -0.03011 -0.36829
   0.04822 -0.03078 -0.36347
   0.05165 -0.03148 -0.36105
   0.05533 -0.03220 -0.35752
   0.05925 -0.03293 -0.35531
   0.06344 -0.03368 -0.35142
   0.06789 -0.03445 -0.35017
   0.07262 -0.03522 -0.34617
   0.07761 -0.03600 -0.34545
   0.08288 -0.03679 -0.34284
   0.08842 -0.03758 -0.34029
   0.09419 -0.03836 -0.33793
   0.10019 -0.03914 -0.33654
   0.10638 -0.03991 -0.33626
   0.11276 -0.04065 -0.33586
   0.11929 -0.04138 -0.33562
   0.12594 -0.04208 -0.33478
   0.13272 -0.04276 -0.33419
   0.13959 -0.04340 -0.33321
   0.14656 -0.04401 -0.33055
   0.15362 -0.04460 -0.32925
   0.16075 -0.04515 -0.32573
   0.16794 -0.04567 -0.32383
   0.17519 -0.04616 -0.32082
   0.18248 -0.04663 -0.31914
   0.18981 -0.04706 -0.31724
   0.19717 -0.04747 -0.31614
   0.20456 -0.04785 -0.31222
   0.21197 -0.04820 -0.31160
   0.21942 -0.04852 -0.30774
   0.22690 -0.04882 -0.30538
   0.23441 -0.04909 -0.30088
   0.24195 -0.04934 -0.29898
   0.24951 -0.04956 -0.29712
   0.25708 -0.04977 -0.29406
   0.26468 -0.04995 -0.29294
   0.27229 -0.05011 -0.28887
   0.27991 -0.05024 -0.28760
   0.28756 -0.05036 -0.28434
   0.29522 -0.05046 -0.28256
   0.30289 -0.05054 -0.28085
   0.31057 -0.05060 -0.27890
   0.31825 -0.05064 -0.27683
   0.32595 -0.05066 -0.27539
   0.33364 -0.05066 -0.27401
   0.34135 -0.05065 -0.27233
   0.34906 -0.05061 -0.27075
   0.35677 -0.05056 -0.26907
   0.36448 -0.05048 -0.26757
   0.37219 -0.05039 -0.26612
   0.37990 -0.05028 -0.26425
   0.38761 -0.05015 -0.26303
   0.39532 -0.05001 -0.26184
   0.40302 -0.04984 -0.26059
   0.41072 -0.04966 -0.25863
   0.41842 -0.04945 -0.25816
   0.42610 -0.04923 -0.25691
   0.43378 -0.04899 -0.25629
   0.44144 -0.04873 -0.25427
   0.44910 -0.04845 -0.25385
   0.45674 -0.04815 -0.25242
   0.46437 -0.04783 -0.25182
   0.47199 -0.04749 -0.25023
   0.47960 -0.04713 -0.24848
   0.48720 -0.04674 -0.24729
   0.49478 -0.04634 -0.24568
   0.50235 -0.04590 -0.24340
   0.50991 -0.04545 -0.24230
   0.51745 -0.04497 -0.23975
   0.52498 -0.04447 -0.23746
   0.53250 -0.04395 -0.23544
   0.54000 -0.04340 -0.23298
   0.54749 -0.04282 -0.23024
   0.55497 -0.04222 -0.22721
   0.56243 -0.04159 -0.22369
   0.56987 -0.04093 -0.22044
   0.57730 -0.04025 -0.21686
   0.58471 -0.03954 -0.21285
   0.59210 -0.03881 -0.20874
   0.59948 -0.03804 -0.20443
   0.60683 -0.03724 -0.19992
   0.61417 -0.03642 -0.19380
   0.62149 -0.03556 -0.18919
   0.62879 -0.03468 -0.18204
   0.63608 -0.03376 -0.17646
   0.64335 -0.03281 -0.16841
   0.65061 -0.03183 -0.16145
   0.65786 -0.03081 -0.15298
   0.66510 -0.02976 -0.14419
   0.67232 -0.02867 -0.13455
   0.67954 -0.02755 -0.12456
   0.68676 -0.02640 -0.11407
   0.69397 -0.02520 -0.10300
   0.70117 -0.02398 -0.09035
   0.70838 -0.02271 -0.07776
   0.71559 -0.02141 -0.06438
   0.72281 -0.02007 -0.05011
   0.73004 -0.01870 -0.03547
   0.73728 -0.01729 -0.01950
   0.74453 -0.01584 -0.00209
   0.75180 -0.01436  0.01417
   0.75910 -0.01284  0.03405
   0.76642 -0.01128  0.05197
   0.77378 -0.00969  0.07366
   0.78118 -0.00807  0.09240
   0.78863 -0.00642  0.11576
   0.79611 -0.00475  0.13648
   0.80361 -0.00306  0.16077
   0.81108 -0.00138  0.18357
   0.81847  0.00029  0.20648
   0.82574  0.00191  0.23012
   0.83289  0.00348  0.25203
   0.83991  0.00499  0.27245
   0.84680  0.00644  0.29206
   0.85358  0.00782  0.31141
   0.86023  0.00913  0.32762
   0.86676  0.01036  0.34611
   0.87316  0.01151  0.36025
   0.87944  0.01258  0.37656
   0.88561  0.01356  0.38834
   0.89167  0.01445  0.40052
   0.89763  0.01526  0.41124
   0.90349  0.01599  0.42078
   0.90927  0.01663  0.42853
   0.91493  0.01718  0.43810
   0.92047  0.01765  0.44401
   0.92588  0.01803  0.45216
   0.93120  0.01832  0.45575
   0.93644  0.01853  0.45654
   0.94160  0.01868  0.45942
   0.94662  0.01876  0.46639
   0.95140  0.01879  0.48166
   0.95595  0.01872  0.49133
   0.96030  0.01853  0.49638
   0.96456  0.01820  0.48142
   0.96881  0.01775  0.45389
   0.97308  0.01723  0.42677
   0.97733  0.01672  0.41457
   0.98147  0.01621  0.42767
   0.98549  0.01562  0.43455
   0.98945  0.01488  0.38933
   0.99342  0.01406  0.32463
   0.99738  0.01325  0.29925
   1.00000  0.01271  0.25412
