GRUMMAN K-2 AIRFOIL                             
 Alfa =  -1.25500 Re =        0.000 Xflap,Yflap =     0.000000    0.000000
#    x        y        Cp  
   1.00000  0.01371  0.25420
   0.99740  0.01444  0.09918
   0.99329  0.01549  0.06142
   0.98889  0.01657  0.04605
   0.98423  0.01772  0.00567
   0.97929  0.01890 -0.02931
   0.97409  0.02011 -0.05529
   0.96867  0.02135 -0.08570
   0.96305  0.02259 -0.11225
   0.95727  0.02381 -0.13392
   0.95131  0.02502 -0.15486
   0.94520  0.02620 -0.16996
   0.93893  0.02735 -0.18305
   0.93253  0.02848 -0.19429
   0.92600  0.02957 -0.20148
   0.91932  0.03065 -0.20756
   0.91254  0.03170 -0.21453
   0.90568  0.03272 -0.22317
   0.89876  0.03372 -0.23062
   0.89181  0.03467 -0.23874
   0.88484  0.03559 -0.24472
   0.87782  0.03647 -0.24738
   0.87073  0.03731 -0.24852
   0.86355  0.03812 -0.24966
   0.85628  0.03891 -0.24843
   0.84891  0.03968 -0.24758
   0.84146  0.04044 -0.24755
   0.83396  0.04117 -0.24750
   0.82645  0.04190 -0.25323
   0.81896  0.04260 -0.25816
   0.81149  0.04327 -0.26175
   0.80402  0.04391 -0.26429
   0.79655  0.04452 -0.26675
   0.78909  0.04510 -0.26895
   0.78162  0.04565 -0.26970
   0.77414  0.04617 -0.26924
   0.76665  0.04666 -0.26964
   0.75914  0.04713 -0.26843
   0.75161  0.04756 -0.26663
   0.74405  0.04798 -0.26492
   0.73646  0.04837 -0.26201
   0.72884  0.04874 -0.25959
   0.72118  0.04909 -0.25673
   0.71350  0.04943 -0.25343
   0.70580  0.04974 -0.25164
   0.69806  0.05004 -0.24865
   0.69030  0.05033 -0.24660
   0.68252  0.05060 -0.24453
   0.67473  0.05086 -0.24276
   0.66693  0.05111 -0.24058
   0.65911  0.05135 -0.23935
   0.65129  0.05157 -0.23787
   0.64347  0.05178 -0.23584
   0.63563  0.05197 -0.23475
   0.62779  0.05216 -0.23325
   0.61994  0.05233 -0.23120
   0.61208  0.05249 -0.23070
   0.60421  0.05264 -0.22819
   0.59633  0.05278 -0.22738
   0.58846  0.05291 -0.22617
   0.58058  0.05303 -0.22556
   0.57270  0.05314 -0.22434
   0.56482  0.05324 -0.22346
   0.55693  0.05333 -0.22239
   0.54904  0.05340 -0.22175
   0.54115  0.05347 -0.22033
   0.53326  0.05353 -0.22000
   0.52537  0.05358 -0.21866
   0.51748  0.05361 -0.21776
   0.50958  0.05364 -0.21749
   0.50169  0.05366 -0.21589
   0.49380  0.05367 -0.21626
   0.48590  0.05367 -0.21460
   0.47801  0.05366 -0.21497
   0.47012  0.05363 -0.21396
   0.46224  0.05360 -0.21323
   0.45437  0.05356 -0.21262
   0.44650  0.05351 -0.21210
   0.43864  0.05345 -0.21100
   0.43079  0.05338 -0.21078
   0.42295  0.05330 -0.21048
   0.41514  0.05321 -0.21012
   0.40737  0.05312 -0.21076
   0.39966  0.05301 -0.21015
   0.39202  0.05289 -0.21137
   0.38445  0.05276 -0.20844
   0.37694  0.05262 -0.20581
   0.36954  0.05249 -0.20482
   0.36229  0.05236 -0.21195
   0.35524  0.05223 -0.22280
   0.34842  0.05207 -0.23200
   0.34179  0.05185 -0.22322
   0.33530  0.05159 -0.19628
   0.32892  0.05132 -0.16958
   0.32258  0.05111 -0.15586
   0.31625  0.05098 -0.17219
   0.30988  0.05089 -0.20151
   0.30343  0.05078 -0.22879
   0.29682  0.05061 -0.23108
   0.29002  0.05037 -0.21864
   0.28299  0.05009 -0.20680
   0.27579  0.04982 -0.20550
   0.26847  0.04954 -0.20954
   0.26108  0.04924 -0.21146
   0.25361  0.04892 -0.21031
   0.24607  0.04858 -0.21033
   0.23850  0.04823 -0.21130
   0.23092  0.04786 -0.21170
   0.22333  0.04747 -0.21247
   0.21574  0.04707 -0.21296
   0.20817  0.04664 -0.21472
   0.20063  0.04620 -0.21517
   0.19311  0.04574 -0.21593
   0.18563  0.04526 -0.21902
   0.17820  0.04475 -0.21869
   0.17081  0.04423 -0.21991
   0.16349  0.04368 -0.22224
   0.15624  0.04311 -0.22223
   0.14907  0.04251 -0.22459
   0.14200  0.04189 -0.22517
   0.13503  0.04125 -0.22609
   0.12818  0.04059 -0.22679
   0.12147  0.03990 -0.22697
   0.11493  0.03919 -0.22692
   0.10856  0.03847 -0.22689
   0.10240  0.03773 -0.22637
   0.09647  0.03699 -0.22725
   0.09078  0.03624 -0.22887
   0.08537  0.03550 -0.22743
   0.08024  0.03476 -0.23256
   0.07540  0.03403 -0.23419
   0.07085  0.03331 -0.23782
   0.06658  0.03261 -0.25030
   0.06257  0.03190 -0.25091
   0.05879  0.03120 -0.26184
   0.05523  0.03050 -0.26585
   0.05189  0.02978 -0.26380
   0.04873  0.02906 -0.25750
   0.04574  0.02833 -0.24645
   0.04291  0.02760 -0.23700
   0.04024  0.02687 -0.22199
   0.03771  0.02615 -0.20978
   0.03531  0.02543 -0.20167
   0.03305  0.02471 -0.17685
   0.03089  0.02399 -0.14676
   0.02884  0.02329 -0.12305
   0.02688  0.02260 -0.10734
   0.02502  0.02195 -0.10523
   0.02326  0.02131 -0.10322
   0.02159  0.02067 -0.10170
   0.02000  0.02005 -0.09548
   0.01849  0.01942 -0.08456
   0.01706  0.01880 -0.06631
   0.01569  0.01817 -0.03975
   0.01439  0.01754 -0.01735
   0.01314  0.01692  0.00604
   0.01194  0.01630  0.02656
   0.01080  0.01568  0.04585
   0.00971  0.01507  0.06413
   0.00867  0.01445  0.08909
   0.00767  0.01383  0.10635
   0.00672  0.01321  0.13036
   0.00581  0.01258  0.15024
   0.00495  0.01194  0.18049
   0.00414  0.01128  0.20347
   0.00338  0.01061  0.23080
   0.00268  0.00990  0.26372
   0.00207  0.00914  0.37188
   0.00154  0.00835  0.46009
   0.00111  0.00752  0.57630
   0.00078  0.00665  0.70476
   0.00053  0.00577  0.80745
   0.00035  0.00489  0.88108
   0.00022  0.00400  0.93028
   0.00012  0.00312  0.96556
   0.00005  0.00224  0.98599
   0.00001  0.00137  0.99712
  -0.00000  0.00051  0.99988
   0.00001 -0.00034  0.99520
   0.00004 -0.00120  0.98316
   0.00010 -0.00206  0.96337
   0.00020 -0.00292  0.94723
   0.00027 -0.00380  0.90248
   0.00039 -0.00468  0.86915
   0.00054 -0.00556  0.82038
   0.00072 -0.00645  0.76109
   0.00092 -0.00735  0.69549
   0.00115 -0.00824  0.61846
   0.00142 -0.00914  0.52056
   0.00173 -0.01004  0.41204
   0.00207 -0.01094  0.28851
   0.00247 -0.01182  0.11427
   0.00292 -0.01269  0.03344
   0.00342 -0.01356 -0.31086
   0.00402 -0.01437 -0.37333
   0.00470 -0.01514 -0.48182
   0.00546 -0.01587 -0.51736
   0.00629 -0.01657 -0.54698
   0.00717 -0.01724 -0.55849
   0.00811 -0.01789 -0.57414
   0.00910 -0.01851 -0.57258
   0.01015 -0.01912 -0.56864
   0.01125 -0.01971 -0.56860
   0.01240 -0.02029 -0.56103
   0.01361 -0.02086 -0.55496
   0.01488 -0.02142 -0.54734
   0.01621 -0.02198 -0.53254
   0.01761 -0.02253 -0.52450
   0.01908 -0.02307 -0.50862
   0.02063 -0.02362 -0.50344
   0.02226 -0.02417 -0.49044
   0.02397 -0.02472 -0.47519
   0.02579 -0.02528 -0.46772
   0.02770 -0.02584 -0.45716
   0.02973 -0.02641 -0.44923
   0.03189 -0.02700 -0.44135
   0.03419 -0.02759 -0.43482
   0.03663 -0.02820 -0.42396
   0.03924 -0.02882 -0.41729
   0.04203 -0.02945 -0.40639
   0.04502 -0.03011 -0.39962
   0.04822 -0.03078 -0.39371
   0.05165 -0.03148 -0.39026
   0.05533 -0.03220 -0.38572
   0.05925 -0.03293 -0.38255
   0.06344 -0.03368 -0.37769
   0.06789 -0.03445 -0.37555
   0.07262 -0.03522 -0.37066
   0.07761 -0.03600 -0.36912
   0.08288 -0.03679 -0.36569
   0.08842 -0.03758 -0.36235
   0.09419 -0.03836 -0.35925
   0.10019 -0.03914 -0.35715
   0.10638 -0.03991 -0.35623
   0.11276 -0.04065 -0.35522
   0.11929 -0.04138 -0.35439
   0.12594 -0.04208 -0.35299
   0.13272 -0.04276 -0.35188
   0.13959 -0.04340 -0.35038
   0.14656 -0.04401 -0.34723
   0.15362 -0.04460 -0.34546
   0.16075 -0.04515 -0.34150
   0.16794 -0.04567 -0.33917
   0.17519 -0.04616 -0.33575
   0.18248 -0.04663 -0.33369
   0.18981 -0.04706 -0.33144
   0.19717 -0.04747 -0.32998
   0.20456 -0.04785 -0.32574
   0.21197 -0.04820 -0.32480
   0.21942 -0.04852 -0.32062
   0.22690 -0.04882 -0.31797
   0.23441 -0.04909 -0.31317
   0.24195 -0.04934 -0.31099
   0.24951 -0.04956 -0.30888
   0.25708 -0.04977 -0.30556
   0.26468 -0.04995 -0.30420
   0.27229 -0.05011 -0.29989
   0.27991 -0.05024 -0.29839
   0.28756 -0.05036 -0.29492
   0.29522 -0.05046 -0.29292
   0.30289 -0.05054 -0.29101
   0.31057 -0.05060 -0.28885
   0.31825 -0.05064 -0.28661
   0.32595 -0.05066 -0.28497
   0.33364 -0.05066 -0.28342
   0.34135 -0.05065 -0.28156
   0.34906 -0.05061 -0.27982
   0.35677 -0.05056 -0.27797
   0.36448 -0.05048 -0.27630
   0.37219 -0.05039 -0.27472
   0.37990 -0.05028 -0.27267
   0.38761 -0.05015 -0.27132
   0.39532 -0.05001 -0.26997
   0.40302 -0.04984 -0.26859
   0.41072 -0.04966 -0.26650
   0.41842 -0.04945 -0.26588
   0.42610 -0.04923 -0.26450
   0.43378 -0.04899 -0.26376
   0.44144 -0.04873 -0.26163
   0.44910 -0.04845 -0.26106
   0.45674 -0.04815 -0.25952
   0.46437 -0.04783 -0.25880
   0.47199 -0.04749 -0.25709
   0.47960 -0.04713 -0.25523
   0.48720 -0.04674 -0.25392
   0.49478 -0.04634 -0.25220
   0.50235 -0.04590 -0.24981
   0.50991 -0.04545 -0.24858
   0.51745 -0.04497 -0.24595
   0.52498 -0.04447 -0.24353
   0.53250 -0.04395 -0.24141
   0.54000 -0.04340 -0.23884
   0.54749 -0.04282 -0.23600
   0.55497 -0.04222 -0.23286
   0.56243 -0.04159 -0.22922
   0.56987 -0.04093 -0.22588
   0.57730 -0.04025 -0.22220
   0.58471 -0.03954 -0.21807
   0.59210 -0.03881 -0.21388
   0.59948 -0.03804 -0.20945
   0.60683 -0.03724 -0.20486
   0.61417 -0.03642 -0.19862
   0.62149 -0.03556 -0.19391
   0.62879 -0.03468 -0.18665
   0.63608 -0.03376 -0.18096
   0.64335 -0.03281 -0.17283
   0.65061 -0.03183 -0.16574
   0.65786 -0.03081 -0.15718
   0.66510 -0.02976 -0.14828
   0.67232 -0.02867 -0.13852
   0.67954 -0.02755 -0.12842
   0.68676 -0.02640 -0.11787
   0.69397 -0.02520 -0.10667
   0.70117 -0.02398 -0.09391
   0.70838 -0.02271 -0.08121
   0.71559 -0.02141 -0.06771
   0.72281 -0.02007 -0.05335
   0.73004 -0.01870 -0.03861
   0.73728 -0.01729 -0.02251
   0.74453 -0.01584 -0.00495
   0.75180 -0.01436  0.01137
   0.75910 -0.01284  0.03135
   0.76642 -0.01128  0.04942
   0.77378 -0.00969  0.07121
   0.78118 -0.00807  0.09004
   0.78863 -0.00642  0.11351
   0.79611 -0.00475  0.13436
   0.80361 -0.00306  0.15876
   0.81108 -0.00138  0.18167
   0.81847  0.00029  0.20465
   0.82574  0.00191  0.22841
   0.83289  0.00348  0.25041
   0.83991  0.00499  0.27093
   0.84680  0.00644  0.29061
   0.85358  0.00782  0.31002
   0.86023  0.00913  0.32631
   0.86676  0.01036  0.34489
   0.87316  0.01151  0.35903
   0.87944  0.01258  0.37546
   0.88561  0.01356  0.38728
   0.89167  0.01445  0.39950
   0.89763  0.01526  0.41029
   0.90349  0.01599  0.41984
   0.90927  0.01663  0.42765
   0.91493  0.01718  0.43729
   0.92047  0.01765  0.44317
   0.92588  0.01803  0.45142
   0.93120  0.01832  0.45501
   0.93644  0.01853  0.45585
   0.94160  0.01868  0.45876
   0.94662  0.01876  0.46571
   0.95140  0.01879  0.48109
   0.95595  0.01872  0.49075
   0.96030  0.01853  0.49584
   0.96456  0.01820  0.48092
   0.96881  0.01775  0.45335
   0.97308  0.01723  0.42625
   0.97733  0.01672  0.41406
   0.98147  0.01621  0.42724
   0.98549  0.01562  0.43417
   0.98945  0.01488  0.38893
   0.99342  0.01406  0.32424
   0.99738  0.01325  0.29894
   1.00000  0.01271  0.25420
