GRUMMAN K-2 AIRFOIL                             
 Alfa =  -1.10400 Re =        0.000 Xflap,Yflap =     0.000000    0.000000
#    x        y        Cp  
   1.00000  0.01371  0.25412
   0.99740  0.01444  0.09899
   0.99329  0.01549  0.06116
   0.98889  0.01657  0.04561
   0.98423  0.01772  0.00507
   0.97929  0.01890 -0.03000
   0.97409  0.02011 -0.05606
   0.96867  0.02135 -0.08663
   0.96305  0.02259 -0.11328
   0.95727  0.02381 -0.13504
   0.95131  0.02502 -0.15613
   0.94520  0.02620 -0.17134
   0.93893  0.02735 -0.18454
   0.93253  0.02848 -0.19589
   0.92600  0.02957 -0.20314
   0.91932  0.03065 -0.20937
   0.91254  0.03170 -0.21638
   0.90568  0.03272 -0.22518
   0.89876  0.03372 -0.23267
   0.89181  0.03467 -0.24092
   0.88484  0.03559 -0.24700
   0.87782  0.03647 -0.24972
   0.87073  0.03731 -0.25096
   0.86355  0.03812 -0.25219
   0.85628  0.03891 -0.25100
   0.84891  0.03968 -0.25029
   0.84146  0.04044 -0.25030
   0.83396  0.04117 -0.25035
   0.82645  0.04190 -0.25615
   0.81896  0.04260 -0.26120
   0.81149  0.04327 -0.26488
   0.80402  0.04391 -0.26748
   0.79655  0.04452 -0.27006
   0.78909  0.04510 -0.27227
   0.78162  0.04565 -0.27318
   0.77414  0.04617 -0.27277
   0.76665  0.04666 -0.27329
   0.75914  0.04713 -0.27211
   0.75161  0.04756 -0.27039
   0.74405  0.04798 -0.26872
   0.73646  0.04837 -0.26592
   0.72884  0.04874 -0.26356
   0.72118  0.04909 -0.26078
   0.71350  0.04943 -0.25756
   0.70580  0.04974 -0.25584
   0.69806  0.05004 -0.25287
   0.69030  0.05033 -0.25095
   0.68252  0.05060 -0.24891
   0.67473  0.05086 -0.24725
   0.66693  0.05111 -0.24512
   0.65911  0.05135 -0.24395
   0.65129  0.05157 -0.24259
   0.64347  0.05178 -0.24062
   0.63563  0.05197 -0.23960
   0.62779  0.05216 -0.23818
   0.61994  0.05233 -0.23623
   0.61208  0.05249 -0.23577
   0.60421  0.05264 -0.23336
   0.59633  0.05278 -0.23264
   0.58846  0.05291 -0.23151
   0.58058  0.05303 -0.23099
   0.57270  0.05314 -0.22984
   0.56482  0.05324 -0.22903
   0.55693  0.05333 -0.22805
   0.54904  0.05340 -0.22751
   0.54115  0.05347 -0.22618
   0.53326  0.05353 -0.22594
   0.52537  0.05358 -0.22469
   0.51748  0.05361 -0.22390
   0.50958  0.05364 -0.22370
   0.50169  0.05366 -0.22219
   0.49380  0.05367 -0.22267
   0.48590  0.05367 -0.22110
   0.47801  0.05366 -0.22159
   0.47012  0.05363 -0.22067
   0.46224  0.05360 -0.22005
   0.45437  0.05356 -0.21954
   0.44650  0.05351 -0.21912
   0.43864  0.05345 -0.21813
   0.43079  0.05338 -0.21804
   0.42295  0.05330 -0.21783
   0.41514  0.05321 -0.21759
   0.40737  0.05312 -0.21836
   0.39966  0.05301 -0.21789
   0.39202  0.05289 -0.21921
   0.38445  0.05276 -0.21641
   0.37694  0.05262 -0.21387
   0.36954  0.05249 -0.21300
   0.36229  0.05236 -0.22032
   0.35524  0.05223 -0.23138
   0.34842  0.05207 -0.24075
   0.34179  0.05185 -0.23206
   0.33530  0.05159 -0.20504
   0.32892  0.05132 -0.17826
   0.32258  0.05111 -0.16458
   0.31625  0.05098 -0.18114
   0.30988  0.05089 -0.21082
   0.30343  0.05078 -0.23848
   0.29682  0.05061 -0.24092
   0.29002  0.05037 -0.22855
   0.28299  0.05009 -0.21678
   0.27579  0.04982 -0.21565
   0.26847  0.04954 -0.21991
   0.26108  0.04924 -0.22203
   0.25361  0.04892 -0.22109
   0.24607  0.04858 -0.22133
   0.23850  0.04823 -0.22253
   0.23092  0.04786 -0.22318
   0.22333  0.04747 -0.22420
   0.21574  0.04707 -0.22495
   0.20817  0.04664 -0.22701
   0.20063  0.04620 -0.22775
   0.19311  0.04574 -0.22880
   0.18563  0.04526 -0.23225
   0.17820  0.04475 -0.23224
   0.17081  0.04423 -0.23382
   0.16349  0.04368 -0.23655
   0.15624  0.04311 -0.23693
   0.14907  0.04251 -0.23972
   0.14200  0.04189 -0.24074
   0.13503  0.04125 -0.24213
   0.12818  0.04059 -0.24331
   0.12147  0.03990 -0.24401
   0.11493  0.03919 -0.24449
   0.10856  0.03847 -0.24503
   0.10240  0.03773 -0.24509
   0.09647  0.03699 -0.24660
   0.09078  0.03624 -0.24889
   0.08537  0.03550 -0.24811
   0.08024  0.03476 -0.25401
   0.07540  0.03403 -0.25641
   0.07085  0.03331 -0.26084
   0.06658  0.03261 -0.27435
   0.06257  0.03190 -0.27576
   0.05879  0.03120 -0.28776
   0.05523  0.03050 -0.29270
   0.05189  0.02978 -0.29152
   0.04873  0.02906 -0.28601
   0.04574  0.02833 -0.27567
   0.04291  0.02760 -0.26698
   0.04024  0.02687 -0.25261
   0.03771  0.02615 -0.24113
   0.03531  0.02543 -0.23389
   0.03305  0.02471 -0.20949
   0.03089  0.02399 -0.17970
   0.02884  0.02329 -0.15640
   0.02688  0.02260 -0.14142
   0.02502  0.02195 -0.14044
   0.02326  0.02131 -0.13966
   0.02159  0.02067 -0.13942
   0.02000  0.02005 -0.13442
   0.01849  0.01942 -0.12463
   0.01706  0.01880 -0.10726
   0.01569  0.01817 -0.08134
   0.01439  0.01754 -0.05971
   0.01314  0.01692 -0.03718
   0.01194  0.01630 -0.01771
   0.01080  0.01568  0.00040
   0.00971  0.01507  0.01742
   0.00867  0.01445  0.04116
   0.00767  0.01383  0.05684
   0.00672  0.01321  0.07921
   0.00581  0.01258  0.09714
   0.00495  0.01194  0.12559
   0.00414  0.01128  0.14614
   0.00338  0.01061  0.17050
   0.00268  0.00990  0.20042
   0.00207  0.00914  0.31158
   0.00154  0.00835  0.40161
   0.00111  0.00752  0.52333
   0.00078  0.00665  0.66138
   0.00053  0.00577  0.77337
   0.00035  0.00489  0.85496
   0.00022  0.00400  0.91054
   0.00012  0.00312  0.95166
   0.00005  0.00224  0.97690
   0.00001  0.00137  0.99248
  -0.00000  0.00051  0.99950
   0.00001 -0.00034  0.99864
   0.00004 -0.00120  0.99050
   0.00010 -0.00206  0.97486
   0.00020 -0.00292  0.96016
   0.00027 -0.00380  0.92200
   0.00039 -0.00468  0.89114
   0.00054 -0.00556  0.84644
   0.00072 -0.00645  0.79144
   0.00092 -0.00735  0.72998
   0.00115 -0.00824  0.65739
   0.00142 -0.00914  0.56474
   0.00173 -0.01004  0.46162
   0.00207 -0.01094  0.34353
   0.00247 -0.01182  0.17731
   0.00292 -0.01269  0.09741
   0.00342 -0.01356 -0.23026
   0.00402 -0.01437 -0.29485
   0.00470 -0.01514 -0.40220
   0.00546 -0.01587 -0.44072
   0.00629 -0.01657 -0.47299
   0.00717 -0.01724 -0.48773
   0.00811 -0.01789 -0.50604
   0.00910 -0.01851 -0.50750
   0.01015 -0.01912 -0.50646
   0.01125 -0.01971 -0.50895
   0.01240 -0.02029 -0.50388
   0.01361 -0.02086 -0.50014
   0.01488 -0.02142 -0.49476
   0.01621 -0.02198 -0.48222
   0.01761 -0.02253 -0.47618
   0.01908 -0.02307 -0.46227
   0.02063 -0.02362 -0.45880
   0.02226 -0.02417 -0.44755
   0.02397 -0.02472 -0.43401
   0.02579 -0.02528 -0.42805
   0.02770 -0.02584 -0.41895
   0.02973 -0.02641 -0.41237
   0.03189 -0.02700 -0.40580
   0.03419 -0.02759 -0.40052
   0.03663 -0.02820 -0.39092
   0.03924 -0.02882 -0.38542
   0.04203 -0.02945 -0.37571
   0.04502 -0.03011 -0.37004
   0.04822 -0.03078 -0.36516
   0.05165 -0.03148 -0.36268
   0.05533 -0.03220 -0.35910
   0.05925 -0.03293 -0.35684
   0.06344 -0.03368 -0.35289
   0.06789 -0.03445 -0.35159
   0.07262 -0.03522 -0.34755
   0.07761 -0.03600 -0.34678
   0.08288 -0.03679 -0.34412
   0.08842 -0.03758 -0.34152
   0.09419 -0.03836 -0.33913
   0.10019 -0.03914 -0.33769
   0.10638 -0.03991 -0.33738
   0.11276 -0.04065 -0.33695
   0.11929 -0.04138 -0.33667
   0.12594 -0.04208 -0.33580
   0.13272 -0.04276 -0.33519
   0.13959 -0.04340 -0.33418
   0.14656 -0.04401 -0.33149
   0.15362 -0.04460 -0.33016
   0.16075 -0.04515 -0.32662
   0.16794 -0.04567 -0.32469
   0.17519 -0.04616 -0.32166
   0.18248 -0.04663 -0.31995
   0.18981 -0.04706 -0.31804
   0.19717 -0.04747 -0.31692
   0.20456 -0.04785 -0.31298
   0.21197 -0.04820 -0.31234
   0.21942 -0.04852 -0.30846
   0.22690 -0.04882 -0.30609
   0.23441 -0.04909 -0.30158
   0.24195 -0.04934 -0.29966
   0.24951 -0.04956 -0.29778
   0.25708 -0.04977 -0.29471
   0.26468 -0.04995 -0.29357
   0.27229 -0.05011 -0.28949
   0.27991 -0.05024 -0.28821
   0.28756 -0.05036 -0.28493
   0.29522 -0.05046 -0.28314
   0.30289 -0.05054 -0.28142
   0.31057 -0.05060 -0.27946
   0.31825 -0.05064 -0.27738
   0.32595 -0.05066 -0.27593
   0.33364 -0.05066 -0.27453
   0.34135 -0.05065 -0.27285
   0.34906 -0.05061 -0.27126
   0.35677 -0.05056 -0.26957
   0.36448 -0.05048 -0.26806
   0.37219 -0.05039 -0.26660
   0.37990 -0.05028 -0.26472
   0.38761 -0.05015 -0.26349
   0.39532 -0.05001 -0.26230
   0.40302 -0.04984 -0.26104
   0.41072 -0.04966 -0.25908
   0.41842 -0.04945 -0.25859
   0.42610 -0.04923 -0.25734
   0.43378 -0.04899 -0.25671
   0.44144 -0.04873 -0.25469
   0.44910 -0.04845 -0.25426
   0.45674 -0.04815 -0.25282
   0.46437 -0.04783 -0.25221
   0.47199 -0.04749 -0.25062
   0.47960 -0.04713 -0.24886
   0.48720 -0.04674 -0.24767
   0.49478 -0.04634 -0.24604
   0.50235 -0.04590 -0.24376
   0.50991 -0.04545 -0.24266
   0.51745 -0.04497 -0.24010
   0.52498 -0.04447 -0.23780
   0.53250 -0.04395 -0.23577
   0.54000 -0.04340 -0.23331
   0.54749 -0.04282 -0.23057
   0.55497 -0.04222 -0.22753
   0.56243 -0.04159 -0.22400
   0.56987 -0.04093 -0.22074
   0.57730 -0.04025 -0.21716
   0.58471 -0.03954 -0.21314
   0.59210 -0.03881 -0.20903
   0.59948 -0.03804 -0.20471
   0.60683 -0.03724 -0.20020
   0.61417 -0.03642 -0.19407
   0.62149 -0.03556 -0.18946
   0.62879 -0.03468 -0.18230
   0.63608 -0.03376 -0.17671
   0.64335 -0.03281 -0.16866
   0.65061 -0.03183 -0.16169
   0.65786 -0.03081 -0.15322
   0.66510 -0.02976 -0.14442
   0.67232 -0.02867 -0.13477
   0.67954 -0.02755 -0.12478
   0.68676 -0.02640 -0.11429
   0.69397 -0.02520 -0.10321
   0.70117 -0.02398 -0.09055
   0.70838 -0.02271 -0.07796
   0.71559 -0.02141 -0.06457
   0.72281 -0.02007 -0.05030
   0.73004 -0.01870 -0.03564
   0.73728 -0.01729 -0.01967
   0.74453 -0.01584 -0.00225
   0.75180 -0.01436  0.01402
   0.75910 -0.01284  0.03389
   0.76642 -0.01128  0.05183
   0.77378 -0.00969  0.07352
   0.78118 -0.00807  0.09226
   0.78863 -0.00642  0.11563
   0.79611 -0.00475  0.13636
   0.80361 -0.00306  0.16066
   0.81108 -0.00138  0.18347
   0.81847  0.00029  0.20638
   0.82574  0.00191  0.23002
   0.83289  0.00348  0.25194
   0.83991  0.00499  0.27237
   0.84680  0.00644  0.29198
   0.85358  0.00782  0.31133
   0.86023  0.00913  0.32754
   0.86676  0.01036  0.34604
   0.87316  0.01151  0.36018
   0.87944  0.01258  0.37650
   0.88561  0.01356  0.38828
   0.89167  0.01445  0.40046
   0.89763  0.01526  0.41119
   0.90349  0.01599  0.42073
   0.90927  0.01663  0.42848
   0.91493  0.01718  0.43805
   0.92047  0.01765  0.44396
   0.92588  0.01803  0.45211
   0.93120  0.01832  0.45571
   0.93644  0.01853  0.45650
   0.94160  0.01868  0.45939
   0.94662  0.01876  0.46635
   0.95140  0.01879  0.48163
   0.95595  0.01872  0.49130
   0.96030  0.01853  0.49635
   0.96456  0.01820  0.48139
   0.96881  0.01775  0.45386
   0.97308  0.01723  0.42674
   0.97733  0.01672  0.41454
   0.98147  0.01621  0.42764
   0.98549  0.01562  0.43453
   0.98945  0.01488  0.38931
   0.99342  0.01406  0.32460
   0.99738  0.01325  0.29923
   1.00000  0.01271  0.25412
