GRUMMAN K-2 AIRFOIL                             
 Alfa =  -1.15500 Re =        0.000 Xflap,Yflap =     0.000000    0.000000
#    x        y        Cp  
   1.00000  0.01371  0.25415
   0.99740  0.01444  0.09905
   0.99329  0.01549  0.06125
   0.98889  0.01657  0.04576
   0.98423  0.01772  0.00527
   0.97929  0.01890 -0.02976
   0.97409  0.02011 -0.05580
   0.96867  0.02135 -0.08632
   0.96305  0.02259 -0.11293
   0.95727  0.02381 -0.13466
   0.95131  0.02502 -0.15570
   0.94520  0.02620 -0.17088
   0.93893  0.02735 -0.18404
   0.93253  0.02848 -0.19535
   0.92600  0.02957 -0.20258
   0.91932  0.03065 -0.20876
   0.91254  0.03170 -0.21576
   0.90568  0.03272 -0.22450
   0.89876  0.03372 -0.23198
   0.89181  0.03467 -0.24019
   0.88484  0.03559 -0.24623
   0.87782  0.03647 -0.24893
   0.87073  0.03731 -0.25014
   0.86355  0.03812 -0.25134
   0.85628  0.03891 -0.25013
   0.84891  0.03968 -0.24938
   0.84146  0.04044 -0.24937
   0.83396  0.04117 -0.24939
   0.82645  0.04190 -0.25517
   0.81896  0.04260 -0.26017
   0.81149  0.04327 -0.26383
   0.80402  0.04391 -0.26640
   0.79655  0.04452 -0.26894
   0.78909  0.04510 -0.27115
   0.78162  0.04565 -0.27200
   0.77414  0.04617 -0.27158
   0.76665  0.04666 -0.27206
   0.75914  0.04713 -0.27087
   0.75161  0.04756 -0.26912
   0.74405  0.04798 -0.26744
   0.73646  0.04837 -0.26460
   0.72884  0.04874 -0.26222
   0.72118  0.04909 -0.25941
   0.71350  0.04943 -0.25617
   0.70580  0.04974 -0.25442
   0.69806  0.05004 -0.25145
   0.69030  0.05033 -0.24948
   0.68252  0.05060 -0.24743
   0.67473  0.05086 -0.24574
   0.66693  0.05111 -0.24359
   0.65911  0.05135 -0.24240
   0.65129  0.05157 -0.24099
   0.64347  0.05178 -0.23901
   0.63563  0.05197 -0.23796
   0.62779  0.05216 -0.23651
   0.61994  0.05233 -0.23453
   0.61208  0.05249 -0.23406
   0.60421  0.05264 -0.23162
   0.59633  0.05278 -0.23086
   0.58846  0.05291 -0.22971
   0.58058  0.05303 -0.22916
   0.57270  0.05314 -0.22798
   0.56482  0.05324 -0.22715
   0.55693  0.05333 -0.22614
   0.54904  0.05340 -0.22556
   0.54115  0.05347 -0.22420
   0.53326  0.05353 -0.22394
   0.52537  0.05358 -0.22265
   0.51748  0.05361 -0.22183
   0.50958  0.05364 -0.22160
   0.50169  0.05366 -0.22006
   0.49380  0.05367 -0.22051
   0.48590  0.05367 -0.21891
   0.47801  0.05366 -0.21935
   0.47012  0.05363 -0.21840
   0.46224  0.05360 -0.21774
   0.45437  0.05356 -0.21720
   0.44650  0.05351 -0.21675
   0.43864  0.05345 -0.21572
   0.43079  0.05338 -0.21559
   0.42295  0.05330 -0.21535
   0.41514  0.05321 -0.21507
   0.40737  0.05312 -0.21579
   0.39966  0.05301 -0.21527
   0.39202  0.05289 -0.21656
   0.38445  0.05276 -0.21371
   0.37694  0.05262 -0.21115
   0.36954  0.05249 -0.21024
   0.36229  0.05236 -0.21749
   0.35524  0.05223 -0.22848
   0.34842  0.05207 -0.23779
   0.34179  0.05185 -0.22908
   0.33530  0.05159 -0.20208
   0.32892  0.05132 -0.17532
   0.32258  0.05111 -0.16163
   0.31625  0.05098 -0.17812
   0.30988  0.05089 -0.20768
   0.30343  0.05078 -0.23520
   0.29682  0.05061 -0.23760
   0.29002  0.05037 -0.22520
   0.28299  0.05009 -0.21341
   0.27579  0.04982 -0.21222
   0.26847  0.04954 -0.21640
   0.26108  0.04924 -0.21845
   0.25361  0.04892 -0.21745
   0.24607  0.04858 -0.21761
   0.23850  0.04823 -0.21873
   0.23092  0.04786 -0.21930
   0.22333  0.04747 -0.22024
   0.21574  0.04707 -0.22089
   0.20817  0.04664 -0.22285
   0.20063  0.04620 -0.22349
   0.19311  0.04574 -0.22445
   0.18563  0.04526 -0.22777
   0.17820  0.04475 -0.22766
   0.17081  0.04423 -0.22912
   0.16349  0.04368 -0.23171
   0.15624  0.04311 -0.23196
   0.14907  0.04251 -0.23460
   0.14200  0.04189 -0.23547
   0.13503  0.04125 -0.23670
   0.12818  0.04059 -0.23772
   0.12147  0.03990 -0.23824
   0.11493  0.03919 -0.23854
   0.10856  0.03847 -0.23889
   0.10240  0.03773 -0.23875
   0.09647  0.03699 -0.24005
   0.09078  0.03624 -0.24211
   0.08537  0.03550 -0.24111
   0.08024  0.03476 -0.24674
   0.07540  0.03403 -0.24889
   0.07085  0.03331 -0.25305
   0.06658  0.03261 -0.26620
   0.06257  0.03190 -0.26734
   0.05879  0.03120 -0.27898
   0.05523  0.03050 -0.28360
   0.05189  0.02978 -0.28213
   0.04873  0.02906 -0.27635
   0.04574  0.02833 -0.26576
   0.04291  0.02760 -0.25681
   0.04024  0.02687 -0.24222
   0.03771  0.02615 -0.23050
   0.03531  0.02543 -0.22296
   0.03305  0.02471 -0.19842
   0.03089  0.02399 -0.16853
   0.02884  0.02329 -0.14508
   0.02688  0.02260 -0.12985
   0.02502  0.02195 -0.12849
   0.02326  0.02131 -0.12729
   0.02159  0.02067 -0.12661
   0.02000  0.02005 -0.12119
   0.01849  0.01942 -0.11102
   0.01706  0.01880 -0.09334
   0.01569  0.01817 -0.06721
   0.01439  0.01754 -0.04530
   0.01314  0.01692 -0.02248
   0.01194  0.01630 -0.00265
   0.01080  0.01568  0.01587
   0.00971  0.01507  0.03332
   0.00867  0.01445  0.05749
   0.00767  0.01383  0.07371
   0.00672  0.01321  0.09665
   0.00581  0.01258  0.11525
   0.00495  0.01194  0.14433
   0.00414  0.01128  0.16573
   0.00338  0.01061  0.19112
   0.00268  0.00990  0.22209
   0.00207  0.00914  0.33226
   0.00154  0.00835  0.42170
   0.00111  0.00752  0.54157
   0.00078  0.00665  0.67637
   0.00053  0.00577  0.78519
   0.00035  0.00489  0.86407
   0.00022  0.00400  0.91748
   0.00012  0.00312  0.95662
   0.00005  0.00224  0.98022
   0.00001  0.00137  0.99429
  -0.00000  0.00051  0.99988
   0.00001 -0.00034  0.99771
   0.00004 -0.00120  0.98825
   0.00010 -0.00206  0.97122
   0.00020 -0.00292  0.95600
   0.00027 -0.00380  0.91565
   0.00039 -0.00468  0.88394
   0.00054 -0.00556  0.83786
   0.00072 -0.00645  0.78142
   0.00092 -0.00735  0.71856
   0.00115 -0.00824  0.64448
   0.00142 -0.00914  0.55005
   0.00173 -0.01004  0.44512
   0.00207 -0.01094  0.32519
   0.00247 -0.01182  0.15628
   0.00292 -0.01269  0.07605
   0.00342 -0.01356 -0.25720
   0.00402 -0.01437 -0.32110
   0.00470 -0.01514 -0.42885
   0.00546 -0.01587 -0.46638
   0.00629 -0.01657 -0.49778
   0.00717 -0.01724 -0.51145
   0.00811 -0.01789 -0.52888
   0.00910 -0.01851 -0.52933
   0.01015 -0.01912 -0.52732
   0.01125 -0.01971 -0.52897
   0.01240 -0.02029 -0.52306
   0.01361 -0.02086 -0.51855
   0.01488 -0.02142 -0.51242
   0.01621 -0.02198 -0.49913
   0.01761 -0.02253 -0.49241
   0.01908 -0.02307 -0.47784
   0.02063 -0.02362 -0.47381
   0.02226 -0.02417 -0.46196
   0.02397 -0.02472 -0.44785
   0.02579 -0.02528 -0.44139
   0.02770 -0.02584 -0.43180
   0.02973 -0.02641 -0.42477
   0.03189 -0.02700 -0.41776
   0.03419 -0.02759 -0.41206
   0.03663 -0.02820 -0.40204
   0.03924 -0.02882 -0.39615
   0.04203 -0.02945 -0.38604
   0.04502 -0.03011 -0.38000
   0.04822 -0.03078 -0.37477
   0.05165 -0.03148 -0.37197
   0.05533 -0.03220 -0.36806
   0.05925 -0.03293 -0.36550
   0.06344 -0.03368 -0.36124
   0.06789 -0.03445 -0.35966
   0.07262 -0.03522 -0.35533
   0.07761 -0.03600 -0.35431
   0.08288 -0.03679 -0.35139
   0.08842 -0.03758 -0.34854
   0.09419 -0.03836 -0.34591
   0.10019 -0.03914 -0.34425
   0.10638 -0.03991 -0.34374
   0.11276 -0.04065 -0.34311
   0.11929 -0.04138 -0.34264
   0.12594 -0.04208 -0.34160
   0.13272 -0.04276 -0.34081
   0.13959 -0.04340 -0.33964
   0.14656 -0.04401 -0.33680
   0.15362 -0.04460 -0.33532
   0.16075 -0.04515 -0.33164
   0.16794 -0.04567 -0.32958
   0.17519 -0.04616 -0.32641
   0.18248 -0.04663 -0.32459
   0.18981 -0.04706 -0.32256
   0.19717 -0.04747 -0.32133
   0.20456 -0.04785 -0.31729
   0.21197 -0.04820 -0.31654
   0.21942 -0.04852 -0.31256
   0.22690 -0.04882 -0.31010
   0.23441 -0.04909 -0.30549
   0.24195 -0.04934 -0.30348
   0.24951 -0.04956 -0.30153
   0.25708 -0.04977 -0.29837
   0.26468 -0.04995 -0.29716
   0.27229 -0.05011 -0.29300
   0.27991 -0.05024 -0.29165
   0.28756 -0.05036 -0.28830
   0.29522 -0.05046 -0.28644
   0.30289 -0.05054 -0.28466
   0.31057 -0.05060 -0.28263
   0.31825 -0.05064 -0.28049
   0.32595 -0.05066 -0.27898
   0.33364 -0.05066 -0.27753
   0.34135 -0.05065 -0.27579
   0.34906 -0.05061 -0.27415
   0.35677 -0.05056 -0.27240
   0.36448 -0.05048 -0.27084
   0.37219 -0.05039 -0.26934
   0.37990 -0.05028 -0.26741
   0.38761 -0.05015 -0.26614
   0.39532 -0.05001 -0.26489
   0.40302 -0.04984 -0.26359
   0.41072 -0.04966 -0.26158
   0.41842 -0.04945 -0.26105
   0.42610 -0.04923 -0.25976
   0.43378 -0.04899 -0.25909
   0.44144 -0.04873 -0.25703
   0.44910 -0.04845 -0.25656
   0.45674 -0.04815 -0.25508
   0.46437 -0.04783 -0.25444
   0.47199 -0.04749 -0.25281
   0.47960 -0.04713 -0.25101
   0.48720 -0.04674 -0.24978
   0.49478 -0.04634 -0.24812
   0.50235 -0.04590 -0.24580
   0.50991 -0.04545 -0.24466
   0.51745 -0.04497 -0.24207
   0.52498 -0.04447 -0.23974
   0.53250 -0.04395 -0.23768
   0.54000 -0.04340 -0.23518
   0.54749 -0.04282 -0.23240
   0.55497 -0.04222 -0.22933
   0.56243 -0.04159 -0.22577
   0.56987 -0.04093 -0.22248
   0.57730 -0.04025 -0.21886
   0.58471 -0.03954 -0.21481
   0.59210 -0.03881 -0.21067
   0.59948 -0.03804 -0.20631
   0.60683 -0.03724 -0.20177
   0.61417 -0.03642 -0.19561
   0.62149 -0.03556 -0.19096
   0.62879 -0.03468 -0.18377
   0.63608 -0.03376 -0.17815
   0.64335 -0.03281 -0.17007
   0.65061 -0.03183 -0.16306
   0.65786 -0.03081 -0.15456
   0.66510 -0.02976 -0.14572
   0.67232 -0.02867 -0.13604
   0.67954 -0.02755 -0.12601
   0.68676 -0.02640 -0.11550
   0.69397 -0.02520 -0.10438
   0.70117 -0.02398 -0.09169
   0.70838 -0.02271 -0.07905
   0.71559 -0.02141 -0.06563
   0.72281 -0.02007 -0.05133
   0.73004 -0.01870 -0.03665
   0.73728 -0.01729 -0.02063
   0.74453 -0.01584 -0.00316
   0.75180 -0.01436  0.01312
   0.75910 -0.01284  0.03303
   0.76642 -0.01128  0.05101
   0.77378 -0.00969  0.07274
   0.78118 -0.00807  0.09151
   0.78863 -0.00642  0.11492
   0.79611 -0.00475  0.13568
   0.80361 -0.00306  0.16002
   0.81108 -0.00138  0.18286
   0.81847  0.00029  0.20579
   0.82574  0.00191  0.22947
   0.83289  0.00348  0.25142
   0.83991  0.00499  0.27188
   0.84680  0.00644  0.29152
   0.85358  0.00782  0.31089
   0.86023  0.00913  0.32713
   0.86676  0.01036  0.34565
   0.87316  0.01151  0.35979
   0.87944  0.01258  0.37615
   0.88561  0.01356  0.38795
   0.89167  0.01445  0.40014
   0.89763  0.01526  0.41088
   0.90349  0.01599  0.42043
   0.90927  0.01663  0.42820
   0.91493  0.01718  0.43779
   0.92047  0.01765  0.44369
   0.92588  0.01803  0.45188
   0.93120  0.01832  0.45548
   0.93644  0.01853  0.45628
   0.94160  0.01868  0.45917
   0.94662  0.01876  0.46613
   0.95140  0.01879  0.48145
   0.95595  0.01872  0.49111
   0.96030  0.01853  0.49618
   0.96456  0.01820  0.48123
   0.96881  0.01775  0.45368
   0.97308  0.01723  0.42658
   0.97733  0.01672  0.41438
   0.98147  0.01621  0.42751
   0.98549  0.01562  0.43441
   0.98945  0.01488  0.38918
   0.99342  0.01406  0.32448
   0.99738  0.01325  0.29913
   1.00000  0.01271  0.25415
