GRUMMAN K-2 AIRFOIL                             
 Alfa =  -1.01600 Re =        0.000 Xflap,Yflap =     0.000000    0.000000
#    x        y        Cp  
   1.00000  0.01371  0.25409
   0.99740  0.01444  0.09889
   0.99329  0.01549  0.06101
   0.98889  0.01657  0.04536
   0.98423  0.01772  0.00472
   0.97929  0.01890 -0.03039
   0.97409  0.02011 -0.05651
   0.96867  0.02135 -0.08717
   0.96305  0.02259 -0.11387
   0.95727  0.02381 -0.13568
   0.95131  0.02502 -0.15686
   0.94520  0.02620 -0.17213
   0.93893  0.02735 -0.18540
   0.93253  0.02848 -0.19681
   0.92600  0.02957 -0.20410
   0.91932  0.03065 -0.21042
   0.91254  0.03170 -0.21745
   0.90568  0.03272 -0.22634
   0.89876  0.03372 -0.23386
   0.89181  0.03467 -0.24219
   0.88484  0.03559 -0.24832
   0.87782  0.03647 -0.25108
   0.87073  0.03731 -0.25238
   0.86355  0.03812 -0.25367
   0.85628  0.03891 -0.25249
   0.84891  0.03968 -0.25186
   0.84146  0.04044 -0.25190
   0.83396  0.04117 -0.25201
   0.82645  0.04190 -0.25785
   0.81896  0.04260 -0.26296
   0.81149  0.04327 -0.26670
   0.80402  0.04391 -0.26933
   0.79655  0.04452 -0.27199
   0.78909  0.04510 -0.27420
   0.78162  0.04565 -0.27520
   0.77414  0.04617 -0.27482
   0.76665  0.04666 -0.27541
   0.75914  0.04713 -0.27425
   0.75161  0.04756 -0.27258
   0.74405  0.04798 -0.27093
   0.73646  0.04837 -0.26820
   0.72884  0.04874 -0.26586
   0.72118  0.04909 -0.26313
   0.71350  0.04943 -0.25996
   0.70580  0.04974 -0.25828
   0.69806  0.05004 -0.25533
   0.69030  0.05033 -0.25349
   0.68252  0.05060 -0.25146
   0.67473  0.05086 -0.24987
   0.66693  0.05111 -0.24777
   0.65911  0.05135 -0.24663
   0.65129  0.05157 -0.24534
   0.64347  0.05178 -0.24340
   0.63563  0.05197 -0.24242
   0.62779  0.05216 -0.24105
   0.61994  0.05233 -0.23915
   0.61208  0.05249 -0.23873
   0.60421  0.05264 -0.23637
   0.59633  0.05278 -0.23570
   0.58846  0.05291 -0.23462
   0.58058  0.05303 -0.23415
   0.57270  0.05314 -0.23304
   0.56482  0.05324 -0.23228
   0.55693  0.05333 -0.23135
   0.54904  0.05340 -0.23086
   0.54115  0.05347 -0.22959
   0.53326  0.05353 -0.22941
   0.52537  0.05358 -0.22820
   0.51748  0.05361 -0.22748
   0.50958  0.05364 -0.22732
   0.50169  0.05366 -0.22587
   0.49380  0.05367 -0.22641
   0.48590  0.05367 -0.22489
   0.47801  0.05366 -0.22544
   0.47012  0.05363 -0.22458
   0.46224  0.05360 -0.22402
   0.45437  0.05356 -0.22358
   0.44650  0.05351 -0.22322
   0.43864  0.05345 -0.22228
   0.43079  0.05338 -0.22226
   0.42295  0.05330 -0.22212
   0.41514  0.05321 -0.22195
   0.40737  0.05312 -0.22278
   0.39966  0.05301 -0.22240
   0.39202  0.05289 -0.22378
   0.38445  0.05276 -0.22106
   0.37694  0.05262 -0.21858
   0.36954  0.05249 -0.21778
   0.36229  0.05236 -0.22520
   0.35524  0.05223 -0.23639
   0.34842  0.05207 -0.24586
   0.34179  0.05185 -0.23722
   0.33530  0.05159 -0.21016
   0.32892  0.05132 -0.18332
   0.32258  0.05111 -0.16966
   0.31625  0.05098 -0.18637
   0.30988  0.05089 -0.21626
   0.30343  0.05078 -0.24413
   0.29682  0.05061 -0.24666
   0.29002  0.05037 -0.23433
   0.28299  0.05009 -0.22260
   0.27579  0.04982 -0.22158
   0.26847  0.04954 -0.22597
   0.26108  0.04924 -0.22820
   0.25361  0.04892 -0.22739
   0.24607  0.04858 -0.22775
   0.23850  0.04823 -0.22908
   0.23092  0.04786 -0.22989
   0.22333  0.04747 -0.23106
   0.21574  0.04707 -0.23195
   0.20817  0.04664 -0.23419
   0.20063  0.04620 -0.23509
   0.19311  0.04574 -0.23633
   0.18563  0.04526 -0.23998
   0.17820  0.04475 -0.24017
   0.17081  0.04423 -0.24196
   0.16349  0.04368 -0.24491
   0.15624  0.04311 -0.24552
   0.14907  0.04251 -0.24857
   0.14200  0.04189 -0.24985
   0.13503  0.04125 -0.25151
   0.12818  0.04059 -0.25299
   0.12147  0.03990 -0.25398
   0.11493  0.03919 -0.25478
   0.10856  0.03847 -0.25565
   0.10240  0.03773 -0.25605
   0.09647  0.03699 -0.25794
   0.09078  0.03624 -0.26062
   0.08537  0.03550 -0.26023
   0.08024  0.03476 -0.26658
   0.07540  0.03403 -0.26945
   0.07085  0.03331 -0.27435
   0.06658  0.03261 -0.28846
   0.06257  0.03190 -0.29034
   0.05879  0.03120 -0.30298
   0.05523  0.03050 -0.30848
   0.05189  0.02978 -0.30781
   0.04873  0.02906 -0.30277
   0.04574  0.02833 -0.29284
   0.04291  0.02760 -0.28461
   0.04024  0.02687 -0.27062
   0.03771  0.02615 -0.25958
   0.03531  0.02543 -0.25285
   0.03305  0.02471 -0.22871
   0.03089  0.02399 -0.19910
   0.02884  0.02329 -0.17606
   0.02688  0.02260 -0.16150
   0.02502  0.02195 -0.16121
   0.02326  0.02131 -0.16117
   0.02159  0.02067 -0.16169
   0.02000  0.02005 -0.15742
   0.01849  0.01942 -0.14831
   0.01706  0.01880 -0.13147
   0.01569  0.01817 -0.10596
   0.01439  0.01754 -0.08479
   0.01314  0.01692 -0.06278
   0.01194  0.01630 -0.04396
   0.01080  0.01568 -0.02657
   0.00971  0.01507 -0.01032
   0.00867  0.01445  0.01267
   0.00767  0.01383  0.02738
   0.00672  0.01321  0.04874
   0.00581  0.01258  0.06546
   0.00495  0.01194  0.09278
   0.00414  0.01128  0.11182
   0.00338  0.01061  0.13432
   0.00268  0.00990  0.16234
   0.00207  0.00914  0.27517
   0.00154  0.00835  0.36615
   0.00111  0.00752  0.49103
   0.00078  0.00665  0.63473
   0.00053  0.00577  0.75223
   0.00035  0.00489  0.83854
   0.00022  0.00400  0.89791
   0.00012  0.00312  0.94248
   0.00005  0.00224  0.97056
   0.00001  0.00137  0.98876
  -0.00000  0.00051  0.99827
   0.00001 -0.00034  0.99968
   0.00004 -0.00120  0.99381
   0.00010 -0.00206  0.98056
   0.00020 -0.00292  0.96687
   0.00027 -0.00380  0.93238
   0.00039 -0.00468  0.90302
   0.00054 -0.00556  0.86068
   0.00072 -0.00645  0.80817
   0.00092 -0.00735  0.74913
   0.00115 -0.00824  0.67912
   0.00142 -0.00914  0.58950
   0.00173 -0.01004  0.48952
   0.00207 -0.01094  0.37457
   0.00247 -0.01182  0.21298
   0.00292 -0.01269  0.13369
   0.00342 -0.01356 -0.18446
   0.00402 -0.01437 -0.25017
   0.00470 -0.01514 -0.35680
   0.00546 -0.01587 -0.39696
   0.00629 -0.01657 -0.43070
   0.00717 -0.01724 -0.44725
   0.00811 -0.01789 -0.46705
   0.00910 -0.01851 -0.47020
   0.01015 -0.01912 -0.47080
   0.01125 -0.01971 -0.47471
   0.01240 -0.02029 -0.47106
   0.01361 -0.02086 -0.46863
   0.01488 -0.02142 -0.46453
   0.01621 -0.02198 -0.45328
   0.01761 -0.02253 -0.44836
   0.01908 -0.02307 -0.43558
   0.02063 -0.02362 -0.43309
   0.02226 -0.02417 -0.42283
   0.02397 -0.02472 -0.41027
   0.02579 -0.02528 -0.40518
   0.02770 -0.02584 -0.39691
   0.02973 -0.02641 -0.39111
   0.03189 -0.02700 -0.38528
   0.03419 -0.02759 -0.38071
   0.03663 -0.02820 -0.37184
   0.03924 -0.02882 -0.36701
   0.04203 -0.02945 -0.35798
   0.04502 -0.03011 -0.35294
   0.04822 -0.03078 -0.34865
   0.05165 -0.03148 -0.34673
   0.05533 -0.03220 -0.34369
   0.05925 -0.03293 -0.34196
   0.06344 -0.03368 -0.33853
   0.06789 -0.03445 -0.33772
   0.07262 -0.03522 -0.33416
   0.07761 -0.03600 -0.33384
   0.08288 -0.03679 -0.33163
   0.08842 -0.03758 -0.32945
   0.09419 -0.03836 -0.32746
   0.10019 -0.03914 -0.32641
   0.10638 -0.03991 -0.32645
   0.11276 -0.04065 -0.32635
   0.11929 -0.04138 -0.32639
   0.12594 -0.04208 -0.32583
   0.13272 -0.04276 -0.32550
   0.13959 -0.04340 -0.32477
   0.14656 -0.04401 -0.32234
   0.15362 -0.04460 -0.32127
   0.16075 -0.04515 -0.31798
   0.16794 -0.04567 -0.31628
   0.17519 -0.04616 -0.31347
   0.18248 -0.04663 -0.31197
   0.18981 -0.04706 -0.31025
   0.19717 -0.04747 -0.30932
   0.20456 -0.04785 -0.30557
   0.21197 -0.04820 -0.30509
   0.21942 -0.04852 -0.30139
   0.22690 -0.04882 -0.29919
   0.23441 -0.04909 -0.29483
   0.24195 -0.04934 -0.29306
   0.24951 -0.04956 -0.29133
   0.25708 -0.04977 -0.28840
   0.26468 -0.04995 -0.28739
   0.27229 -0.05011 -0.28344
   0.27991 -0.05024 -0.28228
   0.28756 -0.05036 -0.27913
   0.29522 -0.05046 -0.27745
   0.30289 -0.05054 -0.27584
   0.31057 -0.05060 -0.27399
   0.31825 -0.05064 -0.27200
   0.32595 -0.05066 -0.27067
   0.33364 -0.05066 -0.26936
   0.34135 -0.05065 -0.26778
   0.34906 -0.05061 -0.26627
   0.35677 -0.05056 -0.26468
   0.36448 -0.05048 -0.26326
   0.37219 -0.05039 -0.26187
   0.37990 -0.05028 -0.26010
   0.38761 -0.05015 -0.25893
   0.39532 -0.05001 -0.25783
   0.40302 -0.04984 -0.25665
   0.41072 -0.04966 -0.25475
   0.41842 -0.04945 -0.25434
   0.42610 -0.04923 -0.25317
   0.43378 -0.04899 -0.25260
   0.44144 -0.04873 -0.25065
   0.44910 -0.04845 -0.25030
   0.45674 -0.04815 -0.24892
   0.46437 -0.04783 -0.24837
   0.47199 -0.04749 -0.24684
   0.47960 -0.04713 -0.24515
   0.48720 -0.04674 -0.24402
   0.49478 -0.04634 -0.24245
   0.50235 -0.04590 -0.24024
   0.50991 -0.04545 -0.23920
   0.51745 -0.04497 -0.23668
   0.52498 -0.04447 -0.23446
   0.53250 -0.04395 -0.23249
   0.54000 -0.04340 -0.23009
   0.54749 -0.04282 -0.22740
   0.55497 -0.04222 -0.22442
   0.56243 -0.04159 -0.22096
   0.56987 -0.04093 -0.21775
   0.57730 -0.04025 -0.21421
   0.58471 -0.03954 -0.21027
   0.59210 -0.03881 -0.20620
   0.59948 -0.03804 -0.20195
   0.60683 -0.03724 -0.19748
   0.61417 -0.03642 -0.19141
   0.62149 -0.03556 -0.18686
   0.62879 -0.03468 -0.17977
   0.63608 -0.03376 -0.17423
   0.64335 -0.03281 -0.16623
   0.65061 -0.03183 -0.15932
   0.65786 -0.03081 -0.15091
   0.66510 -0.02976 -0.14216
   0.67232 -0.02867 -0.13258
   0.67954 -0.02755 -0.12265
   0.68676 -0.02640 -0.11220
   0.69397 -0.02520 -0.10119
   0.70117 -0.02398 -0.08859
   0.70838 -0.02271 -0.07606
   0.71559 -0.02141 -0.06273
   0.72281 -0.02007 -0.04851
   0.73004 -0.01870 -0.03391
   0.73728 -0.01729 -0.01801
   0.74453 -0.01584 -0.00066
   0.75180 -0.01436  0.01556
   0.75910 -0.01284  0.03538
   0.76642 -0.01128  0.05323
   0.77378 -0.00969  0.07487
   0.78118 -0.00807  0.09356
   0.78863 -0.00642  0.11688
   0.79611 -0.00475  0.13753
   0.80361 -0.00306  0.16177
   0.81108 -0.00138  0.18452
   0.81847  0.00029  0.20738
   0.82574  0.00191  0.23097
   0.83289  0.00348  0.25284
   0.83991  0.00499  0.27321
   0.84680  0.00644  0.29279
   0.85358  0.00782  0.31210
   0.86023  0.00913  0.32827
   0.86676  0.01036  0.34672
   0.87316  0.01151  0.36085
   0.87944  0.01258  0.37711
   0.88561  0.01356  0.38887
   0.89167  0.01445  0.40103
   0.89763  0.01526  0.41171
   0.90349  0.01599  0.42125
   0.90927  0.01663  0.42897
   0.91493  0.01718  0.43850
   0.92047  0.01765  0.44442
   0.92588  0.01803  0.45252
   0.93120  0.01832  0.45612
   0.93644  0.01853  0.45689
   0.94160  0.01868  0.45975
   0.94662  0.01876  0.46672
   0.95140  0.01879  0.48195
   0.95595  0.01872  0.49162
   0.96030  0.01853  0.49665
   0.96456  0.01820  0.48167
   0.96881  0.01775  0.45416
   0.97308  0.01723  0.42703
   0.97733  0.01672  0.41482
   0.98147  0.01621  0.42788
   0.98549  0.01562  0.43474
   0.98945  0.01488  0.38953
   0.99342  0.01406  0.32482
   0.99738  0.01325  0.29941
   1.00000  0.01271  0.25409
