GRUMMAN K-2 AIRFOIL                             
 Alfa =  -1.20300 Re =        0.000 Xflap,Yflap =     0.000000    0.000000
#    x        y        Cp  
   1.00000  0.01371  0.25417
   0.99740  0.01444  0.09911
   0.99329  0.01549  0.06133
   0.98889  0.01657  0.04590
   0.98423  0.01772  0.00546
   0.97929  0.01890 -0.02955
   0.97409  0.02011 -0.05556
   0.96867  0.02135 -0.08602
   0.96305  0.02259 -0.11260
   0.95727  0.02381 -0.13430
   0.95131  0.02502 -0.15530
   0.94520  0.02620 -0.17044
   0.93893  0.02735 -0.18356
   0.93253  0.02848 -0.19484
   0.92600  0.02957 -0.20205
   0.91932  0.03065 -0.20819
   0.91254  0.03170 -0.21517
   0.90568  0.03272 -0.22387
   0.89876  0.03372 -0.23133
   0.89181  0.03467 -0.23949
   0.88484  0.03559 -0.24551
   0.87782  0.03647 -0.24819
   0.87073  0.03731 -0.24937
   0.86355  0.03812 -0.25053
   0.85628  0.03891 -0.24932
   0.84891  0.03968 -0.24852
   0.84146  0.04044 -0.24850
   0.83396  0.04117 -0.24848
   0.82645  0.04190 -0.25424
   0.81896  0.04260 -0.25921
   0.81149  0.04327 -0.26283
   0.80402  0.04391 -0.26539
   0.79655  0.04452 -0.26789
   0.78909  0.04510 -0.27009
   0.78162  0.04565 -0.27090
   0.77414  0.04617 -0.27046
   0.76665  0.04666 -0.27090
   0.75914  0.04713 -0.26970
   0.75161  0.04756 -0.26793
   0.74405  0.04798 -0.26623
   0.73646  0.04837 -0.26336
   0.72884  0.04874 -0.26096
   0.72118  0.04909 -0.25813
   0.71350  0.04943 -0.25486
   0.70580  0.04974 -0.25309
   0.69806  0.05004 -0.25010
   0.69030  0.05033 -0.24810
   0.68252  0.05060 -0.24604
   0.67473  0.05086 -0.24431
   0.66693  0.05111 -0.24214
   0.65911  0.05135 -0.24093
   0.65129  0.05157 -0.23949
   0.64347  0.05178 -0.23749
   0.63563  0.05197 -0.23642
   0.62779  0.05216 -0.23495
   0.61994  0.05233 -0.23293
   0.61208  0.05249 -0.23245
   0.60421  0.05264 -0.22997
   0.59633  0.05278 -0.22919
   0.58846  0.05291 -0.22801
   0.58058  0.05303 -0.22743
   0.57270  0.05314 -0.22624
   0.56482  0.05324 -0.22538
   0.55693  0.05333 -0.22434
   0.54904  0.05340 -0.22373
   0.54115  0.05347 -0.22234
   0.53326  0.05353 -0.22205
   0.52537  0.05358 -0.22074
   0.51748  0.05361 -0.21988
   0.50958  0.05364 -0.21963
   0.50169  0.05366 -0.21806
   0.49380  0.05367 -0.21847
   0.48590  0.05367 -0.21684
   0.47801  0.05366 -0.21725
   0.47012  0.05363 -0.21627
   0.46224  0.05360 -0.21558
   0.45437  0.05356 -0.21500
   0.44650  0.05351 -0.21452
   0.43864  0.05345 -0.21346
   0.43079  0.05338 -0.21328
   0.42295  0.05330 -0.21301
   0.41514  0.05321 -0.21269
   0.40737  0.05312 -0.21338
   0.39966  0.05301 -0.21281
   0.39202  0.05289 -0.21407
   0.38445  0.05276 -0.21118
   0.37694  0.05262 -0.20859
   0.36954  0.05249 -0.20763
   0.36229  0.05236 -0.21483
   0.35524  0.05223 -0.22575
   0.34842  0.05207 -0.23501
   0.34179  0.05185 -0.22627
   0.33530  0.05159 -0.19930
   0.32892  0.05132 -0.17256
   0.32258  0.05111 -0.15886
   0.31625  0.05098 -0.17527
   0.30988  0.05089 -0.20471
   0.30343  0.05078 -0.23213
   0.29682  0.05061 -0.23447
   0.29002  0.05037 -0.22205
   0.28299  0.05009 -0.21023
   0.27579  0.04982 -0.20899
   0.26847  0.04954 -0.21311
   0.26108  0.04924 -0.21509
   0.25361  0.04892 -0.21402
   0.24607  0.04858 -0.21411
   0.23850  0.04823 -0.21516
   0.23092  0.04786 -0.21565
   0.22333  0.04747 -0.21651
   0.21574  0.04707 -0.21708
   0.20817  0.04664 -0.21895
   0.20063  0.04620 -0.21950
   0.19311  0.04574 -0.22036
   0.18563  0.04526 -0.22357
   0.17820  0.04475 -0.22335
   0.17081  0.04423 -0.22470
   0.16349  0.04368 -0.22716
   0.15624  0.04311 -0.22729
   0.14907  0.04251 -0.22979
   0.14200  0.04189 -0.23052
   0.13503  0.04125 -0.23160
   0.12818  0.04059 -0.23247
   0.12147  0.03990 -0.23283
   0.11493  0.03919 -0.23296
   0.10856  0.03847 -0.23313
   0.10240  0.03773 -0.23280
   0.09647  0.03699 -0.23390
   0.09078  0.03624 -0.23574
   0.08537  0.03550 -0.23453
   0.08024  0.03476 -0.23992
   0.07540  0.03403 -0.24182
   0.07085  0.03331 -0.24573
   0.06658  0.03261 -0.25856
   0.06257  0.03190 -0.25944
   0.05879  0.03120 -0.27074
   0.05523  0.03050 -0.27507
   0.05189  0.02978 -0.27332
   0.04873  0.02906 -0.26728
   0.04574  0.02833 -0.25647
   0.04291  0.02760 -0.24728
   0.04024  0.02687 -0.23249
   0.03771  0.02615 -0.22054
   0.03531  0.02543 -0.21272
   0.03305  0.02471 -0.18804
   0.03089  0.02399 -0.15806
   0.02884  0.02329 -0.13448
   0.02688  0.02260 -0.11902
   0.02502  0.02195 -0.11730
   0.02326  0.02131 -0.11571
   0.02159  0.02067 -0.11462
   0.02000  0.02005 -0.10882
   0.01849  0.01942 -0.09828
   0.01706  0.01880 -0.08033
   0.01569  0.01817 -0.05398
   0.01439  0.01754 -0.03184
   0.01314  0.01692 -0.00874
   0.01194  0.01630  0.01142
   0.01080  0.01568  0.03032
   0.00971  0.01507  0.04817
   0.00867  0.01445  0.07272
   0.00767  0.01383  0.08945
   0.00672  0.01321  0.11291
   0.00581  0.01258  0.13213
   0.00495  0.01194  0.16179
   0.00414  0.01128  0.18395
   0.00338  0.01061  0.21029
   0.00268  0.00990  0.24222
   0.00207  0.00914  0.35143
   0.00154  0.00835  0.44029
   0.00111  0.00752  0.55841
   0.00078  0.00665  0.69016
   0.00053  0.00577  0.79602
   0.00035  0.00489  0.87238
   0.00022  0.00400  0.92376
   0.00012  0.00312  0.96104
   0.00005  0.00224  0.98311
   0.00001  0.00137  0.99577
  -0.00000  0.00051  1.00000
   0.00001 -0.00034  0.99662
   0.00004 -0.00120  0.98592
   0.00010 -0.00206  0.96757
   0.00020 -0.00292  0.95189
   0.00027 -0.00380  0.90945
   0.00039 -0.00468  0.87695
   0.00054 -0.00556  0.82958
   0.00072 -0.00645  0.77178
   0.00092 -0.00735  0.70760
   0.00115 -0.00824  0.63210
   0.00142 -0.00914  0.53601
   0.00173 -0.01004  0.42936
   0.00207 -0.01094  0.30771
   0.00247 -0.01182  0.13624
   0.00292 -0.01269  0.05572
   0.00342 -0.01356 -0.28282
   0.00402 -0.01437 -0.34604
   0.00470 -0.01514 -0.45416
   0.00546 -0.01587 -0.49074
   0.00629 -0.01657 -0.52130
   0.00717 -0.01724 -0.53394
   0.00811 -0.01789 -0.55052
   0.00910 -0.01851 -0.55001
   0.01015 -0.01912 -0.54709
   0.01125 -0.01971 -0.54793
   0.01240 -0.02029 -0.54123
   0.01361 -0.02086 -0.53597
   0.01488 -0.02142 -0.52913
   0.01621 -0.02198 -0.51512
   0.01761 -0.02253 -0.50777
   0.01908 -0.02307 -0.49258
   0.02063 -0.02362 -0.48800
   0.02226 -0.02417 -0.47560
   0.02397 -0.02472 -0.46094
   0.02579 -0.02528 -0.45400
   0.02770 -0.02584 -0.44395
   0.02973 -0.02641 -0.43648
   0.03189 -0.02700 -0.42906
   0.03419 -0.02759 -0.42296
   0.03663 -0.02820 -0.41254
   0.03924 -0.02882 -0.40628
   0.04203 -0.02945 -0.39579
   0.04502 -0.03011 -0.38940
   0.04822 -0.03078 -0.38385
   0.05165 -0.03148 -0.38074
   0.05533 -0.03220 -0.37652
   0.05925 -0.03293 -0.37367
   0.06344 -0.03368 -0.36913
   0.06789 -0.03445 -0.36727
   0.07262 -0.03522 -0.36268
   0.07761 -0.03600 -0.36141
   0.08288 -0.03679 -0.35824
   0.08842 -0.03758 -0.35516
   0.09419 -0.03836 -0.35230
   0.10019 -0.03914 -0.35044
   0.10638 -0.03991 -0.34973
   0.11276 -0.04065 -0.34891
   0.11929 -0.04138 -0.34828
   0.12594 -0.04208 -0.34706
   0.13272 -0.04276 -0.34612
   0.13959 -0.04340 -0.34479
   0.14656 -0.04401 -0.34180
   0.15362 -0.04460 -0.34018
   0.16075 -0.04515 -0.33636
   0.16794 -0.04567 -0.33418
   0.17519 -0.04616 -0.33089
   0.18248 -0.04663 -0.32895
   0.18981 -0.04706 -0.32682
   0.19717 -0.04747 -0.32548
   0.20456 -0.04785 -0.32134
   0.21197 -0.04820 -0.32051
   0.21942 -0.04852 -0.31643
   0.22690 -0.04882 -0.31387
   0.23441 -0.04909 -0.30918
   0.24195 -0.04934 -0.30708
   0.24951 -0.04956 -0.30506
   0.25708 -0.04977 -0.30182
   0.26468 -0.04995 -0.30054
   0.27229 -0.05011 -0.29630
   0.27991 -0.05024 -0.29488
   0.28756 -0.05036 -0.29148
   0.29522 -0.05046 -0.28955
   0.30289 -0.05054 -0.28770
   0.31057 -0.05060 -0.28561
   0.31825 -0.05064 -0.28343
   0.32595 -0.05066 -0.28185
   0.33364 -0.05066 -0.28036
   0.34135 -0.05065 -0.27856
   0.34906 -0.05061 -0.27687
   0.35677 -0.05056 -0.27507
   0.36448 -0.05048 -0.27346
   0.37219 -0.05039 -0.27192
   0.37990 -0.05028 -0.26993
   0.38761 -0.05015 -0.26863
   0.39532 -0.05001 -0.26733
   0.40302 -0.04984 -0.26599
   0.41072 -0.04966 -0.26394
   0.41842 -0.04945 -0.26337
   0.42610 -0.04923 -0.26203
   0.43378 -0.04899 -0.26133
   0.44144 -0.04873 -0.25924
   0.44910 -0.04845 -0.25872
   0.45674 -0.04815 -0.25721
   0.46437 -0.04783 -0.25653
   0.47199 -0.04749 -0.25486
   0.47960 -0.04713 -0.25304
   0.48720 -0.04674 -0.25177
   0.49478 -0.04634 -0.25008
   0.50235 -0.04590 -0.24773
   0.50991 -0.04545 -0.24654
   0.51745 -0.04497 -0.24393
   0.52498 -0.04447 -0.24156
   0.53250 -0.04395 -0.23947
   0.54000 -0.04340 -0.23694
   0.54749 -0.04282 -0.23413
   0.55497 -0.04222 -0.23103
   0.56243 -0.04159 -0.22743
   0.56987 -0.04093 -0.22412
   0.57730 -0.04025 -0.22046
   0.58471 -0.03954 -0.21637
   0.59210 -0.03881 -0.21221
   0.59948 -0.03804 -0.20782
   0.60683 -0.03724 -0.20325
   0.61417 -0.03642 -0.19706
   0.62149 -0.03556 -0.19238
   0.62879 -0.03468 -0.18515
   0.63608 -0.03376 -0.17950
   0.64335 -0.03281 -0.17139
   0.65061 -0.03183 -0.16434
   0.65786 -0.03081 -0.15582
   0.66510 -0.02976 -0.14695
   0.67232 -0.02867 -0.13723
   0.67954 -0.02755 -0.12717
   0.68676 -0.02640 -0.11664
   0.69397 -0.02520 -0.10548
   0.70117 -0.02398 -0.09276
   0.70838 -0.02271 -0.08009
   0.71559 -0.02141 -0.06663
   0.72281 -0.02007 -0.05230
   0.73004 -0.01870 -0.03759
   0.73728 -0.01729 -0.02153
   0.74453 -0.01584 -0.00402
   0.75180 -0.01436  0.01228
   0.75910 -0.01284  0.03223
   0.76642 -0.01128  0.05025
   0.77378 -0.00969  0.07200
   0.78118 -0.00807  0.09081
   0.78863 -0.00642  0.11424
   0.79611 -0.00475  0.13504
   0.80361 -0.00306  0.15941
   0.81108 -0.00138  0.18229
   0.81847  0.00029  0.20524
   0.82574  0.00191  0.22896
   0.83289  0.00348  0.25094
   0.83991  0.00499  0.27142
   0.84680  0.00644  0.29108
   0.85358  0.00782  0.31047
   0.86023  0.00913  0.32674
   0.86676  0.01036  0.34529
   0.87316  0.01151  0.35942
   0.87944  0.01258  0.37582
   0.88561  0.01356  0.38763
   0.89167  0.01445  0.39983
   0.89763  0.01526  0.41060
   0.90349  0.01599  0.42015
   0.90927  0.01663  0.42794
   0.91493  0.01718  0.43755
   0.92047  0.01765  0.44344
   0.92588  0.01803  0.45166
   0.93120  0.01832  0.45525
   0.93644  0.01853  0.45607
   0.94160  0.01868  0.45898
   0.94662  0.01876  0.46593
   0.95140  0.01879  0.48127
   0.95595  0.01872  0.49094
   0.96030  0.01853  0.49601
   0.96456  0.01820  0.48108
   0.96881  0.01775  0.45352
   0.97308  0.01723  0.42642
   0.97733  0.01672  0.41423
   0.98147  0.01621  0.42738
   0.98549  0.01562  0.43430
   0.98945  0.01488  0.38906
   0.99342  0.01406  0.32436
   0.99738  0.01325  0.29904
   1.00000  0.01271  0.25417
