GRUMMAN K-2 AIRFOIL                             
 Alfa =  -1.21200 Re =        0.000 Xflap,Yflap =     0.000000    0.000000
#    x        y        Cp  
   1.00000  0.01371  0.25417
   0.99740  0.01444  0.09913
   0.99329  0.01549  0.06134
   0.98889  0.01657  0.04592
   0.98423  0.01772  0.00549
   0.97929  0.01890 -0.02950
   0.97409  0.02011 -0.05551
   0.96867  0.02135 -0.08597
   0.96305  0.02259 -0.11254
   0.95727  0.02381 -0.13424
   0.95131  0.02502 -0.15522
   0.94520  0.02620 -0.17036
   0.93893  0.02735 -0.18347
   0.93253  0.02848 -0.19475
   0.92600  0.02957 -0.20196
   0.91932  0.03065 -0.20808
   0.91254  0.03170 -0.21506
   0.90568  0.03272 -0.22375
   0.89876  0.03372 -0.23121
   0.89181  0.03467 -0.23936
   0.88484  0.03559 -0.24537
   0.87782  0.03647 -0.24805
   0.87073  0.03731 -0.24922
   0.86355  0.03812 -0.25038
   0.85628  0.03891 -0.24916
   0.84891  0.03968 -0.24835
   0.84146  0.04044 -0.24834
   0.83396  0.04117 -0.24831
   0.82645  0.04190 -0.25407
   0.81896  0.04260 -0.25903
   0.81149  0.04327 -0.26265
   0.80402  0.04391 -0.26520
   0.79655  0.04452 -0.26769
   0.78909  0.04510 -0.26989
   0.78162  0.04565 -0.27069
   0.77414  0.04617 -0.27025
   0.76665  0.04666 -0.27068
   0.75914  0.04713 -0.26948
   0.75161  0.04756 -0.26770
   0.74405  0.04798 -0.26600
   0.73646  0.04837 -0.26312
   0.72884  0.04874 -0.26072
   0.72118  0.04909 -0.25789
   0.71350  0.04943 -0.25461
   0.70580  0.04974 -0.25284
   0.69806  0.05004 -0.24985
   0.69030  0.05033 -0.24784
   0.68252  0.05060 -0.24578
   0.67473  0.05086 -0.24404
   0.66693  0.05111 -0.24187
   0.65911  0.05135 -0.24066
   0.65129  0.05157 -0.23921
   0.64347  0.05178 -0.23720
   0.63563  0.05197 -0.23613
   0.62779  0.05216 -0.23465
   0.61994  0.05233 -0.23263
   0.61208  0.05249 -0.23214
   0.60421  0.05264 -0.22966
   0.59633  0.05278 -0.22888
   0.58846  0.05291 -0.22769
   0.58058  0.05303 -0.22711
   0.57270  0.05314 -0.22591
   0.56482  0.05324 -0.22504
   0.55693  0.05333 -0.22400
   0.54904  0.05340 -0.22339
   0.54115  0.05347 -0.22200
   0.53326  0.05353 -0.22170
   0.52537  0.05358 -0.22038
   0.51748  0.05361 -0.21951
   0.50958  0.05364 -0.21926
   0.50169  0.05366 -0.21768
   0.49380  0.05367 -0.21809
   0.48590  0.05367 -0.21645
   0.47801  0.05366 -0.21686
   0.47012  0.05363 -0.21587
   0.46224  0.05360 -0.21517
   0.45437  0.05356 -0.21459
   0.44650  0.05351 -0.21410
   0.43864  0.05345 -0.21303
   0.43079  0.05338 -0.21285
   0.42295  0.05330 -0.21257
   0.41514  0.05321 -0.21225
   0.40737  0.05312 -0.21292
   0.39966  0.05301 -0.21235
   0.39202  0.05289 -0.21360
   0.38445  0.05276 -0.21071
   0.37694  0.05262 -0.20810
   0.36954  0.05249 -0.20715
   0.36229  0.05236 -0.21433
   0.35524  0.05223 -0.22524
   0.34842  0.05207 -0.23449
   0.34179  0.05185 -0.22574
   0.33530  0.05159 -0.19877
   0.32892  0.05132 -0.17205
   0.32258  0.05111 -0.15834
   0.31625  0.05098 -0.17474
   0.30988  0.05089 -0.20416
   0.30343  0.05078 -0.23155
   0.29682  0.05061 -0.23388
   0.29002  0.05037 -0.22146
   0.28299  0.05009 -0.20964
   0.27579  0.04982 -0.20839
   0.26847  0.04954 -0.21249
   0.26108  0.04924 -0.21446
   0.25361  0.04892 -0.21338
   0.24607  0.04858 -0.21346
   0.23850  0.04823 -0.21449
   0.23092  0.04786 -0.21497
   0.22333  0.04747 -0.21581
   0.21574  0.04707 -0.21637
   0.20817  0.04664 -0.21822
   0.20063  0.04620 -0.21875
   0.19311  0.04574 -0.21959
   0.18563  0.04526 -0.22278
   0.17820  0.04475 -0.22255
   0.17081  0.04423 -0.22387
   0.16349  0.04368 -0.22631
   0.15624  0.04311 -0.22641
   0.14907  0.04251 -0.22889
   0.14200  0.04189 -0.22960
   0.13503  0.04125 -0.23065
   0.12818  0.04059 -0.23148
   0.12147  0.03990 -0.23182
   0.11493  0.03919 -0.23191
   0.10856  0.03847 -0.23205
   0.10240  0.03773 -0.23169
   0.09647  0.03699 -0.23275
   0.09078  0.03624 -0.23455
   0.08537  0.03550 -0.23330
   0.08024  0.03476 -0.23865
   0.07540  0.03403 -0.24050
   0.07085  0.03331 -0.24436
   0.06658  0.03261 -0.25713
   0.06257  0.03190 -0.25796
   0.05879  0.03120 -0.26920
   0.05523  0.03050 -0.27347
   0.05189  0.02978 -0.27167
   0.04873  0.02906 -0.26559
   0.04574  0.02833 -0.25473
   0.04291  0.02760 -0.24550
   0.04024  0.02687 -0.23067
   0.03771  0.02615 -0.21867
   0.03531  0.02543 -0.21080
   0.03305  0.02471 -0.18610
   0.03089  0.02399 -0.15610
   0.02884  0.02329 -0.13250
   0.02688  0.02260 -0.11699
   0.02502  0.02195 -0.11521
   0.02326  0.02131 -0.11354
   0.02159  0.02067 -0.11238
   0.02000  0.02005 -0.10650
   0.01849  0.01942 -0.09590
   0.01706  0.01880 -0.07790
   0.01569  0.01817 -0.05151
   0.01439  0.01754 -0.02932
   0.01314  0.01692 -0.00617
   0.01194  0.01630  0.01405
   0.01080  0.01568  0.03301
   0.00971  0.01507  0.05095
   0.00867  0.01445  0.07557
   0.00767  0.01383  0.09239
   0.00672  0.01321  0.11594
   0.00581  0.01258  0.13528
   0.00495  0.01194  0.16504
   0.00414  0.01128  0.18735
   0.00338  0.01061  0.21386
   0.00268  0.00990  0.24596
   0.00207  0.00914  0.35499
   0.00154  0.00835  0.44374
   0.00111  0.00752  0.56153
   0.00078  0.00665  0.69271
   0.00053  0.00577  0.79802
   0.00035  0.00489  0.87390
   0.00022  0.00400  0.92491
   0.00012  0.00312  0.96184
   0.00005  0.00224  0.98363
   0.00001  0.00137  0.99602
  -0.00000  0.00051  1.00000
   0.00001 -0.00034  0.99639
   0.00004 -0.00120  0.98546
   0.00010 -0.00206  0.96686
   0.00020 -0.00292  0.95110
   0.00027 -0.00380  0.90826
   0.00039 -0.00468  0.87562
   0.00054 -0.00556  0.82801
   0.00072 -0.00645  0.76994
   0.00092 -0.00735  0.70552
   0.00115 -0.00824  0.62976
   0.00142 -0.00914  0.53336
   0.00173 -0.01004  0.42638
   0.00207 -0.01094  0.30440
   0.00247 -0.01182  0.13246
   0.00292 -0.01269  0.05188
   0.00342 -0.01356 -0.28765
   0.00402 -0.01437 -0.35074
   0.00470 -0.01514 -0.45893
   0.00546 -0.01587 -0.49533
   0.00629 -0.01657 -0.52573
   0.00717 -0.01724 -0.53818
   0.00811 -0.01789 -0.55459
   0.00910 -0.01851 -0.55391
   0.01015 -0.01912 -0.55081
   0.01125 -0.01971 -0.55150
   0.01240 -0.02029 -0.54465
   0.01361 -0.02086 -0.53925
   0.01488 -0.02142 -0.53228
   0.01621 -0.02198 -0.51813
   0.01761 -0.02253 -0.51066
   0.01908 -0.02307 -0.49535
   0.02063 -0.02362 -0.49066
   0.02226 -0.02417 -0.47816
   0.02397 -0.02472 -0.46340
   0.02579 -0.02528 -0.45637
   0.02770 -0.02584 -0.44623
   0.02973 -0.02641 -0.43869
   0.03189 -0.02700 -0.43118
   0.03419 -0.02759 -0.42501
   0.03663 -0.02820 -0.41452
   0.03924 -0.02882 -0.40818
   0.04203 -0.02945 -0.39762
   0.04502 -0.03011 -0.39117
   0.04822 -0.03078 -0.38555
   0.05165 -0.03148 -0.38238
   0.05533 -0.03220 -0.37811
   0.05925 -0.03293 -0.37521
   0.06344 -0.03368 -0.37061
   0.06789 -0.03445 -0.36870
   0.07262 -0.03522 -0.36406
   0.07761 -0.03600 -0.36274
   0.08288 -0.03679 -0.35953
   0.08842 -0.03758 -0.35640
   0.09419 -0.03836 -0.35351
   0.10019 -0.03914 -0.35160
   0.10638 -0.03991 -0.35085
   0.11276 -0.04065 -0.35000
   0.11929 -0.04138 -0.34933
   0.12594 -0.04208 -0.34809
   0.13272 -0.04276 -0.34711
   0.13959 -0.04340 -0.34576
   0.14656 -0.04401 -0.34274
   0.15362 -0.04460 -0.34110
   0.16075 -0.04515 -0.33725
   0.16794 -0.04567 -0.33505
   0.17519 -0.04616 -0.33173
   0.18248 -0.04663 -0.32977
   0.18981 -0.04706 -0.32762
   0.19717 -0.04747 -0.32626
   0.20456 -0.04785 -0.32210
   0.21197 -0.04820 -0.32125
   0.21942 -0.04852 -0.31715
   0.22690 -0.04882 -0.31458
   0.23441 -0.04909 -0.30987
   0.24195 -0.04934 -0.30776
   0.24951 -0.04956 -0.30572
   0.25708 -0.04977 -0.30247
   0.26468 -0.04995 -0.30117
   0.27229 -0.05011 -0.29692
   0.27991 -0.05024 -0.29549
   0.28756 -0.05036 -0.29207
   0.29522 -0.05046 -0.29014
   0.30289 -0.05054 -0.28828
   0.31057 -0.05060 -0.28618
   0.31825 -0.05064 -0.28398
   0.32595 -0.05066 -0.28239
   0.33364 -0.05066 -0.28089
   0.34135 -0.05065 -0.27908
   0.34906 -0.05061 -0.27738
   0.35677 -0.05056 -0.27557
   0.36448 -0.05048 -0.27395
   0.37219 -0.05039 -0.27241
   0.37990 -0.05028 -0.27040
   0.38761 -0.05015 -0.26909
   0.39532 -0.05001 -0.26778
   0.40302 -0.04984 -0.26644
   0.41072 -0.04966 -0.26439
   0.41842 -0.04945 -0.26380
   0.42610 -0.04923 -0.26246
   0.43378 -0.04899 -0.26175
   0.44144 -0.04873 -0.25965
   0.44910 -0.04845 -0.25912
   0.45674 -0.04815 -0.25761
   0.46437 -0.04783 -0.25692
   0.47199 -0.04749 -0.25525
   0.47960 -0.04713 -0.25342
   0.48720 -0.04674 -0.25214
   0.49478 -0.04634 -0.25045
   0.50235 -0.04590 -0.24809
   0.50991 -0.04545 -0.24689
   0.51745 -0.04497 -0.24428
   0.52498 -0.04447 -0.24190
   0.53250 -0.04395 -0.23981
   0.54000 -0.04340 -0.23726
   0.54749 -0.04282 -0.23445
   0.55497 -0.04222 -0.23134
   0.56243 -0.04159 -0.22774
   0.56987 -0.04093 -0.22442
   0.57730 -0.04025 -0.22076
   0.58471 -0.03954 -0.21667
   0.59210 -0.03881 -0.21250
   0.59948 -0.03804 -0.20810
   0.60683 -0.03724 -0.20353
   0.61417 -0.03642 -0.19733
   0.62149 -0.03556 -0.19264
   0.62879 -0.03468 -0.18541
   0.63608 -0.03376 -0.17975
   0.64335 -0.03281 -0.17164
   0.65061 -0.03183 -0.16459
   0.65786 -0.03081 -0.15606
   0.66510 -0.02976 -0.14718
   0.67232 -0.02867 -0.13745
   0.67954 -0.02755 -0.12738
   0.68676 -0.02640 -0.11685
   0.69397 -0.02520 -0.10568
   0.70117 -0.02398 -0.09296
   0.70838 -0.02271 -0.08028
   0.71559 -0.02141 -0.06681
   0.72281 -0.02007 -0.05248
   0.73004 -0.01870 -0.03777
   0.73728 -0.01729 -0.02170
   0.74453 -0.01584 -0.00418
   0.75180 -0.01436  0.01212
   0.75910 -0.01284  0.03208
   0.76642 -0.01128  0.05011
   0.77378 -0.00969  0.07187
   0.78118 -0.00807  0.09068
   0.78863 -0.00642  0.11412
   0.79611 -0.00475  0.13492
   0.80361 -0.00306  0.15930
   0.81108 -0.00138  0.18218
   0.81847  0.00029  0.20514
   0.82574  0.00191  0.22887
   0.83289  0.00348  0.25084
   0.83991  0.00499  0.27133
   0.84680  0.00644  0.29100
   0.85358  0.00782  0.31040
   0.86023  0.00913  0.32666
   0.86676  0.01036  0.34522
   0.87316  0.01151  0.35935
   0.87944  0.01258  0.37576
   0.88561  0.01356  0.38757
   0.89167  0.01445  0.39978
   0.89763  0.01526  0.41055
   0.90349  0.01599  0.42010
   0.90927  0.01663  0.42789
   0.91493  0.01718  0.43751
   0.92047  0.01765  0.44339
   0.92588  0.01803  0.45161
   0.93120  0.01832  0.45521
   0.93644  0.01853  0.45603
   0.94160  0.01868  0.45894
   0.94662  0.01876  0.46589
   0.95140  0.01879  0.48124
   0.95595  0.01872  0.49091
   0.96030  0.01853  0.49598
   0.96456  0.01820  0.48105
   0.96881  0.01775  0.45349
   0.97308  0.01723  0.42639
   0.97733  0.01672  0.41420
   0.98147  0.01621  0.42735
   0.98549  0.01562  0.43427
   0.98945  0.01488  0.38904
   0.99342  0.01406  0.32434
   0.99738  0.01325  0.29902
   1.00000  0.01271  0.25417
