GRUMMAN K-2 AIRFOIL                             
 Alfa =  -1.17900 Re =        0.000 Xflap,Yflap =     0.000000    0.000000
#    x        y        Cp  
   1.00000  0.01371  0.25416
   0.99740  0.01444  0.09908
   0.99329  0.01549  0.06129
   0.98889  0.01657  0.04583
   0.98423  0.01772  0.00536
   0.97929  0.01890 -0.02966
   0.97409  0.02011 -0.05568
   0.96867  0.02135 -0.08617
   0.96305  0.02259 -0.11277
   0.95727  0.02381 -0.13448
   0.95131  0.02502 -0.15550
   0.94520  0.02620 -0.17066
   0.93893  0.02735 -0.18380
   0.93253  0.02848 -0.19510
   0.92600  0.02957 -0.20232
   0.91932  0.03065 -0.20848
   0.91254  0.03170 -0.21546
   0.90568  0.03272 -0.22418
   0.89876  0.03372 -0.23166
   0.89181  0.03467 -0.23984
   0.88484  0.03559 -0.24587
   0.87782  0.03647 -0.24856
   0.87073  0.03731 -0.24975
   0.86355  0.03812 -0.25094
   0.85628  0.03891 -0.24972
   0.84891  0.03968 -0.24895
   0.84146  0.04044 -0.24894
   0.83396  0.04117 -0.24894
   0.82645  0.04190 -0.25470
   0.81896  0.04260 -0.25969
   0.81149  0.04327 -0.26333
   0.80402  0.04391 -0.26590
   0.79655  0.04452 -0.26842
   0.78909  0.04510 -0.27062
   0.78162  0.04565 -0.27145
   0.77414  0.04617 -0.27102
   0.76665  0.04666 -0.27148
   0.75914  0.04713 -0.27029
   0.75161  0.04756 -0.26852
   0.74405  0.04798 -0.26683
   0.73646  0.04837 -0.26398
   0.72884  0.04874 -0.26159
   0.72118  0.04909 -0.25877
   0.71350  0.04943 -0.25551
   0.70580  0.04974 -0.25375
   0.69806  0.05004 -0.25077
   0.69030  0.05033 -0.24879
   0.68252  0.05060 -0.24674
   0.67473  0.05086 -0.24502
   0.66693  0.05111 -0.24287
   0.65911  0.05135 -0.24167
   0.65129  0.05157 -0.24024
   0.64347  0.05178 -0.23825
   0.63563  0.05197 -0.23719
   0.62779  0.05216 -0.23573
   0.61994  0.05233 -0.23373
   0.61208  0.05249 -0.23325
   0.60421  0.05264 -0.23079
   0.59633  0.05278 -0.23003
   0.58846  0.05291 -0.22886
   0.58058  0.05303 -0.22829
   0.57270  0.05314 -0.22711
   0.56482  0.05324 -0.22626
   0.55693  0.05333 -0.22524
   0.54904  0.05340 -0.22465
   0.54115  0.05347 -0.22327
   0.53326  0.05353 -0.22299
   0.52537  0.05358 -0.22169
   0.51748  0.05361 -0.22085
   0.50958  0.05364 -0.22062
   0.50169  0.05366 -0.21906
   0.49380  0.05367 -0.21949
   0.48590  0.05367 -0.21787
   0.47801  0.05366 -0.21830
   0.47012  0.05363 -0.21734
   0.46224  0.05360 -0.21666
   0.45437  0.05356 -0.21610
   0.44650  0.05351 -0.21563
   0.43864  0.05345 -0.21459
   0.43079  0.05338 -0.21443
   0.42295  0.05330 -0.21418
   0.41514  0.05321 -0.21388
   0.40737  0.05312 -0.21458
   0.39966  0.05301 -0.21404
   0.39202  0.05289 -0.21531
   0.38445  0.05276 -0.21245
   0.37694  0.05262 -0.20987
   0.36954  0.05249 -0.20893
   0.36229  0.05236 -0.21616
   0.35524  0.05223 -0.22711
   0.34842  0.05207 -0.23640
   0.34179  0.05185 -0.22767
   0.33530  0.05159 -0.20069
   0.32892  0.05132 -0.17394
   0.32258  0.05111 -0.16024
   0.31625  0.05098 -0.17669
   0.30988  0.05089 -0.20620
   0.30343  0.05078 -0.23366
   0.29682  0.05061 -0.23603
   0.29002  0.05037 -0.22362
   0.28299  0.05009 -0.21182
   0.27579  0.04982 -0.21060
   0.26847  0.04954 -0.21476
   0.26108  0.04924 -0.21677
   0.25361  0.04892 -0.21573
   0.24607  0.04858 -0.21586
   0.23850  0.04823 -0.21695
   0.23092  0.04786 -0.21747
   0.22333  0.04747 -0.21837
   0.21574  0.04707 -0.21899
   0.20817  0.04664 -0.22090
   0.20063  0.04620 -0.22150
   0.19311  0.04574 -0.22240
   0.18563  0.04526 -0.22567
   0.17820  0.04475 -0.22550
   0.17081  0.04423 -0.22691
   0.16349  0.04368 -0.22943
   0.15624  0.04311 -0.22962
   0.14907  0.04251 -0.23220
   0.14200  0.04189 -0.23300
   0.13503  0.04125 -0.23415
   0.12818  0.04059 -0.23509
   0.12147  0.03990 -0.23554
   0.11493  0.03919 -0.23575
   0.10856  0.03847 -0.23601
   0.10240  0.03773 -0.23578
   0.09647  0.03699 -0.23697
   0.09078  0.03624 -0.23892
   0.08537  0.03550 -0.23782
   0.08024  0.03476 -0.24333
   0.07540  0.03403 -0.24535
   0.07085  0.03331 -0.24939
   0.06658  0.03261 -0.26238
   0.06257  0.03190 -0.26339
   0.05879  0.03120 -0.27486
   0.05523  0.03050 -0.27933
   0.05189  0.02978 -0.27772
   0.04873  0.02906 -0.27181
   0.04574  0.02833 -0.26111
   0.04291  0.02760 -0.25204
   0.04024  0.02687 -0.23735
   0.03771  0.02615 -0.22552
   0.03531  0.02543 -0.21783
   0.03305  0.02471 -0.19323
   0.03089  0.02399 -0.16328
   0.02884  0.02329 -0.13977
   0.02688  0.02260 -0.12443
   0.02502  0.02195 -0.12289
   0.02326  0.02131 -0.12149
   0.02159  0.02067 -0.12061
   0.02000  0.02005 -0.11500
   0.01849  0.01942 -0.10464
   0.01706  0.01880 -0.08683
   0.01569  0.01817 -0.06058
   0.01439  0.01754 -0.03856
   0.01314  0.01692 -0.01560
   0.01194  0.01630  0.00440
   0.01080  0.01568  0.02310
   0.00971  0.01507  0.04076
   0.00867  0.01445  0.06512
   0.00767  0.01383  0.08160
   0.00672  0.01321  0.10480
   0.00581  0.01258  0.12371
   0.00495  0.01194  0.15308
   0.00414  0.01128  0.17487
   0.00338  0.01061  0.20074
   0.00268  0.00990  0.23219
   0.00207  0.00914  0.34188
   0.00154  0.00835  0.43103
   0.00111  0.00752  0.55003
   0.00078  0.00665  0.68330
   0.00053  0.00577  0.79064
   0.00035  0.00489  0.86826
   0.00022  0.00400  0.92065
   0.00012  0.00312  0.95886
   0.00005  0.00224  0.98170
   0.00001  0.00137  0.99506
  -0.00000  0.00051  0.99997
   0.00001 -0.00034  0.99719
   0.00004 -0.00120  0.98711
   0.00010 -0.00206  0.96942
   0.00020 -0.00292  0.95397
   0.00027 -0.00380  0.91258
   0.00039 -0.00468  0.88047
   0.00054 -0.00556  0.83375
   0.00072 -0.00645  0.77662
   0.00092 -0.00735  0.71311
   0.00115 -0.00824  0.63832
   0.00142 -0.00914  0.54306
   0.00173 -0.01004  0.43727
   0.00207 -0.01094  0.31648
   0.00247 -0.01182  0.14629
   0.00292 -0.01269  0.06591
   0.00342 -0.01356 -0.26998
   0.00402 -0.01437 -0.33354
   0.00470 -0.01514 -0.44148
   0.00546 -0.01587 -0.47854
   0.00629 -0.01657 -0.50952
   0.00717 -0.01724 -0.52268
   0.00811 -0.01789 -0.53968
   0.00910 -0.01851 -0.53965
   0.01015 -0.01912 -0.53719
   0.01125 -0.01971 -0.53844
   0.01240 -0.02029 -0.53213
   0.01361 -0.02086 -0.52725
   0.01488 -0.02142 -0.52077
   0.01621 -0.02198 -0.50711
   0.01761 -0.02253 -0.50008
   0.01908 -0.02307 -0.48520
   0.02063 -0.02362 -0.48089
   0.02226 -0.02417 -0.46877
   0.02397 -0.02472 -0.45439
   0.02579 -0.02528 -0.44769
   0.02770 -0.02584 -0.43787
   0.02973 -0.02641 -0.43062
   0.03189 -0.02700 -0.42340
   0.03419 -0.02759 -0.41750
   0.03663 -0.02820 -0.40729
   0.03924 -0.02882 -0.40121
   0.04203 -0.02945 -0.39091
   0.04502 -0.03011 -0.38470
   0.04822 -0.03078 -0.37931
   0.05165 -0.03148 -0.37635
   0.05533 -0.03220 -0.37229
   0.05925 -0.03293 -0.36958
   0.06344 -0.03368 -0.36518
   0.06789 -0.03445 -0.36346
   0.07262 -0.03522 -0.35901
   0.07761 -0.03600 -0.35785
   0.08288 -0.03679 -0.35481
   0.08842 -0.03758 -0.35185
   0.09419 -0.03836 -0.34911
   0.10019 -0.03914 -0.34734
   0.10638 -0.03991 -0.34673
   0.11276 -0.04065 -0.34601
   0.11929 -0.04138 -0.34546
   0.12594 -0.04208 -0.34433
   0.13272 -0.04276 -0.34346
   0.13959 -0.04340 -0.34222
   0.14656 -0.04401 -0.33930
   0.15362 -0.04460 -0.33775
   0.16075 -0.04515 -0.33400
   0.16794 -0.04567 -0.33188
   0.17519 -0.04616 -0.32865
   0.18248 -0.04663 -0.32677
   0.18981 -0.04706 -0.32469
   0.19717 -0.04747 -0.32340
   0.20456 -0.04785 -0.31931
   0.21197 -0.04820 -0.31852
   0.21942 -0.04852 -0.31449
   0.22690 -0.04882 -0.31199
   0.23441 -0.04909 -0.30733
   0.24195 -0.04934 -0.30528
   0.24951 -0.04956 -0.30329
   0.25708 -0.04977 -0.30010
   0.26468 -0.04995 -0.29885
   0.27229 -0.05011 -0.29465
   0.27991 -0.05024 -0.29327
   0.28756 -0.05036 -0.28989
   0.29522 -0.05046 -0.28800
   0.30289 -0.05054 -0.28618
   0.31057 -0.05060 -0.28412
   0.31825 -0.05064 -0.28196
   0.32595 -0.05066 -0.28042
   0.33364 -0.05066 -0.27895
   0.34135 -0.05065 -0.27717
   0.34906 -0.05061 -0.27551
   0.35677 -0.05056 -0.27374
   0.36448 -0.05048 -0.27215
   0.37219 -0.05039 -0.27063
   0.37990 -0.05028 -0.26867
   0.38761 -0.05015 -0.26738
   0.39532 -0.05001 -0.26611
   0.40302 -0.04984 -0.26479
   0.41072 -0.04966 -0.26276
   0.41842 -0.04945 -0.26221
   0.42610 -0.04923 -0.26090
   0.43378 -0.04899 -0.26021
   0.44144 -0.04873 -0.25813
   0.44910 -0.04845 -0.25764
   0.45674 -0.04815 -0.25615
   0.46437 -0.04783 -0.25548
   0.47199 -0.04749 -0.25383
   0.47960 -0.04713 -0.25202
   0.48720 -0.04674 -0.25077
   0.49478 -0.04634 -0.24910
   0.50235 -0.04590 -0.24677
   0.50991 -0.04545 -0.24560
   0.51745 -0.04497 -0.24300
   0.52498 -0.04447 -0.24065
   0.53250 -0.04395 -0.23857
   0.54000 -0.04340 -0.23606
   0.54749 -0.04282 -0.23327
   0.55497 -0.04222 -0.23018
   0.56243 -0.04159 -0.22660
   0.56987 -0.04093 -0.22330
   0.57730 -0.04025 -0.21966
   0.58471 -0.03954 -0.21559
   0.59210 -0.03881 -0.21144
   0.59948 -0.03804 -0.20707
   0.60683 -0.03724 -0.20251
   0.61417 -0.03642 -0.19633
   0.62149 -0.03556 -0.19167
   0.62879 -0.03468 -0.18446
   0.63608 -0.03376 -0.17883
   0.64335 -0.03281 -0.17073
   0.65061 -0.03183 -0.16370
   0.65786 -0.03081 -0.15519
   0.66510 -0.02976 -0.14634
   0.67232 -0.02867 -0.13663
   0.67954 -0.02755 -0.12659
   0.68676 -0.02640 -0.11607
   0.69397 -0.02520 -0.10493
   0.70117 -0.02398 -0.09222
   0.70838 -0.02271 -0.07957
   0.71559 -0.02141 -0.06613
   0.72281 -0.02007 -0.05181
   0.73004 -0.01870 -0.03712
   0.73728 -0.01729 -0.02108
   0.74453 -0.01584 -0.00359
   0.75180 -0.01436  0.01270
   0.75910 -0.01284  0.03263
   0.76642 -0.01128  0.05063
   0.77378 -0.00969  0.07237
   0.78118 -0.00807  0.09116
   0.78863 -0.00642  0.11458
   0.79611 -0.00475  0.13536
   0.80361 -0.00306  0.15971
   0.81108 -0.00138  0.18257
   0.81847  0.00029  0.20552
   0.82574  0.00191  0.22922
   0.83289  0.00348  0.25118
   0.83991  0.00499  0.27165
   0.84680  0.00644  0.29130
   0.85358  0.00782  0.31068
   0.86023  0.00913  0.32693
   0.86676  0.01036  0.34547
   0.87316  0.01151  0.35960
   0.87944  0.01258  0.37598
   0.88561  0.01356  0.38779
   0.89167  0.01445  0.39999
   0.89763  0.01526  0.41074
   0.90349  0.01599  0.42029
   0.90927  0.01663  0.42807
   0.91493  0.01718  0.43767
   0.92047  0.01765  0.44356
   0.92588  0.01803  0.45177
   0.93120  0.01832  0.45536
   0.93644  0.01853  0.45618
   0.94160  0.01868  0.45907
   0.94662  0.01876  0.46603
   0.95140  0.01879  0.48136
   0.95595  0.01872  0.49103
   0.96030  0.01853  0.49609
   0.96456  0.01820  0.48116
   0.96881  0.01775  0.45360
   0.97308  0.01723  0.42650
   0.97733  0.01672  0.41430
   0.98147  0.01621  0.42744
   0.98549  0.01562  0.43435
   0.98945  0.01488  0.38912
   0.99342  0.01406  0.32442
   0.99738  0.01325  0.29909
   1.00000  0.01271  0.25416
