GRUMMAN K-2 AIRFOIL                             
 Alfa =  -1.00100 Re =        0.000 Xflap,Yflap =     0.000000    0.000000
#    x        y        Cp  
   1.00000  0.01371  0.25408
   0.99740  0.01444  0.09887
   0.99329  0.01549  0.06099
   0.98889  0.01657  0.04532
   0.98423  0.01772  0.00467
   0.97929  0.01890 -0.03046
   0.97409  0.02011 -0.05658
   0.96867  0.02135 -0.08726
   0.96305  0.02259 -0.11397
   0.95727  0.02381 -0.13579
   0.95131  0.02502 -0.15699
   0.94520  0.02620 -0.17227
   0.93893  0.02735 -0.18554
   0.93253  0.02848 -0.19697
   0.92600  0.02957 -0.20426
   0.91932  0.03065 -0.21060
   0.91254  0.03170 -0.21764
   0.90568  0.03272 -0.22654
   0.89876  0.03372 -0.23406
   0.89181  0.03467 -0.24241
   0.88484  0.03559 -0.24855
   0.87782  0.03647 -0.25131
   0.87073  0.03731 -0.25262
   0.86355  0.03812 -0.25392
   0.85628  0.03891 -0.25274
   0.84891  0.03968 -0.25213
   0.84146  0.04044 -0.25217
   0.83396  0.04117 -0.25229
   0.82645  0.04190 -0.25813
   0.81896  0.04260 -0.26326
   0.81149  0.04327 -0.26701
   0.80402  0.04391 -0.26964
   0.79655  0.04452 -0.27231
   0.78909  0.04510 -0.27452
   0.78162  0.04565 -0.27554
   0.77414  0.04617 -0.27517
   0.76665  0.04666 -0.27577
   0.75914  0.04713 -0.27462
   0.75161  0.04756 -0.27295
   0.74405  0.04798 -0.27130
   0.73646  0.04837 -0.26859
   0.72884  0.04874 -0.26625
   0.72118  0.04909 -0.26353
   0.71350  0.04943 -0.26037
   0.70580  0.04974 -0.25869
   0.69806  0.05004 -0.25574
   0.69030  0.05033 -0.25392
   0.68252  0.05060 -0.25189
   0.67473  0.05086 -0.25032
   0.66693  0.05111 -0.24822
   0.65911  0.05135 -0.24709
   0.65129  0.05157 -0.24580
   0.64347  0.05178 -0.24387
   0.63563  0.05197 -0.24290
   0.62779  0.05216 -0.24154
   0.61994  0.05233 -0.23965
   0.61208  0.05249 -0.23923
   0.60421  0.05264 -0.23688
   0.59633  0.05278 -0.23623
   0.58846  0.05291 -0.23515
   0.58058  0.05303 -0.23469
   0.57270  0.05314 -0.23359
   0.56482  0.05324 -0.23283
   0.55693  0.05333 -0.23192
   0.54904  0.05340 -0.23143
   0.54115  0.05347 -0.23017
   0.53326  0.05353 -0.23000
   0.52537  0.05358 -0.22879
   0.51748  0.05361 -0.22808
   0.50958  0.05364 -0.22794
   0.50169  0.05366 -0.22650
   0.49380  0.05367 -0.22704
   0.48590  0.05367 -0.22553
   0.47801  0.05366 -0.22610
   0.47012  0.05363 -0.22524
   0.46224  0.05360 -0.22470
   0.45437  0.05356 -0.22426
   0.44650  0.05351 -0.22391
   0.43864  0.05345 -0.22299
   0.43079  0.05338 -0.22299
   0.42295  0.05330 -0.22285
   0.41514  0.05321 -0.22270
   0.40737  0.05312 -0.22354
   0.39966  0.05301 -0.22317
   0.39202  0.05289 -0.22456
   0.38445  0.05276 -0.22185
   0.37694  0.05262 -0.21938
   0.36954  0.05249 -0.21859
   0.36229  0.05236 -0.22603
   0.35524  0.05223 -0.23724
   0.34842  0.05207 -0.24673
   0.34179  0.05185 -0.23810
   0.33530  0.05159 -0.21103
   0.32892  0.05132 -0.18419
   0.32258  0.05111 -0.17053
   0.31625  0.05098 -0.18726
   0.30988  0.05089 -0.21719
   0.30343  0.05078 -0.24510
   0.29682  0.05061 -0.24764
   0.29002  0.05037 -0.23532
   0.28299  0.05009 -0.22360
   0.27579  0.04982 -0.22259
   0.26847  0.04954 -0.22700
   0.26108  0.04924 -0.22926
   0.25361  0.04892 -0.22847
   0.24607  0.04858 -0.22885
   0.23850  0.04823 -0.23020
   0.23092  0.04786 -0.23103
   0.22333  0.04747 -0.23223
   0.21574  0.04707 -0.23315
   0.20817  0.04664 -0.23541
   0.20063  0.04620 -0.23635
   0.19311  0.04574 -0.23761
   0.18563  0.04526 -0.24130
   0.17820  0.04475 -0.24152
   0.17081  0.04423 -0.24335
   0.16349  0.04368 -0.24634
   0.15624  0.04311 -0.24699
   0.14907  0.04251 -0.25008
   0.14200  0.04189 -0.25140
   0.13503  0.04125 -0.25311
   0.12818  0.04059 -0.25464
   0.12147  0.03990 -0.25568
   0.11493  0.03919 -0.25653
   0.10856  0.03847 -0.25746
   0.10240  0.03773 -0.25793
   0.09647  0.03699 -0.25988
   0.09078  0.03624 -0.26262
   0.08537  0.03550 -0.26230
   0.08024  0.03476 -0.26873
   0.07540  0.03403 -0.27168
   0.07085  0.03331 -0.27666
   0.06658  0.03261 -0.29087
   0.06257  0.03190 -0.29283
   0.05879  0.03120 -0.30558
   0.05523  0.03050 -0.31118
   0.05189  0.02978 -0.31059
   0.04873  0.02906 -0.30563
   0.04574  0.02833 -0.29578
   0.04291  0.02760 -0.28762
   0.04024  0.02687 -0.27370
   0.03771  0.02615 -0.26274
   0.03531  0.02543 -0.25610
   0.03305  0.02471 -0.23200
   0.03089  0.02399 -0.20242
   0.02884  0.02329 -0.17942
   0.02688  0.02260 -0.16494
   0.02502  0.02195 -0.16477
   0.02326  0.02131 -0.16485
   0.02159  0.02067 -0.16551
   0.02000  0.02005 -0.16136
   0.01849  0.01942 -0.15238
   0.01706  0.01880 -0.13562
   0.01569  0.01817 -0.11018
   0.01439  0.01754 -0.08909
   0.01314  0.01692 -0.06718
   0.01194  0.01630 -0.04846
   0.01080  0.01568 -0.03120
   0.00971  0.01507 -0.01509
   0.00867  0.01445  0.00778
   0.00767  0.01383  0.02231
   0.00672  0.01321  0.04350
   0.00581  0.01258  0.06000
   0.00495  0.01194  0.08713
   0.00414  0.01128  0.10590
   0.00338  0.01061  0.12807
   0.00268  0.00990  0.15576
   0.00207  0.00914  0.26887
   0.00154  0.00835  0.36000
   0.00111  0.00752  0.48542
   0.00078  0.00665  0.63009
   0.00053  0.00577  0.74853
   0.00035  0.00489  0.83566
   0.00022  0.00400  0.89567
   0.00012  0.00312  0.94084
   0.00005  0.00224  0.96940
   0.00001  0.00137  0.98805
  -0.00000  0.00051  0.99799
   0.00001 -0.00034  0.99978
   0.00004 -0.00120  0.99431
   0.00010 -0.00206  0.98146
   0.00020 -0.00292  0.96795
   0.00027 -0.00380  0.93407
   0.00039 -0.00468  0.90497
   0.00054 -0.00556  0.86304
   0.00072 -0.00645  0.81096
   0.00092 -0.00735  0.75233
   0.00115 -0.00824  0.68275
   0.00142 -0.00914  0.59365
   0.00173 -0.01004  0.49420
   0.00207 -0.01094  0.37979
   0.00247 -0.01182  0.21898
   0.00292 -0.01269  0.13980
   0.00342 -0.01356 -0.17674
   0.00402 -0.01437 -0.24263
   0.00470 -0.01514 -0.34914
   0.00546 -0.01587 -0.38957
   0.00629 -0.01657 -0.42355
   0.00717 -0.01724 -0.44040
   0.00811 -0.01789 -0.46045
   0.00910 -0.01851 -0.46388
   0.01015 -0.01912 -0.46476
   0.01125 -0.01971 -0.46892
   0.01240 -0.02029 -0.46550
   0.01361 -0.02086 -0.46330
   0.01488 -0.02142 -0.45941
   0.01621 -0.02198 -0.44837
   0.01761 -0.02253 -0.44365
   0.01908 -0.02307 -0.43106
   0.02063 -0.02362 -0.42873
   0.02226 -0.02417 -0.41864
   0.02397 -0.02472 -0.40624
   0.02579 -0.02528 -0.40130
   0.02770 -0.02584 -0.39317
   0.02973 -0.02641 -0.38750
   0.03189 -0.02700 -0.38179
   0.03419 -0.02759 -0.37734
   0.03663 -0.02820 -0.36860
   0.03924 -0.02882 -0.36388
   0.04203 -0.02945 -0.35497
   0.04502 -0.03011 -0.35003
   0.04822 -0.03078 -0.34585
   0.05165 -0.03148 -0.34402
   0.05533 -0.03220 -0.34107
   0.05925 -0.03293 -0.33943
   0.06344 -0.03368 -0.33609
   0.06789 -0.03445 -0.33536
   0.07262 -0.03522 -0.33188
   0.07761 -0.03600 -0.33164
   0.08288 -0.03679 -0.32950
   0.08842 -0.03758 -0.32740
   0.09419 -0.03836 -0.32548
   0.10019 -0.03914 -0.32449
   0.10638 -0.03991 -0.32459
   0.11276 -0.04065 -0.32455
   0.11929 -0.04138 -0.32464
   0.12594 -0.04208 -0.32413
   0.13272 -0.04276 -0.32385
   0.13959 -0.04340 -0.32316
   0.14656 -0.04401 -0.32079
   0.15362 -0.04460 -0.31976
   0.16075 -0.04515 -0.31651
   0.16794 -0.04567 -0.31485
   0.17519 -0.04616 -0.31208
   0.18248 -0.04663 -0.31062
   0.18981 -0.04706 -0.30892
   0.19717 -0.04747 -0.30803
   0.20456 -0.04785 -0.30431
   0.21197 -0.04820 -0.30386
   0.21942 -0.04852 -0.30019
   0.22690 -0.04882 -0.29801
   0.23441 -0.04909 -0.29368
   0.24195 -0.04934 -0.29194
   0.24951 -0.04956 -0.29023
   0.25708 -0.04977 -0.28732
   0.26468 -0.04995 -0.28633
   0.27229 -0.05011 -0.28240
   0.27991 -0.05024 -0.28127
   0.28756 -0.05036 -0.27814
   0.29522 -0.05046 -0.27648
   0.30289 -0.05054 -0.27489
   0.31057 -0.05060 -0.27306
   0.31825 -0.05064 -0.27109
   0.32595 -0.05066 -0.26977
   0.33364 -0.05066 -0.26848
   0.34135 -0.05065 -0.26691
   0.34906 -0.05061 -0.26542
   0.35677 -0.05056 -0.26385
   0.36448 -0.05048 -0.26245
   0.37219 -0.05039 -0.26107
   0.37990 -0.05028 -0.25931
   0.38761 -0.05015 -0.25815
   0.39532 -0.05001 -0.25707
   0.40302 -0.04984 -0.25590
   0.41072 -0.04966 -0.25401
   0.41842 -0.04945 -0.25362
   0.42610 -0.04923 -0.25245
   0.43378 -0.04899 -0.25190
   0.44144 -0.04873 -0.24996
   0.44910 -0.04845 -0.24962
   0.45674 -0.04815 -0.24825
   0.46437 -0.04783 -0.24772
   0.47199 -0.04749 -0.24620
   0.47960 -0.04713 -0.24451
   0.48720 -0.04674 -0.24340
   0.49478 -0.04634 -0.24184
   0.50235 -0.04590 -0.23964
   0.50991 -0.04545 -0.23862
   0.51745 -0.04497 -0.23610
   0.52498 -0.04447 -0.23389
   0.53250 -0.04395 -0.23193
   0.54000 -0.04340 -0.22954
   0.54749 -0.04282 -0.22686
   0.55497 -0.04222 -0.22388
   0.56243 -0.04159 -0.22044
   0.56987 -0.04093 -0.21723
   0.57730 -0.04025 -0.21371
   0.58471 -0.03954 -0.20978
   0.59210 -0.03881 -0.20572
   0.59948 -0.03804 -0.20148
   0.60683 -0.03724 -0.19702
   0.61417 -0.03642 -0.19096
   0.62149 -0.03556 -0.18641
   0.62879 -0.03468 -0.17933
   0.63608 -0.03376 -0.17381
   0.64335 -0.03281 -0.16581
   0.65061 -0.03183 -0.15892
   0.65786 -0.03081 -0.15051
   0.66510 -0.02976 -0.14177
   0.67232 -0.02867 -0.13221
   0.67954 -0.02755 -0.12229
   0.68676 -0.02640 -0.11184
   0.69397 -0.02520 -0.10085
   0.70117 -0.02398 -0.08825
   0.70838 -0.02271 -0.07574
   0.71559 -0.02141 -0.06242
   0.72281 -0.02007 -0.04821
   0.73004 -0.01870 -0.03362
   0.73728 -0.01729 -0.01772
   0.74453 -0.01584 -0.00039
   0.75180 -0.01436  0.01583
   0.75910 -0.01284  0.03563
   0.76642 -0.01128  0.05347
   0.77378 -0.00969  0.07510
   0.78118 -0.00807  0.09378
   0.78863 -0.00642  0.11709
   0.79611 -0.00475  0.13773
   0.80361 -0.00306  0.16196
   0.81108 -0.00138  0.18470
   0.81847  0.00029  0.20756
   0.82574  0.00191  0.23113
   0.83289  0.00348  0.25299
   0.83991  0.00499  0.27335
   0.84680  0.00644  0.29292
   0.85358  0.00782  0.31223
   0.86023  0.00913  0.32839
   0.86676  0.01036  0.34683
   0.87316  0.01151  0.36097
   0.87944  0.01258  0.37721
   0.88561  0.01356  0.38897
   0.89167  0.01445  0.40112
   0.89763  0.01526  0.41180
   0.90349  0.01599  0.42133
   0.90927  0.01663  0.42906
   0.91493  0.01718  0.43858
   0.92047  0.01765  0.44450
   0.92588  0.01803  0.45259
   0.93120  0.01832  0.45619
   0.93644  0.01853  0.45695
   0.94160  0.01868  0.45982
   0.94662  0.01876  0.46679
   0.95140  0.01879  0.48201
   0.95595  0.01872  0.49168
   0.96030  0.01853  0.49670
   0.96456  0.01820  0.48172
   0.96881  0.01775  0.45421
   0.97308  0.01723  0.42708
   0.97733  0.01672  0.41487
   0.98147  0.01621  0.42792
   0.98549  0.01562  0.43478
   0.98945  0.01488  0.38956
   0.99342  0.01406  0.32486
   0.99738  0.01325  0.29944
   1.00000  0.01271  0.25408
