GRUMMAN K-2 AIRFOIL                             
 Alfa =  -1.11500 Re =        0.000 Xflap,Yflap =     0.000000    0.000000
#    x        y        Cp  
   1.00000  0.01371  0.25413
   0.99740  0.01444  0.09900
   0.99329  0.01549  0.06118
   0.98889  0.01657  0.04564
   0.98423  0.01772  0.00511
   0.97929  0.01890 -0.02995
   0.97409  0.02011 -0.05601
   0.96867  0.02135 -0.08656
   0.96305  0.02259 -0.11320
   0.95727  0.02381 -0.13496
   0.95131  0.02502 -0.15604
   0.94520  0.02620 -0.17124
   0.93893  0.02735 -0.18443
   0.93253  0.02848 -0.19577
   0.92600  0.02957 -0.20302
   0.91932  0.03065 -0.20924
   0.91254  0.03170 -0.21625
   0.90568  0.03272 -0.22503
   0.89876  0.03372 -0.23252
   0.89181  0.03467 -0.24077
   0.88484  0.03559 -0.24684
   0.87782  0.03647 -0.24955
   0.87073  0.03731 -0.25079
   0.86355  0.03812 -0.25201
   0.85628  0.03891 -0.25081
   0.84891  0.03968 -0.25009
   0.84146  0.04044 -0.25010
   0.83396  0.04117 -0.25015
   0.82645  0.04190 -0.25594
   0.81896  0.04260 -0.26098
   0.81149  0.04327 -0.26465
   0.80402  0.04391 -0.26725
   0.79655  0.04452 -0.26982
   0.78909  0.04510 -0.27203
   0.78162  0.04565 -0.27292
   0.77414  0.04617 -0.27251
   0.76665  0.04666 -0.27302
   0.75914  0.04713 -0.27184
   0.75161  0.04756 -0.27012
   0.74405  0.04798 -0.26844
   0.73646  0.04837 -0.26564
   0.72884  0.04874 -0.26327
   0.72118  0.04909 -0.26048
   0.71350  0.04943 -0.25726
   0.70580  0.04974 -0.25553
   0.69806  0.05004 -0.25256
   0.69030  0.05033 -0.25064
   0.68252  0.05060 -0.24859
   0.67473  0.05086 -0.24693
   0.66693  0.05111 -0.24479
   0.65911  0.05135 -0.24362
   0.65129  0.05157 -0.24224
   0.64347  0.05178 -0.24027
   0.63563  0.05197 -0.23924
   0.62779  0.05216 -0.23782
   0.61994  0.05233 -0.23586
   0.61208  0.05249 -0.23540
   0.60421  0.05264 -0.23298
   0.59633  0.05278 -0.23226
   0.58846  0.05291 -0.23112
   0.58058  0.05303 -0.23059
   0.57270  0.05314 -0.22944
   0.56482  0.05324 -0.22863
   0.55693  0.05333 -0.22764
   0.54904  0.05340 -0.22709
   0.54115  0.05347 -0.22575
   0.53326  0.05353 -0.22551
   0.52537  0.05358 -0.22425
   0.51748  0.05361 -0.22345
   0.50958  0.05364 -0.22325
   0.50169  0.05366 -0.22174
   0.49380  0.05367 -0.22220
   0.48590  0.05367 -0.22063
   0.47801  0.05366 -0.22110
   0.47012  0.05363 -0.22018
   0.46224  0.05360 -0.21955
   0.45437  0.05356 -0.21904
   0.44650  0.05351 -0.21861
   0.43864  0.05345 -0.21761
   0.43079  0.05338 -0.21751
   0.42295  0.05330 -0.21730
   0.41514  0.05321 -0.21705
   0.40737  0.05312 -0.21780
   0.39966  0.05301 -0.21732
   0.39202  0.05289 -0.21864
   0.38445  0.05276 -0.21583
   0.37694  0.05262 -0.21329
   0.36954  0.05249 -0.21240
   0.36229  0.05236 -0.21971
   0.35524  0.05223 -0.23075
   0.34842  0.05207 -0.24011
   0.34179  0.05185 -0.23142
   0.33530  0.05159 -0.20440
   0.32892  0.05132 -0.17763
   0.32258  0.05111 -0.16394
   0.31625  0.05098 -0.18049
   0.30988  0.05089 -0.21014
   0.30343  0.05078 -0.23777
   0.29682  0.05061 -0.24020
   0.29002  0.05037 -0.22782
   0.28299  0.05009 -0.21605
   0.27579  0.04982 -0.21491
   0.26847  0.04954 -0.21915
   0.26108  0.04924 -0.22126
   0.25361  0.04892 -0.22031
   0.24607  0.04858 -0.22053
   0.23850  0.04823 -0.22171
   0.23092  0.04786 -0.22234
   0.22333  0.04747 -0.22335
   0.21574  0.04707 -0.22407
   0.20817  0.04664 -0.22611
   0.20063  0.04620 -0.22683
   0.19311  0.04574 -0.22786
   0.18563  0.04526 -0.23128
   0.17820  0.04475 -0.23125
   0.17081  0.04423 -0.23281
   0.16349  0.04368 -0.23550
   0.15624  0.04311 -0.23585
   0.14907  0.04251 -0.23862
   0.14200  0.04189 -0.23960
   0.13503  0.04125 -0.24095
   0.12818  0.04059 -0.24211
   0.12147  0.03990 -0.24276
   0.11493  0.03919 -0.24320
   0.10856  0.03847 -0.24370
   0.10240  0.03773 -0.24372
   0.09647  0.03699 -0.24519
   0.09078  0.03624 -0.24742
   0.08537  0.03550 -0.24660
   0.08024  0.03476 -0.25244
   0.07540  0.03403 -0.25479
   0.07085  0.03331 -0.25916
   0.06658  0.03261 -0.27259
   0.06257  0.03190 -0.27394
   0.05879  0.03120 -0.28587
   0.05523  0.03050 -0.29074
   0.05189  0.02978 -0.28949
   0.04873  0.02906 -0.28392
   0.04574  0.02833 -0.27353
   0.04291  0.02760 -0.26478
   0.04024  0.02687 -0.25036
   0.03771  0.02615 -0.23884
   0.03531  0.02543 -0.23153
   0.03305  0.02471 -0.20710
   0.03089  0.02399 -0.17728
   0.02884  0.02329 -0.15395
   0.02688  0.02260 -0.13892
   0.02502  0.02195 -0.13786
   0.02326  0.02131 -0.13699
   0.02159  0.02067 -0.13665
   0.02000  0.02005 -0.13156
   0.01849  0.01942 -0.12169
   0.01706  0.01880 -0.10425
   0.01569  0.01817 -0.07829
   0.01439  0.01754 -0.05659
   0.01314  0.01692 -0.03400
   0.01194  0.01630 -0.01445
   0.01080  0.01568  0.00375
   0.00971  0.01507  0.02086
   0.00867  0.01445  0.04470
   0.00767  0.01383  0.06049
   0.00672  0.01321  0.08299
   0.00581  0.01258  0.10106
   0.00495  0.01194  0.12965
   0.00414  0.01128  0.15039
   0.00338  0.01061  0.17497
   0.00268  0.00990  0.20512
   0.00207  0.00914  0.31607
   0.00154  0.00835  0.40597
   0.00111  0.00752  0.52730
   0.00078  0.00665  0.66464
   0.00053  0.00577  0.77594
   0.00035  0.00489  0.85695
   0.00022  0.00400  0.91206
   0.00012  0.00312  0.95276
   0.00005  0.00224  0.97764
   0.00001  0.00137  0.99289
  -0.00000  0.00051  0.99961
   0.00001 -0.00034  0.99846
   0.00004 -0.00120  0.99003
   0.00010 -0.00206  0.97410
   0.00020 -0.00292  0.95928
   0.00027 -0.00380  0.92066
   0.00039 -0.00468  0.88960
   0.00054 -0.00556  0.84461
   0.00072 -0.00645  0.78930
   0.00092 -0.00735  0.72754
   0.00115 -0.00824  0.65463
   0.00142 -0.00914  0.56159
   0.00173 -0.01004  0.45809
   0.00207 -0.01094  0.33959
   0.00247 -0.01182  0.17280
   0.00292 -0.01269  0.09283
   0.00342 -0.01356 -0.23604
   0.00402 -0.01437 -0.30049
   0.00470 -0.01514 -0.40793
   0.00546 -0.01587 -0.44624
   0.00629 -0.01657 -0.47832
   0.00717 -0.01724 -0.49283
   0.00811 -0.01789 -0.51095
   0.00910 -0.01851 -0.51219
   0.01015 -0.01912 -0.51095
   0.01125 -0.01971 -0.51326
   0.01240 -0.02029 -0.50801
   0.01361 -0.02086 -0.50410
   0.01488 -0.02142 -0.49856
   0.01621 -0.02198 -0.48586
   0.01761 -0.02253 -0.47967
   0.01908 -0.02307 -0.46562
   0.02063 -0.02362 -0.46203
   0.02226 -0.02417 -0.45065
   0.02397 -0.02472 -0.43699
   0.02579 -0.02528 -0.43092
   0.02770 -0.02584 -0.42172
   0.02973 -0.02641 -0.41504
   0.03189 -0.02700 -0.40838
   0.03419 -0.02759 -0.40300
   0.03663 -0.02820 -0.39332
   0.03924 -0.02882 -0.38773
   0.04203 -0.02945 -0.37794
   0.04502 -0.03011 -0.37219
   0.04822 -0.03078 -0.36723
   0.05165 -0.03148 -0.36468
   0.05533 -0.03220 -0.36103
   0.05925 -0.03293 -0.35870
   0.06344 -0.03368 -0.35469
   0.06789 -0.03445 -0.35333
   0.07262 -0.03522 -0.34922
   0.07761 -0.03600 -0.34840
   0.08288 -0.03679 -0.34569
   0.08842 -0.03758 -0.34303
   0.09419 -0.03836 -0.34059
   0.10019 -0.03914 -0.33910
   0.10638 -0.03991 -0.33875
   0.11276 -0.04065 -0.33828
   0.11929 -0.04138 -0.33796
   0.12594 -0.04208 -0.33705
   0.13272 -0.04276 -0.33640
   0.13959 -0.04340 -0.33535
   0.14656 -0.04401 -0.33263
   0.15362 -0.04460 -0.33127
   0.16075 -0.04515 -0.32770
   0.16794 -0.04567 -0.32575
   0.17519 -0.04616 -0.32268
   0.18248 -0.04663 -0.32095
   0.18981 -0.04706 -0.31901
   0.19717 -0.04747 -0.31787
   0.20456 -0.04785 -0.31391
   0.21197 -0.04820 -0.31325
   0.21942 -0.04852 -0.30934
   0.22690 -0.04882 -0.30696
   0.23441 -0.04909 -0.30242
   0.24195 -0.04934 -0.30048
   0.24951 -0.04956 -0.29859
   0.25708 -0.04977 -0.29550
   0.26468 -0.04995 -0.29434
   0.27229 -0.05011 -0.29024
   0.27991 -0.05024 -0.28895
   0.28756 -0.05036 -0.28566
   0.29522 -0.05046 -0.28386
   0.30289 -0.05054 -0.28212
   0.31057 -0.05060 -0.28014
   0.31825 -0.05064 -0.27805
   0.32595 -0.05066 -0.27659
   0.33364 -0.05066 -0.27518
   0.34135 -0.05065 -0.27348
   0.34906 -0.05061 -0.27188
   0.35677 -0.05056 -0.27018
   0.36448 -0.05048 -0.26866
   0.37219 -0.05039 -0.26719
   0.37990 -0.05028 -0.26530
   0.38761 -0.05015 -0.26406
   0.39532 -0.05001 -0.26285
   0.40302 -0.04984 -0.26159
   0.41072 -0.04966 -0.25962
   0.41842 -0.04945 -0.25912
   0.42610 -0.04923 -0.25786
   0.43378 -0.04899 -0.25722
   0.44144 -0.04873 -0.25519
   0.44910 -0.04845 -0.25475
   0.45674 -0.04815 -0.25331
   0.46437 -0.04783 -0.25269
   0.47199 -0.04749 -0.25109
   0.47960 -0.04713 -0.24932
   0.48720 -0.04674 -0.24812
   0.49478 -0.04634 -0.24649
   0.50235 -0.04590 -0.24420
   0.50991 -0.04545 -0.24309
   0.51745 -0.04497 -0.24052
   0.52498 -0.04447 -0.23822
   0.53250 -0.04395 -0.23619
   0.54000 -0.04340 -0.23371
   0.54749 -0.04282 -0.23096
   0.55497 -0.04222 -0.22792
   0.56243 -0.04159 -0.22438
   0.56987 -0.04093 -0.22112
   0.57730 -0.04025 -0.21752
   0.58471 -0.03954 -0.21350
   0.59210 -0.03881 -0.20938
   0.59948 -0.03804 -0.20506
   0.60683 -0.03724 -0.20054
   0.61417 -0.03642 -0.19440
   0.62149 -0.03556 -0.18978
   0.62879 -0.03468 -0.18262
   0.63608 -0.03376 -0.17702
   0.64335 -0.03281 -0.16896
   0.65061 -0.03183 -0.16198
   0.65786 -0.03081 -0.15351
   0.66510 -0.02976 -0.14470
   0.67232 -0.02867 -0.13504
   0.67954 -0.02755 -0.12504
   0.68676 -0.02640 -0.11455
   0.69397 -0.02520 -0.10346
   0.70117 -0.02398 -0.09080
   0.70838 -0.02271 -0.07819
   0.71559 -0.02141 -0.06480
   0.72281 -0.02007 -0.05052
   0.73004 -0.01870 -0.03586
   0.73728 -0.01729 -0.01988
   0.74453 -0.01584 -0.00245
   0.75180 -0.01436  0.01382
   0.75910 -0.01284  0.03371
   0.76642 -0.01128  0.05165
   0.77378 -0.00969  0.07335
   0.78118 -0.00807  0.09210
   0.78863 -0.00642  0.11548
   0.79611 -0.00475  0.13621
   0.80361 -0.00306  0.16052
   0.81108 -0.00138  0.18333
   0.81847  0.00029  0.20625
   0.82574  0.00191  0.22990
   0.83289  0.00348  0.25183
   0.83991  0.00499  0.27226
   0.84680  0.00644  0.29188
   0.85358  0.00782  0.31124
   0.86023  0.00913  0.32745
   0.86676  0.01036  0.34596
   0.87316  0.01151  0.36009
   0.87944  0.01258  0.37642
   0.88561  0.01356  0.38821
   0.89167  0.01445  0.40039
   0.89763  0.01526  0.41112
   0.90349  0.01599  0.42066
   0.90927  0.01663  0.42842
   0.91493  0.01718  0.43800
   0.92047  0.01765  0.44390
   0.92588  0.01803  0.45206
   0.93120  0.01832  0.45566
   0.93644  0.01853  0.45645
   0.94160  0.01868  0.45934
   0.94662  0.01876  0.46630
   0.95140  0.01879  0.48159
   0.95595  0.01872  0.49126
   0.96030  0.01853  0.49631
   0.96456  0.01820  0.48136
   0.96881  0.01775  0.45382
   0.97308  0.01723  0.42670
   0.97733  0.01672  0.41450
   0.98147  0.01621  0.42761
   0.98549  0.01562  0.43450
   0.98945  0.01488  0.38928
   0.99342  0.01406  0.32458
   0.99738  0.01325  0.29921
   1.00000  0.01271  0.25413
