GRUMMAN K-2 AIRFOIL                             
 Alfa =  -1.20400 Re =        0.000 Xflap,Yflap =     0.000000    0.000000
#    x        y        Cp  
   1.00000  0.01371  0.25417
   0.99740  0.01444  0.09912
   0.99329  0.01549  0.06133
   0.98889  0.01657  0.04590
   0.98423  0.01772  0.00546
   0.97929  0.01890 -0.02954
   0.97409  0.02011 -0.05555
   0.96867  0.02135 -0.08602
   0.96305  0.02259 -0.11260
   0.95727  0.02381 -0.13430
   0.95131  0.02502 -0.15529
   0.94520  0.02620 -0.17043
   0.93893  0.02735 -0.18355
   0.93253  0.02848 -0.19483
   0.92600  0.02957 -0.20204
   0.91932  0.03065 -0.20818
   0.91254  0.03170 -0.21515
   0.90568  0.03272 -0.22385
   0.89876  0.03372 -0.23132
   0.89181  0.03467 -0.23948
   0.88484  0.03559 -0.24550
   0.87782  0.03647 -0.24817
   0.87073  0.03731 -0.24935
   0.86355  0.03812 -0.25052
   0.85628  0.03891 -0.24930
   0.84891  0.03968 -0.24850
   0.84146  0.04044 -0.24848
   0.83396  0.04117 -0.24846
   0.82645  0.04190 -0.25422
   0.81896  0.04260 -0.25919
   0.81149  0.04327 -0.26281
   0.80402  0.04391 -0.26537
   0.79655  0.04452 -0.26787
   0.78909  0.04510 -0.27007
   0.78162  0.04565 -0.27087
   0.77414  0.04617 -0.27043
   0.76665  0.04666 -0.27087
   0.75914  0.04713 -0.26968
   0.75161  0.04756 -0.26790
   0.74405  0.04798 -0.26620
   0.73646  0.04837 -0.26333
   0.72884  0.04874 -0.26093
   0.72118  0.04909 -0.25810
   0.71350  0.04943 -0.25483
   0.70580  0.04974 -0.25306
   0.69806  0.05004 -0.25008
   0.69030  0.05033 -0.24807
   0.68252  0.05060 -0.24601
   0.67473  0.05086 -0.24428
   0.66693  0.05111 -0.24211
   0.65911  0.05135 -0.24090
   0.65129  0.05157 -0.23946
   0.64347  0.05178 -0.23746
   0.63563  0.05197 -0.23639
   0.62779  0.05216 -0.23491
   0.61994  0.05233 -0.23290
   0.61208  0.05249 -0.23241
   0.60421  0.05264 -0.22994
   0.59633  0.05278 -0.22916
   0.58846  0.05291 -0.22798
   0.58058  0.05303 -0.22739
   0.57270  0.05314 -0.22620
   0.56482  0.05324 -0.22534
   0.55693  0.05333 -0.22430
   0.54904  0.05340 -0.22369
   0.54115  0.05347 -0.22231
   0.53326  0.05353 -0.22201
   0.52537  0.05358 -0.22070
   0.51748  0.05361 -0.21984
   0.50958  0.05364 -0.21959
   0.50169  0.05366 -0.21802
   0.49380  0.05367 -0.21843
   0.48590  0.05367 -0.21680
   0.47801  0.05366 -0.21721
   0.47012  0.05363 -0.21623
   0.46224  0.05360 -0.21553
   0.45437  0.05356 -0.21496
   0.44650  0.05351 -0.21447
   0.43864  0.05345 -0.21341
   0.43079  0.05338 -0.21323
   0.42295  0.05330 -0.21296
   0.41514  0.05321 -0.21264
   0.40737  0.05312 -0.21333
   0.39966  0.05301 -0.21276
   0.39202  0.05289 -0.21402
   0.38445  0.05276 -0.21113
   0.37694  0.05262 -0.20853
   0.36954  0.05249 -0.20758
   0.36229  0.05236 -0.21478
   0.35524  0.05223 -0.22569
   0.34842  0.05207 -0.23495
   0.34179  0.05185 -0.22621
   0.33530  0.05159 -0.19924
   0.32892  0.05132 -0.17251
   0.32258  0.05111 -0.15880
   0.31625  0.05098 -0.17521
   0.30988  0.05089 -0.20465
   0.30343  0.05078 -0.23206
   0.29682  0.05061 -0.23440
   0.29002  0.05037 -0.22198
   0.28299  0.05009 -0.21017
   0.27579  0.04982 -0.20892
   0.26847  0.04954 -0.21304
   0.26108  0.04924 -0.21502
   0.25361  0.04892 -0.21395
   0.24607  0.04858 -0.21404
   0.23850  0.04823 -0.21509
   0.23092  0.04786 -0.21557
   0.22333  0.04747 -0.21643
   0.21574  0.04707 -0.21700
   0.20817  0.04664 -0.21887
   0.20063  0.04620 -0.21941
   0.19311  0.04574 -0.22027
   0.18563  0.04526 -0.22348
   0.17820  0.04475 -0.22326
   0.17081  0.04423 -0.22460
   0.16349  0.04368 -0.22707
   0.15624  0.04311 -0.22719
   0.14907  0.04251 -0.22969
   0.14200  0.04189 -0.23042
   0.13503  0.04125 -0.23150
   0.12818  0.04059 -0.23236
   0.12147  0.03990 -0.23272
   0.11493  0.03919 -0.23284
   0.10856  0.03847 -0.23301
   0.10240  0.03773 -0.23268
   0.09647  0.03699 -0.23377
   0.09078  0.03624 -0.23561
   0.08537  0.03550 -0.23439
   0.08024  0.03476 -0.23978
   0.07540  0.03403 -0.24168
   0.07085  0.03331 -0.24558
   0.06658  0.03261 -0.25840
   0.06257  0.03190 -0.25928
   0.05879  0.03120 -0.27057
   0.05523  0.03050 -0.27489
   0.05189  0.02978 -0.27313
   0.04873  0.02906 -0.26710
   0.04574  0.02833 -0.25628
   0.04291  0.02760 -0.24708
   0.04024  0.02687 -0.23229
   0.03771  0.02615 -0.22033
   0.03531  0.02543 -0.21251
   0.03305  0.02471 -0.18783
   0.03089  0.02399 -0.15784
   0.02884  0.02329 -0.13426
   0.02688  0.02260 -0.11879
   0.02502  0.02195 -0.11707
   0.02326  0.02131 -0.11547
   0.02159  0.02067 -0.11437
   0.02000  0.02005 -0.10856
   0.01849  0.01942 -0.09801
   0.01706  0.01880 -0.08006
   0.01569  0.01817 -0.05371
   0.01439  0.01754 -0.03156
   0.01314  0.01692 -0.00845
   0.01194  0.01630  0.01172
   0.01080  0.01568  0.03062
   0.00971  0.01507  0.04848
   0.00867  0.01445  0.07304
   0.00767  0.01383  0.08978
   0.00672  0.01321  0.11324
   0.00581  0.01258  0.13248
   0.00495  0.01194  0.16215
   0.00414  0.01128  0.18433
   0.00338  0.01061  0.21069
   0.00268  0.00990  0.24263
   0.00207  0.00914  0.35182
   0.00154  0.00835  0.44067
   0.00111  0.00752  0.55876
   0.00078  0.00665  0.69044
   0.00053  0.00577  0.79625
   0.00035  0.00489  0.87255
   0.00022  0.00400  0.92388
   0.00012  0.00312  0.96113
   0.00005  0.00224  0.98317
   0.00001  0.00137  0.99580
  -0.00000  0.00051  1.00000
   0.00001 -0.00034  0.99659
   0.00004 -0.00120  0.98587
   0.00010 -0.00206  0.96749
   0.00020 -0.00292  0.95180
   0.00027 -0.00380  0.90932
   0.00039 -0.00468  0.87680
   0.00054 -0.00556  0.82941
   0.00072 -0.00645  0.77157
   0.00092 -0.00735  0.70737
   0.00115 -0.00824  0.63184
   0.00142 -0.00914  0.53572
   0.00173 -0.01004  0.42903
   0.00207 -0.01094  0.30734
   0.00247 -0.01182  0.13582
   0.00292 -0.01269  0.05529
   0.00342 -0.01356 -0.28335
   0.00402 -0.01437 -0.34656
   0.00470 -0.01514 -0.45469
   0.00546 -0.01587 -0.49125
   0.00629 -0.01657 -0.52179
   0.00717 -0.01724 -0.53441
   0.00811 -0.01789 -0.55097
   0.00910 -0.01851 -0.55045
   0.01015 -0.01912 -0.54750
   0.01125 -0.01971 -0.54833
   0.01240 -0.02029 -0.54161
   0.01361 -0.02086 -0.53633
   0.01488 -0.02142 -0.52948
   0.01621 -0.02198 -0.51545
   0.01761 -0.02253 -0.50809
   0.01908 -0.02307 -0.49288
   0.02063 -0.02362 -0.48829
   0.02226 -0.02417 -0.47588
   0.02397 -0.02472 -0.46122
   0.02579 -0.02528 -0.45426
   0.02770 -0.02584 -0.44420
   0.02973 -0.02641 -0.43673
   0.03189 -0.02700 -0.42930
   0.03419 -0.02759 -0.42319
   0.03663 -0.02820 -0.41276
   0.03924 -0.02882 -0.40649
   0.04203 -0.02945 -0.39599
   0.04502 -0.03011 -0.38960
   0.04822 -0.03078 -0.38404
   0.05165 -0.03148 -0.38092
   0.05533 -0.03220 -0.37670
   0.05925 -0.03293 -0.37384
   0.06344 -0.03368 -0.36929
   0.06789 -0.03445 -0.36743
   0.07262 -0.03522 -0.36283
   0.07761 -0.03600 -0.36155
   0.08288 -0.03679 -0.35839
   0.08842 -0.03758 -0.35530
   0.09419 -0.03836 -0.35244
   0.10019 -0.03914 -0.35057
   0.10638 -0.03991 -0.34985
   0.11276 -0.04065 -0.34903
   0.11929 -0.04138 -0.34839
   0.12594 -0.04208 -0.34718
   0.13272 -0.04276 -0.34623
   0.13959 -0.04340 -0.34490
   0.14656 -0.04401 -0.34191
   0.15362 -0.04460 -0.34028
   0.16075 -0.04515 -0.33646
   0.16794 -0.04567 -0.33428
   0.17519 -0.04616 -0.33099
   0.18248 -0.04663 -0.32904
   0.18981 -0.04706 -0.32691
   0.19717 -0.04747 -0.32557
   0.20456 -0.04785 -0.32142
   0.21197 -0.04820 -0.32059
   0.21942 -0.04852 -0.31651
   0.22690 -0.04882 -0.31395
   0.23441 -0.04909 -0.30925
   0.24195 -0.04934 -0.30716
   0.24951 -0.04956 -0.30513
   0.25708 -0.04977 -0.30189
   0.26468 -0.04995 -0.30061
   0.27229 -0.05011 -0.29637
   0.27991 -0.05024 -0.29495
   0.28756 -0.05036 -0.29154
   0.29522 -0.05046 -0.28962
   0.30289 -0.05054 -0.28777
   0.31057 -0.05060 -0.28568
   0.31825 -0.05064 -0.28349
   0.32595 -0.05066 -0.28191
   0.33364 -0.05066 -0.28042
   0.34135 -0.05065 -0.27862
   0.34906 -0.05061 -0.27692
   0.35677 -0.05056 -0.27513
   0.36448 -0.05048 -0.27351
   0.37219 -0.05039 -0.27198
   0.37990 -0.05028 -0.26998
   0.38761 -0.05015 -0.26868
   0.39532 -0.05001 -0.26738
   0.40302 -0.04984 -0.26604
   0.41072 -0.04966 -0.26399
   0.41842 -0.04945 -0.26342
   0.42610 -0.04923 -0.26208
   0.43378 -0.04899 -0.26138
   0.44144 -0.04873 -0.25928
   0.44910 -0.04845 -0.25876
   0.45674 -0.04815 -0.25726
   0.46437 -0.04783 -0.25657
   0.47199 -0.04749 -0.25491
   0.47960 -0.04713 -0.25308
   0.48720 -0.04674 -0.25181
   0.49478 -0.04634 -0.25012
   0.50235 -0.04590 -0.24777
   0.50991 -0.04545 -0.24658
   0.51745 -0.04497 -0.24397
   0.52498 -0.04447 -0.24159
   0.53250 -0.04395 -0.23951
   0.54000 -0.04340 -0.23697
   0.54749 -0.04282 -0.23416
   0.55497 -0.04222 -0.23106
   0.56243 -0.04159 -0.22746
   0.56987 -0.04093 -0.22415
   0.57730 -0.04025 -0.22050
   0.58471 -0.03954 -0.21641
   0.59210 -0.03881 -0.21224
   0.59948 -0.03804 -0.20785
   0.60683 -0.03724 -0.20328
   0.61417 -0.03642 -0.19709
   0.62149 -0.03556 -0.19240
   0.62879 -0.03468 -0.18518
   0.63608 -0.03376 -0.17953
   0.64335 -0.03281 -0.17142
   0.65061 -0.03183 -0.16437
   0.65786 -0.03081 -0.15585
   0.66510 -0.02976 -0.14698
   0.67232 -0.02867 -0.13725
   0.67954 -0.02755 -0.12719
   0.68676 -0.02640 -0.11666
   0.69397 -0.02520 -0.10550
   0.70117 -0.02398 -0.09278
   0.70838 -0.02271 -0.08011
   0.71559 -0.02141 -0.06665
   0.72281 -0.02007 -0.05232
   0.73004 -0.01870 -0.03761
   0.73728 -0.01729 -0.02155
   0.74453 -0.01584 -0.00404
   0.75180 -0.01436  0.01226
   0.75910 -0.01284  0.03221
   0.76642 -0.01128  0.05023
   0.77378 -0.00969  0.07199
   0.78118 -0.00807  0.09079
   0.78863 -0.00642  0.11423
   0.79611 -0.00475  0.13503
   0.80361 -0.00306  0.15940
   0.81108 -0.00138  0.18227
   0.81847  0.00029  0.20523
   0.82574  0.00191  0.22895
   0.83289  0.00348  0.25092
   0.83991  0.00499  0.27141
   0.84680  0.00644  0.29107
   0.85358  0.00782  0.31047
   0.86023  0.00913  0.32673
   0.86676  0.01036  0.34528
   0.87316  0.01151  0.35941
   0.87944  0.01258  0.37581
   0.88561  0.01356  0.38762
   0.89167  0.01445  0.39983
   0.89763  0.01526  0.41059
   0.90349  0.01599  0.42014
   0.90927  0.01663  0.42793
   0.91493  0.01718  0.43755
   0.92047  0.01765  0.44343
   0.92588  0.01803  0.45165
   0.93120  0.01832  0.45525
   0.93644  0.01853  0.45607
   0.94160  0.01868  0.45897
   0.94662  0.01876  0.46593
   0.95140  0.01879  0.48127
   0.95595  0.01872  0.49094
   0.96030  0.01853  0.49601
   0.96456  0.01820  0.48108
   0.96881  0.01775  0.45352
   0.97308  0.01723  0.42642
   0.97733  0.01672  0.41422
   0.98147  0.01621  0.42737
   0.98549  0.01562  0.43429
   0.98945  0.01488  0.38906
   0.99342  0.01406  0.32436
   0.99738  0.01325  0.29904
   1.00000  0.01271  0.25417
