GRUMMAN K-2 AIRFOIL                             
 Alfa =  -1.12400 Re =        0.000 Xflap,Yflap =     0.000000    0.000000
#    x        y        Cp  
   1.00000  0.01371  0.25413
   0.99740  0.01444  0.09902
   0.99329  0.01549  0.06119
   0.98889  0.01657  0.04567
   0.98423  0.01772  0.00515
   0.97929  0.01890 -0.02990
   0.97409  0.02011 -0.05596
   0.96867  0.02135 -0.08651
   0.96305  0.02259 -0.11314
   0.95727  0.02381 -0.13489
   0.95131  0.02502 -0.15596
   0.94520  0.02620 -0.17116
   0.93893  0.02735 -0.18434
   0.93253  0.02848 -0.19568
   0.92600  0.02957 -0.20292
   0.91932  0.03065 -0.20914
   0.91254  0.03170 -0.21614
   0.90568  0.03272 -0.22491
   0.89876  0.03372 -0.23240
   0.89181  0.03467 -0.24064
   0.88484  0.03559 -0.24670
   0.87782  0.03647 -0.24941
   0.87073  0.03731 -0.25064
   0.86355  0.03812 -0.25186
   0.85628  0.03891 -0.25066
   0.84891  0.03968 -0.24993
   0.84146  0.04044 -0.24994
   0.83396  0.04117 -0.24998
   0.82645  0.04190 -0.25577
   0.81896  0.04260 -0.26080
   0.81149  0.04327 -0.26447
   0.80402  0.04391 -0.26706
   0.79655  0.04452 -0.26962
   0.78909  0.04510 -0.27183
   0.78162  0.04565 -0.27272
   0.77414  0.04617 -0.27230
   0.76665  0.04666 -0.27280
   0.75914  0.04713 -0.27163
   0.75161  0.04756 -0.26989
   0.74405  0.04798 -0.26821
   0.73646  0.04837 -0.26541
   0.72884  0.04874 -0.26303
   0.72118  0.04909 -0.26024
   0.71350  0.04943 -0.25702
   0.70580  0.04974 -0.25528
   0.69806  0.05004 -0.25231
   0.69030  0.05033 -0.25038
   0.68252  0.05060 -0.24833
   0.67473  0.05086 -0.24666
   0.66693  0.05111 -0.24452
   0.65911  0.05135 -0.24334
   0.65129  0.05157 -0.24196
   0.64347  0.05178 -0.23999
   0.63563  0.05197 -0.23896
   0.62779  0.05216 -0.23753
   0.61994  0.05233 -0.23556
   0.61208  0.05249 -0.23510
   0.60421  0.05264 -0.23268
   0.59633  0.05278 -0.23194
   0.58846  0.05291 -0.23080
   0.58058  0.05303 -0.23027
   0.57270  0.05314 -0.22911
   0.56482  0.05324 -0.22829
   0.55693  0.05333 -0.22730
   0.54904  0.05340 -0.22674
   0.54115  0.05347 -0.22540
   0.53326  0.05353 -0.22516
   0.52537  0.05358 -0.22389
   0.51748  0.05361 -0.22309
   0.50958  0.05364 -0.22288
   0.50169  0.05366 -0.22136
   0.49380  0.05367 -0.22182
   0.48590  0.05367 -0.22024
   0.47801  0.05366 -0.22071
   0.47012  0.05363 -0.21978
   0.46224  0.05360 -0.21915
   0.45437  0.05356 -0.21862
   0.44650  0.05351 -0.21819
   0.43864  0.05345 -0.21718
   0.43079  0.05338 -0.21707
   0.42295  0.05330 -0.21686
   0.41514  0.05321 -0.21660
   0.40737  0.05312 -0.21735
   0.39966  0.05301 -0.21686
   0.39202  0.05289 -0.21817
   0.38445  0.05276 -0.21535
   0.37694  0.05262 -0.21281
   0.36954  0.05249 -0.21192
   0.36229  0.05236 -0.21921
   0.35524  0.05223 -0.23024
   0.34842  0.05207 -0.23959
   0.34179  0.05185 -0.23089
   0.33530  0.05159 -0.20388
   0.32892  0.05132 -0.17711
   0.32258  0.05111 -0.16342
   0.31625  0.05098 -0.17996
   0.30988  0.05089 -0.20959
   0.30343  0.05078 -0.23719
   0.29682  0.05061 -0.23962
   0.29002  0.05037 -0.22723
   0.28299  0.05009 -0.21546
   0.27579  0.04982 -0.21430
   0.26847  0.04954 -0.21853
   0.26108  0.04924 -0.22063
   0.25361  0.04892 -0.21966
   0.24607  0.04858 -0.21987
   0.23850  0.04823 -0.22104
   0.23092  0.04786 -0.22166
   0.22333  0.04747 -0.22265
   0.21574  0.04707 -0.22336
   0.20817  0.04664 -0.22538
   0.20063  0.04620 -0.22608
   0.19311  0.04574 -0.22709
   0.18563  0.04526 -0.23049
   0.17820  0.04475 -0.23044
   0.17081  0.04423 -0.23198
   0.16349  0.04368 -0.23465
   0.15624  0.04311 -0.23498
   0.14907  0.04251 -0.23771
   0.14200  0.04189 -0.23867
   0.13503  0.04125 -0.24000
   0.12818  0.04059 -0.24112
   0.12147  0.03990 -0.24175
   0.11493  0.03919 -0.24215
   0.10856  0.03847 -0.24262
   0.10240  0.03773 -0.24260
   0.09647  0.03699 -0.24403
   0.09078  0.03624 -0.24623
   0.08537  0.03550 -0.24536
   0.08024  0.03476 -0.25116
   0.07540  0.03403 -0.25346
   0.07085  0.03331 -0.25778
   0.06658  0.03261 -0.27115
   0.06257  0.03190 -0.27245
   0.05879  0.03120 -0.28431
   0.05523  0.03050 -0.28913
   0.05189  0.02978 -0.28784
   0.04873  0.02906 -0.28222
   0.04574  0.02833 -0.27178
   0.04291  0.02760 -0.26299
   0.04024  0.02687 -0.24853
   0.03771  0.02615 -0.23696
   0.03531  0.02543 -0.22960
   0.03305  0.02471 -0.20515
   0.03089  0.02399 -0.17531
   0.02884  0.02329 -0.15195
   0.02688  0.02260 -0.13687
   0.02502  0.02195 -0.13575
   0.02326  0.02131 -0.13480
   0.02159  0.02067 -0.13439
   0.02000  0.02005 -0.12922
   0.01849  0.01942 -0.11928
   0.01706  0.01880 -0.10179
   0.01569  0.01817 -0.07579
   0.01439  0.01754 -0.05405
   0.01314  0.01692 -0.03140
   0.01194  0.01630 -0.01179
   0.01080  0.01568  0.00648
   0.00971  0.01507  0.02367
   0.00867  0.01445  0.04758
   0.00767  0.01383  0.06347
   0.00672  0.01321  0.08607
   0.00581  0.01258  0.10426
   0.00495  0.01194  0.13297
   0.00414  0.01128  0.15385
   0.00338  0.01061  0.17862
   0.00268  0.00990  0.20896
   0.00207  0.00914  0.31973
   0.00154  0.00835  0.40953
   0.00111  0.00752  0.53053
   0.00078  0.00665  0.66730
   0.00053  0.00577  0.77804
   0.00035  0.00489  0.85857
   0.00022  0.00400  0.91330
   0.00012  0.00312  0.95364
   0.00005  0.00224  0.97823
   0.00001  0.00137  0.99322
  -0.00000  0.00051  0.99968
   0.00001 -0.00034  0.99830
   0.00004 -0.00120  0.98964
   0.00010 -0.00206  0.97346
   0.00020 -0.00292  0.95856
   0.00027 -0.00380  0.91954
   0.00039 -0.00468  0.88834
   0.00054 -0.00556  0.84310
   0.00072 -0.00645  0.78754
   0.00092 -0.00735  0.72553
   0.00115 -0.00824  0.65236
   0.00142 -0.00914  0.55901
   0.00173 -0.01004  0.45518
   0.00207 -0.01094  0.33637
   0.00247 -0.01182  0.16910
   0.00292 -0.01269  0.08907
   0.00342 -0.01356 -0.24079
   0.00402 -0.01437 -0.30511
   0.00470 -0.01514 -0.41262
   0.00546 -0.01587 -0.45076
   0.00629 -0.01657 -0.48269
   0.00717 -0.01724 -0.49701
   0.00811 -0.01789 -0.51498
   0.00910 -0.01851 -0.51604
   0.01015 -0.01912 -0.51463
   0.01125 -0.01971 -0.51679
   0.01240 -0.02029 -0.51139
   0.01361 -0.02086 -0.50734
   0.01488 -0.02142 -0.50168
   0.01621 -0.02198 -0.48884
   0.01761 -0.02253 -0.48253
   0.01908 -0.02307 -0.46837
   0.02063 -0.02362 -0.46468
   0.02226 -0.02417 -0.45319
   0.02397 -0.02472 -0.43943
   0.02579 -0.02528 -0.43328
   0.02770 -0.02584 -0.42398
   0.02973 -0.02641 -0.41723
   0.03189 -0.02700 -0.41048
   0.03419 -0.02759 -0.40504
   0.03663 -0.02820 -0.39528
   0.03924 -0.02882 -0.38962
   0.04203 -0.02945 -0.37976
   0.04502 -0.03011 -0.37394
   0.04822 -0.03078 -0.36893
   0.05165 -0.03148 -0.36632
   0.05533 -0.03220 -0.36261
   0.05925 -0.03293 -0.36023
   0.06344 -0.03368 -0.35616
   0.06789 -0.03445 -0.35475
   0.07262 -0.03522 -0.35060
   0.07761 -0.03600 -0.34973
   0.08288 -0.03679 -0.34697
   0.08842 -0.03758 -0.34427
   0.09419 -0.03836 -0.34179
   0.10019 -0.03914 -0.34026
   0.10638 -0.03991 -0.33987
   0.11276 -0.04065 -0.33936
   0.11929 -0.04138 -0.33901
   0.12594 -0.04208 -0.33807
   0.13272 -0.04276 -0.33739
   0.13959 -0.04340 -0.33632
   0.14656 -0.04401 -0.33357
   0.15362 -0.04460 -0.33218
   0.16075 -0.04515 -0.32858
   0.16794 -0.04567 -0.32661
   0.17519 -0.04616 -0.32352
   0.18248 -0.04663 -0.32177
   0.18981 -0.04706 -0.31981
   0.19717 -0.04747 -0.31865
   0.20456 -0.04785 -0.31467
   0.21197 -0.04820 -0.31399
   0.21942 -0.04852 -0.31007
   0.22690 -0.04882 -0.30766
   0.23441 -0.04909 -0.30311
   0.24195 -0.04934 -0.30116
   0.24951 -0.04956 -0.29925
   0.25708 -0.04977 -0.29614
   0.26468 -0.04995 -0.29498
   0.27229 -0.05011 -0.29086
   0.27991 -0.05024 -0.28956
   0.28756 -0.05036 -0.28626
   0.29522 -0.05046 -0.28444
   0.30289 -0.05054 -0.28269
   0.31057 -0.05060 -0.28070
   0.31825 -0.05064 -0.27860
   0.32595 -0.05066 -0.27712
   0.33364 -0.05066 -0.27571
   0.34135 -0.05065 -0.27400
   0.34906 -0.05061 -0.27239
   0.35677 -0.05056 -0.27068
   0.36448 -0.05048 -0.26915
   0.37219 -0.05039 -0.26768
   0.37990 -0.05028 -0.26578
   0.38761 -0.05015 -0.26453
   0.39532 -0.05001 -0.26331
   0.40302 -0.04984 -0.26204
   0.41072 -0.04966 -0.26006
   0.41842 -0.04945 -0.25956
   0.42610 -0.04923 -0.25829
   0.43378 -0.04899 -0.25764
   0.44144 -0.04873 -0.25561
   0.44910 -0.04845 -0.25516
   0.45674 -0.04815 -0.25371
   0.46437 -0.04783 -0.25308
   0.47199 -0.04749 -0.25148
   0.47960 -0.04713 -0.24970
   0.48720 -0.04674 -0.24850
   0.49478 -0.04634 -0.24686
   0.50235 -0.04590 -0.24456
   0.50991 -0.04545 -0.24344
   0.51745 -0.04497 -0.24087
   0.52498 -0.04447 -0.23856
   0.53250 -0.04395 -0.23652
   0.54000 -0.04340 -0.23404
   0.54749 -0.04282 -0.23129
   0.55497 -0.04222 -0.22823
   0.56243 -0.04159 -0.22469
   0.56987 -0.04093 -0.22143
   0.57730 -0.04025 -0.21782
   0.58471 -0.03954 -0.21380
   0.59210 -0.03881 -0.20967
   0.59948 -0.03804 -0.20534
   0.60683 -0.03724 -0.20082
   0.61417 -0.03642 -0.19467
   0.62149 -0.03556 -0.19005
   0.62879 -0.03468 -0.18288
   0.63608 -0.03376 -0.17728
   0.64335 -0.03281 -0.16921
   0.65061 -0.03183 -0.16222
   0.65786 -0.03081 -0.15375
   0.66510 -0.02976 -0.14493
   0.67232 -0.02867 -0.13527
   0.67954 -0.02755 -0.12526
   0.68676 -0.02640 -0.11476
   0.69397 -0.02520 -0.10367
   0.70117 -0.02398 -0.09100
   0.70838 -0.02271 -0.07839
   0.71559 -0.02141 -0.06498
   0.72281 -0.02007 -0.05070
   0.73004 -0.01870 -0.03604
   0.73728 -0.01729 -0.02004
   0.74453 -0.01584 -0.00261
   0.75180 -0.01436  0.01366
   0.75910 -0.01284  0.03356
   0.76642 -0.01128  0.05151
   0.77378 -0.00969  0.07321
   0.78118 -0.00807  0.09197
   0.78863 -0.00642  0.11535
   0.79611 -0.00475  0.13609
   0.80361 -0.00306  0.16041
   0.81108 -0.00138  0.18323
   0.81847  0.00029  0.20615
   0.82574  0.00191  0.22981
   0.83289  0.00348  0.25174
   0.83991  0.00499  0.27217
   0.84680  0.00644  0.29180
   0.85358  0.00782  0.31116
   0.86023  0.00913  0.32738
   0.86676  0.01036  0.34589
   0.87316  0.01151  0.36002
   0.87944  0.01258  0.37636
   0.88561  0.01356  0.38815
   0.89167  0.01445  0.40034
   0.89763  0.01526  0.41107
   0.90349  0.01599  0.42061
   0.90927  0.01663  0.42837
   0.91493  0.01718  0.43795
   0.92047  0.01765  0.44385
   0.92588  0.01803  0.45202
   0.93120  0.01832  0.45562
   0.93644  0.01853  0.45641
   0.94160  0.01868  0.45930
   0.94662  0.01876  0.46626
   0.95140  0.01879  0.48156
   0.95595  0.01872  0.49123
   0.96030  0.01853  0.49628
   0.96456  0.01820  0.48133
   0.96881  0.01775  0.45379
   0.97308  0.01723  0.42668
   0.97733  0.01672  0.41447
   0.98147  0.01621  0.42759
   0.98549  0.01562  0.43448
   0.98945  0.01488  0.38926
   0.99342  0.01406  0.32456
   0.99738  0.01325  0.29919
   1.00000  0.01271  0.25413
