GRUMMAN K-2 AIRFOIL                             
 Alfa =  -1.23900 Re =        0.000 Xflap,Yflap =     0.000000    0.000000
#    x        y        Cp  
   1.00000  0.01371  0.25419
   0.99740  0.01444  0.09916
   0.99329  0.01549  0.06139
   0.98889  0.01657  0.04600
   0.98423  0.01772  0.00560
   0.97929  0.01890 -0.02938
   0.97409  0.02011 -0.05537
   0.96867  0.02135 -0.08580
   0.96305  0.02259 -0.11236
   0.95727  0.02381 -0.13404
   0.95131  0.02502 -0.15500
   0.94520  0.02620 -0.17011
   0.93893  0.02735 -0.18321
   0.93253  0.02848 -0.19446
   0.92600  0.02957 -0.20166
   0.91932  0.03065 -0.20776
   0.91254  0.03170 -0.21472
   0.90568  0.03272 -0.22339
   0.89876  0.03372 -0.23084
   0.89181  0.03467 -0.23897
   0.88484  0.03559 -0.24497
   0.87782  0.03647 -0.24763
   0.87073  0.03731 -0.24878
   0.86355  0.03812 -0.24993
   0.85628  0.03891 -0.24870
   0.84891  0.03968 -0.24787
   0.84146  0.04044 -0.24784
   0.83396  0.04117 -0.24780
   0.82645  0.04190 -0.25354
   0.81896  0.04260 -0.25849
   0.81149  0.04327 -0.26209
   0.80402  0.04391 -0.26463
   0.79655  0.04452 -0.26710
   0.78909  0.04510 -0.26930
   0.78162  0.04565 -0.27006
   0.77414  0.04617 -0.26962
   0.76665  0.04666 -0.27003
   0.75914  0.04713 -0.26882
   0.75161  0.04756 -0.26703
   0.74405  0.04798 -0.26532
   0.73646  0.04837 -0.26242
   0.72884  0.04874 -0.26001
   0.72118  0.04909 -0.25716
   0.71350  0.04943 -0.25387
   0.70580  0.04974 -0.25209
   0.69806  0.05004 -0.24910
   0.69030  0.05033 -0.24706
   0.68252  0.05060 -0.24500
   0.67473  0.05086 -0.24323
   0.66693  0.05111 -0.24106
   0.65911  0.05135 -0.23984
   0.65129  0.05157 -0.23837
   0.64347  0.05178 -0.23635
   0.63563  0.05197 -0.23526
   0.62779  0.05216 -0.23377
   0.61994  0.05233 -0.23173
   0.61208  0.05249 -0.23124
   0.60421  0.05264 -0.22874
   0.59633  0.05278 -0.22794
   0.58846  0.05291 -0.22674
   0.58058  0.05303 -0.22614
   0.57270  0.05314 -0.22492
   0.56482  0.05324 -0.22405
   0.55693  0.05333 -0.22299
   0.54904  0.05340 -0.22236
   0.54115  0.05347 -0.22095
   0.53326  0.05353 -0.22063
   0.52537  0.05358 -0.21930
   0.51748  0.05361 -0.21842
   0.50958  0.05364 -0.21815
   0.50169  0.05366 -0.21656
   0.49380  0.05367 -0.21694
   0.48590  0.05367 -0.21529
   0.47801  0.05366 -0.21568
   0.47012  0.05363 -0.21468
   0.46224  0.05360 -0.21395
   0.45437  0.05356 -0.21335
   0.44650  0.05351 -0.21284
   0.43864  0.05345 -0.21176
   0.43079  0.05338 -0.21155
   0.42295  0.05330 -0.21126
   0.41514  0.05321 -0.21091
   0.40737  0.05312 -0.21157
   0.39966  0.05301 -0.21097
   0.39202  0.05289 -0.21220
   0.38445  0.05276 -0.20928
   0.37694  0.05262 -0.20666
   0.36954  0.05249 -0.20568
   0.36229  0.05236 -0.21284
   0.35524  0.05223 -0.22370
   0.34842  0.05207 -0.23293
   0.34179  0.05185 -0.22416
   0.33530  0.05159 -0.19721
   0.32892  0.05132 -0.17050
   0.32258  0.05111 -0.15678
   0.31625  0.05098 -0.17314
   0.30988  0.05089 -0.20250
   0.30343  0.05078 -0.22982
   0.29682  0.05061 -0.23212
   0.29002  0.05037 -0.21969
   0.28299  0.05009 -0.20786
   0.27579  0.04982 -0.20657
   0.26847  0.04954 -0.21064
   0.26108  0.04924 -0.21257
   0.25361  0.04892 -0.21145
   0.24607  0.04858 -0.21149
   0.23850  0.04823 -0.21249
   0.23092  0.04786 -0.21292
   0.22333  0.04747 -0.21371
   0.21574  0.04707 -0.21423
   0.20817  0.04664 -0.21602
   0.20063  0.04620 -0.21650
   0.19311  0.04574 -0.21729
   0.18563  0.04526 -0.22042
   0.17820  0.04475 -0.22013
   0.17081  0.04423 -0.22138
   0.16349  0.04368 -0.22375
   0.15624  0.04311 -0.22379
   0.14907  0.04251 -0.22619
   0.14200  0.04189 -0.22682
   0.13503  0.04125 -0.22779
   0.12818  0.04059 -0.22853
   0.12147  0.03990 -0.22877
   0.11493  0.03919 -0.22878
   0.10856  0.03847 -0.22881
   0.10240  0.03773 -0.22835
   0.09647  0.03699 -0.22929
   0.09078  0.03624 -0.23098
   0.08537  0.03550 -0.22961
   0.08024  0.03476 -0.23482
   0.07540  0.03403 -0.23654
   0.07085  0.03331 -0.24025
   0.06658  0.03261 -0.25284
   0.06257  0.03190 -0.25353
   0.05879  0.03120 -0.26458
   0.05523  0.03050 -0.26868
   0.05189  0.02978 -0.26672
   0.04873  0.02906 -0.26051
   0.04574  0.02833 -0.24953
   0.04291  0.02760 -0.24016
   0.04024  0.02687 -0.22521
   0.03771  0.02615 -0.21309
   0.03531  0.02543 -0.20506
   0.03305  0.02471 -0.18029
   0.03089  0.02399 -0.15023
   0.02884  0.02329 -0.12656
   0.02688  0.02260 -0.11093
   0.02502  0.02195 -0.10894
   0.02326  0.02131 -0.10706
   0.02159  0.02067 -0.10567
   0.02000  0.02005 -0.09958
   0.01849  0.01942 -0.08877
   0.01706  0.01880 -0.07062
   0.01569  0.01817 -0.04412
   0.01439  0.01754 -0.02179
   0.01314  0.01692  0.00151
   0.01194  0.01630  0.02191
   0.01080  0.01568  0.04108
   0.00971  0.01507  0.05924
   0.00867  0.01445  0.08407
   0.00767  0.01383  0.10117
   0.00672  0.01321  0.12500
   0.00581  0.01258  0.14469
   0.00495  0.01194  0.17476
   0.00414  0.01128  0.19749
   0.00338  0.01061  0.22452
   0.00268  0.00990  0.25714
   0.00207  0.00914  0.36562
   0.00154  0.00835  0.45404
   0.00111  0.00752  0.57083
   0.00078  0.00665  0.70031
   0.00053  0.00577  0.80397
   0.00035  0.00489  0.87843
   0.00022  0.00400  0.92830
   0.00012  0.00312  0.96420
   0.00005  0.00224  0.98513
   0.00001  0.00137  0.99674
  -0.00000  0.00051  0.99995
   0.00001 -0.00034  0.99566
   0.00004 -0.00120  0.98403
   0.00010 -0.00206  0.96469
   0.00020 -0.00292  0.94869
   0.00027 -0.00380  0.90466
   0.00039 -0.00468  0.87158
   0.00054 -0.00556  0.82324
   0.00072 -0.00645  0.76441
   0.00092 -0.00735  0.69924
   0.00115 -0.00824  0.62269
   0.00142 -0.00914  0.52534
   0.00173 -0.01004  0.41740
   0.00207 -0.01094  0.29445
   0.00247 -0.01182  0.12106
   0.00292 -0.01269  0.04032
   0.00342 -0.01356 -0.30220
   0.00402 -0.01437 -0.36490
   0.00470 -0.01514 -0.47328
   0.00546 -0.01587 -0.50915
   0.00629 -0.01657 -0.53905
   0.00717 -0.01724 -0.55092
   0.00811 -0.01789 -0.56685
   0.00910 -0.01851 -0.56562
   0.01015 -0.01912 -0.56199
   0.01125 -0.01971 -0.56223
   0.01240 -0.02029 -0.55492
   0.01361 -0.02086 -0.54910
   0.01488 -0.02142 -0.54173
   0.01621 -0.02198 -0.52717
   0.01761 -0.02253 -0.51934
   0.01908 -0.02307 -0.50367
   0.02063 -0.02362 -0.49868
   0.02226 -0.02417 -0.48586
   0.02397 -0.02472 -0.47080
   0.02579 -0.02528 -0.46349
   0.02770 -0.02584 -0.45309
   0.02973 -0.02641 -0.44530
   0.03189 -0.02700 -0.43756
   0.03419 -0.02759 -0.43117
   0.03663 -0.02820 -0.42045
   0.03924 -0.02882 -0.41390
   0.04203 -0.02945 -0.40312
   0.04502 -0.03011 -0.39648
   0.04822 -0.03078 -0.39067
   0.05165 -0.03148 -0.38733
   0.05533 -0.03220 -0.38289
   0.05925 -0.03293 -0.37982
   0.06344 -0.03368 -0.37506
   0.06789 -0.03445 -0.37300
   0.07262 -0.03522 -0.36820
   0.07761 -0.03600 -0.36674
   0.08288 -0.03679 -0.36340
   0.08842 -0.03758 -0.36014
   0.09419 -0.03836 -0.35711
   0.10019 -0.03914 -0.35509
   0.10638 -0.03991 -0.35423
   0.11276 -0.04065 -0.35327
   0.11929 -0.04138 -0.35251
   0.12594 -0.04208 -0.35117
   0.13272 -0.04276 -0.35010
   0.13959 -0.04340 -0.34866
   0.14656 -0.04401 -0.34556
   0.15362 -0.04460 -0.34384
   0.16075 -0.04515 -0.33992
   0.16794 -0.04567 -0.33764
   0.17519 -0.04616 -0.33426
   0.18248 -0.04663 -0.33223
   0.18981 -0.04706 -0.33002
   0.19717 -0.04747 -0.32860
   0.20456 -0.04785 -0.32438
   0.21197 -0.04820 -0.32348
   0.21942 -0.04852 -0.31933
   0.22690 -0.04882 -0.31671
   0.23441 -0.04909 -0.31194
   0.24195 -0.04934 -0.30979
   0.24951 -0.04956 -0.30771
   0.25708 -0.04977 -0.30441
   0.26468 -0.04995 -0.30308
   0.27229 -0.05011 -0.29878
   0.27991 -0.05024 -0.29731
   0.28756 -0.05036 -0.29386
   0.29522 -0.05046 -0.29189
   0.30289 -0.05054 -0.28999
   0.31057 -0.05060 -0.28786
   0.31825 -0.05064 -0.28563
   0.32595 -0.05066 -0.28401
   0.33364 -0.05066 -0.28248
   0.34135 -0.05065 -0.28064
   0.34906 -0.05061 -0.27891
   0.35677 -0.05056 -0.27708
   0.36448 -0.05048 -0.27542
   0.37219 -0.05039 -0.27386
   0.37990 -0.05028 -0.27182
   0.38761 -0.05015 -0.27049
   0.39532 -0.05001 -0.26915
   0.40302 -0.04984 -0.26779
   0.41072 -0.04966 -0.26572
   0.41842 -0.04945 -0.26511
   0.42610 -0.04923 -0.26374
   0.43378 -0.04899 -0.26301
   0.44144 -0.04873 -0.26089
   0.44910 -0.04845 -0.26034
   0.45674 -0.04815 -0.25881
   0.46437 -0.04783 -0.25810
   0.47199 -0.04749 -0.25641
   0.47960 -0.04713 -0.25455
   0.48720 -0.04674 -0.25326
   0.49478 -0.04634 -0.25155
   0.50235 -0.04590 -0.24917
   0.50991 -0.04545 -0.24795
   0.51745 -0.04497 -0.24533
   0.52498 -0.04447 -0.24292
   0.53250 -0.04395 -0.24081
   0.54000 -0.04340 -0.23825
   0.54749 -0.04282 -0.23542
   0.55497 -0.04222 -0.23230
   0.56243 -0.04159 -0.22867
   0.56987 -0.04093 -0.22534
   0.57730 -0.04025 -0.22166
   0.58471 -0.03954 -0.21755
   0.59210 -0.03881 -0.21336
   0.59948 -0.03804 -0.20895
   0.60683 -0.03724 -0.20436
   0.61417 -0.03642 -0.19814
   0.62149 -0.03556 -0.19344
   0.62879 -0.03468 -0.18619
   0.63608 -0.03376 -0.18051
   0.64335 -0.03281 -0.17239
   0.65061 -0.03183 -0.16531
   0.65786 -0.03081 -0.15676
   0.66510 -0.02976 -0.14788
   0.67232 -0.02867 -0.13812
   0.67954 -0.02755 -0.12803
   0.68676 -0.02640 -0.11749
   0.69397 -0.02520 -0.10630
   0.70117 -0.02398 -0.09356
   0.70838 -0.02271 -0.08086
   0.71559 -0.02141 -0.06738
   0.72281 -0.02007 -0.05303
   0.73004 -0.01870 -0.03829
   0.73728 -0.01729 -0.02221
   0.74453 -0.01584 -0.00467
   0.75180 -0.01436  0.01165
   0.75910 -0.01284  0.03162
   0.76642 -0.01128  0.04968
   0.77378 -0.00969  0.07145
   0.78118 -0.00807  0.09028
   0.78863 -0.00642  0.11374
   0.79611 -0.00475  0.13457
   0.80361 -0.00306  0.15896
   0.81108 -0.00138  0.18186
   0.81847  0.00029  0.20483
   0.82574  0.00191  0.22858
   0.83289  0.00348  0.25057
   0.83991  0.00499  0.27108
   0.84680  0.00644  0.29076
   0.85358  0.00782  0.31016
   0.86023  0.00913  0.32644
   0.86676  0.01036  0.34501
   0.87316  0.01151  0.35915
   0.87944  0.01258  0.37557
   0.88561  0.01356  0.38739
   0.89167  0.01445  0.39961
   0.89763  0.01526  0.41039
   0.90349  0.01599  0.41994
   0.90927  0.01663  0.42774
   0.91493  0.01718  0.43737
   0.92047  0.01765  0.44325
   0.92588  0.01803  0.45149
   0.93120  0.01832  0.45509
   0.93644  0.01853  0.45592
   0.94160  0.01868  0.45883
   0.94662  0.01876  0.46578
   0.95140  0.01879  0.48114
   0.95595  0.01872  0.49081
   0.96030  0.01853  0.49589
   0.96456  0.01820  0.48097
   0.96881  0.01775  0.45340
   0.97308  0.01723  0.42631
   0.97733  0.01672  0.41411
   0.98147  0.01621  0.42728
   0.98549  0.01562  0.43421
   0.98945  0.01488  0.38897
   0.99342  0.01406  0.32428
   0.99738  0.01325  0.29897
   1.00000  0.01271  0.25419
