GRUMMAN K-2 AIRFOIL                             
 Alfa =  -1.06500 Re =        0.000 Xflap,Yflap =     0.000000    0.000000
#    x        y        Cp  
   1.00000  0.01371  0.25411
   0.99740  0.01444  0.09894
   0.99329  0.01549  0.06109
   0.98889  0.01657  0.04550
   0.98423  0.01772  0.00491
   0.97929  0.01890 -0.03017
   0.97409  0.02011 -0.05626
   0.96867  0.02135 -0.08687
   0.96305  0.02259 -0.11354
   0.95727  0.02381 -0.13533
   0.95131  0.02502 -0.15646
   0.94520  0.02620 -0.17169
   0.93893  0.02735 -0.18492
   0.93253  0.02848 -0.19630
   0.92600  0.02957 -0.20357
   0.91932  0.03065 -0.20984
   0.91254  0.03170 -0.21686
   0.90568  0.03272 -0.22569
   0.89876  0.03372 -0.23320
   0.89181  0.03467 -0.24149
   0.88484  0.03559 -0.24759
   0.87782  0.03647 -0.25033
   0.87073  0.03731 -0.25159
   0.86355  0.03812 -0.25285
   0.85628  0.03891 -0.25166
   0.84891  0.03968 -0.25099
   0.84146  0.04044 -0.25101
   0.83396  0.04117 -0.25109
   0.82645  0.04190 -0.25690
   0.81896  0.04260 -0.26198
   0.81149  0.04327 -0.26569
   0.80402  0.04391 -0.26830
   0.79655  0.04452 -0.27092
   0.78909  0.04510 -0.27312
   0.78162  0.04565 -0.27407
   0.77414  0.04617 -0.27368
   0.76665  0.04666 -0.27423
   0.75914  0.04713 -0.27306
   0.75161  0.04756 -0.27136
   0.74405  0.04798 -0.26970
   0.73646  0.04837 -0.26693
   0.72884  0.04874 -0.26458
   0.72118  0.04909 -0.26182
   0.71350  0.04943 -0.25863
   0.70580  0.04974 -0.25692
   0.69806  0.05004 -0.25396
   0.69030  0.05033 -0.25208
   0.68252  0.05060 -0.25004
   0.67473  0.05086 -0.24842
   0.66693  0.05111 -0.24630
   0.65911  0.05135 -0.24514
   0.65129  0.05157 -0.24381
   0.64347  0.05178 -0.24185
   0.63563  0.05197 -0.24085
   0.62779  0.05216 -0.23945
   0.61994  0.05233 -0.23752
   0.61208  0.05249 -0.23708
   0.60421  0.05264 -0.23469
   0.59633  0.05278 -0.23400
   0.58846  0.05291 -0.23289
   0.58058  0.05303 -0.23239
   0.57270  0.05314 -0.23126
   0.56482  0.05324 -0.23047
   0.55693  0.05333 -0.22952
   0.54904  0.05340 -0.22899
   0.54115  0.05347 -0.22769
   0.53326  0.05353 -0.22748
   0.52537  0.05358 -0.22624
   0.51748  0.05361 -0.22548
   0.50958  0.05364 -0.22531
   0.50169  0.05366 -0.22382
   0.49380  0.05367 -0.22433
   0.48590  0.05367 -0.22278
   0.47801  0.05366 -0.22329
   0.47012  0.05363 -0.22240
   0.46224  0.05360 -0.22181
   0.45437  0.05356 -0.22133
   0.44650  0.05351 -0.22094
   0.43864  0.05345 -0.21997
   0.43079  0.05338 -0.21991
   0.42295  0.05330 -0.21973
   0.41514  0.05321 -0.21953
   0.40737  0.05312 -0.22032
   0.39966  0.05301 -0.21989
   0.39202  0.05289 -0.22124
   0.38445  0.05276 -0.21847
   0.37694  0.05262 -0.21596
   0.36954  0.05249 -0.21512
   0.36229  0.05236 -0.22248
   0.35524  0.05223 -0.23360
   0.34842  0.05207 -0.24301
   0.34179  0.05185 -0.23435
   0.33530  0.05159 -0.20731
   0.32892  0.05132 -0.18050
   0.32258  0.05111 -0.16683
   0.31625  0.05098 -0.18346
   0.30988  0.05089 -0.21323
   0.30343  0.05078 -0.24098
   0.29682  0.05061 -0.24347
   0.29002  0.05037 -0.23111
   0.28299  0.05009 -0.21936
   0.27579  0.04982 -0.21827
   0.26847  0.04954 -0.22259
   0.26108  0.04924 -0.22476
   0.25361  0.04892 -0.22388
   0.24607  0.04858 -0.22418
   0.23850  0.04823 -0.22543
   0.23092  0.04786 -0.22615
   0.22333  0.04747 -0.22724
   0.21574  0.04707 -0.22805
   0.20817  0.04664 -0.23019
   0.20063  0.04620 -0.23100
   0.19311  0.04574 -0.23214
   0.18563  0.04526 -0.23567
   0.17820  0.04475 -0.23575
   0.17081  0.04423 -0.23743
   0.16349  0.04368 -0.24025
   0.15624  0.04311 -0.24073
   0.14907  0.04251 -0.24364
   0.14200  0.04189 -0.24477
   0.13503  0.04125 -0.24628
   0.12818  0.04059 -0.24760
   0.12147  0.03990 -0.24842
   0.11493  0.03919 -0.24904
   0.10856  0.03847 -0.24973
   0.10240  0.03773 -0.24994
   0.09647  0.03699 -0.25162
   0.09078  0.03624 -0.25408
   0.08537  0.03550 -0.25347
   0.08024  0.03476 -0.25957
   0.07540  0.03403 -0.26218
   0.07085  0.03331 -0.26682
   0.06658  0.03261 -0.28059
   0.06257  0.03190 -0.28221
   0.05879  0.03120 -0.29450
   0.05523  0.03050 -0.29968
   0.05189  0.02978 -0.29873
   0.04873  0.02906 -0.29342
   0.04574  0.02833 -0.28327
   0.04291  0.02760 -0.27478
   0.04024  0.02687 -0.26057
   0.03771  0.02615 -0.24929
   0.03531  0.02543 -0.24227
   0.03305  0.02471 -0.21799
   0.03089  0.02399 -0.18828
   0.02884  0.02329 -0.16509
   0.02688  0.02260 -0.15030
   0.02502  0.02195 -0.14963
   0.02326  0.02131 -0.14917
   0.02159  0.02067 -0.14927
   0.02000  0.02005 -0.14458
   0.01849  0.01942 -0.13510
   0.01706  0.01880 -0.11796
   0.01569  0.01817 -0.09222
   0.01439  0.01754 -0.07079
   0.01314  0.01692 -0.04849
   0.01194  0.01630 -0.02930
   0.01080  0.01568 -0.01151
   0.00971  0.01507  0.00517
   0.00867  0.01445  0.02859
   0.00767  0.01383  0.04384
   0.00672  0.01321  0.06577
   0.00581  0.01258  0.08317
   0.00495  0.01194  0.11112
   0.00414  0.01128  0.13101
   0.00338  0.01061  0.15456
   0.00268  0.00990  0.18365
   0.00207  0.00914  0.29556
   0.00154  0.00835  0.38602
   0.00111  0.00752  0.50915
   0.00078  0.00665  0.64969
   0.00053  0.00577  0.76412
   0.00035  0.00489  0.84779
   0.00022  0.00400  0.90504
   0.00012  0.00312  0.94769
   0.00005  0.00224  0.97418
   0.00001  0.00137  0.99092
  -0.00000  0.00051  0.99905
   0.00001 -0.00034  0.99919
   0.00004 -0.00120  0.99205
   0.00010 -0.00206  0.97748
   0.00020 -0.00292  0.96321
   0.00027 -0.00380  0.92669
   0.00039 -0.00468  0.89649
   0.00054 -0.00556  0.85284
   0.00072 -0.00645  0.79894
   0.00092 -0.00735  0.73856
   0.00115 -0.00824  0.66711
   0.00142 -0.00914  0.57580
   0.00173 -0.01004  0.47408
   0.00207 -0.01094  0.35738
   0.00247 -0.01182  0.19322
   0.00292 -0.01269  0.11358
   0.00342 -0.01356 -0.20985
   0.00402 -0.01437 -0.27495
   0.00470 -0.01514 -0.38199
   0.00546 -0.01587 -0.42125
   0.00629 -0.01657 -0.45417
   0.00717 -0.01724 -0.46972
   0.00811 -0.01789 -0.48870
   0.00910 -0.01851 -0.49091
   0.01015 -0.01912 -0.49061
   0.01125 -0.01971 -0.49373
   0.01240 -0.02029 -0.48929
   0.01361 -0.02086 -0.48614
   0.01488 -0.02142 -0.48133
   0.01621 -0.02198 -0.46936
   0.01761 -0.02253 -0.46382
   0.01908 -0.02307 -0.45041
   0.02063 -0.02362 -0.44738
   0.02226 -0.02417 -0.43657
   0.02397 -0.02472 -0.42347
   0.02579 -0.02528 -0.41789
   0.02770 -0.02584 -0.40916
   0.02973 -0.02641 -0.40293
   0.03189 -0.02700 -0.39669
   0.03419 -0.02759 -0.39172
   0.03663 -0.02820 -0.38245
   0.03924 -0.02882 -0.37725
   0.04203 -0.02945 -0.36784
   0.04502 -0.03011 -0.36245
   0.04822 -0.03078 -0.35783
   0.05165 -0.03148 -0.35560
   0.05533 -0.03220 -0.35226
   0.05925 -0.03293 -0.35023
   0.06344 -0.03368 -0.34652
   0.06789 -0.03445 -0.34543
   0.07262 -0.03522 -0.34160
   0.07761 -0.03600 -0.34104
   0.08288 -0.03679 -0.33858
   0.08842 -0.03758 -0.33617
   0.09419 -0.03836 -0.33395
   0.10019 -0.03914 -0.33268
   0.10638 -0.03991 -0.33253
   0.11276 -0.04065 -0.33225
   0.11929 -0.04138 -0.33211
   0.12594 -0.04208 -0.33138
   0.13272 -0.04276 -0.33089
   0.13959 -0.04340 -0.33000
   0.14656 -0.04401 -0.32743
   0.15362 -0.04460 -0.32621
   0.16075 -0.04515 -0.32279
   0.16794 -0.04567 -0.32096
   0.17519 -0.04616 -0.31803
   0.18248 -0.04663 -0.31641
   0.18981 -0.04706 -0.31458
   0.19717 -0.04747 -0.31355
   0.20456 -0.04785 -0.30970
   0.21197 -0.04820 -0.30913
   0.21942 -0.04852 -0.30532
   0.22690 -0.04882 -0.30303
   0.23441 -0.04909 -0.29858
   0.24195 -0.04934 -0.29673
   0.24951 -0.04956 -0.29492
   0.25708 -0.04977 -0.29191
   0.26468 -0.04995 -0.29083
   0.27229 -0.05011 -0.28680
   0.27991 -0.05024 -0.28558
   0.28756 -0.05036 -0.28236
   0.29522 -0.05046 -0.28062
   0.30289 -0.05054 -0.27895
   0.31057 -0.05060 -0.27703
   0.31825 -0.05064 -0.27500
   0.32595 -0.05066 -0.27360
   0.33364 -0.05066 -0.27224
   0.34135 -0.05065 -0.27060
   0.34906 -0.05061 -0.26905
   0.35677 -0.05056 -0.26740
   0.36448 -0.05048 -0.26593
   0.37219 -0.05039 -0.26451
   0.37990 -0.05028 -0.26267
   0.38761 -0.05015 -0.26147
   0.39532 -0.05001 -0.26031
   0.40302 -0.04984 -0.25909
   0.41072 -0.04966 -0.25716
   0.41842 -0.04945 -0.25671
   0.42610 -0.04923 -0.25549
   0.43378 -0.04899 -0.25489
   0.44144 -0.04873 -0.25290
   0.44910 -0.04845 -0.25250
   0.45674 -0.04815 -0.25109
   0.46437 -0.04783 -0.25051
   0.47199 -0.04749 -0.24894
   0.47960 -0.04713 -0.24721
   0.48720 -0.04674 -0.24605
   0.49478 -0.04634 -0.24445
   0.50235 -0.04590 -0.24220
   0.50991 -0.04545 -0.24113
   0.51745 -0.04497 -0.23858
   0.52498 -0.04447 -0.23632
   0.53250 -0.04395 -0.23432
   0.54000 -0.04340 -0.23188
   0.54749 -0.04282 -0.22916
   0.55497 -0.04222 -0.22615
   0.56243 -0.04159 -0.22265
   0.56987 -0.04093 -0.21942
   0.57730 -0.04025 -0.21585
   0.58471 -0.03954 -0.21187
   0.59210 -0.03881 -0.20778
   0.59948 -0.03804 -0.20349
   0.60683 -0.03724 -0.19900
   0.61417 -0.03642 -0.19289
   0.62149 -0.03556 -0.18830
   0.62879 -0.03468 -0.18118
   0.63608 -0.03376 -0.17561
   0.64335 -0.03281 -0.16758
   0.65061 -0.03183 -0.16064
   0.65786 -0.03081 -0.15220
   0.66510 -0.02976 -0.14342
   0.67232 -0.02867 -0.13380
   0.67954 -0.02755 -0.12383
   0.68676 -0.02640 -0.11336
   0.69397 -0.02520 -0.10232
   0.70117 -0.02398 -0.08968
   0.70838 -0.02271 -0.07712
   0.71559 -0.02141 -0.06375
   0.72281 -0.02007 -0.04951
   0.73004 -0.01870 -0.03488
   0.73728 -0.01729 -0.01893
   0.74453 -0.01584 -0.00155
   0.75180 -0.01436  0.01470
   0.75910 -0.01284  0.03455
   0.76642 -0.01128  0.05245
   0.77378 -0.00969  0.07412
   0.78118 -0.00807  0.09284
   0.78863 -0.00642  0.11618
   0.79611 -0.00475  0.13687
   0.80361 -0.00306  0.16115
   0.81108 -0.00138  0.18393
   0.81847  0.00029  0.20682
   0.82574  0.00191  0.23044
   0.83289  0.00348  0.25234
   0.83991  0.00499  0.27274
   0.84680  0.00644  0.29234
   0.85358  0.00782  0.31167
   0.86023  0.00913  0.32786
   0.86676  0.01036  0.34634
   0.87316  0.01151  0.36048
   0.87944  0.01258  0.37677
   0.88561  0.01356  0.38854
   0.89167  0.01445  0.40071
   0.89763  0.01526  0.41142
   0.90349  0.01599  0.42096
   0.90927  0.01663  0.42870
   0.91493  0.01718  0.43825
   0.92047  0.01765  0.44416
   0.92588  0.01803  0.45230
   0.93120  0.01832  0.45589
   0.93644  0.01853  0.45667
   0.94160  0.01868  0.45955
   0.94662  0.01876  0.46652
   0.95140  0.01879  0.48177
   0.95595  0.01872  0.49144
   0.96030  0.01853  0.49648
   0.96456  0.01820  0.48151
   0.96881  0.01775  0.45399
   0.97308  0.01723  0.42687
   0.97733  0.01672  0.41466
   0.98147  0.01621  0.42775
   0.98549  0.01562  0.43462
   0.98945  0.01488  0.38940
   0.99342  0.01406  0.32470
   0.99738  0.01325  0.29931
   1.00000  0.01271  0.25411
