GRUMMAN K-2 AIRFOIL                             
 Alfa =  -1.16400 Re =        0.000 Xflap,Yflap =     0.000000    0.000000
#    x        y        Cp  
   1.00000  0.01371  0.25415
   0.99740  0.01444  0.09907
   0.99329  0.01549  0.06126
   0.98889  0.01657  0.04578
   0.98423  0.01772  0.00530
   0.97929  0.01890 -0.02972
   0.97409  0.02011 -0.05576
   0.96867  0.02135 -0.08626
   0.96305  0.02259 -0.11287
   0.95727  0.02381 -0.13459
   0.95131  0.02502 -0.15563
   0.94520  0.02620 -0.17079
   0.93893  0.02735 -0.18395
   0.93253  0.02848 -0.19525
   0.92600  0.02957 -0.20248
   0.91932  0.03065 -0.20866
   0.91254  0.03170 -0.21565
   0.90568  0.03272 -0.22438
   0.89876  0.03372 -0.23186
   0.89181  0.03467 -0.24006
   0.88484  0.03559 -0.24610
   0.87782  0.03647 -0.24879
   0.87073  0.03731 -0.25000
   0.86355  0.03812 -0.25119
   0.85628  0.03891 -0.24998
   0.84891  0.03968 -0.24922
   0.84146  0.04044 -0.24921
   0.83396  0.04117 -0.24922
   0.82645  0.04190 -0.25499
   0.81896  0.04260 -0.25999
   0.81149  0.04327 -0.26364
   0.80402  0.04391 -0.26621
   0.79655  0.04452 -0.26875
   0.78909  0.04510 -0.27095
   0.78162  0.04565 -0.27179
   0.77414  0.04617 -0.27137
   0.76665  0.04666 -0.27184
   0.75914  0.04713 -0.27065
   0.75161  0.04756 -0.26890
   0.74405  0.04798 -0.26721
   0.73646  0.04837 -0.26437
   0.72884  0.04874 -0.26198
   0.72118  0.04909 -0.25917
   0.71350  0.04943 -0.25592
   0.70580  0.04974 -0.25417
   0.69806  0.05004 -0.25119
   0.69030  0.05033 -0.24922
   0.68252  0.05060 -0.24717
   0.67473  0.05086 -0.24547
   0.66693  0.05111 -0.24332
   0.65911  0.05135 -0.24212
   0.65129  0.05157 -0.24071
   0.64347  0.05178 -0.23872
   0.63563  0.05197 -0.23767
   0.62779  0.05216 -0.23622
   0.61994  0.05233 -0.23423
   0.61208  0.05249 -0.23376
   0.60421  0.05264 -0.23131
   0.59633  0.05278 -0.23055
   0.58846  0.05291 -0.22939
   0.58058  0.05303 -0.22883
   0.57270  0.05314 -0.22766
   0.56482  0.05324 -0.22682
   0.55693  0.05333 -0.22580
   0.54904  0.05340 -0.22522
   0.54115  0.05347 -0.22386
   0.53326  0.05353 -0.22358
   0.52537  0.05358 -0.22229
   0.51748  0.05361 -0.22146
   0.50958  0.05364 -0.22123
   0.50169  0.05366 -0.21969
   0.49380  0.05367 -0.22012
   0.48590  0.05367 -0.21852
   0.47801  0.05366 -0.21896
   0.47012  0.05363 -0.21800
   0.46224  0.05360 -0.21734
   0.45437  0.05356 -0.21679
   0.44650  0.05351 -0.21633
   0.43864  0.05345 -0.21530
   0.43079  0.05338 -0.21515
   0.42295  0.05330 -0.21491
   0.41514  0.05321 -0.21462
   0.40737  0.05312 -0.21534
   0.39966  0.05301 -0.21481
   0.39202  0.05289 -0.21609
   0.38445  0.05276 -0.21324
   0.37694  0.05262 -0.21067
   0.36954  0.05249 -0.20975
   0.36229  0.05236 -0.21699
   0.35524  0.05223 -0.22797
   0.34842  0.05207 -0.23727
   0.34179  0.05185 -0.22855
   0.33530  0.05159 -0.20156
   0.32892  0.05132 -0.17481
   0.32258  0.05111 -0.16111
   0.31625  0.05098 -0.17758
   0.30988  0.05089 -0.20712
   0.30343  0.05078 -0.23463
   0.29682  0.05061 -0.23701
   0.29002  0.05037 -0.22461
   0.28299  0.05009 -0.21281
   0.27579  0.04982 -0.21161
   0.26847  0.04954 -0.21579
   0.26108  0.04924 -0.21782
   0.25361  0.04892 -0.21681
   0.24607  0.04858 -0.21696
   0.23850  0.04823 -0.21806
   0.23092  0.04786 -0.21862
   0.22333  0.04747 -0.21954
   0.21574  0.04707 -0.22018
   0.20817  0.04664 -0.22212
   0.20063  0.04620 -0.22274
   0.19311  0.04574 -0.22368
   0.18563  0.04526 -0.22698
   0.17820  0.04475 -0.22685
   0.17081  0.04423 -0.22829
   0.16349  0.04368 -0.23085
   0.15624  0.04311 -0.23108
   0.14907  0.04251 -0.23370
   0.14200  0.04189 -0.23454
   0.13503  0.04125 -0.23574
   0.12818  0.04059 -0.23673
   0.12147  0.03990 -0.23723
   0.11493  0.03919 -0.23749
   0.10856  0.03847 -0.23781
   0.10240  0.03773 -0.23764
   0.09647  0.03699 -0.23890
   0.09078  0.03624 -0.24091
   0.08537  0.03550 -0.23987
   0.08024  0.03476 -0.24546
   0.07540  0.03403 -0.24756
   0.07085  0.03331 -0.25167
   0.06658  0.03261 -0.26477
   0.06257  0.03190 -0.26586
   0.05879  0.03120 -0.27743
   0.05523  0.03050 -0.28200
   0.05189  0.02978 -0.28047
   0.04873  0.02906 -0.27465
   0.04574  0.02833 -0.26402
   0.04291  0.02760 -0.25502
   0.04024  0.02687 -0.24040
   0.03771  0.02615 -0.22863
   0.03531  0.02543 -0.22104
   0.03305  0.02471 -0.19647
   0.03089  0.02399 -0.16656
   0.02884  0.02329 -0.14309
   0.02688  0.02260 -0.12782
   0.02502  0.02195 -0.12639
   0.02326  0.02131 -0.12512
   0.02159  0.02067 -0.12436
   0.02000  0.02005 -0.11887
   0.01849  0.01942 -0.10862
   0.01706  0.01880 -0.09090
   0.01569  0.01817 -0.06472
   0.01439  0.01754 -0.04277
   0.01314  0.01692 -0.01989
   0.01194  0.01630 -0.00000
   0.01080  0.01568  0.01858
   0.00971  0.01507  0.03612
   0.00867  0.01445  0.06035
   0.00767  0.01383  0.07667
   0.00672  0.01321  0.09971
   0.00581  0.01258  0.11843
   0.00495  0.01194  0.14762
   0.00414  0.01128  0.16916
   0.00338  0.01061  0.19474
   0.00268  0.00990  0.22589
   0.00207  0.00914  0.33587
   0.00154  0.00835  0.42521
   0.00111  0.00752  0.54475
   0.00078  0.00665  0.67897
   0.00053  0.00577  0.78724
   0.00035  0.00489  0.86565
   0.00022  0.00400  0.91868
   0.00012  0.00312  0.95747
   0.00005  0.00224  0.98078
   0.00001  0.00137  0.99459
  -0.00000  0.00051  0.99992
   0.00001 -0.00034  0.99752
   0.00004 -0.00120  0.98783
   0.00010 -0.00206  0.97055
   0.00020 -0.00292  0.95524
   0.00027 -0.00380  0.91451
   0.00039 -0.00468  0.88264
   0.00054 -0.00556  0.83633
   0.00072 -0.00645  0.77963
   0.00092 -0.00735  0.71652
   0.00115 -0.00824  0.64217
   0.00142 -0.00914  0.54744
   0.00173 -0.01004  0.44218
   0.00207 -0.01094  0.32193
   0.00247 -0.01182  0.15254
   0.00292 -0.01269  0.07226
   0.00342 -0.01356 -0.26198
   0.00402 -0.01437 -0.32576
   0.00470 -0.01514 -0.43358
   0.00546 -0.01587 -0.47094
   0.00629 -0.01657 -0.50217
   0.00717 -0.01724 -0.51566
   0.00811 -0.01789 -0.53292
   0.00910 -0.01851 -0.53320
   0.01015 -0.01912 -0.53102
   0.01125 -0.01971 -0.53252
   0.01240 -0.02029 -0.52646
   0.01361 -0.02086 -0.52181
   0.01488 -0.02142 -0.51555
   0.01621 -0.02198 -0.50212
   0.01761 -0.02253 -0.49529
   0.01908 -0.02307 -0.48060
   0.02063 -0.02362 -0.47646
   0.02226 -0.02417 -0.46452
   0.02397 -0.02472 -0.45030
   0.02579 -0.02528 -0.44375
   0.02770 -0.02584 -0.43408
   0.02973 -0.02641 -0.42696
   0.03189 -0.02700 -0.41988
   0.03419 -0.02759 -0.41410
   0.03663 -0.02820 -0.40401
   0.03924 -0.02882 -0.39804
   0.04203 -0.02945 -0.38786
   0.04502 -0.03011 -0.38176
   0.04822 -0.03078 -0.37647
   0.05165 -0.03148 -0.37361
   0.05533 -0.03220 -0.36965
   0.05925 -0.03293 -0.36703
   0.06344 -0.03368 -0.36272
   0.06789 -0.03445 -0.36109
   0.07262 -0.03522 -0.35671
   0.07761 -0.03600 -0.35564
   0.08288 -0.03679 -0.35267
   0.08842 -0.03758 -0.34978
   0.09419 -0.03836 -0.34711
   0.10019 -0.03914 -0.34541
   0.10638 -0.03991 -0.34486
   0.11276 -0.04065 -0.34419
   0.11929 -0.04138 -0.34370
   0.12594 -0.04208 -0.34262
   0.13272 -0.04276 -0.34181
   0.13959 -0.04340 -0.34061
   0.14656 -0.04401 -0.33774
   0.15362 -0.04460 -0.33623
   0.16075 -0.04515 -0.33252
   0.16794 -0.04567 -0.33044
   0.17519 -0.04616 -0.32725
   0.18248 -0.04663 -0.32540
   0.18981 -0.04706 -0.32336
   0.19717 -0.04747 -0.32210
   0.20456 -0.04785 -0.31805
   0.21197 -0.04820 -0.31729
   0.21942 -0.04852 -0.31329
   0.22690 -0.04882 -0.31081
   0.23441 -0.04909 -0.30618
   0.24195 -0.04934 -0.30416
   0.24951 -0.04956 -0.30219
   0.25708 -0.04977 -0.29902
   0.26468 -0.04995 -0.29779
   0.27229 -0.05011 -0.29362
   0.27991 -0.05024 -0.29225
   0.28756 -0.05036 -0.28890
   0.29522 -0.05046 -0.28703
   0.30289 -0.05054 -0.28523
   0.31057 -0.05060 -0.28319
   0.31825 -0.05064 -0.28104
   0.32595 -0.05066 -0.27952
   0.33364 -0.05066 -0.27806
   0.34135 -0.05065 -0.27631
   0.34906 -0.05061 -0.27466
   0.35677 -0.05056 -0.27290
   0.36448 -0.05048 -0.27133
   0.37219 -0.05039 -0.26983
   0.37990 -0.05028 -0.26788
   0.38761 -0.05015 -0.26660
   0.39532 -0.05001 -0.26534
   0.40302 -0.04984 -0.26404
   0.41072 -0.04966 -0.26203
   0.41842 -0.04945 -0.26149
   0.42610 -0.04923 -0.26018
   0.43378 -0.04899 -0.25951
   0.44144 -0.04873 -0.25744
   0.44910 -0.04845 -0.25696
   0.45674 -0.04815 -0.25548
   0.46437 -0.04783 -0.25483
   0.47199 -0.04749 -0.25319
   0.47960 -0.04713 -0.25139
   0.48720 -0.04674 -0.25015
   0.49478 -0.04634 -0.24849
   0.50235 -0.04590 -0.24617
   0.50991 -0.04545 -0.24501
   0.51745 -0.04497 -0.24242
   0.52498 -0.04447 -0.24008
   0.53250 -0.04395 -0.23801
   0.54000 -0.04340 -0.23551
   0.54749 -0.04282 -0.23273
   0.55497 -0.04222 -0.22965
   0.56243 -0.04159 -0.22608
   0.56987 -0.04093 -0.22279
   0.57730 -0.04025 -0.21916
   0.58471 -0.03954 -0.21510
   0.59210 -0.03881 -0.21096
   0.59948 -0.03804 -0.20660
   0.60683 -0.03724 -0.20205
   0.61417 -0.03642 -0.19588
   0.62149 -0.03556 -0.19123
   0.62879 -0.03468 -0.18403
   0.63608 -0.03376 -0.17840
   0.64335 -0.03281 -0.17032
   0.65061 -0.03183 -0.16330
   0.65786 -0.03081 -0.15480
   0.66510 -0.02976 -0.14595
   0.67232 -0.02867 -0.13626
   0.67954 -0.02755 -0.12623
   0.68676 -0.02640 -0.11571
   0.69397 -0.02520 -0.10458
   0.70117 -0.02398 -0.09189
   0.70838 -0.02271 -0.07925
   0.71559 -0.02141 -0.06582
   0.72281 -0.02007 -0.05151
   0.73004 -0.01870 -0.03682
   0.73728 -0.01729 -0.02080
   0.74453 -0.01584 -0.00332
   0.75180 -0.01436  0.01296
   0.75910 -0.01284  0.03288
   0.76642 -0.01128  0.05087
   0.77378 -0.00969  0.07260
   0.78118 -0.00807  0.09138
   0.78863 -0.00642  0.11479
   0.79611 -0.00475  0.13556
   0.80361 -0.00306  0.15990
   0.81108 -0.00138  0.18275
   0.81847  0.00029  0.20569
   0.82574  0.00191  0.22938
   0.83289  0.00348  0.25133
   0.83991  0.00499  0.27179
   0.84680  0.00644  0.29144
   0.85358  0.00782  0.31081
   0.86023  0.00913  0.32705
   0.86676  0.01036  0.34558
   0.87316  0.01151  0.35972
   0.87944  0.01258  0.37609
   0.88561  0.01356  0.38789
   0.89167  0.01445  0.40008
   0.89763  0.01526  0.41083
   0.90349  0.01599  0.42038
   0.90927  0.01663  0.42815
   0.91493  0.01718  0.43775
   0.92047  0.01765  0.44364
   0.92588  0.01803  0.45184
   0.93120  0.01832  0.45543
   0.93644  0.01853  0.45624
   0.94160  0.01868  0.45914
   0.94662  0.01876  0.46609
   0.95140  0.01879  0.48141
   0.95595  0.01872  0.49108
   0.96030  0.01853  0.49615
   0.96456  0.01820  0.48120
   0.96881  0.01775  0.45365
   0.97308  0.01723  0.42655
   0.97733  0.01672  0.41435
   0.98147  0.01621  0.42748
   0.98549  0.01562  0.43439
   0.98945  0.01488  0.38916
   0.99342  0.01406  0.32446
   0.99738  0.01325  0.29911
   1.00000  0.01271  0.25415
