GRUMMAN K-2 AIRFOIL                             
 Alfa =  -1.06100 Re =        0.000 Xflap,Yflap =     0.000000    0.000000
#    x        y        Cp  
   1.00000  0.01371  0.25410
   0.99740  0.01444  0.09894
   0.99329  0.01549  0.06109
   0.98889  0.01657  0.04549
   0.98423  0.01772  0.00490
   0.97929  0.01890 -0.03019
   0.97409  0.02011 -0.05628
   0.96867  0.02135 -0.08690
   0.96305  0.02259 -0.11357
   0.95727  0.02381 -0.13535
   0.95131  0.02502 -0.15649
   0.94520  0.02620 -0.17173
   0.93893  0.02735 -0.18496
   0.93253  0.02848 -0.19634
   0.92600  0.02957 -0.20361
   0.91932  0.03065 -0.20989
   0.91254  0.03170 -0.21691
   0.90568  0.03272 -0.22575
   0.89876  0.03372 -0.23325
   0.89181  0.03467 -0.24154
   0.88484  0.03559 -0.24765
   0.87782  0.03647 -0.25039
   0.87073  0.03731 -0.25166
   0.86355  0.03812 -0.25291
   0.85628  0.03891 -0.25172
   0.84891  0.03968 -0.25106
   0.84146  0.04044 -0.25108
   0.83396  0.04117 -0.25117
   0.82645  0.04190 -0.25698
   0.81896  0.04260 -0.26206
   0.81149  0.04327 -0.26577
   0.80402  0.04391 -0.26838
   0.79655  0.04452 -0.27100
   0.78909  0.04510 -0.27321
   0.78162  0.04565 -0.27417
   0.77414  0.04617 -0.27377
   0.76665  0.04666 -0.27432
   0.75914  0.04713 -0.27316
   0.75161  0.04756 -0.27146
   0.74405  0.04798 -0.26980
   0.73646  0.04837 -0.26704
   0.72884  0.04874 -0.26468
   0.72118  0.04909 -0.26192
   0.71350  0.04943 -0.25874
   0.70580  0.04974 -0.25703
   0.69806  0.05004 -0.25407
   0.69030  0.05033 -0.25219
   0.68252  0.05060 -0.25016
   0.67473  0.05086 -0.24853
   0.66693  0.05111 -0.24642
   0.65911  0.05135 -0.24526
   0.65129  0.05157 -0.24393
   0.64347  0.05178 -0.24198
   0.63563  0.05197 -0.24098
   0.62779  0.05216 -0.23958
   0.61994  0.05233 -0.23766
   0.61208  0.05249 -0.23722
   0.60421  0.05264 -0.23483
   0.59633  0.05278 -0.23414
   0.58846  0.05291 -0.23303
   0.58058  0.05303 -0.23253
   0.57270  0.05314 -0.23141
   0.56482  0.05324 -0.23062
   0.55693  0.05333 -0.22967
   0.54904  0.05340 -0.22915
   0.54115  0.05347 -0.22784
   0.53326  0.05353 -0.22764
   0.52537  0.05358 -0.22640
   0.51748  0.05361 -0.22565
   0.50958  0.05364 -0.22547
   0.50169  0.05366 -0.22399
   0.49380  0.05367 -0.22450
   0.48590  0.05367 -0.22295
   0.47801  0.05366 -0.22347
   0.47012  0.05363 -0.22258
   0.46224  0.05360 -0.22199
   0.45437  0.05356 -0.22151
   0.44650  0.05351 -0.22112
   0.43864  0.05345 -0.22016
   0.43079  0.05338 -0.22010
   0.42295  0.05330 -0.21993
   0.41514  0.05321 -0.21972
   0.40737  0.05312 -0.22052
   0.39966  0.05301 -0.22009
   0.39202  0.05289 -0.22144
   0.38445  0.05276 -0.21868
   0.37694  0.05262 -0.21617
   0.36954  0.05249 -0.21533
   0.36229  0.05236 -0.22270
   0.35524  0.05223 -0.23382
   0.34842  0.05207 -0.24325
   0.34179  0.05185 -0.23458
   0.33530  0.05159 -0.20754
   0.32892  0.05132 -0.18073
   0.32258  0.05111 -0.16706
   0.31625  0.05098 -0.18370
   0.30988  0.05089 -0.21348
   0.30343  0.05078 -0.24124
   0.29682  0.05061 -0.24373
   0.29002  0.05037 -0.23137
   0.28299  0.05009 -0.21962
   0.27579  0.04982 -0.21854
   0.26847  0.04954 -0.22287
   0.26108  0.04924 -0.22505
   0.25361  0.04892 -0.22417
   0.24607  0.04858 -0.22447
   0.23850  0.04823 -0.22573
   0.23092  0.04786 -0.22646
   0.22333  0.04747 -0.22755
   0.21574  0.04707 -0.22837
   0.20817  0.04664 -0.23051
   0.20063  0.04620 -0.23133
   0.19311  0.04574 -0.23248
   0.18563  0.04526 -0.23602
   0.17820  0.04475 -0.23611
   0.17081  0.04423 -0.23780
   0.16349  0.04368 -0.24063
   0.15624  0.04311 -0.24112
   0.14907  0.04251 -0.24404
   0.14200  0.04189 -0.24519
   0.13503  0.04125 -0.24671
   0.12818  0.04059 -0.24804
   0.12147  0.03990 -0.24888
   0.11493  0.03919 -0.24951
   0.10856  0.03847 -0.25021
   0.10240  0.03773 -0.25044
   0.09647  0.03699 -0.25213
   0.09078  0.03624 -0.25461
   0.08537  0.03550 -0.25403
   0.08024  0.03476 -0.26015
   0.07540  0.03403 -0.26278
   0.07085  0.03331 -0.26744
   0.06658  0.03261 -0.28123
   0.06257  0.03190 -0.28287
   0.05879  0.03120 -0.29519
   0.05523  0.03050 -0.30040
   0.05189  0.02978 -0.29947
   0.04873  0.02906 -0.29419
   0.04574  0.02833 -0.28405
   0.04291  0.02760 -0.27558
   0.04024  0.02687 -0.26139
   0.03771  0.02615 -0.25013
   0.03531  0.02543 -0.24314
   0.03305  0.02471 -0.21887
   0.03089  0.02399 -0.18916
   0.02884  0.02329 -0.16598
   0.02688  0.02260 -0.15121
   0.02502  0.02195 -0.15057
   0.02326  0.02131 -0.15015
   0.02159  0.02067 -0.15028
   0.02000  0.02005 -0.14563
   0.01849  0.01942 -0.13617
   0.01706  0.01880 -0.11906
   0.01569  0.01817 -0.09334
   0.01439  0.01754 -0.07193
   0.01314  0.01692 -0.04965
   0.01194  0.01630 -0.03049
   0.01080  0.01568 -0.01274
   0.00971  0.01507  0.00391
   0.00867  0.01445  0.02729
   0.00767  0.01383  0.04250
   0.00672  0.01321  0.06439
   0.00581  0.01258  0.08173
   0.00495  0.01194  0.10963
   0.00414  0.01128  0.12945
   0.00338  0.01061  0.15292
   0.00268  0.00990  0.18192
   0.00207  0.00914  0.29391
   0.00154  0.00835  0.38441
   0.00111  0.00752  0.50768
   0.00078  0.00665  0.64848
   0.00053  0.00577  0.76316
   0.00035  0.00489  0.84705
   0.00022  0.00400  0.90447
   0.00012  0.00312  0.94728
   0.00005  0.00224  0.97390
   0.00001  0.00137  0.99075
  -0.00000  0.00051  0.99900
   0.00001 -0.00034  0.99923
   0.00004 -0.00120  0.99221
   0.00010 -0.00206  0.97774
   0.00020 -0.00292  0.96352
   0.00027 -0.00380  0.92716
   0.00039 -0.00468  0.89703
   0.00054 -0.00556  0.85348
   0.00072 -0.00645  0.79970
   0.00092 -0.00735  0.73943
   0.00115 -0.00824  0.66810
   0.00142 -0.00914  0.57693
   0.00173 -0.01004  0.47535
   0.00207 -0.01094  0.35879
   0.00247 -0.01182  0.19484
   0.00292 -0.01269  0.11523
   0.00342 -0.01356 -0.20777
   0.00402 -0.01437 -0.27292
   0.00470 -0.01514 -0.37992
   0.00546 -0.01587 -0.41926
   0.00629 -0.01657 -0.45225
   0.00717 -0.01724 -0.46788
   0.00811 -0.01789 -0.48693
   0.00910 -0.01851 -0.48921
   0.01015 -0.01912 -0.48898
   0.01125 -0.01971 -0.49217
   0.01240 -0.02029 -0.48780
   0.01361 -0.02086 -0.48470
   0.01488 -0.02142 -0.47995
   0.01621 -0.02198 -0.46804
   0.01761 -0.02253 -0.46255
   0.01908 -0.02307 -0.44920
   0.02063 -0.02362 -0.44621
   0.02226 -0.02417 -0.43544
   0.02397 -0.02472 -0.42239
   0.02579 -0.02528 -0.41685
   0.02770 -0.02584 -0.40816
   0.02973 -0.02641 -0.40196
   0.03189 -0.02700 -0.39575
   0.03419 -0.02759 -0.39082
   0.03663 -0.02820 -0.38158
   0.03924 -0.02882 -0.37641
   0.04203 -0.02945 -0.36704
   0.04502 -0.03011 -0.36167
   0.04822 -0.03078 -0.35708
   0.05165 -0.03148 -0.35488
   0.05533 -0.03220 -0.35156
   0.05925 -0.03293 -0.34956
   0.06344 -0.03368 -0.34586
   0.06789 -0.03445 -0.34480
   0.07262 -0.03522 -0.34100
   0.07761 -0.03600 -0.34045
   0.08288 -0.03679 -0.33801
   0.08842 -0.03758 -0.33562
   0.09419 -0.03836 -0.33342
   0.10019 -0.03914 -0.33217
   0.10638 -0.03991 -0.33204
   0.11276 -0.04065 -0.33177
   0.11929 -0.04138 -0.33164
   0.12594 -0.04208 -0.33093
   0.13272 -0.04276 -0.33045
   0.13959 -0.04340 -0.32957
   0.14656 -0.04401 -0.32702
   0.15362 -0.04460 -0.32581
   0.16075 -0.04515 -0.32239
   0.16794 -0.04567 -0.32058
   0.17519 -0.04616 -0.31766
   0.18248 -0.04663 -0.31605
   0.18981 -0.04706 -0.31423
   0.19717 -0.04747 -0.31321
   0.20456 -0.04785 -0.30936
   0.21197 -0.04820 -0.30880
   0.21942 -0.04852 -0.30500
   0.22690 -0.04882 -0.30272
   0.23441 -0.04909 -0.29828
   0.24195 -0.04934 -0.29643
   0.24951 -0.04956 -0.29463
   0.25708 -0.04977 -0.29162
   0.26468 -0.04995 -0.29055
   0.27229 -0.05011 -0.28653
   0.27991 -0.05024 -0.28531
   0.28756 -0.05036 -0.28210
   0.29522 -0.05046 -0.28036
   0.30289 -0.05054 -0.27869
   0.31057 -0.05060 -0.27678
   0.31825 -0.05064 -0.27475
   0.32595 -0.05066 -0.27336
   0.33364 -0.05066 -0.27201
   0.34135 -0.05065 -0.27037
   0.34906 -0.05061 -0.26882
   0.35677 -0.05056 -0.26718
   0.36448 -0.05048 -0.26572
   0.37219 -0.05039 -0.26429
   0.37990 -0.05028 -0.26246
   0.38761 -0.05015 -0.26126
   0.39532 -0.05001 -0.26011
   0.40302 -0.04984 -0.25889
   0.41072 -0.04966 -0.25696
   0.41842 -0.04945 -0.25651
   0.42610 -0.04923 -0.25530
   0.43378 -0.04899 -0.25470
   0.44144 -0.04873 -0.25271
   0.44910 -0.04845 -0.25232
   0.45674 -0.04815 -0.25091
   0.46437 -0.04783 -0.25034
   0.47199 -0.04749 -0.24877
   0.47960 -0.04713 -0.24705
   0.48720 -0.04674 -0.24589
   0.49478 -0.04634 -0.24429
   0.50235 -0.04590 -0.24204
   0.50991 -0.04545 -0.24097
   0.51745 -0.04497 -0.23843
   0.52498 -0.04447 -0.23617
   0.53250 -0.04395 -0.23417
   0.54000 -0.04340 -0.23174
   0.54749 -0.04282 -0.22902
   0.55497 -0.04222 -0.22601
   0.56243 -0.04159 -0.22251
   0.56987 -0.04093 -0.21928
   0.57730 -0.04025 -0.21572
   0.58471 -0.03954 -0.21174
   0.59210 -0.03881 -0.20765
   0.59948 -0.03804 -0.20336
   0.60683 -0.03724 -0.19887
   0.61417 -0.03642 -0.19277
   0.62149 -0.03556 -0.18819
   0.62879 -0.03468 -0.18106
   0.63608 -0.03376 -0.17550
   0.64335 -0.03281 -0.16747
   0.65061 -0.03183 -0.16053
   0.65786 -0.03081 -0.15209
   0.66510 -0.02976 -0.14331
   0.67232 -0.02867 -0.13370
   0.67954 -0.02755 -0.12374
   0.68676 -0.02640 -0.11327
   0.69397 -0.02520 -0.10222
   0.70117 -0.02398 -0.08959
   0.70838 -0.02271 -0.07703
   0.71559 -0.02141 -0.06367
   0.72281 -0.02007 -0.04942
   0.73004 -0.01870 -0.03480
   0.73728 -0.01729 -0.01886
   0.74453 -0.01584 -0.00147
   0.75180 -0.01436  0.01477
   0.75910 -0.01284  0.03462
   0.76642 -0.01128  0.05251
   0.77378 -0.00969  0.07418
   0.78118 -0.00807  0.09290
   0.78863 -0.00642  0.11624
   0.79611 -0.00475  0.13693
   0.80361 -0.00306  0.16120
   0.81108 -0.00138  0.18398
   0.81847  0.00029  0.20687
   0.82574  0.00191  0.23048
   0.83289  0.00348  0.25238
   0.83991  0.00499  0.27278
   0.84680  0.00644  0.29238
   0.85358  0.00782  0.31171
   0.86023  0.00913  0.32790
   0.86676  0.01036  0.34637
   0.87316  0.01151  0.36051
   0.87944  0.01258  0.37680
   0.88561  0.01356  0.38857
   0.89167  0.01445  0.40074
   0.89763  0.01526  0.41144
   0.90349  0.01599  0.42098
   0.90927  0.01663  0.42872
   0.91493  0.01718  0.43827
   0.92047  0.01765  0.44419
   0.92588  0.01803  0.45231
   0.93120  0.01832  0.45591
   0.93644  0.01853  0.45669
   0.94160  0.01868  0.45956
   0.94662  0.01876  0.46653
   0.95140  0.01879  0.48179
   0.95595  0.01872  0.49146
   0.96030  0.01853  0.49649
   0.96456  0.01820  0.48153
   0.96881  0.01775  0.45400
   0.97308  0.01723  0.42688
   0.97733  0.01672  0.41467
   0.98147  0.01621  0.42776
   0.98549  0.01562  0.43463
   0.98945  0.01488  0.38941
   0.99342  0.01406  0.32471
   0.99738  0.01325  0.29932
   1.00000  0.01271  0.25410
