GRUMMAN K-2 AIRFOIL                             
 Alfa =  -1.21700 Re =        0.000 Xflap,Yflap =     0.000000    0.000000
#    x        y        Cp  
   1.00000  0.01371  0.25418
   0.99740  0.01444  0.09913
   0.99329  0.01549  0.06135
   0.98889  0.01657  0.04594
   0.98423  0.01772  0.00551
   0.97929  0.01890 -0.02948
   0.97409  0.02011 -0.05549
   0.96867  0.02135 -0.08594
   0.96305  0.02259 -0.11251
   0.95727  0.02381 -0.13420
   0.95131  0.02502 -0.15518
   0.94520  0.02620 -0.17031
   0.93893  0.02735 -0.18342
   0.93253  0.02848 -0.19469
   0.92600  0.02957 -0.20190
   0.91932  0.03065 -0.20802
   0.91254  0.03170 -0.21499
   0.90568  0.03272 -0.22368
   0.89876  0.03372 -0.23114
   0.89181  0.03467 -0.23929
   0.88484  0.03559 -0.24530
   0.87782  0.03647 -0.24797
   0.87073  0.03731 -0.24914
   0.86355  0.03812 -0.25030
   0.85628  0.03891 -0.24908
   0.84891  0.03968 -0.24826
   0.84146  0.04044 -0.24824
   0.83396  0.04117 -0.24822
   0.82645  0.04190 -0.25397
   0.81896  0.04260 -0.25893
   0.81149  0.04327 -0.26254
   0.80402  0.04391 -0.26510
   0.79655  0.04452 -0.26758
   0.78909  0.04510 -0.26978
   0.78162  0.04565 -0.27057
   0.77414  0.04617 -0.27013
   0.76665  0.04666 -0.27056
   0.75914  0.04713 -0.26936
   0.75161  0.04756 -0.26758
   0.74405  0.04798 -0.26588
   0.73646  0.04837 -0.26299
   0.72884  0.04874 -0.26059
   0.72118  0.04909 -0.25775
   0.71350  0.04943 -0.25447
   0.70580  0.04974 -0.25270
   0.69806  0.05004 -0.24971
   0.69030  0.05033 -0.24770
   0.68252  0.05060 -0.24564
   0.67473  0.05086 -0.24389
   0.66693  0.05111 -0.24172
   0.65911  0.05135 -0.24051
   0.65129  0.05157 -0.23906
   0.64347  0.05178 -0.23704
   0.63563  0.05197 -0.23597
   0.62779  0.05216 -0.23449
   0.61994  0.05233 -0.23246
   0.61208  0.05249 -0.23198
   0.60421  0.05264 -0.22949
   0.59633  0.05278 -0.22870
   0.58846  0.05291 -0.22752
   0.58058  0.05303 -0.22693
   0.57270  0.05314 -0.22573
   0.56482  0.05324 -0.22486
   0.55693  0.05333 -0.22381
   0.54904  0.05340 -0.22320
   0.54115  0.05347 -0.22180
   0.53326  0.05353 -0.22150
   0.52537  0.05358 -0.22018
   0.51748  0.05361 -0.21931
   0.50958  0.05364 -0.21905
   0.50169  0.05366 -0.21747
   0.49380  0.05367 -0.21787
   0.48590  0.05367 -0.21624
   0.47801  0.05366 -0.21664
   0.47012  0.05363 -0.21565
   0.46224  0.05360 -0.21494
   0.45437  0.05356 -0.21436
   0.44650  0.05351 -0.21386
   0.43864  0.05345 -0.21280
   0.43079  0.05338 -0.21261
   0.42295  0.05330 -0.21233
   0.41514  0.05321 -0.21200
   0.40737  0.05312 -0.21267
   0.39966  0.05301 -0.21210
   0.39202  0.05289 -0.21334
   0.38445  0.05276 -0.21044
   0.37694  0.05262 -0.20784
   0.36954  0.05249 -0.20687
   0.36229  0.05236 -0.21406
   0.35524  0.05223 -0.22495
   0.34842  0.05207 -0.23420
   0.34179  0.05185 -0.22545
   0.33530  0.05159 -0.19848
   0.32892  0.05132 -0.17176
   0.32258  0.05111 -0.15805
   0.31625  0.05098 -0.17444
   0.30988  0.05089 -0.20385
   0.30343  0.05078 -0.23123
   0.29682  0.05061 -0.23356
   0.29002  0.05037 -0.22113
   0.28299  0.05009 -0.20931
   0.27579  0.04982 -0.20805
   0.26847  0.04954 -0.21215
   0.26108  0.04924 -0.21411
   0.25361  0.04892 -0.21302
   0.24607  0.04858 -0.21310
   0.23850  0.04823 -0.21412
   0.23092  0.04786 -0.21459
   0.22333  0.04747 -0.21542
   0.21574  0.04707 -0.21597
   0.20817  0.04664 -0.21781
   0.20063  0.04620 -0.21833
   0.19311  0.04574 -0.21916
   0.18563  0.04526 -0.22234
   0.17820  0.04475 -0.22210
   0.17081  0.04423 -0.22341
   0.16349  0.04368 -0.22583
   0.15624  0.04311 -0.22592
   0.14907  0.04251 -0.22839
   0.14200  0.04189 -0.22908
   0.13503  0.04125 -0.23012
   0.12818  0.04059 -0.23094
   0.12147  0.03990 -0.23125
   0.11493  0.03919 -0.23133
   0.10856  0.03847 -0.23145
   0.10240  0.03773 -0.23107
   0.09647  0.03699 -0.23211
   0.09078  0.03624 -0.23389
   0.08537  0.03550 -0.23262
   0.08024  0.03476 -0.23794
   0.07540  0.03403 -0.23977
   0.07085  0.03331 -0.24360
   0.06658  0.03261 -0.25633
   0.06257  0.03190 -0.25714
   0.05879  0.03120 -0.26834
   0.05523  0.03050 -0.27258
   0.05189  0.02978 -0.27075
   0.04873  0.02906 -0.26465
   0.04574  0.02833 -0.25377
   0.04291  0.02760 -0.24451
   0.04024  0.02687 -0.22966
   0.03771  0.02615 -0.21764
   0.03531  0.02543 -0.20974
   0.03305  0.02471 -0.18503
   0.03089  0.02399 -0.15501
   0.02884  0.02329 -0.13140
   0.02688  0.02260 -0.11587
   0.02502  0.02195 -0.11404
   0.02326  0.02131 -0.11234
   0.02159  0.02067 -0.11114
   0.02000  0.02005 -0.10522
   0.01849  0.01942 -0.09457
   0.01706  0.01880 -0.07655
   0.01569  0.01817 -0.05014
   0.01439  0.01754 -0.02793
   0.01314  0.01692 -0.00475
   0.01194  0.01630  0.01551
   0.01080  0.01568  0.03451
   0.00971  0.01507  0.05248
   0.00867  0.01445  0.07715
   0.00767  0.01383  0.09402
   0.00672  0.01321  0.11762
   0.00581  0.01258  0.13703
   0.00495  0.01194  0.16684
   0.00414  0.01128  0.18923
   0.00338  0.01061  0.21584
   0.00268  0.00990  0.24804
   0.00207  0.00914  0.35697
   0.00154  0.00835  0.44566
   0.00111  0.00752  0.56326
   0.00078  0.00665  0.69413
   0.00053  0.00577  0.79913
   0.00035  0.00489  0.87475
   0.00022  0.00400  0.92554
   0.00012  0.00312  0.96229
   0.00005  0.00224  0.98392
   0.00001  0.00137  0.99616
  -0.00000  0.00051  0.99999
   0.00001 -0.00034  0.99626
   0.00004 -0.00120  0.98520
   0.00010 -0.00206  0.96647
   0.00020 -0.00292  0.95066
   0.00027 -0.00380  0.90760
   0.00039 -0.00468  0.87488
   0.00054 -0.00556  0.82713
   0.00072 -0.00645  0.76892
   0.00092 -0.00735  0.70436
   0.00115 -0.00824  0.62846
   0.00142 -0.00914  0.53188
   0.00173 -0.01004  0.42473
   0.00207 -0.01094  0.30257
   0.00247 -0.01182  0.13036
   0.00292 -0.01269  0.04975
   0.00342 -0.01356 -0.29034
   0.00402 -0.01437 -0.35336
   0.00470 -0.01514 -0.46158
   0.00546 -0.01587 -0.49789
   0.00629 -0.01657 -0.52819
   0.00717 -0.01724 -0.54053
   0.00811 -0.01789 -0.55686
   0.00910 -0.01851 -0.55607
   0.01015 -0.01912 -0.55287
   0.01125 -0.01971 -0.55348
   0.01240 -0.02029 -0.54655
   0.01361 -0.02086 -0.54107
   0.01488 -0.02142 -0.53403
   0.01621 -0.02198 -0.51980
   0.01761 -0.02253 -0.51227
   0.01908 -0.02307 -0.49689
   0.02063 -0.02362 -0.49215
   0.02226 -0.02417 -0.47958
   0.02397 -0.02472 -0.46477
   0.02579 -0.02528 -0.45769
   0.02770 -0.02584 -0.44750
   0.02973 -0.02641 -0.43991
   0.03189 -0.02700 -0.43236
   0.03419 -0.02759 -0.42615
   0.03663 -0.02820 -0.41561
   0.03924 -0.02882 -0.40924
   0.04203 -0.02945 -0.39864
   0.04502 -0.03011 -0.39215
   0.04822 -0.03078 -0.38650
   0.05165 -0.03148 -0.38330
   0.05533 -0.03220 -0.37900
   0.05925 -0.03293 -0.37606
   0.06344 -0.03368 -0.37143
   0.06789 -0.03445 -0.36950
   0.07262 -0.03522 -0.36483
   0.07761 -0.03600 -0.36348
   0.08288 -0.03679 -0.36025
   0.08842 -0.03758 -0.35709
   0.09419 -0.03836 -0.35417
   0.10019 -0.03914 -0.35224
   0.10638 -0.03991 -0.35148
   0.11276 -0.04065 -0.35061
   0.11929 -0.04138 -0.34992
   0.12594 -0.04208 -0.34866
   0.13272 -0.04276 -0.34767
   0.13959 -0.04340 -0.34630
   0.14656 -0.04401 -0.34326
   0.15362 -0.04460 -0.34160
   0.16075 -0.04515 -0.33775
   0.16794 -0.04567 -0.33553
   0.17519 -0.04616 -0.33220
   0.18248 -0.04663 -0.33023
   0.18981 -0.04706 -0.32806
   0.19717 -0.04747 -0.32669
   0.20456 -0.04785 -0.32252
   0.21197 -0.04820 -0.32166
   0.21942 -0.04852 -0.31755
   0.22690 -0.04882 -0.31498
   0.23441 -0.04909 -0.31025
   0.24195 -0.04934 -0.30814
   0.24951 -0.04956 -0.30609
   0.25708 -0.04977 -0.30283
   0.26468 -0.04995 -0.30152
   0.27229 -0.05011 -0.29727
   0.27991 -0.05024 -0.29583
   0.28756 -0.05036 -0.29240
   0.29522 -0.05046 -0.29046
   0.30289 -0.05054 -0.28859
   0.31057 -0.05060 -0.28649
   0.31825 -0.05064 -0.28428
   0.32595 -0.05066 -0.28269
   0.33364 -0.05066 -0.28118
   0.34135 -0.05065 -0.27937
   0.34906 -0.05061 -0.27766
   0.35677 -0.05056 -0.27585
   0.36448 -0.05048 -0.27422
   0.37219 -0.05039 -0.27268
   0.37990 -0.05028 -0.27067
   0.38761 -0.05015 -0.26935
   0.39532 -0.05001 -0.26804
   0.40302 -0.04984 -0.26669
   0.41072 -0.04966 -0.26463
   0.41842 -0.04945 -0.26404
   0.42610 -0.04923 -0.26270
   0.43378 -0.04899 -0.26198
   0.44144 -0.04873 -0.25988
   0.44910 -0.04845 -0.25935
   0.45674 -0.04815 -0.25783
   0.46437 -0.04783 -0.25714
   0.47199 -0.04749 -0.25546
   0.47960 -0.04713 -0.25363
   0.48720 -0.04674 -0.25235
   0.49478 -0.04634 -0.25065
   0.50235 -0.04590 -0.24829
   0.50991 -0.04545 -0.24709
   0.51745 -0.04497 -0.24448
   0.52498 -0.04447 -0.24209
   0.53250 -0.04395 -0.23999
   0.54000 -0.04340 -0.23745
   0.54749 -0.04282 -0.23463
   0.55497 -0.04222 -0.23152
   0.56243 -0.04159 -0.22791
   0.56987 -0.04093 -0.22459
   0.57730 -0.04025 -0.22093
   0.58471 -0.03954 -0.21683
   0.59210 -0.03881 -0.21266
   0.59948 -0.03804 -0.20826
   0.60683 -0.03724 -0.20369
   0.61417 -0.03642 -0.19748
   0.62149 -0.03556 -0.19279
   0.62879 -0.03468 -0.18556
   0.63608 -0.03376 -0.17989
   0.64335 -0.03281 -0.17178
   0.65061 -0.03183 -0.16472
   0.65786 -0.03081 -0.15619
   0.66510 -0.02976 -0.14731
   0.67232 -0.02867 -0.13758
   0.67954 -0.02755 -0.12750
   0.68676 -0.02640 -0.11697
   0.69397 -0.02520 -0.10580
   0.70117 -0.02398 -0.09307
   0.70838 -0.02271 -0.08039
   0.71559 -0.02141 -0.06692
   0.72281 -0.02007 -0.05258
   0.73004 -0.01870 -0.03786
   0.73728 -0.01729 -0.02180
   0.74453 -0.01584 -0.00427
   0.75180 -0.01436  0.01203
   0.75910 -0.01284  0.03199
   0.76642 -0.01128  0.05003
   0.77378 -0.00969  0.07179
   0.78118 -0.00807  0.09060
   0.78863 -0.00642  0.11405
   0.79611 -0.00475  0.13486
   0.80361 -0.00306  0.15924
   0.81108 -0.00138  0.18212
   0.81847  0.00029  0.20508
   0.82574  0.00191  0.22881
   0.83289  0.00348  0.25079
   0.83991  0.00499  0.27129
   0.84680  0.00644  0.29096
   0.85358  0.00782  0.31035
   0.86023  0.00913  0.32662
   0.86676  0.01036  0.34518
   0.87316  0.01151  0.35932
   0.87944  0.01258  0.37572
   0.88561  0.01356  0.38754
   0.89167  0.01445  0.39974
   0.89763  0.01526  0.41052
   0.90349  0.01599  0.42007
   0.90927  0.01663  0.42786
   0.91493  0.01718  0.43748
   0.92047  0.01765  0.44336
   0.92588  0.01803  0.45159
   0.93120  0.01832  0.45519
   0.93644  0.01853  0.45601
   0.94160  0.01868  0.45892
   0.94662  0.01876  0.46587
   0.95140  0.01879  0.48122
   0.95595  0.01872  0.49089
   0.96030  0.01853  0.49597
   0.96456  0.01820  0.48104
   0.96881  0.01775  0.45347
   0.97308  0.01723  0.42638
   0.97733  0.01672  0.41418
   0.98147  0.01621  0.42734
   0.98549  0.01562  0.43426
   0.98945  0.01488  0.38903
   0.99342  0.01406  0.32433
   0.99738  0.01325  0.29901
   1.00000  0.01271  0.25418
