GRUMMAN K-2 AIRFOIL                             
 Alfa =  -1.11600 Re =        0.000 Xflap,Yflap =     0.000000    0.000000
#    x        y        Cp  
   1.00000  0.01371  0.25413
   0.99740  0.01444  0.09901
   0.99329  0.01549  0.06118
   0.98889  0.01657  0.04564
   0.98423  0.01772  0.00511
   0.97929  0.01890 -0.02994
   0.97409  0.02011 -0.05600
   0.96867  0.02135 -0.08656
   0.96305  0.02259 -0.11320
   0.95727  0.02381 -0.13495
   0.95131  0.02502 -0.15603
   0.94520  0.02620 -0.17123
   0.93893  0.02735 -0.18442
   0.93253  0.02848 -0.19576
   0.92600  0.02957 -0.20301
   0.91932  0.03065 -0.20923
   0.91254  0.03170 -0.21623
   0.90568  0.03272 -0.22502
   0.89876  0.03372 -0.23251
   0.89181  0.03467 -0.24075
   0.88484  0.03559 -0.24682
   0.87782  0.03647 -0.24954
   0.87073  0.03731 -0.25077
   0.86355  0.03812 -0.25199
   0.85628  0.03891 -0.25079
   0.84891  0.03968 -0.25008
   0.84146  0.04044 -0.25008
   0.83396  0.04117 -0.25013
   0.82645  0.04190 -0.25592
   0.81896  0.04260 -0.26096
   0.81149  0.04327 -0.26463
   0.80402  0.04391 -0.26722
   0.79655  0.04452 -0.26980
   0.78909  0.04510 -0.27200
   0.78162  0.04565 -0.27290
   0.77414  0.04617 -0.27249
   0.76665  0.04666 -0.27300
   0.75914  0.04713 -0.27182
   0.75161  0.04756 -0.27009
   0.74405  0.04798 -0.26842
   0.73646  0.04837 -0.26561
   0.72884  0.04874 -0.26324
   0.72118  0.04909 -0.26045
   0.71350  0.04943 -0.25723
   0.70580  0.04974 -0.25550
   0.69806  0.05004 -0.25254
   0.69030  0.05033 -0.25061
   0.68252  0.05060 -0.24857
   0.67473  0.05086 -0.24690
   0.66693  0.05111 -0.24476
   0.65911  0.05135 -0.24359
   0.65129  0.05157 -0.24221
   0.64347  0.05178 -0.24024
   0.63563  0.05197 -0.23921
   0.62779  0.05216 -0.23779
   0.61994  0.05233 -0.23583
   0.61208  0.05249 -0.23537
   0.60421  0.05264 -0.23295
   0.59633  0.05278 -0.23222
   0.58846  0.05291 -0.23109
   0.58058  0.05303 -0.23056
   0.57270  0.05314 -0.22940
   0.56482  0.05324 -0.22859
   0.55693  0.05333 -0.22760
   0.54904  0.05340 -0.22705
   0.54115  0.05347 -0.22571
   0.53326  0.05353 -0.22547
   0.52537  0.05358 -0.22421
   0.51748  0.05361 -0.22341
   0.50958  0.05364 -0.22321
   0.50169  0.05366 -0.22169
   0.49380  0.05367 -0.22216
   0.48590  0.05367 -0.22058
   0.47801  0.05366 -0.22106
   0.47012  0.05363 -0.22014
   0.46224  0.05360 -0.21951
   0.45437  0.05356 -0.21899
   0.44650  0.05351 -0.21856
   0.43864  0.05345 -0.21756
   0.43079  0.05338 -0.21746
   0.42295  0.05330 -0.21725
   0.41514  0.05321 -0.21700
   0.40737  0.05312 -0.21775
   0.39966  0.05301 -0.21727
   0.39202  0.05289 -0.21859
   0.38445  0.05276 -0.21577
   0.37694  0.05262 -0.21323
   0.36954  0.05249 -0.21235
   0.36229  0.05236 -0.21965
   0.35524  0.05223 -0.23070
   0.34842  0.05207 -0.24006
   0.34179  0.05185 -0.23136
   0.33530  0.05159 -0.20435
   0.32892  0.05132 -0.17757
   0.32258  0.05111 -0.16388
   0.31625  0.05098 -0.18043
   0.30988  0.05089 -0.21008
   0.30343  0.05078 -0.23771
   0.29682  0.05061 -0.24014
   0.29002  0.05037 -0.22776
   0.28299  0.05009 -0.21598
   0.27579  0.04982 -0.21484
   0.26847  0.04954 -0.21908
   0.26108  0.04924 -0.22119
   0.25361  0.04892 -0.22024
   0.24607  0.04858 -0.22045
   0.23850  0.04823 -0.22163
   0.23092  0.04786 -0.22227
   0.22333  0.04747 -0.22327
   0.21574  0.04707 -0.22399
   0.20817  0.04664 -0.22603
   0.20063  0.04620 -0.22674
   0.19311  0.04574 -0.22778
   0.18563  0.04526 -0.23119
   0.17820  0.04475 -0.23116
   0.17081  0.04423 -0.23272
   0.16349  0.04368 -0.23541
   0.15624  0.04311 -0.23576
   0.14907  0.04251 -0.23852
   0.14200  0.04189 -0.23950
   0.13503  0.04125 -0.24085
   0.12818  0.04059 -0.24200
   0.12147  0.03990 -0.24265
   0.11493  0.03919 -0.24309
   0.10856  0.03847 -0.24358
   0.10240  0.03773 -0.24360
   0.09647  0.03699 -0.24506
   0.09078  0.03624 -0.24729
   0.08537  0.03550 -0.24646
   0.08024  0.03476 -0.25230
   0.07540  0.03403 -0.25464
   0.07085  0.03331 -0.25901
   0.06658  0.03261 -0.27243
   0.06257  0.03190 -0.27377
   0.05879  0.03120 -0.28569
   0.05523  0.03050 -0.29056
   0.05189  0.02978 -0.28931
   0.04873  0.02906 -0.28373
   0.04574  0.02833 -0.27333
   0.04291  0.02760 -0.26458
   0.04024  0.02687 -0.25016
   0.03771  0.02615 -0.23863
   0.03531  0.02543 -0.23131
   0.03305  0.02471 -0.20688
   0.03089  0.02399 -0.17707
   0.02884  0.02329 -0.15373
   0.02688  0.02260 -0.13869
   0.02502  0.02195 -0.13763
   0.02326  0.02131 -0.13675
   0.02159  0.02067 -0.13640
   0.02000  0.02005 -0.13130
   0.01849  0.01942 -0.12142
   0.01706  0.01880 -0.10398
   0.01569  0.01817 -0.07801
   0.01439  0.01754 -0.05631
   0.01314  0.01692 -0.03371
   0.01194  0.01630 -0.01416
   0.01080  0.01568  0.00405
   0.00971  0.01507  0.02117
   0.00867  0.01445  0.04502
   0.00767  0.01383  0.06082
   0.00672  0.01321  0.08333
   0.00581  0.01258  0.10142
   0.00495  0.01194  0.13002
   0.00414  0.01128  0.15077
   0.00338  0.01061  0.17538
   0.00268  0.00990  0.20555
   0.00207  0.00914  0.31648
   0.00154  0.00835  0.40637
   0.00111  0.00752  0.52766
   0.00078  0.00665  0.66494
   0.00053  0.00577  0.77618
   0.00035  0.00489  0.85713
   0.00022  0.00400  0.91220
   0.00012  0.00312  0.95285
   0.00005  0.00224  0.97770
   0.00001  0.00137  0.99293
  -0.00000  0.00051  0.99961
   0.00001 -0.00034  0.99844
   0.00004 -0.00120  0.98999
   0.00010 -0.00206  0.97403
   0.00020 -0.00292  0.95920
   0.00027 -0.00380  0.92053
   0.00039 -0.00468  0.88946
   0.00054 -0.00556  0.84444
   0.00072 -0.00645  0.78910
   0.00092 -0.00735  0.72732
   0.00115 -0.00824  0.65438
   0.00142 -0.00914  0.56130
   0.00173 -0.01004  0.45776
   0.00207 -0.01094  0.33924
   0.00247 -0.01182  0.17239
   0.00292 -0.01269  0.09241
   0.00342 -0.01356 -0.23657
   0.00402 -0.01437 -0.30100
   0.00470 -0.01514 -0.40845
   0.00546 -0.01587 -0.44674
   0.00629 -0.01657 -0.47880
   0.00717 -0.01724 -0.49330
   0.00811 -0.01789 -0.51140
   0.00910 -0.01851 -0.51262
   0.01015 -0.01912 -0.51136
   0.01125 -0.01971 -0.51365
   0.01240 -0.02029 -0.50838
   0.01361 -0.02086 -0.50446
   0.01488 -0.02142 -0.49891
   0.01621 -0.02198 -0.48619
   0.01761 -0.02253 -0.47999
   0.01908 -0.02307 -0.46593
   0.02063 -0.02362 -0.46233
   0.02226 -0.02417 -0.45093
   0.02397 -0.02472 -0.43726
   0.02579 -0.02528 -0.43119
   0.02770 -0.02584 -0.42197
   0.02973 -0.02641 -0.41529
   0.03189 -0.02700 -0.40861
   0.03419 -0.02759 -0.40323
   0.03663 -0.02820 -0.39353
   0.03924 -0.02882 -0.38794
   0.04203 -0.02945 -0.37814
   0.04502 -0.03011 -0.37238
   0.04822 -0.03078 -0.36742
   0.05165 -0.03148 -0.36487
   0.05533 -0.03220 -0.36120
   0.05925 -0.03293 -0.35887
   0.06344 -0.03368 -0.35485
   0.06789 -0.03445 -0.35349
   0.07262 -0.03522 -0.34938
   0.07761 -0.03600 -0.34855
   0.08288 -0.03679 -0.34583
   0.08842 -0.03758 -0.34317
   0.09419 -0.03836 -0.34072
   0.10019 -0.03914 -0.33923
   0.10638 -0.03991 -0.33888
   0.11276 -0.04065 -0.33840
   0.11929 -0.04138 -0.33807
   0.12594 -0.04208 -0.33717
   0.13272 -0.04276 -0.33651
   0.13959 -0.04340 -0.33546
   0.14656 -0.04401 -0.33274
   0.15362 -0.04460 -0.33137
   0.16075 -0.04515 -0.32780
   0.16794 -0.04567 -0.32584
   0.17519 -0.04616 -0.32278
   0.18248 -0.04663 -0.32104
   0.18981 -0.04706 -0.31910
   0.19717 -0.04747 -0.31795
   0.20456 -0.04785 -0.31400
   0.21197 -0.04820 -0.31333
   0.21942 -0.04852 -0.30942
   0.22690 -0.04882 -0.30703
   0.23441 -0.04909 -0.30250
   0.24195 -0.04934 -0.30056
   0.24951 -0.04956 -0.29866
   0.25708 -0.04977 -0.29557
   0.26468 -0.04995 -0.29441
   0.27229 -0.05011 -0.29031
   0.27991 -0.05024 -0.28902
   0.28756 -0.05036 -0.28573
   0.29522 -0.05046 -0.28392
   0.30289 -0.05054 -0.28218
   0.31057 -0.05060 -0.28020
   0.31825 -0.05064 -0.27811
   0.32595 -0.05066 -0.27665
   0.33364 -0.05066 -0.27524
   0.34135 -0.05065 -0.27354
   0.34906 -0.05061 -0.27194
   0.35677 -0.05056 -0.27024
   0.36448 -0.05048 -0.26871
   0.37219 -0.05039 -0.26725
   0.37990 -0.05028 -0.26536
   0.38761 -0.05015 -0.26411
   0.39532 -0.05001 -0.26291
   0.40302 -0.04984 -0.26164
   0.41072 -0.04966 -0.25967
   0.41842 -0.04945 -0.25917
   0.42610 -0.04923 -0.25791
   0.43378 -0.04899 -0.25727
   0.44144 -0.04873 -0.25524
   0.44910 -0.04845 -0.25480
   0.45674 -0.04815 -0.25335
   0.46437 -0.04783 -0.25274
   0.47199 -0.04749 -0.25113
   0.47960 -0.04713 -0.24937
   0.48720 -0.04674 -0.24816
   0.49478 -0.04634 -0.24653
   0.50235 -0.04590 -0.24424
   0.50991 -0.04545 -0.24313
   0.51745 -0.04497 -0.24056
   0.52498 -0.04447 -0.23826
   0.53250 -0.04395 -0.23622
   0.54000 -0.04340 -0.23375
   0.54749 -0.04282 -0.23100
   0.55497 -0.04222 -0.22795
   0.56243 -0.04159 -0.22442
   0.56987 -0.04093 -0.22115
   0.57730 -0.04025 -0.21756
   0.58471 -0.03954 -0.21354
   0.59210 -0.03881 -0.20942
   0.59948 -0.03804 -0.20509
   0.60683 -0.03724 -0.20057
   0.61417 -0.03642 -0.19443
   0.62149 -0.03556 -0.18981
   0.62879 -0.03468 -0.18265
   0.63608 -0.03376 -0.17705
   0.64335 -0.03281 -0.16899
   0.65061 -0.03183 -0.16201
   0.65786 -0.03081 -0.15354
   0.66510 -0.02976 -0.14472
   0.67232 -0.02867 -0.13507
   0.67954 -0.02755 -0.12507
   0.68676 -0.02640 -0.11457
   0.69397 -0.02520 -0.10349
   0.70117 -0.02398 -0.09082
   0.70838 -0.02271 -0.07822
   0.71559 -0.02141 -0.06482
   0.72281 -0.02007 -0.05054
   0.73004 -0.01870 -0.03588
   0.73728 -0.01729 -0.01989
   0.74453 -0.01584 -0.00246
   0.75180 -0.01436  0.01381
   0.75910 -0.01284  0.03369
   0.76642 -0.01128  0.05164
   0.77378 -0.00969  0.07333
   0.78118 -0.00807  0.09209
   0.78863 -0.00642  0.11547
   0.79611 -0.00475  0.13620
   0.80361 -0.00306  0.16051
   0.81108 -0.00138  0.18332
   0.81847  0.00029  0.20624
   0.82574  0.00191  0.22989
   0.83289  0.00348  0.25182
   0.83991  0.00499  0.27225
   0.84680  0.00644  0.29187
   0.85358  0.00782  0.31123
   0.86023  0.00913  0.32745
   0.86676  0.01036  0.34595
   0.87316  0.01151  0.36009
   0.87944  0.01258  0.37642
   0.88561  0.01356  0.38821
   0.89167  0.01445  0.40039
   0.89763  0.01526  0.41112
   0.90349  0.01599  0.42066
   0.90927  0.01663  0.42842
   0.91493  0.01718  0.43799
   0.92047  0.01765  0.44390
   0.92588  0.01803  0.45206
   0.93120  0.01832  0.45566
   0.93644  0.01853  0.45645
   0.94160  0.01868  0.45934
   0.94662  0.01876  0.46630
   0.95140  0.01879  0.48159
   0.95595  0.01872  0.49126
   0.96030  0.01853  0.49631
   0.96456  0.01820  0.48135
   0.96881  0.01775  0.45381
   0.97308  0.01723  0.42670
   0.97733  0.01672  0.41450
   0.98147  0.01621  0.42761
   0.98549  0.01562  0.43450
   0.98945  0.01488  0.38928
   0.99342  0.01406  0.32458
   0.99738  0.01325  0.29921
   1.00000  0.01271  0.25413
