GRUMMAN K-2 AIRFOIL                             
 Alfa =  -1.03900 Re =        0.000 Xflap,Yflap =     0.000000    0.000000
#    x        y        Cp  
   1.00000  0.01371  0.25409
   0.99740  0.01444  0.09891
   0.99329  0.01549  0.06105
   0.98889  0.01657  0.04542
   0.98423  0.01772  0.00481
   0.97929  0.01890 -0.03029
   0.97409  0.02011 -0.05639
   0.96867  0.02135 -0.08703
   0.96305  0.02259 -0.11372
   0.95727  0.02381 -0.13552
   0.95131  0.02502 -0.15667
   0.94520  0.02620 -0.17193
   0.93893  0.02735 -0.18517
   0.93253  0.02848 -0.19657
   0.92600  0.02957 -0.20385
   0.91932  0.03065 -0.21015
   0.91254  0.03170 -0.21717
   0.90568  0.03272 -0.22604
   0.89876  0.03372 -0.23355
   0.89181  0.03467 -0.24186
   0.88484  0.03559 -0.24798
   0.87782  0.03647 -0.25073
   0.87073  0.03731 -0.25201
   0.86355  0.03812 -0.25328
   0.85628  0.03891 -0.25210
   0.84891  0.03968 -0.25145
   0.84146  0.04044 -0.25148
   0.83396  0.04117 -0.25158
   0.82645  0.04190 -0.25740
   0.81896  0.04260 -0.26250
   0.81149  0.04327 -0.26622
   0.80402  0.04391 -0.26884
   0.79655  0.04452 -0.27148
   0.78909  0.04510 -0.27369
   0.78162  0.04565 -0.27467
   0.77414  0.04617 -0.27428
   0.76665  0.04666 -0.27485
   0.75914  0.04713 -0.27369
   0.75161  0.04756 -0.27201
   0.74405  0.04798 -0.27035
   0.73646  0.04837 -0.26761
   0.72884  0.04874 -0.26526
   0.72118  0.04909 -0.26251
   0.71350  0.04943 -0.25934
   0.70580  0.04974 -0.25764
   0.69806  0.05004 -0.25468
   0.69030  0.05033 -0.25282
   0.68252  0.05060 -0.25079
   0.67473  0.05086 -0.24919
   0.66693  0.05111 -0.24708
   0.65911  0.05135 -0.24593
   0.65129  0.05157 -0.24462
   0.64347  0.05178 -0.24267
   0.63563  0.05197 -0.24168
   0.62779  0.05216 -0.24030
   0.61994  0.05233 -0.23839
   0.61208  0.05249 -0.23795
   0.60421  0.05264 -0.23558
   0.59633  0.05278 -0.23490
   0.58846  0.05291 -0.23381
   0.58058  0.05303 -0.23332
   0.57270  0.05314 -0.23221
   0.56482  0.05324 -0.23143
   0.55693  0.05333 -0.23049
   0.54904  0.05340 -0.22999
   0.54115  0.05347 -0.22870
   0.53326  0.05353 -0.22850
   0.52537  0.05358 -0.22728
   0.51748  0.05361 -0.22654
   0.50958  0.05364 -0.22638
   0.50169  0.05366 -0.22491
   0.49380  0.05367 -0.22543
   0.48590  0.05367 -0.22390
   0.47801  0.05366 -0.22443
   0.47012  0.05363 -0.22355
   0.46224  0.05360 -0.22299
   0.45437  0.05356 -0.22252
   0.44650  0.05351 -0.22215
   0.43864  0.05345 -0.22119
   0.43079  0.05338 -0.22116
   0.42295  0.05330 -0.22100
   0.41514  0.05321 -0.22081
   0.40737  0.05312 -0.22163
   0.39966  0.05301 -0.22122
   0.39202  0.05289 -0.22259
   0.38445  0.05276 -0.21984
   0.37694  0.05262 -0.21735
   0.36954  0.05249 -0.21653
   0.36229  0.05236 -0.22392
   0.35524  0.05223 -0.23508
   0.34842  0.05207 -0.24452
   0.34179  0.05185 -0.23587
   0.33530  0.05159 -0.20882
   0.32892  0.05132 -0.18200
   0.32258  0.05111 -0.16833
   0.31625  0.05098 -0.18500
   0.30988  0.05089 -0.21484
   0.30343  0.05078 -0.24265
   0.29682  0.05061 -0.24516
   0.29002  0.05037 -0.23282
   0.28299  0.05009 -0.22108
   0.27579  0.04982 -0.22003
   0.26847  0.04954 -0.22438
   0.26108  0.04924 -0.22659
   0.25361  0.04892 -0.22575
   0.24607  0.04858 -0.22607
   0.23850  0.04823 -0.22737
   0.23092  0.04786 -0.22813
   0.22333  0.04747 -0.22926
   0.21574  0.04707 -0.23012
   0.20817  0.04664 -0.23231
   0.20063  0.04620 -0.23317
   0.19311  0.04574 -0.23436
   0.18563  0.04526 -0.23796
   0.17820  0.04475 -0.23809
   0.17081  0.04423 -0.23983
   0.16349  0.04368 -0.24272
   0.15624  0.04311 -0.24327
   0.14907  0.04251 -0.24626
   0.14200  0.04189 -0.24746
   0.13503  0.04125 -0.24905
   0.12818  0.04059 -0.25046
   0.12147  0.03990 -0.25137
   0.11493  0.03919 -0.25208
   0.10856  0.03847 -0.25287
   0.10240  0.03773 -0.25319
   0.09647  0.03699 -0.25497
   0.09078  0.03624 -0.25755
   0.08537  0.03550 -0.25706
   0.08024  0.03476 -0.26329
   0.07540  0.03403 -0.26604
   0.07085  0.03331 -0.27081
   0.06658  0.03261 -0.28476
   0.06257  0.03190 -0.28652
   0.05879  0.03120 -0.29899
   0.05523  0.03050 -0.30435
   0.05189  0.02978 -0.30354
   0.04873  0.02906 -0.29838
   0.04574  0.02833 -0.28834
   0.04291  0.02760 -0.27999
   0.04024  0.02687 -0.26590
   0.03771  0.02615 -0.25475
   0.03531  0.02543 -0.24788
   0.03305  0.02471 -0.22368
   0.03089  0.02399 -0.19401
   0.02884  0.02329 -0.17090
   0.02688  0.02260 -0.15624
   0.02502  0.02195 -0.15577
   0.02326  0.02131 -0.15553
   0.02159  0.02067 -0.15585
   0.02000  0.02005 -0.15139
   0.01849  0.01942 -0.14210
   0.01706  0.01880 -0.12512
   0.01569  0.01817 -0.09950
   0.01439  0.01754 -0.07820
   0.01314  0.01692 -0.05606
   0.01194  0.01630 -0.03706
   0.01080  0.01568 -0.01949
   0.00971  0.01507 -0.00303
   0.00867  0.01445  0.02016
   0.00767  0.01383  0.03512
   0.00672  0.01321  0.05675
   0.00581  0.01258  0.07379
   0.00495  0.01194  0.10141
   0.00414  0.01128  0.12085
   0.00338  0.01061  0.14385
   0.00268  0.00990  0.17238
   0.00207  0.00914  0.28478
   0.00154  0.00835  0.37551
   0.00111  0.00752  0.49958
   0.00078  0.00665  0.64179
   0.00053  0.00577  0.75785
   0.00035  0.00489  0.84292
   0.00022  0.00400  0.90129
   0.00012  0.00312  0.94496
   0.00005  0.00224  0.97229
   0.00001  0.00137  0.98980
  -0.00000  0.00051  0.99867
   0.00001 -0.00034  0.99947
   0.00004 -0.00120  0.99301
   0.00010 -0.00206  0.97914
   0.00020 -0.00292  0.96517
   0.00027 -0.00380  0.92974
   0.00039 -0.00468  0.89998
   0.00054 -0.00556  0.85703
   0.00072 -0.00645  0.80387
   0.00092 -0.00735  0.74420
   0.00115 -0.00824  0.67351
   0.00142 -0.00914  0.58310
   0.00173 -0.01004  0.48230
   0.00207 -0.01094  0.36653
   0.00247 -0.01182  0.20373
   0.00292 -0.01269  0.12428
   0.00342 -0.01356 -0.19634
   0.00402 -0.01437 -0.26177
   0.00470 -0.01514 -0.36860
   0.00546 -0.01587 -0.40833
   0.00629 -0.01657 -0.44169
   0.00717 -0.01724 -0.45777
   0.00811 -0.01789 -0.47719
   0.00910 -0.01851 -0.47990
   0.01015 -0.01912 -0.48008
   0.01125 -0.01971 -0.48363
   0.01240 -0.02029 -0.47960
   0.01361 -0.02086 -0.47684
   0.01488 -0.02142 -0.47241
   0.01621 -0.02198 -0.46082
   0.01761 -0.02253 -0.45561
   0.01908 -0.02307 -0.44253
   0.02063 -0.02362 -0.43979
   0.02226 -0.02417 -0.42927
   0.02397 -0.02472 -0.41646
   0.02579 -0.02528 -0.41114
   0.02770 -0.02584 -0.40265
   0.02973 -0.02641 -0.39665
   0.03189 -0.02700 -0.39063
   0.03419 -0.02759 -0.38587
   0.03663 -0.02820 -0.37681
   0.03924 -0.02882 -0.37181
   0.04203 -0.02945 -0.36261
   0.04502 -0.03011 -0.35740
   0.04822 -0.03078 -0.35296
   0.05165 -0.03148 -0.35089
   0.05533 -0.03220 -0.34771
   0.05925 -0.03293 -0.34584
   0.06344 -0.03368 -0.34227
   0.06789 -0.03445 -0.34134
   0.07262 -0.03522 -0.33765
   0.07761 -0.03600 -0.33722
   0.08288 -0.03679 -0.33489
   0.08842 -0.03758 -0.33260
   0.09419 -0.03836 -0.33051
   0.10019 -0.03914 -0.32935
   0.10638 -0.03991 -0.32931
   0.11276 -0.04065 -0.32912
   0.11929 -0.04138 -0.32907
   0.12594 -0.04208 -0.32843
   0.13272 -0.04276 -0.32803
   0.13959 -0.04340 -0.32722
   0.14656 -0.04401 -0.32473
   0.15362 -0.04460 -0.32359
   0.16075 -0.04515 -0.32023
   0.16794 -0.04567 -0.31848
   0.17519 -0.04616 -0.31561
   0.18248 -0.04663 -0.31406
   0.18981 -0.04706 -0.31228
   0.19717 -0.04747 -0.31131
   0.20456 -0.04785 -0.30751
   0.21197 -0.04820 -0.30699
   0.21942 -0.04852 -0.30324
   0.22690 -0.04882 -0.30099
   0.23441 -0.04909 -0.29659
   0.24195 -0.04934 -0.29479
   0.24951 -0.04956 -0.29301
   0.25708 -0.04977 -0.29005
   0.26468 -0.04995 -0.28900
   0.27229 -0.05011 -0.28502
   0.27991 -0.05024 -0.28383
   0.28756 -0.05036 -0.28064
   0.29522 -0.05046 -0.27894
   0.30289 -0.05054 -0.27730
   0.31057 -0.05060 -0.27542
   0.31825 -0.05064 -0.27341
   0.32595 -0.05066 -0.27204
   0.33364 -0.05066 -0.27071
   0.34135 -0.05065 -0.26910
   0.34906 -0.05061 -0.26757
   0.35677 -0.05056 -0.26596
   0.36448 -0.05048 -0.26452
   0.37219 -0.05039 -0.26311
   0.37990 -0.05028 -0.26131
   0.38761 -0.05015 -0.26012
   0.39532 -0.05001 -0.25899
   0.40302 -0.04984 -0.25779
   0.41072 -0.04966 -0.25588
   0.41842 -0.04945 -0.25545
   0.42610 -0.04923 -0.25426
   0.43378 -0.04899 -0.25368
   0.44144 -0.04873 -0.25170
   0.44910 -0.04845 -0.25133
   0.45674 -0.04815 -0.24994
   0.46437 -0.04783 -0.24938
   0.47199 -0.04749 -0.24783
   0.47960 -0.04713 -0.24612
   0.48720 -0.04674 -0.24497
   0.49478 -0.04634 -0.24339
   0.50235 -0.04590 -0.24116
   0.50991 -0.04545 -0.24011
   0.51745 -0.04497 -0.23757
   0.52498 -0.04447 -0.23534
   0.53250 -0.04395 -0.23335
   0.54000 -0.04340 -0.23093
   0.54749 -0.04282 -0.22822
   0.55497 -0.04222 -0.22523
   0.56243 -0.04159 -0.22175
   0.56987 -0.04093 -0.21853
   0.57730 -0.04025 -0.21498
   0.58471 -0.03954 -0.21102
   0.59210 -0.03881 -0.20694
   0.59948 -0.03804 -0.20267
   0.60683 -0.03724 -0.19819
   0.61417 -0.03642 -0.19211
   0.62149 -0.03556 -0.18754
   0.62879 -0.03468 -0.18043
   0.63608 -0.03376 -0.17488
   0.64335 -0.03281 -0.16686
   0.65061 -0.03183 -0.15994
   0.65786 -0.03081 -0.15151
   0.66510 -0.02976 -0.14275
   0.67232 -0.02867 -0.13315
   0.67954 -0.02755 -0.12320
   0.68676 -0.02640 -0.11274
   0.69397 -0.02520 -0.10172
   0.70117 -0.02398 -0.08910
   0.70838 -0.02271 -0.07656
   0.71559 -0.02141 -0.06321
   0.72281 -0.02007 -0.04898
   0.73004 -0.01870 -0.03436
   0.73728 -0.01729 -0.01844
   0.74453 -0.01584 -0.00108
   0.75180 -0.01436  0.01516
   0.75910 -0.01284  0.03499
   0.76642 -0.01128  0.05287
   0.77378 -0.00969  0.07451
   0.78118 -0.00807  0.09322
   0.78863 -0.00642  0.11655
   0.79611 -0.00475  0.13722
   0.80361 -0.00306  0.16148
   0.81108 -0.00138  0.18424
   0.81847  0.00029  0.20712
   0.82574  0.00191  0.23072
   0.83289  0.00348  0.25260
   0.83991  0.00499  0.27299
   0.84680  0.00644  0.29258
   0.85358  0.00782  0.31190
   0.86023  0.00913  0.32808
   0.86676  0.01036  0.34654
   0.87316  0.01151  0.36067
   0.87944  0.01258  0.37695
   0.88561  0.01356  0.38872
   0.89167  0.01445  0.40088
   0.89763  0.01526  0.41157
   0.90349  0.01599  0.42111
   0.90927  0.01663  0.42884
   0.91493  0.01718  0.43838
   0.92047  0.01765  0.44430
   0.92588  0.01803  0.45242
   0.93120  0.01832  0.45601
   0.93644  0.01853  0.45679
   0.94160  0.01868  0.45966
   0.94662  0.01876  0.46663
   0.95140  0.01879  0.48187
   0.95595  0.01872  0.49154
   0.96030  0.01853  0.49657
   0.96456  0.01820  0.48160
   0.96881  0.01775  0.45408
   0.97308  0.01723  0.42695
   0.97733  0.01672  0.41474
   0.98147  0.01621  0.42782
   0.98549  0.01562  0.43469
   0.98945  0.01488  0.38947
   0.99342  0.01406  0.32476
   0.99738  0.01325  0.29936
   1.00000  0.01271  0.25409
