GRUMMAN K-2 AIRFOIL                             
 Alfa =  -1.15100 Re =        0.000 Xflap,Yflap =     0.000000    0.000000
#    x        y        Cp  
   1.00000  0.01371  0.25414
   0.99740  0.01444  0.09905
   0.99329  0.01549  0.06124
   0.98889  0.01657  0.04574
   0.98423  0.01772  0.00525
   0.97929  0.01890 -0.02978
   0.97409  0.02011 -0.05582
   0.96867  0.02135 -0.08634
   0.96305  0.02259 -0.11296
   0.95727  0.02381 -0.13469
   0.95131  0.02502 -0.15574
   0.94520  0.02620 -0.17091
   0.93893  0.02735 -0.18408
   0.93253  0.02848 -0.19539
   0.92600  0.02957 -0.20263
   0.91932  0.03065 -0.20881
   0.91254  0.03170 -0.21581
   0.90568  0.03272 -0.22456
   0.89876  0.03372 -0.23203
   0.89181  0.03467 -0.24025
   0.88484  0.03559 -0.24629
   0.87782  0.03647 -0.24900
   0.87073  0.03731 -0.25021
   0.86355  0.03812 -0.25141
   0.85628  0.03891 -0.25020
   0.84891  0.03968 -0.24945
   0.84146  0.04044 -0.24945
   0.83396  0.04117 -0.24947
   0.82645  0.04190 -0.25525
   0.81896  0.04260 -0.26026
   0.81149  0.04327 -0.26391
   0.80402  0.04391 -0.26649
   0.79655  0.04452 -0.26903
   0.78909  0.04510 -0.27124
   0.78162  0.04565 -0.27209
   0.77414  0.04617 -0.27167
   0.76665  0.04666 -0.27215
   0.75914  0.04713 -0.27097
   0.75161  0.04756 -0.26922
   0.74405  0.04798 -0.26754
   0.73646  0.04837 -0.26471
   0.72884  0.04874 -0.26232
   0.72118  0.04909 -0.25952
   0.71350  0.04943 -0.25628
   0.70580  0.04974 -0.25453
   0.69806  0.05004 -0.25156
   0.69030  0.05033 -0.24960
   0.68252  0.05060 -0.24755
   0.67473  0.05086 -0.24586
   0.66693  0.05111 -0.24371
   0.65911  0.05135 -0.24252
   0.65129  0.05157 -0.24112
   0.64347  0.05178 -0.23913
   0.63563  0.05197 -0.23809
   0.62779  0.05216 -0.23665
   0.61994  0.05233 -0.23466
   0.61208  0.05249 -0.23419
   0.60421  0.05264 -0.23175
   0.59633  0.05278 -0.23100
   0.58846  0.05291 -0.22985
   0.58058  0.05303 -0.22930
   0.57270  0.05314 -0.22813
   0.56482  0.05324 -0.22730
   0.55693  0.05333 -0.22629
   0.54904  0.05340 -0.22571
   0.54115  0.05347 -0.22436
   0.53326  0.05353 -0.22410
   0.52537  0.05358 -0.22281
   0.51748  0.05361 -0.22199
   0.50958  0.05364 -0.22177
   0.50169  0.05366 -0.22023
   0.49380  0.05367 -0.22068
   0.48590  0.05367 -0.21908
   0.47801  0.05366 -0.21953
   0.47012  0.05363 -0.21858
   0.46224  0.05360 -0.21793
   0.45437  0.05356 -0.21739
   0.44650  0.05351 -0.21693
   0.43864  0.05345 -0.21591
   0.43079  0.05338 -0.21578
   0.42295  0.05330 -0.21554
   0.41514  0.05321 -0.21527
   0.40737  0.05312 -0.21599
   0.39966  0.05301 -0.21548
   0.39202  0.05289 -0.21677
   0.38445  0.05276 -0.21393
   0.37694  0.05262 -0.21136
   0.36954  0.05249 -0.21045
   0.36229  0.05236 -0.21771
   0.35524  0.05223 -0.22870
   0.34842  0.05207 -0.23803
   0.34179  0.05185 -0.22931
   0.33530  0.05159 -0.20231
   0.32892  0.05132 -0.17555
   0.32258  0.05111 -0.16186
   0.31625  0.05098 -0.17835
   0.30988  0.05089 -0.20792
   0.30343  0.05078 -0.23546
   0.29682  0.05061 -0.23786
   0.29002  0.05037 -0.22546
   0.28299  0.05009 -0.21367
   0.27579  0.04982 -0.21249
   0.26847  0.04954 -0.21668
   0.26108  0.04924 -0.21873
   0.25361  0.04892 -0.21773
   0.24607  0.04858 -0.21790
   0.23850  0.04823 -0.21903
   0.23092  0.04786 -0.21960
   0.22333  0.04747 -0.22055
   0.21574  0.04707 -0.22121
   0.20817  0.04664 -0.22318
   0.20063  0.04620 -0.22383
   0.19311  0.04574 -0.22479
   0.18563  0.04526 -0.22812
   0.17820  0.04475 -0.22802
   0.17081  0.04423 -0.22949
   0.16349  0.04368 -0.23209
   0.15624  0.04311 -0.23235
   0.14907  0.04251 -0.23500
   0.14200  0.04189 -0.23588
   0.13503  0.04125 -0.23713
   0.12818  0.04059 -0.23816
   0.12147  0.03990 -0.23870
   0.11493  0.03919 -0.23901
   0.10856  0.03847 -0.23937
   0.10240  0.03773 -0.23925
   0.09647  0.03699 -0.24056
   0.09078  0.03624 -0.24264
   0.08537  0.03550 -0.24165
   0.08024  0.03476 -0.24731
   0.07540  0.03403 -0.24948
   0.07085  0.03331 -0.25366
   0.06658  0.03261 -0.26684
   0.06257  0.03190 -0.26800
   0.05879  0.03120 -0.27967
   0.05523  0.03050 -0.28432
   0.05189  0.02978 -0.28286
   0.04873  0.02906 -0.27710
   0.04574  0.02833 -0.26654
   0.04291  0.02760 -0.25761
   0.04024  0.02687 -0.24304
   0.03771  0.02615 -0.23134
   0.03531  0.02543 -0.22382
   0.03305  0.02471 -0.19929
   0.03089  0.02399 -0.16940
   0.02884  0.02329 -0.14597
   0.02688  0.02260 -0.13076
   0.02502  0.02195 -0.12943
   0.02326  0.02131 -0.12826
   0.02159  0.02067 -0.12762
   0.02000  0.02005 -0.12223
   0.01849  0.01942 -0.11208
   0.01706  0.01880 -0.09443
   0.01569  0.01817 -0.06831
   0.01439  0.01754 -0.04643
   0.01314  0.01692 -0.02363
   0.01194  0.01630 -0.00383
   0.01080  0.01568  0.01466
   0.00971  0.01507  0.03208
   0.00867  0.01445  0.05621
   0.00767  0.01383  0.07239
   0.00672  0.01321  0.09529
   0.00581  0.01258  0.11384
   0.00495  0.01194  0.14287
   0.00414  0.01128  0.16420
   0.00338  0.01061  0.18952
   0.00268  0.00990  0.22040
   0.00207  0.00914  0.33065
   0.00154  0.00835  0.42013
   0.00111  0.00752  0.54015
   0.00078  0.00665  0.67520
   0.00053  0.00577  0.78427
   0.00035  0.00489  0.86337
   0.00022  0.00400  0.91695
   0.00012  0.00312  0.95624
   0.00005  0.00224  0.97997
   0.00001  0.00137  0.99416
  -0.00000  0.00051  0.99986
   0.00001 -0.00034  0.99779
   0.00004 -0.00120  0.98844
   0.00010 -0.00206  0.97152
   0.00020 -0.00292  0.95633
   0.00027 -0.00380  0.91616
   0.00039 -0.00468  0.88451
   0.00054 -0.00556  0.83854
   0.00072 -0.00645  0.78221
   0.00092 -0.00735  0.71947
   0.00115 -0.00824  0.64550
   0.00142 -0.00914  0.55121
   0.00173 -0.01004  0.44642
   0.00207 -0.01094  0.32664
   0.00247 -0.01182  0.15794
   0.00292 -0.01269  0.07774
   0.00342 -0.01356 -0.25508
   0.00402 -0.01437 -0.31903
   0.00470 -0.01514 -0.42675
   0.00546 -0.01587 -0.46436
   0.00629 -0.01657 -0.49583
   0.00717 -0.01724 -0.50958
   0.00811 -0.01789 -0.52708
   0.00910 -0.01851 -0.52761
   0.01015 -0.01912 -0.52568
   0.01125 -0.01971 -0.52740
   0.01240 -0.02029 -0.52156
   0.01361 -0.02086 -0.51710
   0.01488 -0.02142 -0.51103
   0.01621 -0.02198 -0.49780
   0.01761 -0.02253 -0.49114
   0.01908 -0.02307 -0.47662
   0.02063 -0.02362 -0.47263
   0.02226 -0.02417 -0.46083
   0.02397 -0.02472 -0.44677
   0.02579 -0.02528 -0.44034
   0.02770 -0.02584 -0.43079
   0.02973 -0.02641 -0.42380
   0.03189 -0.02700 -0.41682
   0.03419 -0.02759 -0.41115
   0.03663 -0.02820 -0.40117
   0.03924 -0.02882 -0.39530
   0.04203 -0.02945 -0.38523
   0.04502 -0.03011 -0.37922
   0.04822 -0.03078 -0.37402
   0.05165 -0.03148 -0.37124
   0.05533 -0.03220 -0.36736
   0.05925 -0.03293 -0.36482
   0.06344 -0.03368 -0.36059
   0.06789 -0.03445 -0.35903
   0.07262 -0.03522 -0.35472
   0.07761 -0.03600 -0.35371
   0.08288 -0.03679 -0.35082
   0.08842 -0.03758 -0.34799
   0.09419 -0.03836 -0.34538
   0.10019 -0.03914 -0.34374
   0.10638 -0.03991 -0.34324
   0.11276 -0.04065 -0.34262
   0.11929 -0.04138 -0.34217
   0.12594 -0.04208 -0.34114
   0.13272 -0.04276 -0.34037
   0.13959 -0.04340 -0.33921
   0.14656 -0.04401 -0.33638
   0.15362 -0.04460 -0.33491
   0.16075 -0.04515 -0.33124
   0.16794 -0.04567 -0.32919
   0.17519 -0.04616 -0.32604
   0.18248 -0.04663 -0.32422
   0.18981 -0.04706 -0.32220
   0.19717 -0.04747 -0.32098
   0.20456 -0.04785 -0.31695
   0.21197 -0.04820 -0.31621
   0.21942 -0.04852 -0.31224
   0.22690 -0.04882 -0.30978
   0.23441 -0.04909 -0.30518
   0.24195 -0.04934 -0.30318
   0.24951 -0.04956 -0.30123
   0.25708 -0.04977 -0.29808
   0.26468 -0.04995 -0.29688
   0.27229 -0.05011 -0.29272
   0.27991 -0.05024 -0.29138
   0.28756 -0.05036 -0.28804
   0.29522 -0.05046 -0.28619
   0.30289 -0.05054 -0.28440
   0.31057 -0.05060 -0.28238
   0.31825 -0.05064 -0.28025
   0.32595 -0.05066 -0.27874
   0.33364 -0.05066 -0.27730
   0.34135 -0.05065 -0.27556
   0.34906 -0.05061 -0.27392
   0.35677 -0.05056 -0.27218
   0.36448 -0.05048 -0.27062
   0.37219 -0.05039 -0.26913
   0.37990 -0.05028 -0.26720
   0.38761 -0.05015 -0.26593
   0.39532 -0.05001 -0.26468
   0.40302 -0.04984 -0.26339
   0.41072 -0.04966 -0.26139
   0.41842 -0.04945 -0.26086
   0.42610 -0.04923 -0.25957
   0.43378 -0.04899 -0.25890
   0.44144 -0.04873 -0.25685
   0.44910 -0.04845 -0.25638
   0.45674 -0.04815 -0.25491
   0.46437 -0.04783 -0.25426
   0.47199 -0.04749 -0.25263
   0.47960 -0.04713 -0.25084
   0.48720 -0.04674 -0.24961
   0.49478 -0.04634 -0.24796
   0.50235 -0.04590 -0.24564
   0.50991 -0.04545 -0.24450
   0.51745 -0.04497 -0.24192
   0.52498 -0.04447 -0.23958
   0.53250 -0.04395 -0.23753
   0.54000 -0.04340 -0.23503
   0.54749 -0.04282 -0.23226
   0.55497 -0.04222 -0.22919
   0.56243 -0.04159 -0.22563
   0.56987 -0.04093 -0.22235
   0.57730 -0.04025 -0.21873
   0.58471 -0.03954 -0.21468
   0.59210 -0.03881 -0.21054
   0.59948 -0.03804 -0.20619
   0.60683 -0.03724 -0.20165
   0.61417 -0.03642 -0.19549
   0.62149 -0.03556 -0.19084
   0.62879 -0.03468 -0.18366
   0.63608 -0.03376 -0.17804
   0.64335 -0.03281 -0.16996
   0.65061 -0.03183 -0.16295
   0.65786 -0.03081 -0.15446
   0.66510 -0.02976 -0.14562
   0.67232 -0.02867 -0.13594
   0.67954 -0.02755 -0.12591
   0.68676 -0.02640 -0.11540
   0.69397 -0.02520 -0.10429
   0.70117 -0.02398 -0.09160
   0.70838 -0.02271 -0.07897
   0.71559 -0.02141 -0.06555
   0.72281 -0.02007 -0.05125
   0.73004 -0.01870 -0.03657
   0.73728 -0.01729 -0.02055
   0.74453 -0.01584 -0.00309
   0.75180 -0.01436  0.01319
   0.75910 -0.01284  0.03310
   0.76642 -0.01128  0.05108
   0.77378 -0.00969  0.07280
   0.78118 -0.00807  0.09157
   0.78863 -0.00642  0.11497
   0.79611 -0.00475  0.13573
   0.80361 -0.00306  0.16007
   0.81108 -0.00138  0.18290
   0.81847  0.00029  0.20584
   0.82574  0.00191  0.22952
   0.83289  0.00348  0.25146
   0.83991  0.00499  0.27192
   0.84680  0.00644  0.29156
   0.85358  0.00782  0.31093
   0.86023  0.00913  0.32716
   0.86676  0.01036  0.34568
   0.87316  0.01151  0.35982
   0.87944  0.01258  0.37618
   0.88561  0.01356  0.38797
   0.89167  0.01445  0.40016
   0.89763  0.01526  0.41091
   0.90349  0.01599  0.42045
   0.90927  0.01663  0.42822
   0.91493  0.01718  0.43781
   0.92047  0.01765  0.44371
   0.92588  0.01803  0.45190
   0.93120  0.01832  0.45549
   0.93644  0.01853  0.45630
   0.94160  0.01868  0.45919
   0.94662  0.01876  0.46615
   0.95140  0.01879  0.48146
   0.95595  0.01872  0.49113
   0.96030  0.01853  0.49619
   0.96456  0.01820  0.48124
   0.96881  0.01775  0.45370
   0.97308  0.01723  0.42659
   0.97733  0.01672  0.41439
   0.98147  0.01621  0.42752
   0.98549  0.01562  0.43442
   0.98945  0.01488  0.38919
   0.99342  0.01406  0.32449
   0.99738  0.01325  0.29914
   1.00000  0.01271  0.25414
