GRUMMAN K-2 AIRFOIL                             
 Alfa =  -1.09600 Re =        0.000 Xflap,Yflap =     0.000000    0.000000
#    x        y        Cp  
   1.00000  0.01371  0.25412
   0.99740  0.01444  0.09898
   0.99329  0.01549  0.06115
   0.98889  0.01657  0.04559
   0.98423  0.01772  0.00504
   0.97929  0.01890 -0.03003
   0.97409  0.02011 -0.05610
   0.96867  0.02135 -0.08668
   0.96305  0.02259 -0.11333
   0.95727  0.02381 -0.13510
   0.95131  0.02502 -0.15620
   0.94520  0.02620 -0.17141
   0.93893  0.02735 -0.18462
   0.93253  0.02848 -0.19597
   0.92600  0.02957 -0.20323
   0.91932  0.03065 -0.20947
   0.91254  0.03170 -0.21648
   0.90568  0.03272 -0.22528
   0.89876  0.03372 -0.23278
   0.89181  0.03467 -0.24104
   0.88484  0.03559 -0.24712
   0.87782  0.03647 -0.24985
   0.87073  0.03731 -0.25109
   0.86355  0.03812 -0.25233
   0.85628  0.03891 -0.25113
   0.84891  0.03968 -0.25043
   0.84146  0.04044 -0.25045
   0.83396  0.04117 -0.25051
   0.82645  0.04190 -0.25631
   0.81896  0.04260 -0.26136
   0.81149  0.04327 -0.26505
   0.80402  0.04391 -0.26765
   0.79655  0.04452 -0.27024
   0.78909  0.04510 -0.27244
   0.78162  0.04565 -0.27336
   0.77414  0.04617 -0.27295
   0.76665  0.04666 -0.27348
   0.75914  0.04713 -0.27231
   0.75161  0.04756 -0.27059
   0.74405  0.04798 -0.26892
   0.73646  0.04837 -0.26613
   0.72884  0.04874 -0.26377
   0.72118  0.04909 -0.26099
   0.71350  0.04943 -0.25778
   0.70580  0.04974 -0.25606
   0.69806  0.05004 -0.25309
   0.69030  0.05033 -0.25118
   0.68252  0.05060 -0.24914
   0.67473  0.05086 -0.24749
   0.66693  0.05111 -0.24536
   0.65911  0.05135 -0.24420
   0.65129  0.05157 -0.24284
   0.64347  0.05178 -0.24087
   0.63563  0.05197 -0.23985
   0.62779  0.05216 -0.23844
   0.61994  0.05233 -0.23649
   0.61208  0.05249 -0.23604
   0.60421  0.05264 -0.23363
   0.59633  0.05278 -0.23292
   0.58846  0.05291 -0.23179
   0.58058  0.05303 -0.23128
   0.57270  0.05314 -0.23013
   0.56482  0.05324 -0.22933
   0.55693  0.05333 -0.22835
   0.54904  0.05340 -0.22781
   0.54115  0.05347 -0.22649
   0.53326  0.05353 -0.22626
   0.52537  0.05358 -0.22501
   0.51748  0.05361 -0.22423
   0.50958  0.05364 -0.22403
   0.50169  0.05366 -0.22253
   0.49380  0.05367 -0.22301
   0.48590  0.05367 -0.22145
   0.47801  0.05366 -0.22194
   0.47012  0.05363 -0.22102
   0.46224  0.05360 -0.22041
   0.45437  0.05356 -0.21991
   0.44650  0.05351 -0.21949
   0.43864  0.05345 -0.21850
   0.43079  0.05338 -0.21842
   0.42295  0.05330 -0.21822
   0.41514  0.05321 -0.21799
   0.40737  0.05312 -0.21876
   0.39966  0.05301 -0.21830
   0.39202  0.05289 -0.21963
   0.38445  0.05276 -0.21683
   0.37694  0.05262 -0.21430
   0.36954  0.05249 -0.21344
   0.36229  0.05236 -0.22076
   0.35524  0.05223 -0.23183
   0.34842  0.05207 -0.24122
   0.34179  0.05185 -0.23253
   0.33530  0.05159 -0.20551
   0.32892  0.05132 -0.17872
   0.32258  0.05111 -0.16504
   0.31625  0.05098 -0.18162
   0.30988  0.05089 -0.21132
   0.30343  0.05078 -0.23899
   0.29682  0.05061 -0.24144
   0.29002  0.05037 -0.22907
   0.28299  0.05009 -0.21731
   0.27579  0.04982 -0.21619
   0.26847  0.04954 -0.22046
   0.26108  0.04924 -0.22259
   0.25361  0.04892 -0.22167
   0.24607  0.04858 -0.22191
   0.23850  0.04823 -0.22312
   0.23092  0.04786 -0.22379
   0.22333  0.04747 -0.22483
   0.21574  0.04707 -0.22558
   0.20817  0.04664 -0.22766
   0.20063  0.04620 -0.22841
   0.19311  0.04574 -0.22949
   0.18563  0.04526 -0.23295
   0.17820  0.04475 -0.23296
   0.17081  0.04423 -0.23456
   0.16349  0.04368 -0.23731
   0.15624  0.04311 -0.23771
   0.14907  0.04251 -0.24053
   0.14200  0.04189 -0.24157
   0.13503  0.04125 -0.24298
   0.12818  0.04059 -0.24419
   0.12147  0.03990 -0.24491
   0.11493  0.03919 -0.24542
   0.10856  0.03847 -0.24599
   0.10240  0.03773 -0.24608
   0.09647  0.03699 -0.24763
   0.09078  0.03624 -0.24995
   0.08537  0.03550 -0.24921
   0.08024  0.03476 -0.25515
   0.07540  0.03403 -0.25760
   0.07085  0.03331 -0.26207
   0.06658  0.03261 -0.27563
   0.06257  0.03190 -0.27708
   0.05879  0.03120 -0.28914
   0.05523  0.03050 -0.29414
   0.05189  0.02978 -0.29300
   0.04873  0.02906 -0.28753
   0.04574  0.02833 -0.27722
   0.04291  0.02760 -0.26857
   0.04024  0.02687 -0.25424
   0.03771  0.02615 -0.24281
   0.03531  0.02543 -0.23561
   0.03305  0.02471 -0.21123
   0.03089  0.02399 -0.18146
   0.02884  0.02329 -0.15818
   0.02688  0.02260 -0.14323
   0.02502  0.02195 -0.14233
   0.02326  0.02131 -0.14161
   0.02159  0.02067 -0.14144
   0.02000  0.02005 -0.13650
   0.01849  0.01942 -0.12677
   0.01706  0.01880 -0.10945
   0.01569  0.01817 -0.08357
   0.01439  0.01754 -0.06198
   0.01314  0.01692 -0.03949
   0.01194  0.01630 -0.02008
   0.01080  0.01568 -0.00204
   0.00971  0.01507  0.01491
   0.00867  0.01445  0.03859
   0.00767  0.01383  0.05418
   0.00672  0.01321  0.07646
   0.00581  0.01258  0.09428
   0.00495  0.01194  0.12263
   0.00414  0.01128  0.14305
   0.00338  0.01061  0.16725
   0.00268  0.00990  0.19700
   0.00207  0.00914  0.30831
   0.00154  0.00835  0.39843
   0.00111  0.00752  0.52044
   0.00078  0.00665  0.65900
   0.00053  0.00577  0.77149
   0.00035  0.00489  0.85350
   0.00022  0.00400  0.90943
   0.00012  0.00312  0.95086
   0.00005  0.00224  0.97635
   0.00001  0.00137  0.99217
  -0.00000  0.00051  0.99942
   0.00001 -0.00034  0.99876
   0.00004 -0.00120  0.99083
   0.00010 -0.00206  0.97541
   0.00020 -0.00292  0.96080
   0.00027 -0.00380  0.92298
   0.00039 -0.00468  0.89225
   0.00054 -0.00556  0.84776
   0.00072 -0.00645  0.79299
   0.00092 -0.00735  0.73175
   0.00115 -0.00824  0.65940
   0.00142 -0.00914  0.56702
   0.00173 -0.01004  0.46419
   0.00207 -0.01094  0.34638
   0.00247 -0.01182  0.18059
   0.00292 -0.01269  0.10074
   0.00342 -0.01356 -0.22606
   0.00402 -0.01437 -0.29075
   0.00470 -0.01514 -0.39804
   0.00546 -0.01587 -0.43671
   0.00629 -0.01657 -0.46912
   0.00717 -0.01724 -0.48403
   0.00811 -0.01789 -0.50248
   0.00910 -0.01851 -0.50409
   0.01015 -0.01912 -0.50320
   0.01125 -0.01971 -0.50582
   0.01240 -0.02029 -0.50088
   0.01361 -0.02086 -0.49726
   0.01488 -0.02142 -0.49200
   0.01621 -0.02198 -0.47958
   0.01761 -0.02253 -0.47364
   0.01908 -0.02307 -0.45983
   0.02063 -0.02362 -0.45646
   0.02226 -0.02417 -0.44529
   0.02397 -0.02472 -0.43184
   0.02579 -0.02528 -0.42597
   0.02770 -0.02584 -0.41694
   0.02973 -0.02641 -0.41043
   0.03189 -0.02700 -0.40393
   0.03419 -0.02759 -0.39871
   0.03663 -0.02820 -0.38918
   0.03924 -0.02882 -0.38374
   0.04203 -0.02945 -0.37410
   0.04502 -0.03011 -0.36848
   0.04822 -0.03078 -0.36366
   0.05165 -0.03148 -0.36123
   0.05533 -0.03220 -0.35769
   0.05925 -0.03293 -0.35548
   0.06344 -0.03368 -0.35158
   0.06789 -0.03445 -0.35033
   0.07262 -0.03522 -0.34633
   0.07761 -0.03600 -0.34560
   0.08288 -0.03679 -0.34298
   0.08842 -0.03758 -0.34042
   0.09419 -0.03836 -0.33807
   0.10019 -0.03914 -0.33666
   0.10638 -0.03991 -0.33639
   0.11276 -0.04065 -0.33598
   0.11929 -0.04138 -0.33573
   0.12594 -0.04208 -0.33490
   0.13272 -0.04276 -0.33430
   0.13959 -0.04340 -0.33332
   0.14656 -0.04401 -0.33066
   0.15362 -0.04460 -0.32935
   0.16075 -0.04515 -0.32583
   0.16794 -0.04567 -0.32393
   0.17519 -0.04616 -0.32091
   0.18248 -0.04663 -0.31923
   0.18981 -0.04706 -0.31733
   0.19717 -0.04747 -0.31623
   0.20456 -0.04785 -0.31231
   0.21197 -0.04820 -0.31168
   0.21942 -0.04852 -0.30782
   0.22690 -0.04882 -0.30546
   0.23441 -0.04909 -0.30096
   0.24195 -0.04934 -0.29906
   0.24951 -0.04956 -0.29719
   0.25708 -0.04977 -0.29413
   0.26468 -0.04995 -0.29301
   0.27229 -0.05011 -0.28894
   0.27991 -0.05024 -0.28767
   0.28756 -0.05036 -0.28441
   0.29522 -0.05046 -0.28263
   0.30289 -0.05054 -0.28091
   0.31057 -0.05060 -0.27896
   0.31825 -0.05064 -0.27689
   0.32595 -0.05066 -0.27545
   0.33364 -0.05066 -0.27406
   0.34135 -0.05065 -0.27239
   0.34906 -0.05061 -0.27080
   0.35677 -0.05056 -0.26912
   0.36448 -0.05048 -0.26762
   0.37219 -0.05039 -0.26617
   0.37990 -0.05028 -0.26430
   0.38761 -0.05015 -0.26308
   0.39532 -0.05001 -0.26189
   0.40302 -0.04984 -0.26064
   0.41072 -0.04966 -0.25868
   0.41842 -0.04945 -0.25820
   0.42610 -0.04923 -0.25696
   0.43378 -0.04899 -0.25634
   0.44144 -0.04873 -0.25432
   0.44910 -0.04845 -0.25390
   0.45674 -0.04815 -0.25247
   0.46437 -0.04783 -0.25186
   0.47199 -0.04749 -0.25027
   0.47960 -0.04713 -0.24852
   0.48720 -0.04674 -0.24734
   0.49478 -0.04634 -0.24572
   0.50235 -0.04590 -0.24344
   0.50991 -0.04545 -0.24234
   0.51745 -0.04497 -0.23979
   0.52498 -0.04447 -0.23750
   0.53250 -0.04395 -0.23548
   0.54000 -0.04340 -0.23302
   0.54749 -0.04282 -0.23028
   0.55497 -0.04222 -0.22724
   0.56243 -0.04159 -0.22373
   0.56987 -0.04093 -0.22047
   0.57730 -0.04025 -0.21689
   0.58471 -0.03954 -0.21288
   0.59210 -0.03881 -0.20877
   0.59948 -0.03804 -0.20446
   0.60683 -0.03724 -0.19995
   0.61417 -0.03642 -0.19383
   0.62149 -0.03556 -0.18922
   0.62879 -0.03468 -0.18207
   0.63608 -0.03376 -0.17649
   0.64335 -0.03281 -0.16844
   0.65061 -0.03183 -0.16147
   0.65786 -0.03081 -0.15301
   0.66510 -0.02976 -0.14421
   0.67232 -0.02867 -0.13457
   0.67954 -0.02755 -0.12458
   0.68676 -0.02640 -0.11410
   0.69397 -0.02520 -0.10303
   0.70117 -0.02398 -0.09037
   0.70838 -0.02271 -0.07778
   0.71559 -0.02141 -0.06440
   0.72281 -0.02007 -0.05013
   0.73004 -0.01870 -0.03549
   0.73728 -0.01729 -0.01952
   0.74453 -0.01584 -0.00210
   0.75180 -0.01436  0.01416
   0.75910 -0.01284  0.03403
   0.76642 -0.01128  0.05195
   0.77378 -0.00969  0.07364
   0.78118 -0.00807  0.09238
   0.78863 -0.00642  0.11575
   0.79611 -0.00475  0.13646
   0.80361 -0.00306  0.16076
   0.81108 -0.00138  0.18356
   0.81847  0.00029  0.20647
   0.82574  0.00191  0.23011
   0.83289  0.00348  0.25202
   0.83991  0.00499  0.27244
   0.84680  0.00644  0.29206
   0.85358  0.00782  0.31140
   0.86023  0.00913  0.32761
   0.86676  0.01036  0.34610
   0.87316  0.01151  0.36024
   0.87944  0.01258  0.37655
   0.88561  0.01356  0.38834
   0.89167  0.01445  0.40051
   0.89763  0.01526  0.41124
   0.90349  0.01599  0.42077
   0.90927  0.01663  0.42853
   0.91493  0.01718  0.43809
   0.92047  0.01765  0.44400
   0.92588  0.01803  0.45215
   0.93120  0.01832  0.45575
   0.93644  0.01853  0.45654
   0.94160  0.01868  0.45942
   0.94662  0.01876  0.46638
   0.95140  0.01879  0.48166
   0.95595  0.01872  0.49133
   0.96030  0.01853  0.49638
   0.96456  0.01820  0.48142
   0.96881  0.01775  0.45388
   0.97308  0.01723  0.42677
   0.97733  0.01672  0.41456
   0.98147  0.01621  0.42766
   0.98549  0.01562  0.43455
   0.98945  0.01488  0.38933
   0.99342  0.01406  0.32462
   0.99738  0.01325  0.29925
   1.00000  0.01271  0.25412
