GRUMMAN K-2 AIRFOIL                             
 Alfa =  -1.13700 Re =        0.000 Xflap,Yflap =     0.000000    0.000000
#    x        y        Cp  
   1.00000  0.01371  0.25414
   0.99740  0.01444  0.09903
   0.99329  0.01549  0.06121
   0.98889  0.01657  0.04570
   0.98423  0.01772  0.00520
   0.97929  0.01890 -0.02985
   0.97409  0.02011 -0.05590
   0.96867  0.02135 -0.08643
   0.96305  0.02259 -0.11305
   0.95727  0.02381 -0.13479
   0.95131  0.02502 -0.15585
   0.94520  0.02620 -0.17104
   0.93893  0.02735 -0.18421
   0.93253  0.02848 -0.19554
   0.92600  0.02957 -0.20278
   0.91932  0.03065 -0.20898
   0.91254  0.03170 -0.21598
   0.90568  0.03272 -0.22474
   0.89876  0.03372 -0.23222
   0.89181  0.03467 -0.24045
   0.88484  0.03559 -0.24651
   0.87782  0.03647 -0.24921
   0.87073  0.03731 -0.25043
   0.86355  0.03812 -0.25164
   0.85628  0.03891 -0.25044
   0.84891  0.03968 -0.24970
   0.84146  0.04044 -0.24970
   0.83396  0.04117 -0.24973
   0.82645  0.04190 -0.25552
   0.81896  0.04260 -0.26054
   0.81149  0.04327 -0.26420
   0.80402  0.04391 -0.26678
   0.79655  0.04452 -0.26934
   0.78909  0.04510 -0.27154
   0.78162  0.04565 -0.27242
   0.77414  0.04617 -0.27200
   0.76665  0.04666 -0.27249
   0.75914  0.04713 -0.27131
   0.75161  0.04756 -0.26957
   0.74405  0.04798 -0.26789
   0.73646  0.04837 -0.26507
   0.72884  0.04874 -0.26269
   0.72118  0.04909 -0.25989
   0.71350  0.04943 -0.25666
   0.70580  0.04974 -0.25492
   0.69806  0.05004 -0.25195
   0.69030  0.05033 -0.25000
   0.68252  0.05060 -0.24796
   0.67473  0.05086 -0.24627
   0.66693  0.05111 -0.24413
   0.65911  0.05135 -0.24295
   0.65129  0.05157 -0.24156
   0.64347  0.05178 -0.23958
   0.63563  0.05197 -0.23854
   0.62779  0.05216 -0.23710
   0.61994  0.05233 -0.23513
   0.61208  0.05249 -0.23466
   0.60421  0.05264 -0.23223
   0.59633  0.05278 -0.23149
   0.58846  0.05291 -0.23034
   0.58058  0.05303 -0.22980
   0.57270  0.05314 -0.22864
   0.56482  0.05324 -0.22781
   0.55693  0.05333 -0.22682
   0.54904  0.05340 -0.22625
   0.54115  0.05347 -0.22490
   0.53326  0.05353 -0.22465
   0.52537  0.05358 -0.22337
   0.51748  0.05361 -0.22256
   0.50958  0.05364 -0.22234
   0.50169  0.05366 -0.22082
   0.49380  0.05367 -0.22127
   0.48590  0.05367 -0.21968
   0.47801  0.05366 -0.22014
   0.47012  0.05363 -0.21920
   0.46224  0.05360 -0.21856
   0.45437  0.05356 -0.21803
   0.44650  0.05351 -0.21759
   0.43864  0.05345 -0.21657
   0.43079  0.05338 -0.21645
   0.42295  0.05330 -0.21623
   0.41514  0.05321 -0.21596
   0.40737  0.05312 -0.21670
   0.39966  0.05301 -0.21620
   0.39202  0.05289 -0.21750
   0.38445  0.05276 -0.21466
   0.37694  0.05262 -0.21211
   0.36954  0.05249 -0.21121
   0.36229  0.05236 -0.21849
   0.35524  0.05223 -0.22950
   0.34842  0.05207 -0.23884
   0.34179  0.05185 -0.23013
   0.33530  0.05159 -0.20313
   0.32892  0.05132 -0.17636
   0.32258  0.05111 -0.16267
   0.31625  0.05098 -0.17919
   0.30988  0.05089 -0.20879
   0.30343  0.05078 -0.23636
   0.29682  0.05061 -0.23877
   0.29002  0.05037 -0.22638
   0.28299  0.05009 -0.21460
   0.27579  0.04982 -0.21343
   0.26847  0.04954 -0.21764
   0.26108  0.04924 -0.21972
   0.25361  0.04892 -0.21873
   0.24607  0.04858 -0.21892
   0.23850  0.04823 -0.22007
   0.23092  0.04786 -0.22067
   0.22333  0.04747 -0.22164
   0.21574  0.04707 -0.22232
   0.20817  0.04664 -0.22432
   0.20063  0.04620 -0.22499
   0.19311  0.04574 -0.22598
   0.18563  0.04526 -0.22935
   0.17820  0.04475 -0.22928
   0.17081  0.04423 -0.23078
   0.16349  0.04368 -0.23341
   0.15624  0.04311 -0.23371
   0.14907  0.04251 -0.23641
   0.14200  0.04189 -0.23733
   0.13503  0.04125 -0.23861
   0.12818  0.04059 -0.23969
   0.12147  0.03990 -0.24028
   0.11493  0.03919 -0.24064
   0.10856  0.03847 -0.24106
   0.10240  0.03773 -0.24099
   0.09647  0.03699 -0.24236
   0.09078  0.03624 -0.24450
   0.08537  0.03550 -0.24357
   0.08024  0.03476 -0.24930
   0.07540  0.03403 -0.25154
   0.07085  0.03331 -0.25580
   0.06658  0.03261 -0.26907
   0.06257  0.03190 -0.27031
   0.05879  0.03120 -0.28208
   0.05523  0.03050 -0.28681
   0.05189  0.02978 -0.28544
   0.04873  0.02906 -0.27975
   0.04574  0.02833 -0.26925
   0.04291  0.02760 -0.26040
   0.04024  0.02687 -0.24588
   0.03771  0.02615 -0.23425
   0.03531  0.02543 -0.22681
   0.03305  0.02471 -0.20232
   0.03089  0.02399 -0.17246
   0.02884  0.02329 -0.14907
   0.02688  0.02260 -0.13393
   0.02502  0.02195 -0.13270
   0.02326  0.02131 -0.13165
   0.02159  0.02067 -0.13113
   0.02000  0.02005 -0.12585
   0.01849  0.01942 -0.11581
   0.01706  0.01880 -0.09824
   0.01569  0.01817 -0.07219
   0.01439  0.01754 -0.05038
   0.01314  0.01692 -0.02765
   0.01194  0.01630 -0.00795
   0.01080  0.01568  0.01042
   0.00971  0.01507  0.02773
   0.00867  0.01445  0.05174
   0.00767  0.01383  0.06777
   0.00672  0.01321  0.09051
   0.00581  0.01258  0.10888
   0.00495  0.01194  0.13774
   0.00414  0.01128  0.15884
   0.00338  0.01061  0.18388
   0.00268  0.00990  0.21448
   0.00207  0.00914  0.32500
   0.00154  0.00835  0.41465
   0.00111  0.00752  0.53518
   0.00078  0.00665  0.67112
   0.00053  0.00577  0.78105
   0.00035  0.00489  0.86089
   0.00022  0.00400  0.91506
   0.00012  0.00312  0.95490
   0.00005  0.00224  0.97908
   0.00001  0.00137  0.99368
  -0.00000  0.00051  0.99977
   0.00001 -0.00034  0.99807
   0.00004 -0.00120  0.98907
   0.00010 -0.00206  0.97253
   0.00020 -0.00292  0.95749
   0.00027 -0.00380  0.91792
   0.00039 -0.00468  0.88650
   0.00054 -0.00556  0.84092
   0.00072 -0.00645  0.78498
   0.00092 -0.00735  0.72262
   0.00115 -0.00824  0.64906
   0.00142 -0.00914  0.55526
   0.00173 -0.01004  0.45097
   0.00207 -0.01094  0.33169
   0.00247 -0.01182  0.16373
   0.00292 -0.01269  0.08362
   0.00342 -0.01356 -0.24766
   0.00402 -0.01437 -0.31180
   0.00470 -0.01514 -0.41942
   0.00546 -0.01587 -0.45730
   0.00629 -0.01657 -0.48901
   0.00717 -0.01724 -0.50306
   0.00811 -0.01789 -0.52080
   0.00910 -0.01851 -0.52161
   0.01015 -0.01912 -0.51995
   0.01125 -0.01971 -0.52189
   0.01240 -0.02029 -0.51628
   0.01361 -0.02086 -0.51204
   0.01488 -0.02142 -0.50618
   0.01621 -0.02198 -0.49315
   0.01761 -0.02253 -0.48667
   0.01908 -0.02307 -0.47234
   0.02063 -0.02362 -0.46850
   0.02226 -0.02417 -0.45687
   0.02397 -0.02472 -0.44296
   0.02579 -0.02528 -0.43668
   0.02770 -0.02584 -0.42726
   0.02973 -0.02641 -0.42039
   0.03189 -0.02700 -0.41353
   0.03419 -0.02759 -0.40798
   0.03663 -0.02820 -0.39811
   0.03924 -0.02882 -0.39236
   0.04203 -0.02945 -0.38239
   0.04502 -0.03011 -0.37648
   0.04822 -0.03078 -0.37138
   0.05165 -0.03148 -0.36869
   0.05533 -0.03220 -0.36489
   0.05925 -0.03293 -0.36244
   0.06344 -0.03368 -0.35829
   0.06789 -0.03445 -0.35681
   0.07262 -0.03522 -0.35258
   0.07761 -0.03600 -0.35165
   0.08288 -0.03679 -0.34882
   0.08842 -0.03758 -0.34606
   0.09419 -0.03836 -0.34351
   0.10019 -0.03914 -0.34193
   0.10638 -0.03991 -0.34149
   0.11276 -0.04065 -0.34093
   0.11929 -0.04138 -0.34053
   0.12594 -0.04208 -0.33955
   0.13272 -0.04276 -0.33883
   0.13959 -0.04340 -0.33771
   0.14656 -0.04401 -0.33492
   0.15362 -0.04460 -0.33349
   0.16075 -0.04515 -0.32986
   0.16794 -0.04567 -0.32785
   0.17519 -0.04616 -0.32473
   0.18248 -0.04663 -0.32295
   0.18981 -0.04706 -0.32096
   0.19717 -0.04747 -0.31977
   0.20456 -0.04785 -0.31577
   0.21197 -0.04820 -0.31506
   0.21942 -0.04852 -0.31111
   0.22690 -0.04882 -0.30868
   0.23441 -0.04909 -0.30411
   0.24195 -0.04934 -0.30213
   0.24951 -0.04956 -0.30021
   0.25708 -0.04977 -0.29708
   0.26468 -0.04995 -0.29589
   0.27229 -0.05011 -0.29176
   0.27991 -0.05024 -0.29043
   0.28756 -0.05036 -0.28712
   0.29522 -0.05046 -0.28528
   0.30289 -0.05054 -0.28351
   0.31057 -0.05060 -0.28151
   0.31825 -0.05064 -0.27939
   0.32595 -0.05066 -0.27790
   0.33364 -0.05066 -0.27647
   0.34135 -0.05065 -0.27475
   0.34906 -0.05061 -0.27313
   0.35677 -0.05056 -0.27140
   0.36448 -0.05048 -0.26986
   0.37219 -0.05039 -0.26838
   0.37990 -0.05028 -0.26646
   0.38761 -0.05015 -0.26520
   0.39532 -0.05001 -0.26397
   0.40302 -0.04984 -0.26269
   0.41072 -0.04966 -0.26070
   0.41842 -0.04945 -0.26018
   0.42610 -0.04923 -0.25890
   0.43378 -0.04899 -0.25825
   0.44144 -0.04873 -0.25620
   0.44910 -0.04845 -0.25574
   0.45674 -0.04815 -0.25429
   0.46437 -0.04783 -0.25365
   0.47199 -0.04749 -0.25203
   0.47960 -0.04713 -0.25025
   0.48720 -0.04674 -0.24903
   0.49478 -0.04634 -0.24739
   0.50235 -0.04590 -0.24508
   0.50991 -0.04545 -0.24395
   0.51745 -0.04497 -0.24137
   0.52498 -0.04447 -0.23905
   0.53250 -0.04395 -0.23701
   0.54000 -0.04340 -0.23452
   0.54749 -0.04282 -0.23175
   0.55497 -0.04222 -0.22869
   0.56243 -0.04159 -0.22514
   0.56987 -0.04093 -0.22187
   0.57730 -0.04025 -0.21826
   0.58471 -0.03954 -0.21422
   0.59210 -0.03881 -0.21009
   0.59948 -0.03804 -0.20575
   0.60683 -0.03724 -0.20122
   0.61417 -0.03642 -0.19507
   0.62149 -0.03556 -0.19043
   0.62879 -0.03468 -0.18325
   0.63608 -0.03376 -0.17764
   0.64335 -0.03281 -0.16957
   0.65061 -0.03183 -0.16257
   0.65786 -0.03081 -0.15409
   0.66510 -0.02976 -0.14526
   0.67232 -0.02867 -0.13559
   0.67954 -0.02755 -0.12557
   0.68676 -0.02640 -0.11507
   0.69397 -0.02520 -0.10397
   0.70117 -0.02398 -0.09129
   0.70838 -0.02271 -0.07867
   0.71559 -0.02141 -0.06525
   0.72281 -0.02007 -0.05096
   0.73004 -0.01870 -0.03629
   0.73728 -0.01729 -0.02029
   0.74453 -0.01584 -0.00284
   0.75180 -0.01436  0.01344
   0.75910 -0.01284  0.03334
   0.76642 -0.01128  0.05130
   0.77378 -0.00969  0.07301
   0.78118 -0.00807  0.09178
   0.78863 -0.00642  0.11517
   0.79611 -0.00475  0.13592
   0.80361 -0.00306  0.16024
   0.81108 -0.00138  0.18307
   0.81847  0.00029  0.20600
   0.82574  0.00191  0.22967
   0.83289  0.00348  0.25161
   0.83991  0.00499  0.27205
   0.84680  0.00644  0.29168
   0.85358  0.00782  0.31105
   0.86023  0.00913  0.32727
   0.86676  0.01036  0.34579
   0.87316  0.01151  0.35992
   0.87944  0.01258  0.37627
   0.88561  0.01356  0.38807
   0.89167  0.01445  0.40025
   0.89763  0.01526  0.41099
   0.90349  0.01599  0.42053
   0.90927  0.01663  0.42830
   0.91493  0.01718  0.43789
   0.92047  0.01765  0.44378
   0.92588  0.01803  0.45196
   0.93120  0.01832  0.45556
   0.93644  0.01853  0.45636
   0.94160  0.01868  0.45925
   0.94662  0.01876  0.46621
   0.95140  0.01879  0.48151
   0.95595  0.01872  0.49118
   0.96030  0.01853  0.49624
   0.96456  0.01820  0.48129
   0.96881  0.01775  0.45374
   0.97308  0.01723  0.42663
   0.97733  0.01672  0.41443
   0.98147  0.01621  0.42755
   0.98549  0.01562  0.43445
   0.98945  0.01488  0.38922
   0.99342  0.01406  0.32452
   0.99738  0.01325  0.29917
   1.00000  0.01271  0.25414
