GRUMMAN K-2 AIRFOIL                             
 Alfa =  -1.08900 Re =        0.000 Xflap,Yflap =     0.000000    0.000000
#    x        y        Cp  
   1.00000  0.01371  0.25412
   0.99740  0.01444  0.09897
   0.99329  0.01549  0.06113
   0.98889  0.01657  0.04557
   0.98423  0.01772  0.00501
   0.97929  0.01890 -0.03006
   0.97409  0.02011 -0.05614
   0.96867  0.02135 -0.08672
   0.96305  0.02259 -0.11338
   0.95727  0.02381 -0.13515
   0.95131  0.02502 -0.15626
   0.94520  0.02620 -0.17148
   0.93893  0.02735 -0.18468
   0.93253  0.02848 -0.19604
   0.92600  0.02957 -0.20330
   0.91932  0.03065 -0.20955
   0.91254  0.03170 -0.21656
   0.90568  0.03272 -0.22538
   0.89876  0.03372 -0.23287
   0.89181  0.03467 -0.24114
   0.88484  0.03559 -0.24723
   0.87782  0.03647 -0.24995
   0.87073  0.03731 -0.25120
   0.86355  0.03812 -0.25245
   0.85628  0.03891 -0.25125
   0.84891  0.03968 -0.25056
   0.84146  0.04044 -0.25057
   0.83396  0.04117 -0.25064
   0.82645  0.04190 -0.25644
   0.81896  0.04260 -0.26150
   0.81149  0.04327 -0.26519
   0.80402  0.04391 -0.26779
   0.79655  0.04452 -0.27039
   0.78909  0.04510 -0.27260
   0.78162  0.04565 -0.27352
   0.77414  0.04617 -0.27312
   0.76665  0.04666 -0.27365
   0.75914  0.04713 -0.27248
   0.75161  0.04756 -0.27077
   0.74405  0.04798 -0.26909
   0.73646  0.04837 -0.26631
   0.72884  0.04874 -0.26395
   0.72118  0.04909 -0.26118
   0.71350  0.04943 -0.25797
   0.70580  0.04974 -0.25625
   0.69806  0.05004 -0.25329
   0.69030  0.05033 -0.25138
   0.68252  0.05060 -0.24935
   0.67473  0.05086 -0.24770
   0.66693  0.05111 -0.24557
   0.65911  0.05135 -0.24441
   0.65129  0.05157 -0.24306
   0.64347  0.05178 -0.24109
   0.63563  0.05197 -0.24008
   0.62779  0.05216 -0.23867
   0.61994  0.05233 -0.23672
   0.61208  0.05249 -0.23628
   0.60421  0.05264 -0.23387
   0.59633  0.05278 -0.23316
   0.58846  0.05291 -0.23204
   0.58058  0.05303 -0.23153
   0.57270  0.05314 -0.23039
   0.56482  0.05324 -0.22958
   0.55693  0.05333 -0.22862
   0.54904  0.05340 -0.22808
   0.54115  0.05347 -0.22676
   0.53326  0.05353 -0.22654
   0.52537  0.05358 -0.22528
   0.51748  0.05361 -0.22451
   0.50958  0.05364 -0.22432
   0.50169  0.05366 -0.22282
   0.49380  0.05367 -0.22331
   0.48590  0.05367 -0.22175
   0.47801  0.05366 -0.22224
   0.47012  0.05363 -0.22133
   0.46224  0.05360 -0.22073
   0.45437  0.05356 -0.22023
   0.44650  0.05351 -0.21982
   0.43864  0.05345 -0.21883
   0.43079  0.05338 -0.21876
   0.42295  0.05330 -0.21856
   0.41514  0.05321 -0.21834
   0.40737  0.05312 -0.21911
   0.39966  0.05301 -0.21866
   0.39202  0.05289 -0.21999
   0.38445  0.05276 -0.21720
   0.37694  0.05262 -0.21468
   0.36954  0.05249 -0.21382
   0.36229  0.05236 -0.22115
   0.35524  0.05223 -0.23223
   0.34842  0.05207 -0.24162
   0.34179  0.05185 -0.23294
   0.33530  0.05159 -0.20591
   0.32892  0.05132 -0.17912
   0.32258  0.05111 -0.16544
   0.31625  0.05098 -0.18203
   0.30988  0.05089 -0.21175
   0.30343  0.05078 -0.23944
   0.29682  0.05061 -0.24190
   0.29002  0.05037 -0.22953
   0.28299  0.05009 -0.21777
   0.27579  0.04982 -0.21666
   0.26847  0.04954 -0.22094
   0.26108  0.04924 -0.22308
   0.25361  0.04892 -0.22217
   0.24607  0.04858 -0.22242
   0.23850  0.04823 -0.22364
   0.23092  0.04786 -0.22432
   0.22333  0.04747 -0.22537
   0.21574  0.04707 -0.22614
   0.20817  0.04664 -0.22823
   0.20063  0.04620 -0.22900
   0.19311  0.04574 -0.23008
   0.18563  0.04526 -0.23356
   0.17820  0.04475 -0.23359
   0.17081  0.04423 -0.23521
   0.16349  0.04368 -0.23797
   0.15624  0.04311 -0.23839
   0.14907  0.04251 -0.24123
   0.14200  0.04189 -0.24229
   0.13503  0.04125 -0.24372
   0.12818  0.04059 -0.24496
   0.12147  0.03990 -0.24571
   0.11493  0.03919 -0.24624
   0.10856  0.03847 -0.24684
   0.10240  0.03773 -0.24696
   0.09647  0.03699 -0.24853
   0.09078  0.03624 -0.25088
   0.08537  0.03550 -0.25017
   0.08024  0.03476 -0.25615
   0.07540  0.03403 -0.25863
   0.07085  0.03331 -0.26314
   0.06658  0.03261 -0.27675
   0.06257  0.03190 -0.27824
   0.05879  0.03120 -0.29035
   0.05523  0.03050 -0.29539
   0.05189  0.02978 -0.29429
   0.04873  0.02906 -0.28886
   0.04574  0.02833 -0.27859
   0.04291  0.02760 -0.26997
   0.04024  0.02687 -0.25567
   0.03771  0.02615 -0.24427
   0.03531  0.02543 -0.23711
   0.03305  0.02471 -0.21276
   0.03089  0.02399 -0.18300
   0.02884  0.02329 -0.15974
   0.02688  0.02260 -0.14483
   0.02502  0.02195 -0.14397
   0.02326  0.02131 -0.14332
   0.02159  0.02067 -0.14320
   0.02000  0.02005 -0.13832
   0.01849  0.01942 -0.12865
   0.01706  0.01880 -0.11137
   0.01569  0.01817 -0.08552
   0.01439  0.01754 -0.06396
   0.01314  0.01692 -0.04152
   0.01194  0.01630 -0.02216
   0.01080  0.01568 -0.00417
   0.00971  0.01507  0.01272
   0.00867  0.01445  0.03634
   0.00767  0.01383  0.05185
   0.00672  0.01321  0.07406
   0.00581  0.01258  0.09178
   0.00495  0.01194  0.12004
   0.00414  0.01128  0.14034
   0.00338  0.01061  0.16439
   0.00268  0.00990  0.19399
   0.00207  0.00914  0.30544
   0.00154  0.00835  0.39564
   0.00111  0.00752  0.51790
   0.00078  0.00665  0.65691
   0.00053  0.00577  0.76983
   0.00035  0.00489  0.85222
   0.00022  0.00400  0.90845
   0.00012  0.00312  0.95016
   0.00005  0.00224  0.97587
   0.00001  0.00137  0.99190
  -0.00000  0.00051  0.99935
   0.00001 -0.00034  0.99887
   0.00004 -0.00120  0.99111
   0.00010 -0.00206  0.97588
   0.00020 -0.00292  0.96135
   0.00027 -0.00380  0.92382
   0.00039 -0.00468  0.89321
   0.00054 -0.00556  0.84891
   0.00072 -0.00645  0.79434
   0.00092 -0.00735  0.73330
   0.00115 -0.00824  0.66115
   0.00142 -0.00914  0.56901
   0.00173 -0.01004  0.46643
   0.00207 -0.01094  0.34887
   0.00247 -0.01182  0.18345
   0.00292 -0.01269  0.10365
   0.00342 -0.01356 -0.22239
   0.00402 -0.01437 -0.28718
   0.00470 -0.01514 -0.39441
   0.00546 -0.01587 -0.43321
   0.00629 -0.01657 -0.46574
   0.00717 -0.01724 -0.48079
   0.00811 -0.01789 -0.49936
   0.00910 -0.01851 -0.50111
   0.01015 -0.01912 -0.50035
   0.01125 -0.01971 -0.50309
   0.01240 -0.02029 -0.49826
   0.01361 -0.02086 -0.49474
   0.01488 -0.02142 -0.48959
   0.01621 -0.02198 -0.47727
   0.01761 -0.02253 -0.47142
   0.01908 -0.02307 -0.45770
   0.02063 -0.02362 -0.45441
   0.02226 -0.02417 -0.44332
   0.02397 -0.02472 -0.42995
   0.02579 -0.02528 -0.42414
   0.02770 -0.02584 -0.41518
   0.02973 -0.02641 -0.40874
   0.03189 -0.02700 -0.40229
   0.03419 -0.02759 -0.39713
   0.03663 -0.02820 -0.38766
   0.03924 -0.02882 -0.38227
   0.04203 -0.02945 -0.37268
   0.04502 -0.03011 -0.36712
   0.04822 -0.03078 -0.36234
   0.05165 -0.03148 -0.35996
   0.05533 -0.03220 -0.35646
   0.05925 -0.03293 -0.35430
   0.06344 -0.03368 -0.35044
   0.06789 -0.03445 -0.34922
   0.07262 -0.03522 -0.34526
   0.07761 -0.03600 -0.34457
   0.08288 -0.03679 -0.34199
   0.08842 -0.03758 -0.33946
   0.09419 -0.03836 -0.33714
   0.10019 -0.03914 -0.33576
   0.10638 -0.03991 -0.33552
   0.11276 -0.04065 -0.33514
   0.11929 -0.04138 -0.33492
   0.12594 -0.04208 -0.33410
   0.13272 -0.04276 -0.33353
   0.13959 -0.04340 -0.33257
   0.14656 -0.04401 -0.32993
   0.15362 -0.04460 -0.32864
   0.16075 -0.04515 -0.32514
   0.16794 -0.04567 -0.32326
   0.17519 -0.04616 -0.32026
   0.18248 -0.04663 -0.31859
   0.18981 -0.04706 -0.31671
   0.19717 -0.04747 -0.31562
   0.20456 -0.04785 -0.31172
   0.21197 -0.04820 -0.31110
   0.21942 -0.04852 -0.30725
   0.22690 -0.04882 -0.30491
   0.23441 -0.04909 -0.30042
   0.24195 -0.04934 -0.29853
   0.24951 -0.04956 -0.29668
   0.25708 -0.04977 -0.29363
   0.26468 -0.04995 -0.29252
   0.27229 -0.05011 -0.28845
   0.27991 -0.05024 -0.28720
   0.28756 -0.05036 -0.28394
   0.29522 -0.05046 -0.28217
   0.30289 -0.05054 -0.28047
   0.31057 -0.05060 -0.27852
   0.31825 -0.05064 -0.27646
   0.32595 -0.05066 -0.27503
   0.33364 -0.05066 -0.27365
   0.34135 -0.05065 -0.27198
   0.34906 -0.05061 -0.27041
   0.35677 -0.05056 -0.26873
   0.36448 -0.05048 -0.26724
   0.37219 -0.05039 -0.26580
   0.37990 -0.05028 -0.26394
   0.38761 -0.05015 -0.26271
   0.39532 -0.05001 -0.26153
   0.40302 -0.04984 -0.26029
   0.41072 -0.04966 -0.25834
   0.41842 -0.04945 -0.25787
   0.42610 -0.04923 -0.25663
   0.43378 -0.04899 -0.25601
   0.44144 -0.04873 -0.25400
   0.44910 -0.04845 -0.25358
   0.45674 -0.04815 -0.25216
   0.46437 -0.04783 -0.25156
   0.47199 -0.04749 -0.24997
   0.47960 -0.04713 -0.24823
   0.48720 -0.04674 -0.24705
   0.49478 -0.04634 -0.24543
   0.50235 -0.04590 -0.24316
   0.50991 -0.04545 -0.24207
   0.51745 -0.04497 -0.23951
   0.52498 -0.04447 -0.23723
   0.53250 -0.04395 -0.23521
   0.54000 -0.04340 -0.23276
   0.54749 -0.04282 -0.23003
   0.55497 -0.04222 -0.22700
   0.56243 -0.04159 -0.22348
   0.56987 -0.04093 -0.22023
   0.57730 -0.04025 -0.21665
   0.58471 -0.03954 -0.21265
   0.59210 -0.03881 -0.20855
   0.59948 -0.03804 -0.20424
   0.60683 -0.03724 -0.19974
   0.61417 -0.03642 -0.19362
   0.62149 -0.03556 -0.18901
   0.62879 -0.03468 -0.18187
   0.63608 -0.03376 -0.17629
   0.64335 -0.03281 -0.16824
   0.65061 -0.03183 -0.16128
   0.65786 -0.03081 -0.15283
   0.66510 -0.02976 -0.14403
   0.67232 -0.02867 -0.13440
   0.67954 -0.02755 -0.12441
   0.68676 -0.02640 -0.11393
   0.69397 -0.02520 -0.10287
   0.70117 -0.02398 -0.09022
   0.70838 -0.02271 -0.07763
   0.71559 -0.02141 -0.06425
   0.72281 -0.02007 -0.04999
   0.73004 -0.01870 -0.03535
   0.73728 -0.01729 -0.01939
   0.74453 -0.01584 -0.00198
   0.75180 -0.01436  0.01428
   0.75910 -0.01284  0.03415
   0.76642 -0.01128  0.05207
   0.77378 -0.00969  0.07375
   0.78118 -0.00807  0.09248
   0.78863 -0.00642  0.11585
   0.79611 -0.00475  0.13656
   0.80361 -0.00306  0.16085
   0.81108 -0.00138  0.18364
   0.81847  0.00029  0.20655
   0.82574  0.00191  0.23018
   0.83289  0.00348  0.25209
   0.83991  0.00499  0.27251
   0.84680  0.00644  0.29212
   0.85358  0.00782  0.31147
   0.86023  0.00913  0.32767
   0.86676  0.01036  0.34616
   0.87316  0.01151  0.36029
   0.87944  0.01258  0.37660
   0.88561  0.01356  0.38838
   0.89167  0.01445  0.40056
   0.89763  0.01526  0.41128
   0.90349  0.01599  0.42082
   0.90927  0.01663  0.42857
   0.91493  0.01718  0.43813
   0.92047  0.01765  0.44404
   0.92588  0.01803  0.45218
   0.93120  0.01832  0.45578
   0.93644  0.01853  0.45657
   0.94160  0.01868  0.45945
   0.94662  0.01876  0.46641
   0.95140  0.01879  0.48169
   0.95595  0.01872  0.49135
   0.96030  0.01853  0.49640
   0.96456  0.01820  0.48144
   0.96881  0.01775  0.45391
   0.97308  0.01723  0.42679
   0.97733  0.01672  0.41458
   0.98147  0.01621  0.42768
   0.98549  0.01562  0.43457
   0.98945  0.01488  0.38934
   0.99342  0.01406  0.32464
   0.99738  0.01325  0.29926
   1.00000  0.01271  0.25412
