GRUMMAN K-2 AIRFOIL                             
 Alfa =  -1.07200 Re =        0.000 Xflap,Yflap =     0.000000    0.000000
#    x        y        Cp  
   1.00000  0.01371  0.25411
   0.99740  0.01444  0.09895
   0.99329  0.01549  0.06110
   0.98889  0.01657  0.04552
   0.98423  0.01772  0.00494
   0.97929  0.01890 -0.03014
   0.97409  0.02011 -0.05622
   0.96867  0.02135 -0.08683
   0.96305  0.02259 -0.11349
   0.95727  0.02381 -0.13527
   0.95131  0.02502 -0.15640
   0.94520  0.02620 -0.17163
   0.93893  0.02735 -0.18485
   0.93253  0.02848 -0.19622
   0.92600  0.02957 -0.20349
   0.91932  0.03065 -0.20976
   0.91254  0.03170 -0.21677
   0.90568  0.03272 -0.22560
   0.89876  0.03372 -0.23310
   0.89181  0.03467 -0.24139
   0.88484  0.03559 -0.24748
   0.87782  0.03647 -0.25022
   0.87073  0.03731 -0.25148
   0.86355  0.03812 -0.25273
   0.85628  0.03891 -0.25154
   0.84891  0.03968 -0.25086
   0.84146  0.04044 -0.25088
   0.83396  0.04117 -0.25096
   0.82645  0.04190 -0.25677
   0.81896  0.04260 -0.26184
   0.81149  0.04327 -0.26554
   0.80402  0.04391 -0.26815
   0.79655  0.04452 -0.27076
   0.78909  0.04510 -0.27297
   0.78162  0.04565 -0.27391
   0.77414  0.04617 -0.27351
   0.76665  0.04666 -0.27406
   0.75914  0.04713 -0.27289
   0.75161  0.04756 -0.27119
   0.74405  0.04798 -0.26952
   0.73646  0.04837 -0.26675
   0.72884  0.04874 -0.26440
   0.72118  0.04909 -0.26163
   0.71350  0.04943 -0.25844
   0.70580  0.04974 -0.25672
   0.69806  0.05004 -0.25376
   0.69030  0.05033 -0.25187
   0.68252  0.05060 -0.24984
   0.67473  0.05086 -0.24821
   0.66693  0.05111 -0.24609
   0.65911  0.05135 -0.24493
   0.65129  0.05157 -0.24359
   0.64347  0.05178 -0.24163
   0.63563  0.05197 -0.24063
   0.62779  0.05216 -0.23922
   0.61994  0.05233 -0.23729
   0.61208  0.05249 -0.23685
   0.60421  0.05264 -0.23445
   0.59633  0.05278 -0.23375
   0.58846  0.05291 -0.23264
   0.58058  0.05303 -0.23214
   0.57270  0.05314 -0.23101
   0.56482  0.05324 -0.23021
   0.55693  0.05333 -0.22925
   0.54904  0.05340 -0.22873
   0.54115  0.05347 -0.22742
   0.53326  0.05353 -0.22720
   0.52537  0.05358 -0.22596
   0.51748  0.05361 -0.22520
   0.50958  0.05364 -0.22502
   0.50169  0.05366 -0.22353
   0.49380  0.05367 -0.22403
   0.48590  0.05367 -0.22248
   0.47801  0.05366 -0.22299
   0.47012  0.05363 -0.22209
   0.46224  0.05360 -0.22149
   0.45437  0.05356 -0.22101
   0.44650  0.05351 -0.22061
   0.43864  0.05345 -0.21964
   0.43079  0.05338 -0.21957
   0.42295  0.05330 -0.21939
   0.41514  0.05321 -0.21918
   0.40737  0.05312 -0.21997
   0.39966  0.05301 -0.21953
   0.39202  0.05289 -0.22087
   0.38445  0.05276 -0.21810
   0.37694  0.05262 -0.21558
   0.36954  0.05249 -0.21474
   0.36229  0.05236 -0.22209
   0.35524  0.05223 -0.23320
   0.34842  0.05207 -0.24261
   0.34179  0.05185 -0.23394
   0.33530  0.05159 -0.20690
   0.32892  0.05132 -0.18010
   0.32258  0.05111 -0.16643
   0.31625  0.05098 -0.18304
   0.30988  0.05089 -0.21280
   0.30343  0.05078 -0.24053
   0.29682  0.05061 -0.24301
   0.29002  0.05037 -0.23065
   0.28299  0.05009 -0.21890
   0.27579  0.04982 -0.21780
   0.26847  0.04954 -0.22211
   0.26108  0.04924 -0.22427
   0.25361  0.04892 -0.22338
   0.24607  0.04858 -0.22367
   0.23850  0.04823 -0.22491
   0.23092  0.04786 -0.22562
   0.22333  0.04747 -0.22669
   0.21574  0.04707 -0.22749
   0.20817  0.04664 -0.22961
   0.20063  0.04620 -0.23042
   0.19311  0.04574 -0.23154
   0.18563  0.04526 -0.23506
   0.17820  0.04475 -0.23512
   0.17081  0.04423 -0.23678
   0.16349  0.04368 -0.23959
   0.15624  0.04311 -0.24005
   0.14907  0.04251 -0.24294
   0.14200  0.04189 -0.24405
   0.13503  0.04125 -0.24553
   0.12818  0.04059 -0.24683
   0.12147  0.03990 -0.24763
   0.11493  0.03919 -0.24823
   0.10856  0.03847 -0.24889
   0.10240  0.03773 -0.24907
   0.09647  0.03699 -0.25072
   0.09078  0.03624 -0.25315
   0.08537  0.03550 -0.25251
   0.08024  0.03476 -0.25857
   0.07540  0.03403 -0.26115
   0.07085  0.03331 -0.26575
   0.06658  0.03261 -0.27947
   0.06257  0.03190 -0.28105
   0.05879  0.03120 -0.29329
   0.05523  0.03050 -0.29843
   0.05189  0.02978 -0.29743
   0.04873  0.02906 -0.29209
   0.04574  0.02833 -0.28190
   0.04291  0.02760 -0.27337
   0.04024  0.02687 -0.25914
   0.03771  0.02615 -0.24783
   0.03531  0.02543 -0.24077
   0.03305  0.02471 -0.21647
   0.03089  0.02399 -0.18674
   0.02884  0.02329 -0.16353
   0.02688  0.02260 -0.14870
   0.02502  0.02195 -0.14798
   0.02326  0.02131 -0.14746
   0.02159  0.02067 -0.14750
   0.02000  0.02005 -0.14276
   0.01849  0.01942 -0.13322
   0.01706  0.01880 -0.11603
   0.01569  0.01817 -0.09026
   0.01439  0.01754 -0.06879
   0.01314  0.01692 -0.04645
   0.01194  0.01630 -0.02722
   0.01080  0.01568 -0.00937
   0.00971  0.01507  0.00738
   0.00867  0.01445  0.03085
   0.00767  0.01383  0.04618
   0.00672  0.01321  0.06819
   0.00581  0.01258  0.08568
   0.00495  0.01194  0.11373
   0.00414  0.01128  0.13374
   0.00338  0.01061  0.15744
   0.00268  0.00990  0.18667
   0.00207  0.00914  0.29845
   0.00154  0.00835  0.38883
   0.00111  0.00752  0.51171
   0.00078  0.00665  0.65181
   0.00053  0.00577  0.76579
   0.00035  0.00489  0.84909
   0.00022  0.00400  0.90604
   0.00012  0.00312  0.94842
   0.00005  0.00224  0.97468
   0.00001  0.00137  0.99121
  -0.00000  0.00051  0.99914
   0.00001 -0.00034  0.99910
   0.00004 -0.00120  0.99178
   0.00010 -0.00206  0.97702
   0.00020 -0.00292  0.96267
   0.00027 -0.00380  0.92586
   0.00039 -0.00468  0.89554
   0.00054 -0.00556  0.85170
   0.00072 -0.00645  0.79760
   0.00092 -0.00735  0.73703
   0.00115 -0.00824  0.66538
   0.00142 -0.00914  0.57383
   0.00173 -0.01004  0.47185
   0.00207 -0.01094  0.35490
   0.00247 -0.01182  0.19037
   0.00292 -0.01269  0.11069
   0.00342 -0.01356 -0.21350
   0.00402 -0.01437 -0.27851
   0.00470 -0.01514 -0.38561
   0.00546 -0.01587 -0.42473
   0.00629 -0.01657 -0.45754
   0.00717 -0.01724 -0.47295
   0.00811 -0.01789 -0.49180
   0.00910 -0.01851 -0.49388
   0.01015 -0.01912 -0.49345
   0.01125 -0.01971 -0.49646
   0.01240 -0.02029 -0.49190
   0.01361 -0.02086 -0.48864
   0.01488 -0.02142 -0.48374
   0.01621 -0.02198 -0.47167
   0.01761 -0.02253 -0.46603
   0.01908 -0.02307 -0.45254
   0.02063 -0.02362 -0.44943
   0.02226 -0.02417 -0.43853
   0.02397 -0.02472 -0.42536
   0.02579 -0.02528 -0.41972
   0.02770 -0.02584 -0.41092
   0.02973 -0.02641 -0.40462
   0.03189 -0.02700 -0.39832
   0.03419 -0.02759 -0.39330
   0.03663 -0.02820 -0.38397
   0.03924 -0.02882 -0.37871
   0.04203 -0.02945 -0.36925
   0.04502 -0.03011 -0.36381
   0.04822 -0.03078 -0.35915
   0.05165 -0.03148 -0.35687
   0.05533 -0.03220 -0.35348
   0.05925 -0.03293 -0.35142
   0.06344 -0.03368 -0.34766
   0.06789 -0.03445 -0.34654
   0.07262 -0.03522 -0.34267
   0.07761 -0.03600 -0.34207
   0.08288 -0.03679 -0.33957
   0.08842 -0.03758 -0.33713
   0.09419 -0.03836 -0.33488
   0.10019 -0.03914 -0.33358
   0.10638 -0.03991 -0.33340
   0.11276 -0.04065 -0.33309
   0.11929 -0.04138 -0.33293
   0.12594 -0.04208 -0.33217
   0.13272 -0.04276 -0.33166
   0.13959 -0.04340 -0.33075
   0.14656 -0.04401 -0.32816
   0.15362 -0.04460 -0.32692
   0.16075 -0.04515 -0.32347
   0.16794 -0.04567 -0.32163
   0.17519 -0.04616 -0.31868
   0.18248 -0.04663 -0.31705
   0.18981 -0.04706 -0.31520
   0.19717 -0.04747 -0.31416
   0.20456 -0.04785 -0.31029
   0.21197 -0.04820 -0.30970
   0.21942 -0.04852 -0.30589
   0.22690 -0.04882 -0.30358
   0.23441 -0.04909 -0.29912
   0.24195 -0.04934 -0.29726
   0.24951 -0.04956 -0.29543
   0.25708 -0.04977 -0.29241
   0.26468 -0.04995 -0.29132
   0.27229 -0.05011 -0.28728
   0.27991 -0.05024 -0.28605
   0.28756 -0.05036 -0.28282
   0.29522 -0.05046 -0.28107
   0.30289 -0.05054 -0.27939
   0.31057 -0.05060 -0.27747
   0.31825 -0.05064 -0.27542
   0.32595 -0.05066 -0.27401
   0.33364 -0.05066 -0.27265
   0.34135 -0.05065 -0.27100
   0.34906 -0.05061 -0.26944
   0.35677 -0.05056 -0.26779
   0.36448 -0.05048 -0.26632
   0.37219 -0.05039 -0.26488
   0.37990 -0.05028 -0.26304
   0.38761 -0.05015 -0.26183
   0.39532 -0.05001 -0.26067
   0.40302 -0.04984 -0.25944
   0.41072 -0.04966 -0.25750
   0.41842 -0.04945 -0.25705
   0.42610 -0.04923 -0.25582
   0.43378 -0.04899 -0.25522
   0.44144 -0.04873 -0.25322
   0.44910 -0.04845 -0.25282
   0.45674 -0.04815 -0.25140
   0.46437 -0.04783 -0.25082
   0.47199 -0.04749 -0.24924
   0.47960 -0.04713 -0.24751
   0.48720 -0.04674 -0.24634
   0.49478 -0.04634 -0.24474
   0.50235 -0.04590 -0.24248
   0.50991 -0.04545 -0.24140
   0.51745 -0.04497 -0.23885
   0.52498 -0.04447 -0.23659
   0.53250 -0.04395 -0.23458
   0.54000 -0.04340 -0.23214
   0.54749 -0.04282 -0.22941
   0.55497 -0.04222 -0.22640
   0.56243 -0.04159 -0.22290
   0.56987 -0.04093 -0.21965
   0.57730 -0.04025 -0.21609
   0.58471 -0.03954 -0.21210
   0.59210 -0.03881 -0.20800
   0.59948 -0.03804 -0.20371
   0.60683 -0.03724 -0.19921
   0.61417 -0.03642 -0.19310
   0.62149 -0.03556 -0.18851
   0.62879 -0.03468 -0.18138
   0.63608 -0.03376 -0.17581
   0.64335 -0.03281 -0.16777
   0.65061 -0.03183 -0.16083
   0.65786 -0.03081 -0.15238
   0.66510 -0.02976 -0.14360
   0.67232 -0.02867 -0.13397
   0.67954 -0.02755 -0.12400
   0.68676 -0.02640 -0.11353
   0.69397 -0.02520 -0.10248
   0.70117 -0.02398 -0.08984
   0.70838 -0.02271 -0.07727
   0.71559 -0.02141 -0.06390
   0.72281 -0.02007 -0.04965
   0.73004 -0.01870 -0.03501
   0.73728 -0.01729 -0.01906
   0.74453 -0.01584 -0.00167
   0.75180 -0.01436  0.01458
   0.75910 -0.01284  0.03443
   0.76642 -0.01128  0.05234
   0.77378 -0.00969  0.07401
   0.78118 -0.00807  0.09274
   0.78863 -0.00642  0.11609
   0.79611 -0.00475  0.13678
   0.80361 -0.00306  0.16106
   0.81108 -0.00138  0.18385
   0.81847  0.00029  0.20674
   0.82574  0.00191  0.23036
   0.83289  0.00348  0.25227
   0.83991  0.00499  0.27267
   0.84680  0.00644  0.29227
   0.85358  0.00782  0.31161
   0.86023  0.00913  0.32781
   0.86676  0.01036  0.34629
   0.87316  0.01151  0.36042
   0.87944  0.01258  0.37672
   0.88561  0.01356  0.38850
   0.89167  0.01445  0.40067
   0.89763  0.01526  0.41138
   0.90349  0.01599  0.42092
   0.90927  0.01663  0.42866
   0.91493  0.01718  0.43822
   0.92047  0.01765  0.44413
   0.92588  0.01803  0.45226
   0.93120  0.01832  0.45586
   0.93644  0.01853  0.45664
   0.94160  0.01868  0.45952
   0.94662  0.01876  0.46649
   0.95140  0.01879  0.48175
   0.95595  0.01872  0.49142
   0.96030  0.01853  0.49646
   0.96456  0.01820  0.48149
   0.96881  0.01775  0.45396
   0.97308  0.01723  0.42684
   0.97733  0.01672  0.41464
   0.98147  0.01621  0.42773
   0.98549  0.01562  0.43461
   0.98945  0.01488  0.38939
   0.99342  0.01406  0.32468
   0.99738  0.01325  0.29930
   1.00000  0.01271  0.25411
