GRUMMAN K-2 AIRFOIL                             
 Alfa =  -1.09200 Re =        0.000 Xflap,Yflap =     0.000000    0.000000
#    x        y        Cp  
   1.00000  0.01371  0.25412
   0.99740  0.01444  0.09898
   0.99329  0.01549  0.06114
   0.98889  0.01657  0.04557
   0.98423  0.01772  0.00502
   0.97929  0.01890 -0.03005
   0.97409  0.02011 -0.05612
   0.96867  0.02135 -0.08671
   0.96305  0.02259 -0.11336
   0.95727  0.02381 -0.13513
   0.95131  0.02502 -0.15623
   0.94520  0.02620 -0.17145
   0.93893  0.02735 -0.18466
   0.93253  0.02848 -0.19601
   0.92600  0.02957 -0.20327
   0.91932  0.03065 -0.20952
   0.91254  0.03170 -0.21653
   0.90568  0.03272 -0.22534
   0.89876  0.03372 -0.23283
   0.89181  0.03467 -0.24110
   0.88484  0.03559 -0.24718
   0.87782  0.03647 -0.24991
   0.87073  0.03731 -0.25116
   0.86355  0.03812 -0.25239
   0.85628  0.03891 -0.25120
   0.84891  0.03968 -0.25051
   0.84146  0.04044 -0.25052
   0.83396  0.04117 -0.25058
   0.82645  0.04190 -0.25638
   0.81896  0.04260 -0.26144
   0.81149  0.04327 -0.26513
   0.80402  0.04391 -0.26773
   0.79655  0.04452 -0.27032
   0.78909  0.04510 -0.27253
   0.78162  0.04565 -0.27345
   0.77414  0.04617 -0.27305
   0.76665  0.04666 -0.27358
   0.75914  0.04713 -0.27240
   0.75161  0.04756 -0.27069
   0.74405  0.04798 -0.26902
   0.73646  0.04837 -0.26623
   0.72884  0.04874 -0.26387
   0.72118  0.04909 -0.26110
   0.71350  0.04943 -0.25789
   0.70580  0.04974 -0.25617
   0.69806  0.05004 -0.25321
   0.69030  0.05033 -0.25130
   0.68252  0.05060 -0.24926
   0.67473  0.05086 -0.24761
   0.66693  0.05111 -0.24548
   0.65911  0.05135 -0.24432
   0.65129  0.05157 -0.24296
   0.64347  0.05178 -0.24100
   0.63563  0.05197 -0.23998
   0.62779  0.05216 -0.23857
   0.61994  0.05233 -0.23662
   0.61208  0.05249 -0.23617
   0.60421  0.05264 -0.23377
   0.59633  0.05278 -0.23306
   0.58846  0.05291 -0.23193
   0.58058  0.05303 -0.23142
   0.57270  0.05314 -0.23028
   0.56482  0.05324 -0.22947
   0.55693  0.05333 -0.22850
   0.54904  0.05340 -0.22796
   0.54115  0.05347 -0.22664
   0.53326  0.05353 -0.22642
   0.52537  0.05358 -0.22517
   0.51748  0.05361 -0.22439
   0.50958  0.05364 -0.22420
   0.50169  0.05366 -0.22270
   0.49380  0.05367 -0.22318
   0.48590  0.05367 -0.22162
   0.47801  0.05366 -0.22211
   0.47012  0.05363 -0.22120
   0.46224  0.05360 -0.22059
   0.45437  0.05356 -0.22009
   0.44650  0.05351 -0.21968
   0.43864  0.05345 -0.21869
   0.43079  0.05338 -0.21861
   0.42295  0.05330 -0.21842
   0.41514  0.05321 -0.21819
   0.40737  0.05312 -0.21896
   0.39966  0.05301 -0.21850
   0.39202  0.05289 -0.21983
   0.38445  0.05276 -0.21704
   0.37694  0.05262 -0.21452
   0.36954  0.05249 -0.21365
   0.36229  0.05236 -0.22098
   0.35524  0.05223 -0.23206
   0.34842  0.05207 -0.24145
   0.34179  0.05185 -0.23277
   0.33530  0.05159 -0.20574
   0.32892  0.05132 -0.17895
   0.32258  0.05111 -0.16527
   0.31625  0.05098 -0.18186
   0.30988  0.05089 -0.21156
   0.30343  0.05078 -0.23925
   0.29682  0.05061 -0.24170
   0.29002  0.05037 -0.22934
   0.28299  0.05009 -0.21757
   0.27579  0.04982 -0.21646
   0.26847  0.04954 -0.22074
   0.26108  0.04924 -0.22287
   0.25361  0.04892 -0.22195
   0.24607  0.04858 -0.22221
   0.23850  0.04823 -0.22342
   0.23092  0.04786 -0.22409
   0.22333  0.04747 -0.22514
   0.21574  0.04707 -0.22590
   0.20817  0.04664 -0.22798
   0.20063  0.04620 -0.22875
   0.19311  0.04574 -0.22983
   0.18563  0.04526 -0.23330
   0.17820  0.04475 -0.23332
   0.17081  0.04423 -0.23493
   0.16349  0.04368 -0.23769
   0.15624  0.04311 -0.23810
   0.14907  0.04251 -0.24093
   0.14200  0.04189 -0.24198
   0.13503  0.04125 -0.24340
   0.12818  0.04059 -0.24463
   0.12147  0.03990 -0.24537
   0.11493  0.03919 -0.24589
   0.10856  0.03847 -0.24647
   0.10240  0.03773 -0.24658
   0.09647  0.03699 -0.24814
   0.09078  0.03624 -0.25048
   0.08537  0.03550 -0.24976
   0.08024  0.03476 -0.25572
   0.07540  0.03403 -0.25819
   0.07085  0.03331 -0.26268
   0.06658  0.03261 -0.27627
   0.06257  0.03190 -0.27774
   0.05879  0.03120 -0.28983
   0.05523  0.03050 -0.29485
   0.05189  0.02978 -0.29374
   0.04873  0.02906 -0.28829
   0.04574  0.02833 -0.27800
   0.04291  0.02760 -0.26937
   0.04024  0.02687 -0.25506
   0.03771  0.02615 -0.24364
   0.03531  0.02543 -0.23647
   0.03305  0.02471 -0.21211
   0.03089  0.02399 -0.18234
   0.02884  0.02329 -0.15907
   0.02688  0.02260 -0.14414
   0.02502  0.02195 -0.14327
   0.02326  0.02131 -0.14258
   0.02159  0.02067 -0.14245
   0.02000  0.02005 -0.13754
   0.01849  0.01942 -0.12785
   0.01706  0.01880 -0.11054
   0.01569  0.01817 -0.08468
   0.01439  0.01754 -0.06311
   0.01314  0.01692 -0.04065
   0.01194  0.01630 -0.02127
   0.01080  0.01568 -0.00326
   0.00971  0.01507  0.01366
   0.00867  0.01445  0.03730
   0.00767  0.01383  0.05285
   0.00672  0.01321  0.07509
   0.00581  0.01258  0.09285
   0.00495  0.01194  0.12115
   0.00414  0.01128  0.14150
   0.00338  0.01061  0.16562
   0.00268  0.00990  0.19528
   0.00207  0.00914  0.30667
   0.00154  0.00835  0.39683
   0.00111  0.00752  0.51899
   0.00078  0.00665  0.65781
   0.00053  0.00577  0.77054
   0.00035  0.00489  0.85277
   0.00022  0.00400  0.90887
   0.00012  0.00312  0.95046
   0.00005  0.00224  0.97608
   0.00001  0.00137  0.99202
  -0.00000  0.00051  0.99938
   0.00001 -0.00034  0.99882
   0.00004 -0.00120  0.99099
   0.00010 -0.00206  0.97568
   0.00020 -0.00292  0.96111
   0.00027 -0.00380  0.92346
   0.00039 -0.00468  0.89280
   0.00054 -0.00556  0.84842
   0.00072 -0.00645  0.79376
   0.00092 -0.00735  0.73264
   0.00115 -0.00824  0.66040
   0.00142 -0.00914  0.56816
   0.00173 -0.01004  0.46547
   0.00207 -0.01094  0.34780
   0.00247 -0.01182  0.18222
   0.00292 -0.01269  0.10240
   0.00342 -0.01356 -0.22396
   0.00402 -0.01437 -0.28871
   0.00470 -0.01514 -0.39597
   0.00546 -0.01587 -0.43471
   0.00629 -0.01657 -0.46719
   0.00717 -0.01724 -0.48218
   0.00811 -0.01789 -0.50070
   0.00910 -0.01851 -0.50238
   0.01015 -0.01912 -0.50158
   0.01125 -0.01971 -0.50426
   0.01240 -0.02029 -0.49938
   0.01361 -0.02086 -0.49582
   0.01488 -0.02142 -0.49062
   0.01621 -0.02198 -0.47826
   0.01761 -0.02253 -0.47237
   0.01908 -0.02307 -0.45862
   0.02063 -0.02362 -0.45529
   0.02226 -0.02417 -0.44416
   0.02397 -0.02472 -0.43076
   0.02579 -0.02528 -0.42492
   0.02770 -0.02584 -0.41594
   0.02973 -0.02641 -0.40947
   0.03189 -0.02700 -0.40299
   0.03419 -0.02759 -0.39781
   0.03663 -0.02820 -0.38831
   0.03924 -0.02882 -0.38290
   0.04203 -0.02945 -0.37329
   0.04502 -0.03011 -0.36770
   0.04822 -0.03078 -0.36290
   0.05165 -0.03148 -0.36050
   0.05533 -0.03220 -0.35699
   0.05925 -0.03293 -0.35481
   0.06344 -0.03368 -0.35093
   0.06789 -0.03445 -0.34969
   0.07262 -0.03522 -0.34572
   0.07761 -0.03600 -0.34501
   0.08288 -0.03679 -0.34242
   0.08842 -0.03758 -0.33987
   0.09419 -0.03836 -0.33754
   0.10019 -0.03914 -0.33615
   0.10638 -0.03991 -0.33589
   0.11276 -0.04065 -0.33550
   0.11929 -0.04138 -0.33527
   0.12594 -0.04208 -0.33444
   0.13272 -0.04276 -0.33386
   0.13959 -0.04340 -0.33289
   0.14656 -0.04401 -0.33024
   0.15362 -0.04460 -0.32894
   0.16075 -0.04515 -0.32544
   0.16794 -0.04567 -0.32355
   0.17519 -0.04616 -0.32054
   0.18248 -0.04663 -0.31886
   0.18981 -0.04706 -0.31697
   0.19717 -0.04747 -0.31588
   0.20456 -0.04785 -0.31197
   0.21197 -0.04820 -0.31135
   0.21942 -0.04852 -0.30749
   0.22690 -0.04882 -0.30515
   0.23441 -0.04909 -0.30065
   0.24195 -0.04934 -0.29876
   0.24951 -0.04956 -0.29690
   0.25708 -0.04977 -0.29385
   0.26468 -0.04995 -0.29273
   0.27229 -0.05011 -0.28866
   0.27991 -0.05024 -0.28740
   0.28756 -0.05036 -0.28414
   0.29522 -0.05046 -0.28237
   0.30289 -0.05054 -0.28066
   0.31057 -0.05060 -0.27871
   0.31825 -0.05064 -0.27664
   0.32595 -0.05066 -0.27521
   0.33364 -0.05066 -0.27383
   0.34135 -0.05065 -0.27216
   0.34906 -0.05061 -0.27058
   0.35677 -0.05056 -0.26890
   0.36448 -0.05048 -0.26741
   0.37219 -0.05039 -0.26596
   0.37990 -0.05028 -0.26409
   0.38761 -0.05015 -0.26287
   0.39532 -0.05001 -0.26169
   0.40302 -0.04984 -0.26044
   0.41072 -0.04966 -0.25849
   0.41842 -0.04945 -0.25801
   0.42610 -0.04923 -0.25677
   0.43378 -0.04899 -0.25615
   0.44144 -0.04873 -0.25414
   0.44910 -0.04845 -0.25372
   0.45674 -0.04815 -0.25229
   0.46437 -0.04783 -0.25169
   0.47199 -0.04749 -0.25010
   0.47960 -0.04713 -0.24835
   0.48720 -0.04674 -0.24717
   0.49478 -0.04634 -0.24555
   0.50235 -0.04590 -0.24328
   0.50991 -0.04545 -0.24219
   0.51745 -0.04497 -0.23963
   0.52498 -0.04447 -0.23735
   0.53250 -0.04395 -0.23533
   0.54000 -0.04340 -0.23287
   0.54749 -0.04282 -0.23013
   0.55497 -0.04222 -0.22710
   0.56243 -0.04159 -0.22359
   0.56987 -0.04093 -0.22034
   0.57730 -0.04025 -0.21676
   0.58471 -0.03954 -0.21275
   0.59210 -0.03881 -0.20865
   0.59948 -0.03804 -0.20434
   0.60683 -0.03724 -0.19983
   0.61417 -0.03642 -0.19371
   0.62149 -0.03556 -0.18910
   0.62879 -0.03468 -0.18196
   0.63608 -0.03376 -0.17637
   0.64335 -0.03281 -0.16833
   0.65061 -0.03183 -0.16137
   0.65786 -0.03081 -0.15291
   0.66510 -0.02976 -0.14411
   0.67232 -0.02867 -0.13447
   0.67954 -0.02755 -0.12449
   0.68676 -0.02640 -0.11400
   0.69397 -0.02520 -0.10293
   0.70117 -0.02398 -0.09028
   0.70838 -0.02271 -0.07770
   0.71559 -0.02141 -0.06432
   0.72281 -0.02007 -0.05005
   0.73004 -0.01870 -0.03541
   0.73728 -0.01729 -0.01944
   0.74453 -0.01584 -0.00203
   0.75180 -0.01436  0.01423
   0.75910 -0.01284  0.03410
   0.76642 -0.01128  0.05202
   0.77378 -0.00969  0.07370
   0.78118 -0.00807  0.09244
   0.78863 -0.00642  0.11580
   0.79611 -0.00475  0.13652
   0.80361 -0.00306  0.16081
   0.81108 -0.00138  0.18361
   0.81847  0.00029  0.20651
   0.82574  0.00191  0.23015
   0.83289  0.00348  0.25206
   0.83991  0.00499  0.27248
   0.84680  0.00644  0.29209
   0.85358  0.00782  0.31144
   0.86023  0.00913  0.32764
   0.86676  0.01036  0.34613
   0.87316  0.01151  0.36027
   0.87944  0.01258  0.37658
   0.88561  0.01356  0.38836
   0.89167  0.01445  0.40054
   0.89763  0.01526  0.41126
   0.90349  0.01599  0.42080
   0.90927  0.01663  0.42855
   0.91493  0.01718  0.43811
   0.92047  0.01765  0.44402
   0.92588  0.01803  0.45217
   0.93120  0.01832  0.45577
   0.93644  0.01853  0.45655
   0.94160  0.01868  0.45944
   0.94662  0.01876  0.46640
   0.95140  0.01879  0.48167
   0.95595  0.01872  0.49134
   0.96030  0.01853  0.49639
   0.96456  0.01820  0.48143
   0.96881  0.01775  0.45390
   0.97308  0.01723  0.42678
   0.97733  0.01672  0.41458
   0.98147  0.01621  0.42768
   0.98549  0.01562  0.43456
   0.98945  0.01488  0.38934
   0.99342  0.01406  0.32463
   0.99738  0.01325  0.29926
   1.00000  0.01271  0.25412
