GRUMMAN K-2 AIRFOIL                             
 Alfa =  -1.06300 Re =        0.000 Xflap,Yflap =     0.000000    0.000000
#    x        y        Cp  
   1.00000  0.01371  0.25411
   0.99740  0.01444  0.09894
   0.99329  0.01549  0.06109
   0.98889  0.01657  0.04549
   0.98423  0.01772  0.00491
   0.97929  0.01890 -0.03018
   0.97409  0.02011 -0.05627
   0.96867  0.02135 -0.08688
   0.96305  0.02259 -0.11355
   0.95727  0.02381 -0.13534
   0.95131  0.02502 -0.15647
   0.94520  0.02620 -0.17171
   0.93893  0.02735 -0.18494
   0.93253  0.02848 -0.19632
   0.92600  0.02957 -0.20359
   0.91932  0.03065 -0.20986
   0.91254  0.03170 -0.21688
   0.90568  0.03272 -0.22572
   0.89876  0.03372 -0.23322
   0.89181  0.03467 -0.24151
   0.88484  0.03559 -0.24762
   0.87782  0.03647 -0.25036
   0.87073  0.03731 -0.25162
   0.86355  0.03812 -0.25288
   0.85628  0.03891 -0.25169
   0.84891  0.03968 -0.25103
   0.84146  0.04044 -0.25104
   0.83396  0.04117 -0.25113
   0.82645  0.04190 -0.25694
   0.81896  0.04260 -0.26202
   0.81149  0.04327 -0.26573
   0.80402  0.04391 -0.26834
   0.79655  0.04452 -0.27096
   0.78909  0.04510 -0.27317
   0.78162  0.04565 -0.27412
   0.77414  0.04617 -0.27372
   0.76665  0.04666 -0.27427
   0.75914  0.04713 -0.27311
   0.75161  0.04756 -0.27141
   0.74405  0.04798 -0.26975
   0.73646  0.04837 -0.26699
   0.72884  0.04874 -0.26463
   0.72118  0.04909 -0.26187
   0.71350  0.04943 -0.25868
   0.70580  0.04974 -0.25697
   0.69806  0.05004 -0.25402
   0.69030  0.05033 -0.25213
   0.68252  0.05060 -0.25010
   0.67473  0.05086 -0.24847
   0.66693  0.05111 -0.24636
   0.65911  0.05135 -0.24520
   0.65129  0.05157 -0.24387
   0.64347  0.05178 -0.24191
   0.63563  0.05197 -0.24091
   0.62779  0.05216 -0.23952
   0.61994  0.05233 -0.23759
   0.61208  0.05249 -0.23715
   0.60421  0.05264 -0.23476
   0.59633  0.05278 -0.23407
   0.58846  0.05291 -0.23296
   0.58058  0.05303 -0.23246
   0.57270  0.05314 -0.23133
   0.56482  0.05324 -0.23054
   0.55693  0.05333 -0.22959
   0.54904  0.05340 -0.22907
   0.54115  0.05347 -0.22777
   0.53326  0.05353 -0.22756
   0.52537  0.05358 -0.22632
   0.51748  0.05361 -0.22557
   0.50958  0.05364 -0.22539
   0.50169  0.05366 -0.22391
   0.49380  0.05367 -0.22441
   0.48590  0.05367 -0.22287
   0.47801  0.05366 -0.22338
   0.47012  0.05363 -0.22249
   0.46224  0.05360 -0.22190
   0.45437  0.05356 -0.22142
   0.44650  0.05351 -0.22103
   0.43864  0.05345 -0.22006
   0.43079  0.05338 -0.22001
   0.42295  0.05330 -0.21983
   0.41514  0.05321 -0.21962
   0.40737  0.05312 -0.22042
   0.39966  0.05301 -0.21999
   0.39202  0.05289 -0.22134
   0.38445  0.05276 -0.21857
   0.37694  0.05262 -0.21607
   0.36954  0.05249 -0.21523
   0.36229  0.05236 -0.22259
   0.35524  0.05223 -0.23371
   0.34842  0.05207 -0.24313
   0.34179  0.05185 -0.23447
   0.33530  0.05159 -0.20743
   0.32892  0.05132 -0.18062
   0.32258  0.05111 -0.16695
   0.31625  0.05098 -0.18358
   0.30988  0.05089 -0.21336
   0.30343  0.05078 -0.24111
   0.29682  0.05061 -0.24360
   0.29002  0.05037 -0.23124
   0.28299  0.05009 -0.21949
   0.27579  0.04982 -0.21841
   0.26847  0.04954 -0.22273
   0.26108  0.04924 -0.22490
   0.25361  0.04892 -0.22403
   0.24607  0.04858 -0.22432
   0.23850  0.04823 -0.22558
   0.23092  0.04786 -0.22630
   0.22333  0.04747 -0.22739
   0.21574  0.04707 -0.22821
   0.20817  0.04664 -0.23035
   0.20063  0.04620 -0.23117
   0.19311  0.04574 -0.23231
   0.18563  0.04526 -0.23585
   0.17820  0.04475 -0.23593
   0.17081  0.04423 -0.23761
   0.16349  0.04368 -0.24044
   0.15624  0.04311 -0.24093
   0.14907  0.04251 -0.24384
   0.14200  0.04189 -0.24498
   0.13503  0.04125 -0.24649
   0.12818  0.04059 -0.24782
   0.12147  0.03990 -0.24865
   0.11493  0.03919 -0.24928
   0.10856  0.03847 -0.24997
   0.10240  0.03773 -0.25019
   0.09647  0.03699 -0.25188
   0.09078  0.03624 -0.25435
   0.08537  0.03550 -0.25375
   0.08024  0.03476 -0.25986
   0.07540  0.03403 -0.26248
   0.07085  0.03331 -0.26713
   0.06658  0.03261 -0.28091
   0.06257  0.03190 -0.28254
   0.05879  0.03120 -0.29484
   0.05523  0.03050 -0.30004
   0.05189  0.02978 -0.29910
   0.04873  0.02906 -0.29380
   0.04574  0.02833 -0.28366
   0.04291  0.02760 -0.27518
   0.04024  0.02687 -0.26098
   0.03771  0.02615 -0.24971
   0.03531  0.02543 -0.24271
   0.03305  0.02471 -0.21843
   0.03089  0.02399 -0.18872
   0.02884  0.02329 -0.16554
   0.02688  0.02260 -0.15075
   0.02502  0.02195 -0.15010
   0.02326  0.02131 -0.14966
   0.02159  0.02067 -0.14977
   0.02000  0.02005 -0.14511
   0.01849  0.01942 -0.13564
   0.01706  0.01880 -0.11851
   0.01569  0.01817 -0.09278
   0.01439  0.01754 -0.07136
   0.01314  0.01692 -0.04907
   0.01194  0.01630 -0.02990
   0.01080  0.01568 -0.01212
   0.00971  0.01507  0.00454
   0.00867  0.01445  0.02794
   0.00767  0.01383  0.04317
   0.00672  0.01321  0.06508
   0.00581  0.01258  0.08245
   0.00495  0.01194  0.11038
   0.00414  0.01128  0.13023
   0.00338  0.01061  0.15374
   0.00268  0.00990  0.18279
   0.00207  0.00914  0.29473
   0.00154  0.00835  0.38521
   0.00111  0.00752  0.50842
   0.00078  0.00665  0.64909
   0.00053  0.00577  0.76364
   0.00035  0.00489  0.84742
   0.00022  0.00400  0.90476
   0.00012  0.00312  0.94749
   0.00005  0.00224  0.97404
   0.00001  0.00137  0.99084
  -0.00000  0.00051  0.99902
   0.00001 -0.00034  0.99921
   0.00004 -0.00120  0.99213
   0.00010 -0.00206  0.97761
   0.00020 -0.00292  0.96336
   0.00027 -0.00380  0.92693
   0.00039 -0.00468  0.89676
   0.00054 -0.00556  0.85316
   0.00072 -0.00645  0.79932
   0.00092 -0.00735  0.73899
   0.00115 -0.00824  0.66760
   0.00142 -0.00914  0.57637
   0.00173 -0.01004  0.47471
   0.00207 -0.01094  0.35808
   0.00247 -0.01182  0.19403
   0.00292 -0.01269  0.11441
   0.00342 -0.01356 -0.20881
   0.00402 -0.01437 -0.27393
   0.00470 -0.01514 -0.38096
   0.00546 -0.01587 -0.42025
   0.00629 -0.01657 -0.45321
   0.00717 -0.01724 -0.46880
   0.00811 -0.01789 -0.48781
   0.00910 -0.01851 -0.49006
   0.01015 -0.01912 -0.48980
   0.01125 -0.01971 -0.49295
   0.01240 -0.02029 -0.48854
   0.01361 -0.02086 -0.48542
   0.01488 -0.02142 -0.48064
   0.01621 -0.02198 -0.46870
   0.01761 -0.02253 -0.46319
   0.01908 -0.02307 -0.44981
   0.02063 -0.02362 -0.44680
   0.02226 -0.02417 -0.43600
   0.02397 -0.02472 -0.42293
   0.02579 -0.02528 -0.41737
   0.02770 -0.02584 -0.40866
   0.02973 -0.02641 -0.40245
   0.03189 -0.02700 -0.39622
   0.03419 -0.02759 -0.39127
   0.03663 -0.02820 -0.38201
   0.03924 -0.02882 -0.37683
   0.04203 -0.02945 -0.36744
   0.04502 -0.03011 -0.36206
   0.04822 -0.03078 -0.35746
   0.05165 -0.03148 -0.35524
   0.05533 -0.03220 -0.35191
   0.05925 -0.03293 -0.34990
   0.06344 -0.03368 -0.34619
   0.06789 -0.03445 -0.34512
   0.07262 -0.03522 -0.34130
   0.07761 -0.03600 -0.34074
   0.08288 -0.03679 -0.33829
   0.08842 -0.03758 -0.33589
   0.09419 -0.03836 -0.33369
   0.10019 -0.03914 -0.33243
   0.10638 -0.03991 -0.33229
   0.11276 -0.04065 -0.33201
   0.11929 -0.04138 -0.33188
   0.12594 -0.04208 -0.33115
   0.13272 -0.04276 -0.33067
   0.13959 -0.04340 -0.32979
   0.14656 -0.04401 -0.32722
   0.15362 -0.04460 -0.32601
   0.16075 -0.04515 -0.32259
   0.16794 -0.04567 -0.32077
   0.17519 -0.04616 -0.31784
   0.18248 -0.04663 -0.31623
   0.18981 -0.04706 -0.31441
   0.19717 -0.04747 -0.31338
   0.20456 -0.04785 -0.30953
   0.21197 -0.04820 -0.30896
   0.21942 -0.04852 -0.30516
   0.22690 -0.04882 -0.30287
   0.23441 -0.04909 -0.29843
   0.24195 -0.04934 -0.29658
   0.24951 -0.04956 -0.29477
   0.25708 -0.04977 -0.29177
   0.26468 -0.04995 -0.29069
   0.27229 -0.05011 -0.28667
   0.27991 -0.05024 -0.28545
   0.28756 -0.05036 -0.28223
   0.29522 -0.05046 -0.28049
   0.30289 -0.05054 -0.27882
   0.31057 -0.05060 -0.27691
   0.31825 -0.05064 -0.27487
   0.32595 -0.05066 -0.27348
   0.33364 -0.05066 -0.27212
   0.34135 -0.05065 -0.27048
   0.34906 -0.05061 -0.26893
   0.35677 -0.05056 -0.26729
   0.36448 -0.05048 -0.26583
   0.37219 -0.05039 -0.26440
   0.37990 -0.05028 -0.26257
   0.38761 -0.05015 -0.26137
   0.39532 -0.05001 -0.26021
   0.40302 -0.04984 -0.25899
   0.41072 -0.04966 -0.25706
   0.41842 -0.04945 -0.25661
   0.42610 -0.04923 -0.25539
   0.43378 -0.04899 -0.25480
   0.44144 -0.04873 -0.25280
   0.44910 -0.04845 -0.25241
   0.45674 -0.04815 -0.25100
   0.46437 -0.04783 -0.25042
   0.47199 -0.04749 -0.24886
   0.47960 -0.04713 -0.24713
   0.48720 -0.04674 -0.24597
   0.49478 -0.04634 -0.24437
   0.50235 -0.04590 -0.24212
   0.50991 -0.04545 -0.24105
   0.51745 -0.04497 -0.23851
   0.52498 -0.04447 -0.23625
   0.53250 -0.04395 -0.23424
   0.54000 -0.04340 -0.23181
   0.54749 -0.04282 -0.22909
   0.55497 -0.04222 -0.22608
   0.56243 -0.04159 -0.22258
   0.56987 -0.04093 -0.21935
   0.57730 -0.04025 -0.21579
   0.58471 -0.03954 -0.21181
   0.59210 -0.03881 -0.20772
   0.59948 -0.03804 -0.20343
   0.60683 -0.03724 -0.19894
   0.61417 -0.03642 -0.19283
   0.62149 -0.03556 -0.18824
   0.62879 -0.03468 -0.18112
   0.63608 -0.03376 -0.17556
   0.64335 -0.03281 -0.16753
   0.65061 -0.03183 -0.16059
   0.65786 -0.03081 -0.15214
   0.66510 -0.02976 -0.14336
   0.67232 -0.02867 -0.13375
   0.67954 -0.02755 -0.12379
   0.68676 -0.02640 -0.11331
   0.69397 -0.02520 -0.10227
   0.70117 -0.02398 -0.08964
   0.70838 -0.02271 -0.07707
   0.71559 -0.02141 -0.06371
   0.72281 -0.02007 -0.04946
   0.73004 -0.01870 -0.03484
   0.73728 -0.01729 -0.01889
   0.74453 -0.01584 -0.00151
   0.75180 -0.01436  0.01474
   0.75910 -0.01284  0.03458
   0.76642 -0.01128  0.05248
   0.77378 -0.00969  0.07415
   0.78118 -0.00807  0.09287
   0.78863 -0.00642  0.11621
   0.79611 -0.00475  0.13690
   0.80361 -0.00306  0.16118
   0.81108 -0.00138  0.18396
   0.81847  0.00029  0.20684
   0.82574  0.00191  0.23046
   0.83289  0.00348  0.25236
   0.83991  0.00499  0.27276
   0.84680  0.00644  0.29236
   0.85358  0.00782  0.31169
   0.86023  0.00913  0.32788
   0.86676  0.01036  0.34636
   0.87316  0.01151  0.36049
   0.87944  0.01258  0.37678
   0.88561  0.01356  0.38856
   0.89167  0.01445  0.40073
   0.89763  0.01526  0.41143
   0.90349  0.01599  0.42097
   0.90927  0.01663  0.42871
   0.91493  0.01718  0.43826
   0.92047  0.01765  0.44417
   0.92588  0.01803  0.45230
   0.93120  0.01832  0.45590
   0.93644  0.01853  0.45668
   0.94160  0.01868  0.45956
   0.94662  0.01876  0.46652
   0.95140  0.01879  0.48178
   0.95595  0.01872  0.49145
   0.96030  0.01853  0.49649
   0.96456  0.01820  0.48152
   0.96881  0.01775  0.45400
   0.97308  0.01723  0.42687
   0.97733  0.01672  0.41467
   0.98147  0.01621  0.42775
   0.98549  0.01562  0.43463
   0.98945  0.01488  0.38941
   0.99342  0.01406  0.32471
   0.99738  0.01325  0.29932
   1.00000  0.01271  0.25411
