GRUMMAN K-2 AIRFOIL                             
 Alfa =  -1.02300 Re =        0.000 Xflap,Yflap =     0.000000    0.000000
#    x        y        Cp  
   1.00000  0.01371  0.25409
   0.99740  0.01444  0.09889
   0.99329  0.01549  0.06102
   0.98889  0.01657  0.04538
   0.98423  0.01772  0.00475
   0.97929  0.01890 -0.03036
   0.97409  0.02011 -0.05647
   0.96867  0.02135 -0.08713
   0.96305  0.02259 -0.11382
   0.95727  0.02381 -0.13563
   0.95131  0.02502 -0.15681
   0.94520  0.02620 -0.17207
   0.93893  0.02735 -0.18533
   0.93253  0.02848 -0.19674
   0.92600  0.02957 -0.20402
   0.91932  0.03065 -0.21034
   0.91254  0.03170 -0.21737
   0.90568  0.03272 -0.22625
   0.89876  0.03372 -0.23376
   0.89181  0.03467 -0.24209
   0.88484  0.03559 -0.24822
   0.87782  0.03647 -0.25097
   0.87073  0.03731 -0.25227
   0.86355  0.03812 -0.25355
   0.85628  0.03891 -0.25237
   0.84891  0.03968 -0.25174
   0.84146  0.04044 -0.25177
   0.83396  0.04117 -0.25188
   0.82645  0.04190 -0.25771
   0.81896  0.04260 -0.26282
   0.81149  0.04327 -0.26655
   0.80402  0.04391 -0.26918
   0.79655  0.04452 -0.27183
   0.78909  0.04510 -0.27404
   0.78162  0.04565 -0.27504
   0.77414  0.04617 -0.27465
   0.76665  0.04666 -0.27524
   0.75914  0.04713 -0.27408
   0.75161  0.04756 -0.27241
   0.74405  0.04798 -0.27075
   0.73646  0.04837 -0.26802
   0.72884  0.04874 -0.26568
   0.72118  0.04909 -0.26294
   0.71350  0.04943 -0.25977
   0.70580  0.04974 -0.25808
   0.69806  0.05004 -0.25513
   0.69030  0.05033 -0.25328
   0.68252  0.05060 -0.25126
   0.67473  0.05086 -0.24966
   0.66693  0.05111 -0.24756
   0.65911  0.05135 -0.24642
   0.65129  0.05157 -0.24512
   0.64347  0.05178 -0.24318
   0.63563  0.05197 -0.24220
   0.62779  0.05216 -0.24082
   0.61994  0.05233 -0.23892
   0.61208  0.05249 -0.23849
   0.60421  0.05264 -0.23613
   0.59633  0.05278 -0.23546
   0.58846  0.05291 -0.23437
   0.58058  0.05303 -0.23390
   0.57270  0.05314 -0.23279
   0.56482  0.05324 -0.23202
   0.55693  0.05333 -0.23109
   0.54904  0.05340 -0.23060
   0.54115  0.05347 -0.22931
   0.53326  0.05353 -0.22913
   0.52537  0.05358 -0.22792
   0.51748  0.05361 -0.22719
   0.50958  0.05364 -0.22703
   0.50169  0.05366 -0.22558
   0.49380  0.05367 -0.22611
   0.48590  0.05367 -0.22459
   0.47801  0.05366 -0.22513
   0.47012  0.05363 -0.22426
   0.46224  0.05360 -0.22371
   0.45437  0.05356 -0.22326
   0.44650  0.05351 -0.22289
   0.43864  0.05345 -0.22195
   0.43079  0.05338 -0.22193
   0.42295  0.05330 -0.22178
   0.41514  0.05321 -0.22161
   0.40737  0.05312 -0.22243
   0.39966  0.05301 -0.22204
   0.39202  0.05289 -0.22342
   0.38445  0.05276 -0.22069
   0.37694  0.05262 -0.21820
   0.36954  0.05249 -0.21740
   0.36229  0.05236 -0.22481
   0.35524  0.05223 -0.23599
   0.34842  0.05207 -0.24545
   0.34179  0.05185 -0.23681
   0.33530  0.05159 -0.20975
   0.32892  0.05132 -0.18292
   0.32258  0.05111 -0.16926
   0.31625  0.05098 -0.18596
   0.30988  0.05089 -0.21583
   0.30343  0.05078 -0.24368
   0.29682  0.05061 -0.24621
   0.29002  0.05037 -0.23387
   0.28299  0.05009 -0.22214
   0.27579  0.04982 -0.22110
   0.26847  0.04954 -0.22548
   0.26108  0.04924 -0.22771
   0.25361  0.04892 -0.22689
   0.24607  0.04858 -0.22724
   0.23850  0.04823 -0.22856
   0.23092  0.04786 -0.22935
   0.22333  0.04747 -0.23051
   0.21574  0.04707 -0.23139
   0.20817  0.04664 -0.23361
   0.20063  0.04620 -0.23451
   0.19311  0.04574 -0.23573
   0.18563  0.04526 -0.23936
   0.17820  0.04475 -0.23953
   0.17081  0.04423 -0.24131
   0.16349  0.04368 -0.24425
   0.15624  0.04311 -0.24484
   0.14907  0.04251 -0.24787
   0.14200  0.04189 -0.24912
   0.13503  0.04125 -0.25076
   0.12818  0.04059 -0.25222
   0.12147  0.03990 -0.25319
   0.11493  0.03919 -0.25396
   0.10856  0.03847 -0.25480
   0.10240  0.03773 -0.25518
   0.09647  0.03699 -0.25703
   0.09078  0.03624 -0.25968
   0.08537  0.03550 -0.25927
   0.08024  0.03476 -0.26558
   0.07540  0.03403 -0.26841
   0.07085  0.03331 -0.27327
   0.06658  0.03261 -0.28733
   0.06257  0.03190 -0.28918
   0.05879  0.03120 -0.30177
   0.05523  0.03050 -0.30722
   0.05189  0.02978 -0.30651
   0.04873  0.02906 -0.30143
   0.04574  0.02833 -0.29147
   0.04291  0.02760 -0.28320
   0.04024  0.02687 -0.26918
   0.03771  0.02615 -0.25811
   0.03531  0.02543 -0.25134
   0.03305  0.02471 -0.22718
   0.03089  0.02399 -0.19755
   0.02884  0.02329 -0.17449
   0.02688  0.02260 -0.15990
   0.02502  0.02195 -0.15955
   0.02326  0.02131 -0.15945
   0.02159  0.02067 -0.15991
   0.02000  0.02005 -0.15558
   0.01849  0.01942 -0.14642
   0.01706  0.01880 -0.12953
   0.01569  0.01817 -0.10399
   0.01439  0.01754 -0.08278
   0.01314  0.01692 -0.06073
   0.01194  0.01630 -0.04186
   0.01080  0.01568 -0.02441
   0.00971  0.01507 -0.00810
   0.00867  0.01445  0.01495
   0.00767  0.01383  0.02974
   0.00672  0.01321  0.05118
   0.00581  0.01258  0.06800
   0.00495  0.01194  0.09541
   0.00414  0.01128  0.11457
   0.00338  0.01061  0.13723
   0.00268  0.00990  0.16540
   0.00207  0.00914  0.27810
   0.00154  0.00835  0.36900
   0.00111  0.00752  0.49364
   0.00078  0.00665  0.63689
   0.00053  0.00577  0.75395
   0.00035  0.00489  0.83988
   0.00022  0.00400  0.89894
   0.00012  0.00312  0.94324
   0.00005  0.00224  0.97109
   0.00001  0.00137  0.98908
  -0.00000  0.00051  0.99840
   0.00001 -0.00034  0.99962
   0.00004 -0.00120  0.99357
   0.00010 -0.00206  0.98013
   0.00020 -0.00292  0.96635
   0.00027 -0.00380  0.93158
   0.00039 -0.00468  0.90210
   0.00054 -0.00556  0.85958
   0.00072 -0.00645  0.80687
   0.00092 -0.00735  0.74763
   0.00115 -0.00824  0.67742
   0.00142 -0.00914  0.58756
   0.00173 -0.01004  0.48732
   0.00207 -0.01094  0.37213
   0.00247 -0.01182  0.21017
   0.00292 -0.01269  0.13083
   0.00342 -0.01356 -0.18807
   0.00402 -0.01437 -0.25369
   0.00470 -0.01514 -0.36039
   0.00546 -0.01587 -0.40042
   0.00629 -0.01657 -0.43404
   0.00717 -0.01724 -0.45045
   0.00811 -0.01789 -0.47013
   0.00910 -0.01851 -0.47315
   0.01015 -0.01912 -0.47362
   0.01125 -0.01971 -0.47742
   0.01240 -0.02029 -0.47366
   0.01361 -0.02086 -0.47113
   0.01488 -0.02142 -0.46693
   0.01621 -0.02198 -0.45557
   0.01761 -0.02253 -0.45057
   0.01908 -0.02307 -0.43770
   0.02063 -0.02362 -0.43513
   0.02226 -0.02417 -0.42479
   0.02397 -0.02472 -0.41215
   0.02579 -0.02528 -0.40699
   0.02770 -0.02584 -0.39866
   0.02973 -0.02641 -0.39279
   0.03189 -0.02700 -0.38691
   0.03419 -0.02759 -0.38228
   0.03663 -0.02820 -0.37335
   0.03924 -0.02882 -0.36847
   0.04203 -0.02945 -0.35939
   0.04502 -0.03011 -0.35429
   0.04822 -0.03078 -0.34996
   0.05165 -0.03148 -0.34799
   0.05533 -0.03220 -0.34491
   0.05925 -0.03293 -0.34314
   0.06344 -0.03368 -0.33967
   0.06789 -0.03445 -0.33882
   0.07262 -0.03522 -0.33522
   0.07761 -0.03600 -0.33487
   0.08288 -0.03679 -0.33262
   0.08842 -0.03758 -0.33041
   0.09419 -0.03836 -0.32839
   0.10019 -0.03914 -0.32730
   0.10638 -0.03991 -0.32732
   0.11276 -0.04065 -0.32719
   0.11929 -0.04138 -0.32721
   0.12594 -0.04208 -0.32662
   0.13272 -0.04276 -0.32627
   0.13959 -0.04340 -0.32551
   0.14656 -0.04401 -0.32307
   0.15362 -0.04460 -0.32197
   0.16075 -0.04515 -0.31866
   0.16794 -0.04567 -0.31695
   0.17519 -0.04616 -0.31412
   0.18248 -0.04663 -0.31261
   0.18981 -0.04706 -0.31087
   0.19717 -0.04747 -0.30993
   0.20456 -0.04785 -0.30616
   0.21197 -0.04820 -0.30567
   0.21942 -0.04852 -0.30195
   0.22690 -0.04882 -0.29974
   0.23441 -0.04909 -0.29537
   0.24195 -0.04934 -0.29359
   0.24951 -0.04956 -0.29184
   0.25708 -0.04977 -0.28890
   0.26468 -0.04995 -0.28788
   0.27229 -0.05011 -0.28392
   0.27991 -0.05024 -0.28275
   0.28756 -0.05036 -0.27959
   0.29522 -0.05046 -0.27791
   0.30289 -0.05054 -0.27628
   0.31057 -0.05060 -0.27442
   0.31825 -0.05064 -0.27243
   0.32595 -0.05066 -0.27108
   0.33364 -0.05066 -0.26977
   0.34135 -0.05065 -0.26818
   0.34906 -0.05061 -0.26667
   0.35677 -0.05056 -0.26507
   0.36448 -0.05048 -0.26365
   0.37219 -0.05039 -0.26225
   0.37990 -0.05028 -0.26047
   0.38761 -0.05015 -0.25929
   0.39532 -0.05001 -0.25818
   0.40302 -0.04984 -0.25700
   0.41072 -0.04966 -0.25509
   0.41842 -0.04945 -0.25468
   0.42610 -0.04923 -0.25350
   0.43378 -0.04899 -0.25293
   0.44144 -0.04873 -0.25097
   0.44910 -0.04845 -0.25061
   0.45674 -0.04815 -0.24923
   0.46437 -0.04783 -0.24868
   0.47199 -0.04749 -0.24714
   0.47960 -0.04713 -0.24544
   0.48720 -0.04674 -0.24431
   0.49478 -0.04634 -0.24274
   0.50235 -0.04590 -0.24052
   0.50991 -0.04545 -0.23948
   0.51745 -0.04497 -0.23695
   0.52498 -0.04447 -0.23473
   0.53250 -0.04395 -0.23275
   0.54000 -0.04340 -0.23035
   0.54749 -0.04282 -0.22765
   0.55497 -0.04222 -0.22466
   0.56243 -0.04159 -0.22120
   0.56987 -0.04093 -0.21798
   0.57730 -0.04025 -0.21445
   0.58471 -0.03954 -0.21050
   0.59210 -0.03881 -0.20643
   0.59948 -0.03804 -0.20217
   0.60683 -0.03724 -0.19770
   0.61417 -0.03642 -0.19162
   0.62149 -0.03556 -0.18706
   0.62879 -0.03468 -0.17997
   0.63608 -0.03376 -0.17443
   0.64335 -0.03281 -0.16642
   0.65061 -0.03183 -0.15951
   0.65786 -0.03081 -0.15109
   0.66510 -0.02976 -0.14234
   0.67232 -0.02867 -0.13275
   0.67954 -0.02755 -0.12282
   0.68676 -0.02640 -0.11236
   0.69397 -0.02520 -0.10135
   0.70117 -0.02398 -0.08874
   0.70838 -0.02271 -0.07621
   0.71559 -0.02141 -0.06288
   0.72281 -0.02007 -0.04865
   0.73004 -0.01870 -0.03405
   0.73728 -0.01729 -0.01814
   0.74453 -0.01584 -0.00079
   0.75180 -0.01436  0.01544
   0.75910 -0.01284  0.03526
   0.76642 -0.01128  0.05312
   0.77378 -0.00969  0.07476
   0.78118 -0.00807  0.09346
   0.78863 -0.00642  0.11678
   0.79611 -0.00475  0.13743
   0.80361 -0.00306  0.16168
   0.81108 -0.00138  0.18443
   0.81847  0.00029  0.20730
   0.82574  0.00191  0.23089
   0.83289  0.00348  0.25277
   0.83991  0.00499  0.27314
   0.84680  0.00644  0.29272
   0.85358  0.00782  0.31204
   0.86023  0.00913  0.32821
   0.86676  0.01036  0.34666
   0.87316  0.01151  0.36080
   0.87944  0.01258  0.37706
   0.88561  0.01356  0.38883
   0.89167  0.01445  0.40098
   0.89763  0.01526  0.41167
   0.90349  0.01599  0.42120
   0.90927  0.01663  0.42893
   0.91493  0.01718  0.43847
   0.92047  0.01765  0.44439
   0.92588  0.01803  0.45249
   0.93120  0.01832  0.45609
   0.93644  0.01853  0.45686
   0.94160  0.01868  0.45972
   0.94662  0.01876  0.46669
   0.95140  0.01879  0.48193
   0.95595  0.01872  0.49159
   0.96030  0.01853  0.49662
   0.96456  0.01820  0.48165
   0.96881  0.01775  0.45413
   0.97308  0.01723  0.42700
   0.97733  0.01672  0.41479
   0.98147  0.01621  0.42786
   0.98549  0.01562  0.43473
   0.98945  0.01488  0.38951
   0.99342  0.01406  0.32480
   0.99738  0.01325  0.29940
   1.00000  0.01271  0.25409
