GRUMMAN K-2 AIRFOIL                             
 Alfa =  -1.06000 Re =        0.000 Xflap,Yflap =     0.000000    0.000000
#    x        y        Cp  
   1.00000  0.01371  0.25410
   0.99740  0.01444  0.09894
   0.99329  0.01549  0.06108
   0.98889  0.01657  0.04548
   0.98423  0.01772  0.00490
   0.97929  0.01890 -0.03019
   0.97409  0.02011 -0.05629
   0.96867  0.02135 -0.08690
   0.96305  0.02259 -0.11357
   0.95727  0.02381 -0.13536
   0.95131  0.02502 -0.15650
   0.94520  0.02620 -0.17174
   0.93893  0.02735 -0.18497
   0.93253  0.02848 -0.19635
   0.92600  0.02957 -0.20362
   0.91932  0.03065 -0.20990
   0.91254  0.03170 -0.21692
   0.90568  0.03272 -0.22576
   0.89876  0.03372 -0.23326
   0.89181  0.03467 -0.24156
   0.88484  0.03559 -0.24766
   0.87782  0.03647 -0.25040
   0.87073  0.03731 -0.25167
   0.86355  0.03812 -0.25293
   0.85628  0.03891 -0.25174
   0.84891  0.03968 -0.25108
   0.84146  0.04044 -0.25110
   0.83396  0.04117 -0.25118
   0.82645  0.04190 -0.25700
   0.81896  0.04260 -0.26208
   0.81149  0.04327 -0.26579
   0.80402  0.04391 -0.26840
   0.79655  0.04452 -0.27102
   0.78909  0.04510 -0.27323
   0.78162  0.04565 -0.27419
   0.77414  0.04617 -0.27379
   0.76665  0.04666 -0.27435
   0.75914  0.04713 -0.27318
   0.75161  0.04756 -0.27149
   0.74405  0.04798 -0.26982
   0.73646  0.04837 -0.26706
   0.72884  0.04874 -0.26471
   0.72118  0.04909 -0.26195
   0.71350  0.04943 -0.25876
   0.70580  0.04974 -0.25706
   0.69806  0.05004 -0.25410
   0.69030  0.05033 -0.25222
   0.68252  0.05060 -0.25019
   0.67473  0.05086 -0.24856
   0.66693  0.05111 -0.24645
   0.65911  0.05135 -0.24529
   0.65129  0.05157 -0.24396
   0.64347  0.05178 -0.24201
   0.63563  0.05197 -0.24101
   0.62779  0.05216 -0.23962
   0.61994  0.05233 -0.23769
   0.61208  0.05249 -0.23725
   0.60421  0.05264 -0.23486
   0.59633  0.05278 -0.23417
   0.58846  0.05291 -0.23306
   0.58058  0.05303 -0.23257
   0.57270  0.05314 -0.23144
   0.56482  0.05324 -0.23065
   0.55693  0.05333 -0.22970
   0.54904  0.05340 -0.22918
   0.54115  0.05347 -0.22788
   0.53326  0.05353 -0.22768
   0.52537  0.05358 -0.22644
   0.51748  0.05361 -0.22569
   0.50958  0.05364 -0.22551
   0.50169  0.05366 -0.22403
   0.49380  0.05367 -0.22454
   0.48590  0.05367 -0.22299
   0.47801  0.05366 -0.22351
   0.47012  0.05363 -0.22262
   0.46224  0.05360 -0.22204
   0.45437  0.05356 -0.22156
   0.44650  0.05351 -0.22117
   0.43864  0.05345 -0.22020
   0.43079  0.05338 -0.22015
   0.42295  0.05330 -0.21998
   0.41514  0.05321 -0.21977
   0.40737  0.05312 -0.22057
   0.39966  0.05301 -0.22014
   0.39202  0.05289 -0.22150
   0.38445  0.05276 -0.21873
   0.37694  0.05262 -0.21623
   0.36954  0.05249 -0.21539
   0.36229  0.05236 -0.22276
   0.35524  0.05223 -0.23388
   0.34842  0.05207 -0.24330
   0.34179  0.05185 -0.23464
   0.33530  0.05159 -0.20760
   0.32892  0.05132 -0.18079
   0.32258  0.05111 -0.16712
   0.31625  0.05098 -0.18376
   0.30988  0.05089 -0.21354
   0.30343  0.05078 -0.24130
   0.29682  0.05061 -0.24379
   0.29002  0.05037 -0.23144
   0.28299  0.05009 -0.21969
   0.27579  0.04982 -0.21861
   0.26847  0.04954 -0.22294
   0.26108  0.04924 -0.22512
   0.25361  0.04892 -0.22424
   0.24607  0.04858 -0.22454
   0.23850  0.04823 -0.22580
   0.23092  0.04786 -0.22653
   0.22333  0.04747 -0.22763
   0.21574  0.04707 -0.22845
   0.20817  0.04664 -0.23059
   0.20063  0.04620 -0.23142
   0.19311  0.04574 -0.23256
   0.18563  0.04526 -0.23611
   0.17820  0.04475 -0.23620
   0.17081  0.04423 -0.23789
   0.16349  0.04368 -0.24073
   0.15624  0.04311 -0.24122
   0.14907  0.04251 -0.24414
   0.14200  0.04189 -0.24529
   0.13503  0.04125 -0.24681
   0.12818  0.04059 -0.24815
   0.12147  0.03990 -0.24899
   0.11493  0.03919 -0.24963
   0.10856  0.03847 -0.25033
   0.10240  0.03773 -0.25057
   0.09647  0.03699 -0.25226
   0.09078  0.03624 -0.25475
   0.08537  0.03550 -0.25416
   0.08024  0.03476 -0.26029
   0.07540  0.03403 -0.26292
   0.07085  0.03331 -0.26759
   0.06658  0.03261 -0.28139
   0.06257  0.03190 -0.28304
   0.05879  0.03120 -0.29536
   0.05523  0.03050 -0.30058
   0.05189  0.02978 -0.29965
   0.04873  0.02906 -0.29438
   0.04574  0.02833 -0.28424
   0.04291  0.02760 -0.27578
   0.04024  0.02687 -0.26160
   0.03771  0.02615 -0.25034
   0.03531  0.02543 -0.24335
   0.03305  0.02471 -0.21909
   0.03089  0.02399 -0.18938
   0.02884  0.02329 -0.16621
   0.02688  0.02260 -0.15144
   0.02502  0.02195 -0.15081
   0.02326  0.02131 -0.15039
   0.02159  0.02067 -0.15053
   0.02000  0.02005 -0.14589
   0.01849  0.01942 -0.13644
   0.01706  0.01880 -0.11933
   0.01569  0.01817 -0.09362
   0.01439  0.01754 -0.07221
   0.01314  0.01692 -0.04994
   0.01194  0.01630 -0.03079
   0.01080  0.01568 -0.01304
   0.00971  0.01507  0.00360
   0.00867  0.01445  0.02697
   0.00767  0.01383  0.04217
   0.00672  0.01321  0.06404
   0.00581  0.01258  0.08137
   0.00495  0.01194  0.10926
   0.00414  0.01128  0.12906
   0.00338  0.01061  0.15251
   0.00268  0.00990  0.18149
   0.00207  0.00914  0.29349
   0.00154  0.00835  0.38401
   0.00111  0.00752  0.50732
   0.00078  0.00665  0.64818
   0.00053  0.00577  0.76292
   0.00035  0.00489  0.84686
   0.00022  0.00400  0.90433
   0.00012  0.00312  0.94717
   0.00005  0.00224  0.97382
   0.00001  0.00137  0.99071
  -0.00000  0.00051  0.99898
   0.00001 -0.00034  0.99925
   0.00004 -0.00120  0.99224
   0.00010 -0.00206  0.97780
   0.00020 -0.00292  0.96359
   0.00027 -0.00380  0.92728
   0.00039 -0.00468  0.89716
   0.00054 -0.00556  0.85365
   0.00072 -0.00645  0.79989
   0.00092 -0.00735  0.73965
   0.00115 -0.00824  0.66834
   0.00142 -0.00914  0.57721
   0.00173 -0.01004  0.47566
   0.00207 -0.01094  0.35914
   0.00247 -0.01182  0.19524
   0.00292 -0.01269  0.11565
   0.00342 -0.01356 -0.20725
   0.00402 -0.01437 -0.27241
   0.00470 -0.01514 -0.37941
   0.00546 -0.01587 -0.41876
   0.00629 -0.01657 -0.45177
   0.00717 -0.01724 -0.46742
   0.00811 -0.01789 -0.48648
   0.00910 -0.01851 -0.48879
   0.01015 -0.01912 -0.48858
   0.01125 -0.01971 -0.49178
   0.01240 -0.02029 -0.48743
   0.01361 -0.02086 -0.48434
   0.01488 -0.02142 -0.47961
   0.01621 -0.02198 -0.46772
   0.01761 -0.02253 -0.46224
   0.01908 -0.02307 -0.44890
   0.02063 -0.02362 -0.44592
   0.02226 -0.02417 -0.43516
   0.02397 -0.02472 -0.42212
   0.02579 -0.02528 -0.41659
   0.02770 -0.02584 -0.40791
   0.02973 -0.02641 -0.40172
   0.03189 -0.02700 -0.39552
   0.03419 -0.02759 -0.39059
   0.03663 -0.02820 -0.38136
   0.03924 -0.02882 -0.37620
   0.04203 -0.02945 -0.36683
   0.04502 -0.03011 -0.36148
   0.04822 -0.03078 -0.35689
   0.05165 -0.03148 -0.35469
   0.05533 -0.03220 -0.35138
   0.05925 -0.03293 -0.34939
   0.06344 -0.03368 -0.34570
   0.06789 -0.03445 -0.34464
   0.07262 -0.03522 -0.34084
   0.07761 -0.03600 -0.34030
   0.08288 -0.03679 -0.33787
   0.08842 -0.03758 -0.33548
   0.09419 -0.03836 -0.33329
   0.10019 -0.03914 -0.33204
   0.10638 -0.03991 -0.33191
   0.11276 -0.04065 -0.33164
   0.11929 -0.04138 -0.33153
   0.12594 -0.04208 -0.33081
   0.13272 -0.04276 -0.33034
   0.13959 -0.04340 -0.32947
   0.14656 -0.04401 -0.32691
   0.15362 -0.04460 -0.32571
   0.16075 -0.04515 -0.32229
   0.16794 -0.04567 -0.32049
   0.17519 -0.04616 -0.31756
   0.18248 -0.04663 -0.31596
   0.18981 -0.04706 -0.31414
   0.19717 -0.04747 -0.31312
   0.20456 -0.04785 -0.30928
   0.21197 -0.04820 -0.30872
   0.21942 -0.04852 -0.30492
   0.22690 -0.04882 -0.30264
   0.23441 -0.04909 -0.29820
   0.24195 -0.04934 -0.29636
   0.24951 -0.04956 -0.29455
   0.25708 -0.04977 -0.29155
   0.26468 -0.04995 -0.29048
   0.27229 -0.05011 -0.28646
   0.27991 -0.05024 -0.28525
   0.28756 -0.05036 -0.28203
   0.29522 -0.05046 -0.28030
   0.30289 -0.05054 -0.27863
   0.31057 -0.05060 -0.27672
   0.31825 -0.05064 -0.27469
   0.32595 -0.05066 -0.27330
   0.33364 -0.05066 -0.27195
   0.34135 -0.05065 -0.27031
   0.34906 -0.05061 -0.26876
   0.35677 -0.05056 -0.26712
   0.36448 -0.05048 -0.26566
   0.37219 -0.05039 -0.26424
   0.37990 -0.05028 -0.26241
   0.38761 -0.05015 -0.26121
   0.39532 -0.05001 -0.26006
   0.40302 -0.04984 -0.25884
   0.41072 -0.04966 -0.25691
   0.41842 -0.04945 -0.25647
   0.42610 -0.04923 -0.25525
   0.43378 -0.04899 -0.25466
   0.44144 -0.04873 -0.25267
   0.44910 -0.04845 -0.25228
   0.45674 -0.04815 -0.25087
   0.46437 -0.04783 -0.25029
   0.47199 -0.04749 -0.24873
   0.47960 -0.04713 -0.24700
   0.48720 -0.04674 -0.24584
   0.49478 -0.04634 -0.24425
   0.50235 -0.04590 -0.24200
   0.50991 -0.04545 -0.24093
   0.51745 -0.04497 -0.23839
   0.52498 -0.04447 -0.23613
   0.53250 -0.04395 -0.23413
   0.54000 -0.04340 -0.23170
   0.54749 -0.04282 -0.22898
   0.55497 -0.04222 -0.22597
   0.56243 -0.04159 -0.22248
   0.56987 -0.04093 -0.21925
   0.57730 -0.04025 -0.21569
   0.58471 -0.03954 -0.21171
   0.59210 -0.03881 -0.20762
   0.59948 -0.03804 -0.20333
   0.60683 -0.03724 -0.19884
   0.61417 -0.03642 -0.19274
   0.62149 -0.03556 -0.18816
   0.62879 -0.03468 -0.18103
   0.63608 -0.03376 -0.17547
   0.64335 -0.03281 -0.16744
   0.65061 -0.03183 -0.16051
   0.65786 -0.03081 -0.15206
   0.66510 -0.02976 -0.14329
   0.67232 -0.02867 -0.13368
   0.67954 -0.02755 -0.12371
   0.68676 -0.02640 -0.11324
   0.69397 -0.02520 -0.10220
   0.70117 -0.02398 -0.08957
   0.70838 -0.02271 -0.07701
   0.71559 -0.02141 -0.06365
   0.72281 -0.02007 -0.04940
   0.73004 -0.01870 -0.03478
   0.73728 -0.01729 -0.01884
   0.74453 -0.01584 -0.00146
   0.75180 -0.01436  0.01479
   0.75910 -0.01284  0.03464
   0.76642 -0.01128  0.05253
   0.77378 -0.00969  0.07419
   0.78118 -0.00807  0.09291
   0.78863 -0.00642  0.11625
   0.79611 -0.00475  0.13694
   0.80361 -0.00306  0.16121
   0.81108 -0.00138  0.18399
   0.81847  0.00029  0.20688
   0.82574  0.00191  0.23049
   0.83289  0.00348  0.25239
   0.83991  0.00499  0.27279
   0.84680  0.00644  0.29238
   0.85358  0.00782  0.31172
   0.86023  0.00913  0.32790
   0.86676  0.01036  0.34638
   0.87316  0.01151  0.36051
   0.87944  0.01258  0.37680
   0.88561  0.01356  0.38858
   0.89167  0.01445  0.40074
   0.89763  0.01526  0.41145
   0.90349  0.01599  0.42099
   0.90927  0.01663  0.42873
   0.91493  0.01718  0.43828
   0.92047  0.01765  0.44419
   0.92588  0.01803  0.45232
   0.93120  0.01832  0.45592
   0.93644  0.01853  0.45669
   0.94160  0.01868  0.45957
   0.94662  0.01876  0.46654
   0.95140  0.01879  0.48179
   0.95595  0.01872  0.49146
   0.96030  0.01853  0.49650
   0.96456  0.01820  0.48153
   0.96881  0.01775  0.45401
   0.97308  0.01723  0.42688
   0.97733  0.01672  0.41468
   0.98147  0.01621  0.42776
   0.98549  0.01562  0.43464
   0.98945  0.01488  0.38942
   0.99342  0.01406  0.32471
   0.99738  0.01325  0.29932
   1.00000  0.01271  0.25410
