GRUMMAN K-2 AIRFOIL                             
 Alfa =  -1.21400 Re =        0.000 Xflap,Yflap =     0.000000    0.000000
#    x        y        Cp  
   1.00000  0.01371  0.25417
   0.99740  0.01444  0.09913
   0.99329  0.01549  0.06135
   0.98889  0.01657  0.04593
   0.98423  0.01772  0.00550
   0.97929  0.01890 -0.02950
   0.97409  0.02011 -0.05550
   0.96867  0.02135 -0.08595
   0.96305  0.02259 -0.11253
   0.95727  0.02381 -0.13422
   0.95131  0.02502 -0.15521
   0.94520  0.02620 -0.17034
   0.93893  0.02735 -0.18345
   0.93253  0.02848 -0.19473
   0.92600  0.02957 -0.20193
   0.91932  0.03065 -0.20806
   0.91254  0.03170 -0.21503
   0.90568  0.03272 -0.22372
   0.89876  0.03372 -0.23118
   0.89181  0.03467 -0.23934
   0.88484  0.03559 -0.24534
   0.87782  0.03647 -0.24802
   0.87073  0.03731 -0.24919
   0.86355  0.03812 -0.25035
   0.85628  0.03891 -0.24913
   0.84891  0.03968 -0.24832
   0.84146  0.04044 -0.24830
   0.83396  0.04117 -0.24828
   0.82645  0.04190 -0.25403
   0.81896  0.04260 -0.25899
   0.81149  0.04327 -0.26260
   0.80402  0.04391 -0.26516
   0.79655  0.04452 -0.26765
   0.78909  0.04510 -0.26985
   0.78162  0.04565 -0.27064
   0.77414  0.04617 -0.27020
   0.76665  0.04666 -0.27063
   0.75914  0.04713 -0.26943
   0.75161  0.04756 -0.26765
   0.74405  0.04798 -0.26595
   0.73646  0.04837 -0.26307
   0.72884  0.04874 -0.26067
   0.72118  0.04909 -0.25783
   0.71350  0.04943 -0.25455
   0.70580  0.04974 -0.25278
   0.69806  0.05004 -0.24980
   0.69030  0.05033 -0.24778
   0.68252  0.05060 -0.24572
   0.67473  0.05086 -0.24398
   0.66693  0.05111 -0.24181
   0.65911  0.05135 -0.24060
   0.65129  0.05157 -0.23915
   0.64347  0.05178 -0.23714
   0.63563  0.05197 -0.23606
   0.62779  0.05216 -0.23459
   0.61994  0.05233 -0.23256
   0.61208  0.05249 -0.23208
   0.60421  0.05264 -0.22960
   0.59633  0.05278 -0.22881
   0.58846  0.05291 -0.22762
   0.58058  0.05303 -0.22704
   0.57270  0.05314 -0.22584
   0.56482  0.05324 -0.22497
   0.55693  0.05333 -0.22393
   0.54904  0.05340 -0.22331
   0.54115  0.05347 -0.22192
   0.53326  0.05353 -0.22162
   0.52537  0.05358 -0.22030
   0.51748  0.05361 -0.21943
   0.50958  0.05364 -0.21917
   0.50169  0.05366 -0.21760
   0.49380  0.05367 -0.21800
   0.48590  0.05367 -0.21637
   0.47801  0.05366 -0.21677
   0.47012  0.05363 -0.21579
   0.46224  0.05360 -0.21508
   0.45437  0.05356 -0.21450
   0.44650  0.05351 -0.21400
   0.43864  0.05345 -0.21294
   0.43079  0.05338 -0.21275
   0.42295  0.05330 -0.21248
   0.41514  0.05321 -0.21215
   0.40737  0.05312 -0.21282
   0.39966  0.05301 -0.21225
   0.39202  0.05289 -0.21350
   0.38445  0.05276 -0.21060
   0.37694  0.05262 -0.20800
   0.36954  0.05249 -0.20704
   0.36229  0.05236 -0.21422
   0.35524  0.05223 -0.22512
   0.34842  0.05207 -0.23438
   0.34179  0.05185 -0.22562
   0.33530  0.05159 -0.19866
   0.32892  0.05132 -0.17193
   0.32258  0.05111 -0.15822
   0.31625  0.05098 -0.17462
   0.30988  0.05089 -0.20404
   0.30343  0.05078 -0.23142
   0.29682  0.05061 -0.23375
   0.29002  0.05037 -0.22133
   0.28299  0.05009 -0.20951
   0.27579  0.04982 -0.20825
   0.26847  0.04954 -0.21235
   0.26108  0.04924 -0.21432
   0.25361  0.04892 -0.21324
   0.24607  0.04858 -0.21331
   0.23850  0.04823 -0.21434
   0.23092  0.04786 -0.21482
   0.22333  0.04747 -0.21565
   0.21574  0.04707 -0.21621
   0.20817  0.04664 -0.21805
   0.20063  0.04620 -0.21858
   0.19311  0.04574 -0.21942
   0.18563  0.04526 -0.22261
   0.17820  0.04475 -0.22237
   0.17081  0.04423 -0.22368
   0.16349  0.04368 -0.22612
   0.15624  0.04311 -0.22622
   0.14907  0.04251 -0.22869
   0.14200  0.04189 -0.22939
   0.13503  0.04125 -0.23044
   0.12818  0.04059 -0.23126
   0.12147  0.03990 -0.23159
   0.11493  0.03919 -0.23168
   0.10856  0.03847 -0.23181
   0.10240  0.03773 -0.23144
   0.09647  0.03699 -0.23249
   0.09078  0.03624 -0.23429
   0.08537  0.03550 -0.23303
   0.08024  0.03476 -0.23836
   0.07540  0.03403 -0.24021
   0.07085  0.03331 -0.24405
   0.06658  0.03261 -0.25681
   0.06257  0.03190 -0.25763
   0.05879  0.03120 -0.26886
   0.05523  0.03050 -0.27311
   0.05189  0.02978 -0.27130
   0.04873  0.02906 -0.26521
   0.04574  0.02833 -0.25435
   0.04291  0.02760 -0.24510
   0.04024  0.02687 -0.23026
   0.03771  0.02615 -0.21826
   0.03531  0.02543 -0.21038
   0.03305  0.02471 -0.18567
   0.03089  0.02399 -0.15566
   0.02884  0.02329 -0.13206
   0.02688  0.02260 -0.11654
   0.02502  0.02195 -0.11474
   0.02326  0.02131 -0.11306
   0.02159  0.02067 -0.11188
   0.02000  0.02005 -0.10599
   0.01849  0.01942 -0.09537
   0.01706  0.01880 -0.07736
   0.01569  0.01817 -0.05096
   0.01439  0.01754 -0.02876
   0.01314  0.01692 -0.00560
   0.01194  0.01630  0.01463
   0.01080  0.01568  0.03361
   0.00971  0.01507  0.05156
   0.00867  0.01445  0.07620
   0.00767  0.01383  0.09304
   0.00672  0.01321  0.11661
   0.00581  0.01258  0.13598
   0.00495  0.01194  0.16576
   0.00414  0.01128  0.18810
   0.00338  0.01061  0.21466
   0.00268  0.00990  0.24679
   0.00207  0.00914  0.35578
   0.00154  0.00835  0.44451
   0.00111  0.00752  0.56223
   0.00078  0.00665  0.69328
   0.00053  0.00577  0.79847
   0.00035  0.00489  0.87424
   0.00022  0.00400  0.92516
   0.00012  0.00312  0.96202
   0.00005  0.00224  0.98375
   0.00001  0.00137  0.99608
  -0.00000  0.00051  1.00000
   0.00001 -0.00034  0.99634
   0.00004 -0.00120  0.98536
   0.00010 -0.00206  0.96670
   0.00020 -0.00292  0.95092
   0.00027 -0.00380  0.90800
   0.00039 -0.00468  0.87532
   0.00054 -0.00556  0.82765
   0.00072 -0.00645  0.76954
   0.00092 -0.00735  0.70506
   0.00115 -0.00824  0.62924
   0.00142 -0.00914  0.53276
   0.00173 -0.01004  0.42572
   0.00207 -0.01094  0.30367
   0.00247 -0.01182  0.13162
   0.00292 -0.01269  0.05103
   0.00342 -0.01356 -0.28873
   0.00402 -0.01437 -0.35179
   0.00470 -0.01514 -0.45999
   0.00546 -0.01587 -0.49636
   0.00629 -0.01657 -0.52671
   0.00717 -0.01724 -0.53912
   0.00811 -0.01789 -0.55550
   0.00910 -0.01851 -0.55477
   0.01015 -0.01912 -0.55163
   0.01125 -0.01971 -0.55229
   0.01240 -0.02029 -0.54541
   0.01361 -0.02086 -0.53998
   0.01488 -0.02142 -0.53298
   0.01621 -0.02198 -0.51879
   0.01761 -0.02253 -0.51130
   0.01908 -0.02307 -0.49596
   0.02063 -0.02362 -0.49126
   0.02226 -0.02417 -0.47873
   0.02397 -0.02472 -0.46395
   0.02579 -0.02528 -0.45689
   0.02770 -0.02584 -0.44674
   0.02973 -0.02641 -0.43917
   0.03189 -0.02700 -0.43166
   0.03419 -0.02759 -0.42547
   0.03663 -0.02820 -0.41496
   0.03924 -0.02882 -0.40860
   0.04203 -0.02945 -0.39803
   0.04502 -0.03011 -0.39156
   0.04822 -0.03078 -0.38593
   0.05165 -0.03148 -0.38275
   0.05533 -0.03220 -0.37847
   0.05925 -0.03293 -0.37555
   0.06344 -0.03368 -0.37094
   0.06789 -0.03445 -0.36902
   0.07262 -0.03522 -0.36437
   0.07761 -0.03600 -0.36304
   0.08288 -0.03679 -0.35982
   0.08842 -0.03758 -0.35668
   0.09419 -0.03836 -0.35377
   0.10019 -0.03914 -0.35186
   0.10638 -0.03991 -0.35110
   0.11276 -0.04065 -0.35024
   0.11929 -0.04138 -0.34957
   0.12594 -0.04208 -0.34832
   0.13272 -0.04276 -0.34734
   0.13959 -0.04340 -0.34597
   0.14656 -0.04401 -0.34295
   0.15362 -0.04460 -0.34130
   0.16075 -0.04515 -0.33745
   0.16794 -0.04567 -0.33524
   0.17519 -0.04616 -0.33192
   0.18248 -0.04663 -0.32995
   0.18981 -0.04706 -0.32780
   0.19717 -0.04747 -0.32643
   0.20456 -0.04785 -0.32227
   0.21197 -0.04820 -0.32141
   0.21942 -0.04852 -0.31731
   0.22690 -0.04882 -0.31474
   0.23441 -0.04909 -0.31002
   0.24195 -0.04934 -0.30791
   0.24951 -0.04956 -0.30587
   0.25708 -0.04977 -0.30261
   0.26468 -0.04995 -0.30131
   0.27229 -0.05011 -0.29706
   0.27991 -0.05024 -0.29563
   0.28756 -0.05036 -0.29221
   0.29522 -0.05046 -0.29027
   0.30289 -0.05054 -0.28840
   0.31057 -0.05060 -0.28630
   0.31825 -0.05064 -0.28410
   0.32595 -0.05066 -0.28251
   0.33364 -0.05066 -0.28100
   0.34135 -0.05065 -0.27919
   0.34906 -0.05061 -0.27749
   0.35677 -0.05056 -0.27569
   0.36448 -0.05048 -0.27406
   0.37219 -0.05039 -0.27252
   0.37990 -0.05028 -0.27051
   0.38761 -0.05015 -0.26920
   0.39532 -0.05001 -0.26788
   0.40302 -0.04984 -0.26654
   0.41072 -0.04966 -0.26449
   0.41842 -0.04945 -0.26390
   0.42610 -0.04923 -0.26256
   0.43378 -0.04899 -0.26184
   0.44144 -0.04873 -0.25974
   0.44910 -0.04845 -0.25921
   0.45674 -0.04815 -0.25770
   0.46437 -0.04783 -0.25701
   0.47199 -0.04749 -0.25534
   0.47960 -0.04713 -0.25350
   0.48720 -0.04674 -0.25222
   0.49478 -0.04634 -0.25053
   0.50235 -0.04590 -0.24817
   0.50991 -0.04545 -0.24697
   0.51745 -0.04497 -0.24436
   0.52498 -0.04447 -0.24197
   0.53250 -0.04395 -0.23988
   0.54000 -0.04340 -0.23734
   0.54749 -0.04282 -0.23452
   0.55497 -0.04222 -0.23141
   0.56243 -0.04159 -0.22781
   0.56987 -0.04093 -0.22449
   0.57730 -0.04025 -0.22083
   0.58471 -0.03954 -0.21673
   0.59210 -0.03881 -0.21256
   0.59948 -0.03804 -0.20817
   0.60683 -0.03724 -0.20359
   0.61417 -0.03642 -0.19739
   0.62149 -0.03556 -0.19270
   0.62879 -0.03468 -0.18547
   0.63608 -0.03376 -0.17981
   0.64335 -0.03281 -0.17170
   0.65061 -0.03183 -0.16464
   0.65786 -0.03081 -0.15611
   0.66510 -0.02976 -0.14724
   0.67232 -0.02867 -0.13750
   0.67954 -0.02755 -0.12743
   0.68676 -0.02640 -0.11690
   0.69397 -0.02520 -0.10573
   0.70117 -0.02398 -0.09300
   0.70838 -0.02271 -0.08032
   0.71559 -0.02141 -0.06686
   0.72281 -0.02007 -0.05252
   0.73004 -0.01870 -0.03780
   0.73728 -0.01729 -0.02174
   0.74453 -0.01584 -0.00422
   0.75180 -0.01436  0.01209
   0.75910 -0.01284  0.03204
   0.76642 -0.01128  0.05007
   0.77378 -0.00969  0.07183
   0.78118 -0.00807  0.09065
   0.78863 -0.00642  0.11409
   0.79611 -0.00475  0.13490
   0.80361 -0.00306  0.15927
   0.81108 -0.00138  0.18215
   0.81847  0.00029  0.20512
   0.82574  0.00191  0.22884
   0.83289  0.00348  0.25082
   0.83991  0.00499  0.27132
   0.84680  0.00644  0.29098
   0.85358  0.00782  0.31038
   0.86023  0.00913  0.32665
   0.86676  0.01036  0.34520
   0.87316  0.01151  0.35934
   0.87944  0.01258  0.37574
   0.88561  0.01356  0.38756
   0.89167  0.01445  0.39976
   0.89763  0.01526  0.41054
   0.90349  0.01599  0.42008
   0.90927  0.01663  0.42788
   0.91493  0.01718  0.43750
   0.92047  0.01765  0.44338
   0.92588  0.01803  0.45161
   0.93120  0.01832  0.45520
   0.93644  0.01853  0.45602
   0.94160  0.01868  0.45893
   0.94662  0.01876  0.46588
   0.95140  0.01879  0.48123
   0.95595  0.01872  0.49090
   0.96030  0.01853  0.49598
   0.96456  0.01820  0.48105
   0.96881  0.01775  0.45348
   0.97308  0.01723  0.42639
   0.97733  0.01672  0.41419
   0.98147  0.01621  0.42735
   0.98549  0.01562  0.43427
   0.98945  0.01488  0.38903
   0.99342  0.01406  0.32434
   0.99738  0.01325  0.29902
   1.00000  0.01271  0.25417
