GRUMMAN K-2 AIRFOIL                             
 Alfa =  -1.22000 Re =        0.000 Xflap,Yflap =     0.000000    0.000000
#    x        y        Cp  
   1.00000  0.01371  0.25418
   0.99740  0.01444  0.09914
   0.99329  0.01549  0.06136
   0.98889  0.01657  0.04594
   0.98423  0.01772  0.00553
   0.97929  0.01890 -0.02947
   0.97409  0.02011 -0.05547
   0.96867  0.02135 -0.08592
   0.96305  0.02259 -0.11249
   0.95727  0.02381 -0.13418
   0.95131  0.02502 -0.15516
   0.94520  0.02620 -0.17028
   0.93893  0.02735 -0.18339
   0.93253  0.02848 -0.19466
   0.92600  0.02957 -0.20187
   0.91932  0.03065 -0.20799
   0.91254  0.03170 -0.21496
   0.90568  0.03272 -0.22364
   0.89876  0.03372 -0.23110
   0.89181  0.03467 -0.23925
   0.88484  0.03559 -0.24525
   0.87782  0.03647 -0.24793
   0.87073  0.03731 -0.24909
   0.86355  0.03812 -0.25025
   0.85628  0.03891 -0.24903
   0.84891  0.03968 -0.24821
   0.84146  0.04044 -0.24819
   0.83396  0.04117 -0.24816
   0.82645  0.04190 -0.25391
   0.81896  0.04260 -0.25887
   0.81149  0.04327 -0.26248
   0.80402  0.04391 -0.26503
   0.79655  0.04452 -0.26752
   0.78909  0.04510 -0.26972
   0.78162  0.04565 -0.27050
   0.77414  0.04617 -0.27006
   0.76665  0.04666 -0.27049
   0.75914  0.04713 -0.26928
   0.75161  0.04756 -0.26750
   0.74405  0.04798 -0.26580
   0.73646  0.04837 -0.26292
   0.72884  0.04874 -0.26051
   0.72118  0.04909 -0.25767
   0.71350  0.04943 -0.25439
   0.70580  0.04974 -0.25262
   0.69806  0.05004 -0.24963
   0.69030  0.05033 -0.24761
   0.68252  0.05060 -0.24555
   0.67473  0.05086 -0.24380
   0.66693  0.05111 -0.24163
   0.65911  0.05135 -0.24042
   0.65129  0.05157 -0.23896
   0.64347  0.05178 -0.23695
   0.63563  0.05197 -0.23587
   0.62779  0.05216 -0.23439
   0.61994  0.05233 -0.23236
   0.61208  0.05249 -0.23188
   0.60421  0.05264 -0.22939
   0.59633  0.05278 -0.22860
   0.58846  0.05291 -0.22741
   0.58058  0.05303 -0.22682
   0.57270  0.05314 -0.22562
   0.56482  0.05324 -0.22475
   0.55693  0.05333 -0.22370
   0.54904  0.05340 -0.22308
   0.54115  0.05347 -0.22169
   0.53326  0.05353 -0.22138
   0.52537  0.05358 -0.22006
   0.51748  0.05361 -0.21919
   0.50958  0.05364 -0.21893
   0.50169  0.05366 -0.21735
   0.49380  0.05367 -0.21775
   0.48590  0.05367 -0.21611
   0.47801  0.05366 -0.21651
   0.47012  0.05363 -0.21552
   0.46224  0.05360 -0.21481
   0.45437  0.05356 -0.21422
   0.44650  0.05351 -0.21373
   0.43864  0.05345 -0.21265
   0.43079  0.05338 -0.21246
   0.42295  0.05330 -0.21218
   0.41514  0.05321 -0.21185
   0.40737  0.05312 -0.21252
   0.39966  0.05301 -0.21194
   0.39202  0.05289 -0.21319
   0.38445  0.05276 -0.21028
   0.37694  0.05262 -0.20768
   0.36954  0.05249 -0.20671
   0.36229  0.05236 -0.21389
   0.35524  0.05223 -0.22478
   0.34842  0.05207 -0.23403
   0.34179  0.05185 -0.22527
   0.33530  0.05159 -0.19831
   0.32892  0.05132 -0.17159
   0.32258  0.05111 -0.15788
   0.31625  0.05098 -0.17426
   0.30988  0.05089 -0.20367
   0.30343  0.05078 -0.23104
   0.29682  0.05061 -0.23336
   0.29002  0.05037 -0.22093
   0.28299  0.05009 -0.20911
   0.27579  0.04982 -0.20785
   0.26847  0.04954 -0.21194
   0.26108  0.04924 -0.21390
   0.25361  0.04892 -0.21281
   0.24607  0.04858 -0.21288
   0.23850  0.04823 -0.21390
   0.23092  0.04786 -0.21436
   0.22333  0.04747 -0.21519
   0.21574  0.04707 -0.21573
   0.20817  0.04664 -0.21757
   0.20063  0.04620 -0.21808
   0.19311  0.04574 -0.21891
   0.18563  0.04526 -0.22208
   0.17820  0.04475 -0.22183
   0.17081  0.04423 -0.22313
   0.16349  0.04368 -0.22555
   0.15624  0.04311 -0.22563
   0.14907  0.04251 -0.22809
   0.14200  0.04189 -0.22877
   0.13503  0.04125 -0.22980
   0.12818  0.04059 -0.23061
   0.12147  0.03990 -0.23091
   0.11493  0.03919 -0.23098
   0.10856  0.03847 -0.23109
   0.10240  0.03773 -0.23070
   0.09647  0.03699 -0.23172
   0.09078  0.03624 -0.23349
   0.08537  0.03550 -0.23221
   0.08024  0.03476 -0.23751
   0.07540  0.03403 -0.23933
   0.07085  0.03331 -0.24314
   0.06658  0.03261 -0.25586
   0.06257  0.03190 -0.25665
   0.05879  0.03120 -0.26783
   0.05523  0.03050 -0.27205
   0.05189  0.02978 -0.27020
   0.04873  0.02906 -0.26408
   0.04574  0.02833 -0.25319
   0.04291  0.02760 -0.24391
   0.04024  0.02687 -0.22905
   0.03771  0.02615 -0.21702
   0.03531  0.02543 -0.20910
   0.03305  0.02471 -0.18438
   0.03089  0.02399 -0.15436
   0.02884  0.02329 -0.13074
   0.02688  0.02260 -0.11519
   0.02502  0.02195 -0.11335
   0.02326  0.02131 -0.11162
   0.02159  0.02067 -0.11039
   0.02000  0.02005 -0.10445
   0.01849  0.01942 -0.09378
   0.01706  0.01880 -0.07574
   0.01569  0.01817 -0.04932
   0.01439  0.01754 -0.02709
   0.01314  0.01692 -0.00389
   0.01194  0.01630  0.01638
   0.01080  0.01568  0.03541
   0.00971  0.01507  0.05341
   0.00867  0.01445  0.07809
   0.00767  0.01383  0.09499
   0.00672  0.01321  0.11863
   0.00581  0.01258  0.13807
   0.00495  0.01194  0.16793
   0.00414  0.01128  0.19036
   0.00338  0.01061  0.21703
   0.00268  0.00990  0.24928
   0.00207  0.00914  0.35815
   0.00154  0.00835  0.44680
   0.00111  0.00752  0.56430
   0.00078  0.00665  0.69497
   0.00053  0.00577  0.79979
   0.00035  0.00489  0.87525
   0.00022  0.00400  0.92592
   0.00012  0.00312  0.96255
   0.00005  0.00224  0.98408
   0.00001  0.00137  0.99624
  -0.00000  0.00051  0.99999
   0.00001 -0.00034  0.99618
   0.00004 -0.00120  0.98504
   0.00010 -0.00206  0.96623
   0.00020 -0.00292  0.95039
   0.00027 -0.00380  0.90720
   0.00039 -0.00468  0.87443
   0.00054 -0.00556  0.82660
   0.00072 -0.00645  0.76831
   0.00092 -0.00735  0.70367
   0.00115 -0.00824  0.62767
   0.00142 -0.00914  0.53099
   0.00173 -0.01004  0.42373
   0.00207 -0.01094  0.30146
   0.00247 -0.01182  0.12909
   0.00292 -0.01269  0.04846
   0.00342 -0.01356 -0.29195
   0.00402 -0.01437 -0.35493
   0.00470 -0.01514 -0.46317
   0.00546 -0.01587 -0.49942
   0.00629 -0.01657 -0.52967
   0.00717 -0.01724 -0.54195
   0.00811 -0.01789 -0.55822
   0.00910 -0.01851 -0.55737
   0.01015 -0.01912 -0.55412
   0.01125 -0.01971 -0.55467
   0.01240 -0.02029 -0.54769
   0.01361 -0.02086 -0.54217
   0.01488 -0.02142 -0.53507
   0.01621 -0.02198 -0.52080
   0.01761 -0.02253 -0.51323
   0.01908 -0.02307 -0.49781
   0.02063 -0.02362 -0.49304
   0.02226 -0.02417 -0.48044
   0.02397 -0.02472 -0.46559
   0.02579 -0.02528 -0.45848
   0.02770 -0.02584 -0.44826
   0.02973 -0.02641 -0.44064
   0.03189 -0.02700 -0.43307
   0.03419 -0.02759 -0.42683
   0.03663 -0.02820 -0.41627
   0.03924 -0.02882 -0.40987
   0.04203 -0.02945 -0.39925
   0.04502 -0.03011 -0.39274
   0.04822 -0.03078 -0.38707
   0.05165 -0.03148 -0.38385
   0.05533 -0.03220 -0.37953
   0.05925 -0.03293 -0.37657
   0.06344 -0.03368 -0.37193
   0.06789 -0.03445 -0.36998
   0.07262 -0.03522 -0.36529
   0.07761 -0.03600 -0.36392
   0.08288 -0.03679 -0.36068
   0.08842 -0.03758 -0.35751
   0.09419 -0.03836 -0.35457
   0.10019 -0.03914 -0.35263
   0.10638 -0.03991 -0.35185
   0.11276 -0.04065 -0.35097
   0.11929 -0.04138 -0.35027
   0.12594 -0.04208 -0.34900
   0.13272 -0.04276 -0.34800
   0.13959 -0.04340 -0.34662
   0.14656 -0.04401 -0.34358
   0.15362 -0.04460 -0.34191
   0.16075 -0.04515 -0.33804
   0.16794 -0.04567 -0.33581
   0.17519 -0.04616 -0.33248
   0.18248 -0.04663 -0.33050
   0.18981 -0.04706 -0.32833
   0.19717 -0.04747 -0.32695
   0.20456 -0.04785 -0.32278
   0.21197 -0.04820 -0.32191
   0.21942 -0.04852 -0.31780
   0.22690 -0.04882 -0.31521
   0.23441 -0.04909 -0.31048
   0.24195 -0.04934 -0.30836
   0.24951 -0.04956 -0.30631
   0.25708 -0.04977 -0.30304
   0.26468 -0.04995 -0.30174
   0.27229 -0.05011 -0.29747
   0.27991 -0.05024 -0.29603
   0.28756 -0.05036 -0.29260
   0.29522 -0.05046 -0.29066
   0.30289 -0.05054 -0.28878
   0.31057 -0.05060 -0.28667
   0.31825 -0.05064 -0.28447
   0.32595 -0.05066 -0.28287
   0.33364 -0.05066 -0.28136
   0.34135 -0.05065 -0.27954
   0.34906 -0.05061 -0.27783
   0.35677 -0.05056 -0.27602
   0.36448 -0.05048 -0.27439
   0.37219 -0.05039 -0.27284
   0.37990 -0.05028 -0.27082
   0.38761 -0.05015 -0.26951
   0.39532 -0.05001 -0.26819
   0.40302 -0.04984 -0.26684
   0.41072 -0.04966 -0.26478
   0.41842 -0.04945 -0.26419
   0.42610 -0.04923 -0.26284
   0.43378 -0.04899 -0.26212
   0.44144 -0.04873 -0.26002
   0.44910 -0.04845 -0.25948
   0.45674 -0.04815 -0.25797
   0.46437 -0.04783 -0.25727
   0.47199 -0.04749 -0.25559
   0.47960 -0.04713 -0.25375
   0.48720 -0.04674 -0.25247
   0.49478 -0.04634 -0.25077
   0.50235 -0.04590 -0.24841
   0.50991 -0.04545 -0.24721
   0.51745 -0.04497 -0.24459
   0.52498 -0.04447 -0.24220
   0.53250 -0.04395 -0.24010
   0.54000 -0.04340 -0.23756
   0.54749 -0.04282 -0.23474
   0.55497 -0.04222 -0.23163
   0.56243 -0.04159 -0.22801
   0.56987 -0.04093 -0.22469
   0.57730 -0.04025 -0.22103
   0.58471 -0.03954 -0.21693
   0.59210 -0.03881 -0.21275
   0.59948 -0.03804 -0.20835
   0.60683 -0.03724 -0.20378
   0.61417 -0.03642 -0.19757
   0.62149 -0.03556 -0.19288
   0.62879 -0.03468 -0.18564
   0.63608 -0.03376 -0.17998
   0.64335 -0.03281 -0.17186
   0.65061 -0.03183 -0.16480
   0.65786 -0.03081 -0.15627
   0.66510 -0.02976 -0.14739
   0.67232 -0.02867 -0.13765
   0.67954 -0.02755 -0.12758
   0.68676 -0.02640 -0.11704
   0.69397 -0.02520 -0.10587
   0.70117 -0.02398 -0.09313
   0.70838 -0.02271 -0.08045
   0.71559 -0.02141 -0.06698
   0.72281 -0.02007 -0.05264
   0.73004 -0.01870 -0.03792
   0.73728 -0.01729 -0.02185
   0.74453 -0.01584 -0.00433
   0.75180 -0.01436  0.01198
   0.75910 -0.01284  0.03194
   0.76642 -0.01128  0.04998
   0.77378 -0.00969  0.07174
   0.78118 -0.00807  0.09056
   0.78863 -0.00642  0.11400
   0.79611 -0.00475  0.13482
   0.80361 -0.00306  0.15920
   0.81108 -0.00138  0.18208
   0.81847  0.00029  0.20505
   0.82574  0.00191  0.22878
   0.83289  0.00348  0.25076
   0.83991  0.00499  0.27126
   0.84680  0.00644  0.29093
   0.85358  0.00782  0.31033
   0.86023  0.00913  0.32660
   0.86676  0.01036  0.34516
   0.87316  0.01151  0.35929
   0.87944  0.01258  0.37570
   0.88561  0.01356  0.38752
   0.89167  0.01445  0.39973
   0.89763  0.01526  0.41050
   0.90349  0.01599  0.42005
   0.90927  0.01663  0.42784
   0.91493  0.01718  0.43747
   0.92047  0.01765  0.44335
   0.92588  0.01803  0.45158
   0.93120  0.01832  0.45518
   0.93644  0.01853  0.45600
   0.94160  0.01868  0.45891
   0.94662  0.01876  0.46586
   0.95140  0.01879  0.48121
   0.95595  0.01872  0.49088
   0.96030  0.01853  0.49596
   0.96456  0.01820  0.48103
   0.96881  0.01775  0.45346
   0.97308  0.01723  0.42637
   0.97733  0.01672  0.41417
   0.98147  0.01621  0.42733
   0.98549  0.01562  0.43426
   0.98945  0.01488  0.38902
   0.99342  0.01406  0.32432
   0.99738  0.01325  0.29901
   1.00000  0.01271  0.25418
