GRUMMAN K-2 AIRFOIL                             
 Alfa =  -1.19200 Re =        0.000 Xflap,Yflap =     0.000000    0.000000
#    x        y        Cp  
   1.00000  0.01371  0.25416
   0.99740  0.01444  0.09910
   0.99329  0.01549  0.06131
   0.98889  0.01657  0.04586
   0.98423  0.01772  0.00541
   0.97929  0.01890 -0.02960
   0.97409  0.02011 -0.05561
   0.96867  0.02135 -0.08609
   0.96305  0.02259 -0.11268
   0.95727  0.02381 -0.13439
   0.95131  0.02502 -0.15539
   0.94520  0.02620 -0.17054
   0.93893  0.02735 -0.18367
   0.93253  0.02848 -0.19496
   0.92600  0.02957 -0.20218
   0.91932  0.03065 -0.20832
   0.91254  0.03170 -0.21530
   0.90568  0.03272 -0.22401
   0.89876  0.03372 -0.23148
   0.89181  0.03467 -0.23965
   0.88484  0.03559 -0.24568
   0.87782  0.03647 -0.24836
   0.87073  0.03731 -0.24954
   0.86355  0.03812 -0.25072
   0.85628  0.03891 -0.24950
   0.84891  0.03968 -0.24871
   0.84146  0.04044 -0.24870
   0.83396  0.04117 -0.24869
   0.82645  0.04190 -0.25445
   0.81896  0.04260 -0.25943
   0.81149  0.04327 -0.26306
   0.80402  0.04391 -0.26562
   0.79655  0.04452 -0.26813
   0.78909  0.04510 -0.27033
   0.78162  0.04565 -0.27115
   0.77414  0.04617 -0.27072
   0.76665  0.04666 -0.27116
   0.75914  0.04713 -0.26997
   0.75161  0.04756 -0.26820
   0.74405  0.04798 -0.26651
   0.73646  0.04837 -0.26364
   0.72884  0.04874 -0.26125
   0.72118  0.04909 -0.25842
   0.71350  0.04943 -0.25516
   0.70580  0.04974 -0.25339
   0.69806  0.05004 -0.25041
   0.69030  0.05033 -0.24842
   0.68252  0.05060 -0.24636
   0.67473  0.05086 -0.24463
   0.66693  0.05111 -0.24247
   0.65911  0.05135 -0.24127
   0.65129  0.05157 -0.23984
   0.64347  0.05178 -0.23783
   0.63563  0.05197 -0.23677
   0.62779  0.05216 -0.23531
   0.61994  0.05233 -0.23330
   0.61208  0.05249 -0.23282
   0.60421  0.05264 -0.23035
   0.59633  0.05278 -0.22957
   0.58846  0.05291 -0.22840
   0.58058  0.05303 -0.22783
   0.57270  0.05314 -0.22664
   0.56482  0.05324 -0.22578
   0.55693  0.05333 -0.22475
   0.54904  0.05340 -0.22415
   0.54115  0.05347 -0.22277
   0.53326  0.05353 -0.22248
   0.52537  0.05358 -0.22118
   0.51748  0.05361 -0.22032
   0.50958  0.05364 -0.22008
   0.50169  0.05366 -0.21852
   0.49380  0.05367 -0.21894
   0.48590  0.05367 -0.21731
   0.47801  0.05366 -0.21773
   0.47012  0.05363 -0.21676
   0.46224  0.05360 -0.21607
   0.45437  0.05356 -0.21551
   0.44650  0.05351 -0.21503
   0.43864  0.05345 -0.21398
   0.43079  0.05338 -0.21381
   0.42295  0.05330 -0.21355
   0.41514  0.05321 -0.21324
   0.40737  0.05312 -0.21393
   0.39966  0.05301 -0.21338
   0.39202  0.05289 -0.21464
   0.38445  0.05276 -0.21176
   0.37694  0.05262 -0.20917
   0.36954  0.05249 -0.20823
   0.36229  0.05236 -0.21544
   0.35524  0.05223 -0.22637
   0.34842  0.05207 -0.23565
   0.34179  0.05185 -0.22691
   0.33530  0.05159 -0.19993
   0.32892  0.05132 -0.17320
   0.32258  0.05111 -0.15949
   0.31625  0.05098 -0.17592
   0.30988  0.05089 -0.20539
   0.30343  0.05078 -0.23283
   0.29682  0.05061 -0.23518
   0.29002  0.05037 -0.22277
   0.28299  0.05009 -0.21096
   0.27579  0.04982 -0.20973
   0.26847  0.04954 -0.21386
   0.26108  0.04924 -0.21586
   0.25361  0.04892 -0.21481
   0.24607  0.04858 -0.21492
   0.23850  0.04823 -0.21598
   0.23092  0.04786 -0.21649
   0.22333  0.04747 -0.21736
   0.21574  0.04707 -0.21795
   0.20817  0.04664 -0.21984
   0.20063  0.04620 -0.22041
   0.19311  0.04574 -0.22129
   0.18563  0.04526 -0.22453
   0.17820  0.04475 -0.22434
   0.17081  0.04423 -0.22571
   0.16349  0.04368 -0.22820
   0.15624  0.04311 -0.22835
   0.14907  0.04251 -0.23089
   0.14200  0.04189 -0.23166
   0.13503  0.04125 -0.23277
   0.12818  0.04059 -0.23367
   0.12147  0.03990 -0.23407
   0.11493  0.03919 -0.23424
   0.10856  0.03847 -0.23445
   0.10240  0.03773 -0.23417
   0.09647  0.03699 -0.23531
   0.09078  0.03624 -0.23720
   0.08537  0.03550 -0.23604
   0.08024  0.03476 -0.24148
   0.07540  0.03403 -0.24344
   0.07085  0.03331 -0.24740
   0.06658  0.03261 -0.26031
   0.06257  0.03190 -0.26125
   0.05879  0.03120 -0.27263
   0.05523  0.03050 -0.27702
   0.05189  0.02978 -0.27533
   0.04873  0.02906 -0.26936
   0.04574  0.02833 -0.25860
   0.04291  0.02760 -0.24946
   0.04024  0.02687 -0.23472
   0.03771  0.02615 -0.22282
   0.03531  0.02543 -0.21506
   0.03305  0.02471 -0.19042
   0.03089  0.02399 -0.16045
   0.02884  0.02329 -0.13690
   0.02688  0.02260 -0.12150
   0.02502  0.02195 -0.11986
   0.02326  0.02131 -0.11836
   0.02159  0.02067 -0.11737
   0.02000  0.02005 -0.11165
   0.01849  0.01942 -0.10119
   0.01706  0.01880 -0.08330
   0.01569  0.01817 -0.05700
   0.01439  0.01754 -0.03492
   0.01314  0.01692 -0.01188
   0.01194  0.01630  0.00821
   0.01080  0.01568  0.02701
   0.00971  0.01507  0.04478
   0.00867  0.01445  0.06924
   0.00767  0.01383  0.08586
   0.00672  0.01321  0.10919
   0.00581  0.01258  0.12828
   0.00495  0.01194  0.15780
   0.00414  0.01128  0.17980
   0.00338  0.01061  0.20592
   0.00268  0.00990  0.23763
   0.00207  0.00914  0.34706
   0.00154  0.00835  0.43606
   0.00111  0.00752  0.55458
   0.00078  0.00665  0.68702
   0.00053  0.00577  0.79357
   0.00035  0.00489  0.87049
   0.00022  0.00400  0.92234
   0.00012  0.00312  0.96005
   0.00005  0.00224  0.98247
   0.00001  0.00137  0.99545
  -0.00000  0.00051  0.99999
   0.00001 -0.00034  0.99689
   0.00004 -0.00120  0.98647
   0.00010 -0.00206  0.96843
   0.00020 -0.00292  0.95285
   0.00027 -0.00380  0.91089
   0.00039 -0.00468  0.87857
   0.00054 -0.00556  0.83150
   0.00072 -0.00645  0.77400
   0.00092 -0.00735  0.71013
   0.00115 -0.00824  0.63496
   0.00142 -0.00914  0.53925
   0.00173 -0.01004  0.43299
   0.00207 -0.01094  0.31173
   0.00247 -0.01182  0.14086
   0.00292 -0.01269  0.06040
   0.00342 -0.01356 -0.27692
   0.00402 -0.01437 -0.34030
   0.00470 -0.01514 -0.44834
   0.00546 -0.01587 -0.48514
   0.00629 -0.01657 -0.51589
   0.00717 -0.01724 -0.52877
   0.00811 -0.01789 -0.54555
   0.00910 -0.01851 -0.54526
   0.01015 -0.01912 -0.54255
   0.01125 -0.01971 -0.54358
   0.01240 -0.02029 -0.53706
   0.01361 -0.02086 -0.53197
   0.01488 -0.02142 -0.52530
   0.01621 -0.02198 -0.51145
   0.01761 -0.02253 -0.50425
   0.01908 -0.02307 -0.48919
   0.02063 -0.02362 -0.48474
   0.02226 -0.02417 -0.47247
   0.02397 -0.02472 -0.45794
   0.02579 -0.02528 -0.45110
   0.02770 -0.02584 -0.44116
   0.02973 -0.02641 -0.43380
   0.03189 -0.02700 -0.42647
   0.03419 -0.02759 -0.42046
   0.03663 -0.02820 -0.41013
   0.03924 -0.02882 -0.40395
   0.04203 -0.02945 -0.39355
   0.04502 -0.03011 -0.38725
   0.04822 -0.03078 -0.38176
   0.05165 -0.03148 -0.37872
   0.05533 -0.03220 -0.37458
   0.05925 -0.03293 -0.37180
   0.06344 -0.03368 -0.36732
   0.06789 -0.03445 -0.36553
   0.07262 -0.03522 -0.36100
   0.07761 -0.03600 -0.35978
   0.08288 -0.03679 -0.35667
   0.08842 -0.03758 -0.35364
   0.09419 -0.03836 -0.35084
   0.10019 -0.03914 -0.34902
   0.10638 -0.03991 -0.34835
   0.11276 -0.04065 -0.34758
   0.11929 -0.04138 -0.34698
   0.12594 -0.04208 -0.34581
   0.13272 -0.04276 -0.34490
   0.13959 -0.04340 -0.34361
   0.14656 -0.04401 -0.34066
   0.15362 -0.04460 -0.33907
   0.16075 -0.04515 -0.33528
   0.16794 -0.04567 -0.33313
   0.17519 -0.04616 -0.32986
   0.18248 -0.04663 -0.32795
   0.18981 -0.04706 -0.32584
   0.19717 -0.04747 -0.32453
   0.20456 -0.04785 -0.32041
   0.21197 -0.04820 -0.31960
   0.21942 -0.04852 -0.31554
   0.22690 -0.04882 -0.31301
   0.23441 -0.04909 -0.30833
   0.24195 -0.04934 -0.30626
   0.24951 -0.04956 -0.30425
   0.25708 -0.04977 -0.30103
   0.26468 -0.04995 -0.29976
   0.27229 -0.05011 -0.29554
   0.27991 -0.05024 -0.29414
   0.28756 -0.05036 -0.29075
   0.29522 -0.05046 -0.28884
   0.30289 -0.05054 -0.28701
   0.31057 -0.05060 -0.28493
   0.31825 -0.05064 -0.28276
   0.32595 -0.05066 -0.28120
   0.33364 -0.05066 -0.27971
   0.34135 -0.05065 -0.27792
   0.34906 -0.05061 -0.27624
   0.35677 -0.05056 -0.27446
   0.36448 -0.05048 -0.27286
   0.37219 -0.05039 -0.27133
   0.37990 -0.05028 -0.26935
   0.38761 -0.05015 -0.26805
   0.39532 -0.05001 -0.26677
   0.40302 -0.04984 -0.26544
   0.41072 -0.04966 -0.26340
   0.41842 -0.04945 -0.26284
   0.42610 -0.04923 -0.26151
   0.43378 -0.04899 -0.26082
   0.44144 -0.04873 -0.25873
   0.44910 -0.04845 -0.25822
   0.45674 -0.04815 -0.25673
   0.46437 -0.04783 -0.25605
   0.47199 -0.04749 -0.25439
   0.47960 -0.04713 -0.25257
   0.48720 -0.04674 -0.25131
   0.49478 -0.04634 -0.24963
   0.50235 -0.04590 -0.24729
   0.50991 -0.04545 -0.24611
   0.51745 -0.04497 -0.24351
   0.52498 -0.04447 -0.24114
   0.53250 -0.04395 -0.23906
   0.54000 -0.04340 -0.23653
   0.54749 -0.04282 -0.23373
   0.55497 -0.04222 -0.23064
   0.56243 -0.04159 -0.22704
   0.56987 -0.04093 -0.22374
   0.57730 -0.04025 -0.22010
   0.58471 -0.03954 -0.21601
   0.59210 -0.03881 -0.21186
   0.59948 -0.03804 -0.20748
   0.60683 -0.03724 -0.20291
   0.61417 -0.03642 -0.19673
   0.62149 -0.03556 -0.19205
   0.62879 -0.03468 -0.18484
   0.63608 -0.03376 -0.17919
   0.64335 -0.03281 -0.17109
   0.65061 -0.03183 -0.16405
   0.65786 -0.03081 -0.15553
   0.66510 -0.02976 -0.14667
   0.67232 -0.02867 -0.13696
   0.67954 -0.02755 -0.12690
   0.68676 -0.02640 -0.11637
   0.69397 -0.02520 -0.10523
   0.70117 -0.02398 -0.09251
   0.70838 -0.02271 -0.07985
   0.71559 -0.02141 -0.06640
   0.72281 -0.02007 -0.05208
   0.73004 -0.01870 -0.03737
   0.73728 -0.01729 -0.02133
   0.74453 -0.01584 -0.00383
   0.75180 -0.01436  0.01247
   0.75910 -0.01284  0.03241
   0.76642 -0.01128  0.05042
   0.77378 -0.00969  0.07217
   0.78118 -0.00807  0.09097
   0.78863 -0.00642  0.11440
   0.79611 -0.00475  0.13519
   0.80361 -0.00306  0.15955
   0.81108 -0.00138  0.18242
   0.81847  0.00029  0.20537
   0.82574  0.00191  0.22908
   0.83289  0.00348  0.25105
   0.83991  0.00499  0.27153
   0.84680  0.00644  0.29118
   0.85358  0.00782  0.31057
   0.86023  0.00913  0.32683
   0.86676  0.01036  0.34537
   0.87316  0.01151  0.35951
   0.87944  0.01258  0.37589
   0.88561  0.01356  0.38770
   0.89167  0.01445  0.39990
   0.89763  0.01526  0.41067
   0.90349  0.01599  0.42021
   0.90927  0.01663  0.42800
   0.91493  0.01718  0.43761
   0.92047  0.01765  0.44350
   0.92588  0.01803  0.45171
   0.93120  0.01832  0.45530
   0.93644  0.01853  0.45612
   0.94160  0.01868  0.45902
   0.94662  0.01876  0.46598
   0.95140  0.01879  0.48131
   0.95595  0.01872  0.49098
   0.96030  0.01853  0.49605
   0.96456  0.01820  0.48112
   0.96881  0.01775  0.45356
   0.97308  0.01723  0.42646
   0.97733  0.01672  0.41426
   0.98147  0.01621  0.42741
   0.98549  0.01562  0.43432
   0.98945  0.01488  0.38909
   0.99342  0.01406  0.32439
   0.99738  0.01325  0.29906
   1.00000  0.01271  0.25416
