#  NACA 0012                                       
#  alpha =  -1.2100
#  Mach  =   0.0000
#  Reyn  =  1000000
#  Ncrit =   9.0000
#
#    x           cf
   0.42861E-03  0.61836E-03
   0.64861E-03  0.22671E-02
   0.91648E-03  0.35179E-02
   0.12327E-02  0.44482E-02
   0.15977E-02  0.60175E-02
   0.20115E-02  0.63901E-02
   0.24744E-02  0.78212E-02
   0.29862E-02  0.74032E-02
   0.35470E-02  0.90873E-02
   0.41570E-02  0.86488E-02
   0.48164E-02  0.91269E-02
   0.55256E-02  0.95278E-02
   0.62852E-02  0.95206E-02
   0.70962E-02  0.95100E-02
   0.79597E-02  0.92626E-02
   0.88769E-02  0.98447E-02
   0.98498E-02  0.88171E-02
   0.10880E-01  0.96104E-02
   0.11971E-01  0.88000E-02
   0.13124E-01  0.87018E-02
   0.14343E-01  0.85973E-02
   0.15632E-01  0.85057E-02
   0.16994E-01  0.80902E-02
   0.18435E-01  0.77762E-02
   0.19959E-01  0.78252E-02
   0.21572E-01  0.74818E-02
   0.23281E-01  0.73031E-02
   0.25092E-01  0.67863E-02
   0.27014E-01  0.69047E-02
   0.29054E-01  0.65036E-02
   0.31221E-01  0.63637E-02
   0.33526E-01  0.60866E-02
   0.35978E-01  0.59165E-02
   0.38590E-01  0.56288E-02
   0.41370E-01  0.55076E-02
   0.44332E-01  0.52923E-02
   0.47486E-01  0.50471E-02
   0.50842E-01  0.49428E-02
   0.54409E-01  0.46706E-02
   0.58194E-01  0.45413E-02
   0.62203E-01  0.43352E-02
   0.66437E-01  0.41646E-02
   0.70896E-01  0.40600E-02
   0.75575E-01  0.38261E-02
   0.80467E-01  0.37450E-02
   0.85561E-01  0.35609E-02
   0.90846E-01  0.34635E-02
   0.96306E-01  0.33055E-02
   0.10193      0.32039E-02
   0.10770      0.30529E-02
   0.11360      0.29692E-02
   0.11961      0.28767E-02
   0.12574      0.27577E-02
   0.13195      0.26770E-02
   0.13825      0.25858E-02
   0.14463      0.25094E-02
   0.15107      0.24181E-02
   0.15757      0.23501E-02
   0.16412      0.22713E-02
   0.17072      0.21992E-02
   0.17737      0.21427E-02
   0.18405      0.20756E-02
   0.19077      0.20149E-02
   0.19753      0.19647E-02
   0.20431      0.18925E-02
   0.21113      0.18445E-02
   0.21797      0.18020E-02
   0.22484      0.17386E-02
   0.23173      0.17001E-02
   0.23864      0.16487E-02
   0.24557      0.16128E-02
   0.25252      0.15658E-02
   0.25949      0.15219E-02
   0.26648      0.14837E-02
   0.27348      0.14407E-02
   0.28050      0.14051E-02
   0.28753      0.13707E-02
   0.29457      0.13299E-02
   0.30163      0.13031E-02
   0.30871      0.12648E-02
   0.31579      0.12298E-02
   0.32288      0.12032E-02
   0.32999      0.11735E-02
   0.33711      0.11411E-02
   0.34423      0.11096E-02
   0.35137      0.10840E-02
   0.35851      0.10599E-02
   0.36567      0.10276E-02
   0.37283      0.10043E-02
   0.38000      0.97971E-03
   0.38718      0.95271E-03
   0.39437      0.92606E-03
   0.40156      0.90406E-03
   0.40876      0.88208E-03
   0.41596      0.85946E-03
   0.42318      0.83668E-03
   0.43040      0.81489E-03
   0.43762      0.79382E-03
   0.44485      0.77248E-03
   0.45209      0.75170E-03
   0.45933      0.73098E-03
   0.46657      0.71516E-03
   0.47382      0.69255E-03
   0.48108      0.67554E-03
   0.48834      0.65498E-03
   0.49560      0.63716E-03
   0.50287      0.62123E-03
   0.51014      0.60480E-03
   0.51742      0.58513E-03
   0.52470      0.56854E-03
   0.53198      0.55200E-03
   0.53926      0.53603E-03
   0.54655      0.51951E-03
   0.55384      0.50225E-03
   0.56114      0.48804E-03
   0.56844      0.46992E-03
   0.57574      0.45590E-03
   0.58304      0.44054E-03
   0.59034      0.42568E-03
   0.59765      0.41122E-03
   0.60496      0.39755E-03
   0.61227      0.38120E-03
   0.61959      0.36936E-03
   0.62690      0.35265E-03
   0.63422      0.33993E-03
   0.64153      0.32629E-03
   0.64885      0.31274E-03
   0.65617      0.30072E-03
   0.66349      0.28628E-03
   0.67082      0.27341E-03
   0.67814      0.26129E-03
   0.68546      0.24874E-03
   0.69279      0.23661E-03
   0.70011      0.22550E-03
   0.70744      0.21665E-03
   0.71477      0.20578E-03
   0.72209      0.19597E-03
   0.72942      0.18693E-03
   0.73674      0.18020E-03
   0.74407      0.17444E-03
   0.75140      0.17059E-03
   0.75872      0.16668E-03
   0.76605      0.16586E-03
   0.77337      0.16710E-03
   0.78070      0.17386E-03
   0.78802      0.18496E-03
   0.79535      0.20382E-03
   0.80267      0.23509E-03
   0.80999      0.33275E-03
   0.81731      0.52106E-03
   0.82462      0.79831E-03
   0.83194      0.11488E-02
   0.83925      0.15379E-02
   0.84656      0.19308E-02
   0.85387      0.22819E-02
   0.86117      0.25937E-02
   0.86847      0.28490E-02
   0.87576      0.30420E-02
   0.88304      0.32044E-02
   0.89031      0.33159E-02
   0.89756      0.33996E-02
   0.90480      0.34519E-02
   0.91200      0.34697E-02
   0.91916      0.34798E-02
   0.92628      0.34690E-02
   0.93332      0.34416E-02
   0.94028      0.33983E-02
   0.94711      0.33471E-02
   0.95379      0.32826E-02
   0.96028      0.32041E-02
   0.96654      0.31243E-02
   0.97252      0.30228E-02
   0.97818      0.29197E-02
   0.98351      0.28050E-02
   0.98848      0.26797E-02
   0.99309      0.25531E-02
   0.99735      0.24086E-02
    1.0000      0.23879E-02
    1.0001       0.0000    
    1.0028       0.0000    
    1.0058       0.0000    
    1.0091       0.0000    
    1.0128       0.0000    
    1.0169       0.0000    
    1.0215       0.0000    
    1.0266       0.0000    
    1.0323       0.0000    
    1.0386       0.0000    
    1.0457       0.0000    
    1.0535       0.0000    
    1.0623       0.0000    
    1.0721       0.0000    
    1.0829       0.0000    
    1.0950       0.0000    
    1.1085       0.0000    
    1.1235       0.0000    
    1.1403       0.0000    
    1.1589       0.0000    
    1.1797       0.0000    
    1.2028       0.0000    
    1.2285       0.0000    
    1.2572       0.0000    
    1.2892       0.0000    
    1.3248       0.0000    
    1.3644       0.0000    
    1.4086       0.0000    
    1.4577       0.0000    
    1.5125       0.0000    
    1.5735       0.0000    
    1.6415       0.0000    
    1.7172       0.0000    
    1.8015       0.0000    
    1.8954       0.0000    
    2.0000       0.0000    

   0.25555E-03  0.66502E-03
   0.12819E-03  0.24443E-02
   0.45242E-04  0.34051E-02
   0.49527E-05  0.57106E-02
   0.49557E-05  0.63308E-02
   0.45260E-04  0.85228E-02
   0.12821E-03  0.88925E-02
   0.25560E-03  0.10823E-01
   0.42864E-03  0.12128E-01
   0.64864E-03  0.12027E-01
   0.91656E-03  0.14189E-01
   0.12328E-02  0.13536E-01
   0.15978E-02  0.14618E-01
   0.20116E-02  0.15099E-01
   0.24744E-02  0.14412E-01
   0.29863E-02  0.15390E-01
   0.35471E-02  0.14244E-01
   0.41571E-02  0.14618E-01
   0.48164E-02  0.14039E-01
   0.55257E-02  0.13748E-01
   0.62854E-02  0.13707E-01
   0.70964E-02  0.12562E-01
   0.79599E-02  0.12912E-01
   0.88771E-02  0.11817E-01
   0.98499E-02  0.11532E-01
   0.10880E-01  0.11086E-01
   0.11971E-01  0.10781E-01
   0.13124E-01  0.10140E-01
   0.14343E-01  0.97395E-02
   0.15632E-01  0.93633E-02
   0.16994E-01  0.88923E-02
   0.18435E-01  0.86299E-02
   0.19959E-01  0.80303E-02
   0.21573E-01  0.79084E-02
   0.23281E-01  0.73710E-02
   0.25093E-01  0.71050E-02
   0.27014E-01  0.68434E-02
   0.29054E-01  0.65597E-02
   0.31221E-01  0.61568E-02
   0.33526E-01  0.58829E-02
   0.35979E-01  0.56985E-02
   0.38590E-01  0.53883E-02
   0.41371E-01  0.50927E-02
   0.44333E-01  0.49481E-02
   0.47486E-01  0.46638E-02
   0.50842E-01  0.44959E-02
   0.54409E-01  0.42498E-02
   0.58194E-01  0.40484E-02
   0.62203E-01  0.39230E-02
   0.66437E-01  0.36931E-02
   0.70896E-01  0.35345E-02
   0.75575E-01  0.33755E-02
   0.80467E-01  0.32367E-02
   0.85561E-01  0.30784E-02
   0.90846E-01  0.29552E-02
   0.96307E-01  0.28125E-02
   0.10193      0.27142E-02
   0.10770      0.25949E-02
   0.11360      0.24949E-02
   0.11961      0.23692E-02
   0.12574      0.23059E-02
   0.13195      0.22077E-02
   0.13825      0.21257E-02
   0.14463      0.20368E-02
   0.15107      0.19506E-02
   0.15757      0.18985E-02
   0.16412      0.18232E-02
   0.17072      0.17600E-02
   0.17737      0.17075E-02
   0.18405      0.16185E-02
   0.19077      0.15772E-02
   0.19753      0.15261E-02
   0.20432      0.14700E-02
   0.21113      0.14210E-02
   0.21797      0.13593E-02
   0.22484      0.13253E-02
   0.23173      0.12792E-02
   0.23864      0.12355E-02
   0.24557      0.11903E-02
   0.25252      0.11473E-02
   0.25949      0.11119E-02
   0.26648      0.10712E-02
   0.27348      0.10353E-02
   0.28050      0.99696E-03
   0.28753      0.96349E-03
   0.29457      0.92588E-03
   0.30163      0.89804E-03
   0.30871      0.85620E-03
   0.31579      0.83402E-03
   0.32288      0.79842E-03
   0.32999      0.77376E-03
   0.33711      0.74243E-03
   0.34423      0.70944E-03
   0.35137      0.68866E-03
   0.35851      0.65648E-03
   0.36567      0.63834E-03
   0.37283      0.60589E-03
   0.38000      0.58452E-03
   0.38718      0.55823E-03
   0.39437      0.53537E-03
   0.40156      0.51185E-03
   0.40876      0.49318E-03
   0.41596      0.46991E-03
   0.42318      0.44816E-03
   0.43040      0.42905E-03
   0.43762      0.40917E-03
   0.44485      0.39472E-03
   0.45209      0.37432E-03
   0.45933      0.36066E-03
   0.46657      0.34327E-03
   0.47382      0.33198E-03
   0.48108      0.32001E-03
   0.48834      0.30783E-03
   0.49560      0.30025E-03
   0.50287      0.29122E-03
   0.51014      0.28734E-03
   0.51742      0.28601E-03
   0.52470      0.28659E-03
   0.53198      0.29228E-03
   0.53926      0.30439E-03
   0.54655      0.32429E-03
   0.55385      0.35794E-03
   0.56114      0.41240E-03
   0.56844      0.60294E-03
   0.57574      0.90826E-03
   0.58304      0.13789E-02
   0.59035      0.19393E-02
   0.59765      0.25101E-02
   0.60496      0.30276E-02
   0.61227      0.34681E-02
   0.61959      0.38146E-02
   0.62690      0.40878E-02
   0.63422      0.42863E-02
   0.64153      0.44268E-02
   0.64885      0.45244E-02
   0.65617      0.45874E-02
   0.66349      0.46293E-02
   0.67082      0.46392E-02
   0.67814      0.46381E-02
   0.68546      0.46299E-02
   0.69279      0.46055E-02
   0.70011      0.45785E-02
   0.70744      0.45423E-02
   0.71477      0.45000E-02
   0.72209      0.44601E-02
   0.72942      0.44150E-02
   0.73675      0.43663E-02
   0.74407      0.43156E-02
   0.75140      0.42756E-02
   0.75872      0.42201E-02
   0.76605      0.41722E-02
   0.77337      0.41231E-02
   0.78070      0.40727E-02
   0.78802      0.40182E-02
   0.79535      0.39714E-02
   0.80267      0.39195E-02
   0.80999      0.38703E-02
   0.81731      0.38187E-02
   0.82462      0.37647E-02
   0.83194      0.37159E-02
   0.83925      0.36628E-02
   0.84656      0.36087E-02
   0.85387      0.35595E-02
   0.86117      0.35024E-02
   0.86847      0.34452E-02
   0.87576      0.33915E-02
   0.88304      0.33310E-02
   0.89031      0.32749E-02
   0.89756      0.32095E-02
   0.90480      0.31456E-02
   0.91200      0.30813E-02
   0.91916      0.30120E-02
   0.92628      0.29375E-02
   0.93332      0.28626E-02
   0.94028      0.27815E-02
   0.94711      0.26974E-02
   0.95379      0.26062E-02
   0.96028      0.25154E-02
   0.96654      0.24147E-02
   0.97252      0.23129E-02
   0.97818      0.22055E-02
   0.98351      0.20966E-02
   0.98848      0.19861E-02
   0.99309      0.18770E-02
   0.99735      0.17655E-02
    1.0000      0.17301E-02
    1.0001       0.0000    
    1.0028       0.0000    
    1.0058       0.0000    
    1.0091       0.0000    
    1.0128       0.0000    
    1.0169       0.0000    
    1.0215       0.0000    
    1.0266       0.0000    
    1.0323       0.0000    
    1.0386       0.0000    
    1.0457       0.0000    
    1.0535       0.0000    
    1.0623       0.0000    
    1.0721       0.0000    
    1.0829       0.0000    
    1.0950       0.0000    
    1.1085       0.0000    
    1.1235       0.0000    
    1.1403       0.0000    
    1.1589       0.0000    
    1.1797       0.0000    
    1.2028       0.0000    
    1.2285       0.0000    
    1.2572       0.0000    
    1.2892       0.0000    
    1.3248       0.0000    
    1.3644       0.0000    
    1.4086       0.0000    
    1.4577       0.0000    
    1.5125       0.0000    
    1.5735       0.0000    
    1.6415       0.0000    
    1.7172       0.0000    
    1.8015       0.0000    
    1.8954       0.0000    
    2.0000       0.0000    

