#  NACA 0012                                       
#  alpha =   0.0000
#  Mach  =   0.0000
#  Reyn  =   100000
#  Ncrit =  13.0000
#
#    x           cf
   0.49527E-05  0.28424E-02
   0.45242E-04  0.58885E-02
   0.12819E-03  0.12686E-01
   0.25555E-03  0.14537E-01
   0.42861E-03  0.19038E-01
   0.64861E-03  0.24353E-01
   0.91648E-03  0.27119E-01
   0.12327E-02  0.30247E-01
   0.15977E-02  0.31205E-01
   0.20115E-02  0.33503E-01
   0.24744E-02  0.36252E-01
   0.29862E-02  0.36300E-01
   0.35470E-02  0.36623E-01
   0.41570E-02  0.37408E-01
   0.48164E-02  0.37194E-01
   0.55256E-02  0.36890E-01
   0.62852E-02  0.36826E-01
   0.70962E-02  0.35503E-01
   0.79597E-02  0.35570E-01
   0.88769E-02  0.34183E-01
   0.98498E-02  0.33428E-01
   0.10880E-01  0.32654E-01
   0.11971E-01  0.31431E-01
   0.13124E-01  0.30275E-01
   0.14343E-01  0.29372E-01
   0.15632E-01  0.28380E-01
   0.16994E-01  0.27522E-01
   0.18435E-01  0.26519E-01
   0.19959E-01  0.25373E-01
   0.21572E-01  0.24647E-01
   0.23281E-01  0.23747E-01
   0.25092E-01  0.22416E-01
   0.27014E-01  0.22045E-01
   0.29054E-01  0.20787E-01
   0.31221E-01  0.20336E-01
   0.33526E-01  0.19356E-01
   0.35978E-01  0.18611E-01
   0.38590E-01  0.17829E-01
   0.41370E-01  0.17113E-01
   0.44332E-01  0.16331E-01
   0.47486E-01  0.15759E-01
   0.50842E-01  0.15073E-01
   0.54409E-01  0.14403E-01
   0.58194E-01  0.13829E-01
   0.62203E-01  0.13186E-01
   0.66437E-01  0.12680E-01
   0.70896E-01  0.12180E-01
   0.75575E-01  0.11656E-01
   0.80467E-01  0.11156E-01
   0.85561E-01  0.10702E-01
   0.90846E-01  0.10273E-01
   0.96306E-01  0.98671E-02
   0.10193      0.94382E-02
   0.10770      0.91115E-02
   0.11360      0.87403E-02
   0.11961      0.84273E-02
   0.12574      0.81116E-02
   0.13195      0.78040E-02
   0.13825      0.75141E-02
   0.14463      0.72889E-02
   0.15107      0.70134E-02
   0.15757      0.67727E-02
   0.16412      0.65445E-02
   0.17072      0.63400E-02
   0.17737      0.61297E-02
   0.18405      0.59379E-02
   0.19077      0.57308E-02
   0.19753      0.55662E-02
   0.20431      0.53801E-02
   0.21113      0.52160E-02
   0.21797      0.50375E-02
   0.22484      0.48894E-02
   0.23173      0.47359E-02
   0.23864      0.45954E-02
   0.24557      0.44648E-02
   0.25252      0.43204E-02
   0.25949      0.41811E-02
   0.26648      0.40605E-02
   0.27348      0.39312E-02
   0.28050      0.38083E-02
   0.28753      0.36940E-02
   0.29457      0.35768E-02
   0.30163      0.34715E-02
   0.30871      0.33578E-02
   0.31579      0.32588E-02
   0.32288      0.31520E-02
   0.32999      0.30536E-02
   0.33711      0.29552E-02
   0.34423      0.28553E-02
   0.35137      0.27641E-02
   0.35851      0.26703E-02
   0.36567      0.25785E-02
   0.37283      0.24923E-02
   0.38000      0.24061E-02
   0.38718      0.23183E-02
   0.39437      0.22329E-02
   0.40156      0.21514E-02
   0.40876      0.20703E-02
   0.41596      0.19889E-02
   0.42318      0.19097E-02
   0.43040      0.18317E-02
   0.43762      0.17552E-02
   0.44485      0.16760E-02
   0.45209      0.16015E-02
   0.45933      0.15270E-02
   0.46657      0.14564E-02
   0.47382      0.13791E-02
   0.48108      0.13063E-02
   0.48834      0.12335E-02
   0.49560      0.11629E-02
   0.50287      0.10942E-02
   0.51014      0.10240E-02
   0.51742      0.95290E-03
   0.52470      0.88360E-03
   0.53198      0.81693E-03
   0.53926      0.74873E-03
   0.54655      0.68201E-03
   0.55384      0.61672E-03
   0.56114      0.55220E-03
   0.56844      0.48786E-03
   0.57574      0.42604E-03
   0.58304      0.36548E-03
   0.59034      0.30629E-03
   0.59765      0.24958E-03
   0.60496      0.19421E-03
   0.61227      0.13997E-03
   0.61959      0.89580E-04
   0.62690      0.40111E-04
   0.63422     -0.55616E-05
   0.64153     -0.48925E-04
   0.64885     -0.89063E-04
   0.65617     -0.12594E-03
   0.66349     -0.16042E-03
   0.67082     -0.19112E-03
   0.67814     -0.21873E-03
   0.68546     -0.24311E-03
   0.69279     -0.26412E-03
   0.70011     -0.28222E-03
   0.70744     -0.29704E-03
   0.71477     -0.30960E-03
   0.72209     -0.31943E-03
   0.72942     -0.32691E-03
   0.73674     -0.33213E-03
   0.74407     -0.33547E-03
   0.75140     -0.33717E-03
   0.75872     -0.33758E-03
   0.76605     -0.33692E-03
   0.77337     -0.33557E-03
   0.78070     -0.33383E-03
   0.78802     -0.33170E-03
   0.79535     -0.32866E-03
   0.80267     -0.32514E-03
   0.80999     -0.32141E-03
   0.81731     -0.31768E-03
   0.82462     -0.31396E-03
   0.83194     -0.31037E-03
   0.83925     -0.30692E-03
   0.84656     -0.30365E-03
   0.85387     -0.30050E-03
   0.86117     -0.29754E-03
   0.86847     -0.29473E-03
   0.87576     -0.29205E-03
   0.88304     -0.28956E-03
   0.89031     -0.28719E-03
   0.89756     -0.28495E-03
   0.90480     -0.28284E-03
   0.91200     -0.28082E-03
   0.91916     -0.27894E-03
   0.92628     -0.27717E-03
   0.93332     -0.27549E-03
   0.94028     -0.27392E-03
   0.94711     -0.27245E-03
   0.95379     -0.27107E-03
   0.96028     -0.26979E-03
   0.96654     -0.26862E-03
   0.97252     -0.26755E-03
   0.97818     -0.26657E-03
   0.98351     -0.26569E-03
   0.98848     -0.26491E-03
   0.99309     -0.26422E-03
   0.99735     -0.26362E-03
    1.0000     -0.23403E-03
    1.0001       0.0000    
    1.0028       0.0000    
    1.0058       0.0000    
    1.0091       0.0000    
    1.0128       0.0000    
    1.0169       0.0000    
    1.0215       0.0000    
    1.0266       0.0000    
    1.0323       0.0000    
    1.0386       0.0000    
    1.0457       0.0000    
    1.0535       0.0000    
    1.0623       0.0000    
    1.0721       0.0000    
    1.0829       0.0000    
    1.0950       0.0000    
    1.1085       0.0000    
    1.1235       0.0000    
    1.1403       0.0000    
    1.1589       0.0000    
    1.1797       0.0000    
    1.2028       0.0000    
    1.2285       0.0000    
    1.2572       0.0000    
    1.2892       0.0000    
    1.3248       0.0000    
    1.3644       0.0000    
    1.4086       0.0000    
    1.4578       0.0000    
    1.5125       0.0000    
    1.5736       0.0000    
    1.6415       0.0000    
    1.7172       0.0000    
    1.8016       0.0000    
    1.8955       0.0000    
    2.0001       0.0000    

   0.49557E-05  0.22398E-02
   0.45260E-04  0.77476E-02
   0.12821E-03  0.10435E-01
   0.25560E-03  0.16036E-01
   0.42864E-03  0.19031E-01
   0.64864E-03  0.24149E-01
   0.91656E-03  0.26886E-01
   0.12328E-02  0.29036E-01
   0.15978E-02  0.31976E-01
   0.20116E-02  0.34719E-01
   0.24744E-02  0.35281E-01
   0.29863E-02  0.36091E-01
   0.35471E-02  0.37472E-01
   0.41571E-02  0.36348E-01
   0.48164E-02  0.38001E-01
   0.55257E-02  0.36750E-01
   0.62854E-02  0.36604E-01
   0.70964E-02  0.36498E-01
   0.79599E-02  0.34628E-01
   0.88771E-02  0.33808E-01
   0.98499E-02  0.33809E-01
   0.10880E-01  0.32139E-01
   0.11971E-01  0.31847E-01
   0.13124E-01  0.30572E-01
   0.14343E-01  0.29218E-01
   0.15632E-01  0.28487E-01
   0.16994E-01  0.27369E-01
   0.18435E-01  0.26640E-01
   0.19959E-01  0.25169E-01
   0.21573E-01  0.24924E-01
   0.23281E-01  0.23385E-01
   0.25093E-01  0.22753E-01
   0.27014E-01  0.21882E-01
   0.29054E-01  0.21074E-01
   0.31221E-01  0.20062E-01
   0.33526E-01  0.19417E-01
   0.35979E-01  0.18615E-01
   0.38590E-01  0.17762E-01
   0.41371E-01  0.17051E-01
   0.44333E-01  0.16420E-01
   0.47486E-01  0.15683E-01
   0.50842E-01  0.15127E-01
   0.54409E-01  0.14392E-01
   0.58194E-01  0.13801E-01
   0.62203E-01  0.13319E-01
   0.66437E-01  0.12637E-01
   0.70896E-01  0.12170E-01
   0.75575E-01  0.11624E-01
   0.80467E-01  0.11176E-01
   0.85561E-01  0.10679E-01
   0.90846E-01  0.10277E-01
   0.96307E-01  0.98478E-02
   0.10193      0.94366E-02
   0.10770      0.91078E-02
   0.11360      0.87558E-02
   0.11961      0.84185E-02
   0.12574      0.81187E-02
   0.13195      0.78187E-02
   0.13825      0.75436E-02
   0.14463      0.72790E-02
   0.15107      0.69992E-02
   0.15757      0.67917E-02
   0.16412      0.65379E-02
   0.17072      0.63471E-02
   0.17737      0.61329E-02
   0.18405      0.59235E-02
   0.19077      0.57289E-02
   0.19753      0.55583E-02
   0.20432      0.53750E-02
   0.21113      0.52143E-02
   0.21797      0.50391E-02
   0.22484      0.48899E-02
   0.23173      0.47455E-02
   0.23864      0.45923E-02
   0.24557      0.44551E-02
   0.25252      0.43235E-02
   0.25949      0.41788E-02
   0.26648      0.40613E-02
   0.27348      0.39378E-02
   0.28050      0.38150E-02
   0.28753      0.36929E-02
   0.29457      0.35784E-02
   0.30163      0.34718E-02
   0.30871      0.33532E-02
   0.31579      0.32577E-02
   0.32288      0.31500E-02
   0.32999      0.30532E-02
   0.33711      0.29555E-02
   0.34423      0.28515E-02
   0.35137      0.27683E-02
   0.35851      0.26697E-02
   0.36567      0.25826E-02
   0.37283      0.24876E-02
   0.38000      0.24069E-02
   0.38718      0.23172E-02
   0.39437      0.22366E-02
   0.40156      0.21501E-02
   0.40876      0.20720E-02
   0.41596      0.19900E-02
   0.42318      0.19094E-02
   0.43040      0.18302E-02
   0.43762      0.17537E-02
   0.44485      0.16786E-02
   0.45209      0.16003E-02
   0.45933      0.15270E-02
   0.46657      0.14514E-02
   0.47382      0.13792E-02
   0.48108      0.13079E-02
   0.48834      0.12342E-02
   0.49560      0.11646E-02
   0.50287      0.10905E-02
   0.51014      0.10220E-02
   0.51742      0.95322E-03
   0.52470      0.88376E-03
   0.53198      0.81582E-03
   0.53926      0.74808E-03
   0.54655      0.68179E-03
   0.55385      0.61671E-03
   0.56114      0.55092E-03
   0.56844      0.48780E-03
   0.57574      0.42549E-03
   0.58304      0.36496E-03
   0.59035      0.30638E-03
   0.59765      0.24855E-03
   0.60496      0.19268E-03
   0.61227      0.13969E-03
   0.61959      0.88537E-04
   0.62690      0.40162E-04
   0.63422     -0.57625E-05
   0.64153     -0.49024E-04
   0.64885     -0.89708E-04
   0.65617     -0.12690E-03
   0.66349     -0.16046E-03
   0.67082     -0.19160E-03
   0.67814     -0.21930E-03
   0.68546     -0.24310E-03
   0.69279     -0.26427E-03
   0.70011     -0.28214E-03
   0.70744     -0.29726E-03
   0.71477     -0.30973E-03
   0.72209     -0.31945E-03
   0.72942     -0.32688E-03
   0.73675     -0.33219E-03
   0.74407     -0.33554E-03
   0.75140     -0.33719E-03
   0.75872     -0.33760E-03
   0.76605     -0.33693E-03
   0.77337     -0.33557E-03
   0.78070     -0.33384E-03
   0.78802     -0.33169E-03
   0.79535     -0.32865E-03
   0.80267     -0.32513E-03
   0.80999     -0.32142E-03
   0.81731     -0.31766E-03
   0.82462     -0.31394E-03
   0.83194     -0.31037E-03
   0.83925     -0.30692E-03
   0.84656     -0.30362E-03
   0.85387     -0.30051E-03
   0.86117     -0.29753E-03
   0.86847     -0.29472E-03
   0.87576     -0.29207E-03
   0.88304     -0.28955E-03
   0.89031     -0.28719E-03
   0.89756     -0.28494E-03
   0.90480     -0.28282E-03
   0.91200     -0.28083E-03
   0.91916     -0.27894E-03
   0.92628     -0.27716E-03
   0.93332     -0.27549E-03
   0.94028     -0.27391E-03
   0.94711     -0.27244E-03
   0.95379     -0.27107E-03
   0.96028     -0.26980E-03
   0.96654     -0.26862E-03
   0.97252     -0.26755E-03
   0.97818     -0.26657E-03
   0.98351     -0.26569E-03
   0.98848     -0.26491E-03
   0.99309     -0.26422E-03
   0.99735     -0.26361E-03
    1.0000     -0.23403E-03
    1.0001       0.0000    
    1.0028       0.0000    
    1.0058       0.0000    
    1.0091       0.0000    
    1.0128       0.0000    
    1.0169       0.0000    
    1.0215       0.0000    
    1.0266       0.0000    
    1.0323       0.0000    
    1.0386       0.0000    
    1.0457       0.0000    
    1.0535       0.0000    
    1.0623       0.0000    
    1.0721       0.0000    
    1.0829       0.0000    
    1.0950       0.0000    
    1.1085       0.0000    
    1.1235       0.0000    
    1.1403       0.0000    
    1.1589       0.0000    
    1.1797       0.0000    
    1.2028       0.0000    
    1.2285       0.0000    
    1.2572       0.0000    
    1.2892       0.0000    
    1.3248       0.0000    
    1.3644       0.0000    
    1.4086       0.0000    
    1.4578       0.0000    
    1.5125       0.0000    
    1.5736       0.0000    
    1.6415       0.0000    
    1.7172       0.0000    
    1.8016       0.0000    
    1.8955       0.0000    
    2.0001       0.0000    

